order	parent	diameter (m)	volume (L)	area (m^2)	length (m)	height (m)	angle (deg)	azimuth (deg)	zenith (deg)
0	0	0.039	0.9617	0.1256	1.334	0	0	-159.9	81.7
1	1	0.0266	0.9197	0.1249	1.355	0.209	77.8	-162.8	94.3
2	9	0.0294	0.3916	0.0605	0.752	0.202	123.9	-104.1	140.9
2	9	0.0324	0.1613	0.0199	0.196	0.361	98.7	-85.6	128.9
2	2	0.0259	0.213	0.0326	0.396	0.192	127.9	84.9	86.7
2	2	0.0281	0.4408	0.0653	0.771	0.213	118	-40	27.3
2	2	0.0252	0.9073	0.1407	1.743	0.144	123.4	65.3	4.6
0	0	0	0	0	0	0	0	0	0
1	1	0.0252	0.6936	0.1134	1.48	0.18	86.2	-74.5	32.2
