order	parent	diameter (m)	volume (L)	area (m^2)	length (m)	height (m)	angle (deg)	azimuth (deg)	zenith (deg)
0	0	0.0675	1.9534	0.1049	0.456	0	0	45.1	76.6
1	1	0.0628	0.8303	0.0595	0.347	0.038	34.3	80.4	71.7
1	1	0.0346	0.1778	0.0205	0.189	0.099	136.4	-3.9	125.1
0	0	0	0	0	0	0	0	0	0
1	1	0.0477	0.9758	0.0774	0.501	0.107	48.4	-113	44.6
2	2	0.052	0.2069	0.0159	0.097	0.135	15.2	97.9	66
2	5	0.0363	0.2291	0.0252	0.221	0.145	97.7	-175.8	98.7
0	0	0	0	0	0	0	0	0	0
1	1	0.0641	2.0908	0.1304	0.647	0.102	92.8	-120.4	95.7
