order	parent	diameter (m)	volume (L)	area (m^2)	length (m)	height (m)	angle (deg)	azimuth (deg)	zenith (deg)
0	0	0.0507	1.7128	0.0976	0.456	0	0	-98.2	28.7
1	1	0.0278	0.1503	0.0212	0.238	0.05	105.8	44.5	94.2
1	1	0.0374	0.2644	0.0292	0.258	0.007	19.2	155.1	74
1	1	0.0431	1.0386	0.1145	1.019	0.063	91.3	82.6	62.6
1	1	0.0473	0.8609	0.0723	0.483	-0.011	127	80.2	62.1
1	1	0.0357	0.2028	0.0227	0.203	0.11	100.8	91.7	27.8
1	1	0.0448	0.1448	0.0129	0.092	0.02	124.8	-104.6	45.9
0	0	0	0	0	0	0	0	0	0
2	126	0.0271	0.072	0.0106	0.125	0.082	66.8	-15.4	115.4
0	0	0	0	0	0	0	0	0	0
2	126	0.0197	0.03	0.0061	0.098	0.043	43.5	-174.5	111.1
2	3	0.0313	0.1135	0.0145	0.148	0.084	75.9	-76.5	146.9
2	4	0.02	0.0365	0.0073	0.116	0.088	64.6	32.7	129.6
2	4	0.0162	0.033	0.0081	0.159	0.27	37.7	-8.6	54.5
2	4	0.0312	0.5174	0.0704	0.766	0.361	92	-84.7	86.4
2	4	0.0222	0.054	0.0088	0.117	0.546	38.4	-20.3	46.8
2	4	0.0456	0.2595	0.0227	0.159	0.544	13.4	59.3	29
2	4	0.0218	0.0468	0.0086	0.125	0.609	101.9	134.7	126.4
0	0	0	0	0	0	0	0	0	0
0	0	0	0	0	0	0	0	0	0
0	0	0	0	0	0	0	0	0	0
0	0	0	0	0	0	0	0	0	0
0	0	0	0	0	0	0	0	0	0
0	0	0	0	0	0	0	0	0	0
0	0	0	0	0	0	0	0	0	0
0	0	0	0	0	0	0	0	0	0
0	0	0	0	0	0	0	0	0	0
3	15	0.0216	0.1019	0.0174	0.238	0.402	119.1	-0.6	85.3
3	15	0.0245	0.091	0.0148	0.192	0.378	78.4	-13	88.3
2	4	0.0254	0.0595	0.0094	0.117	0.686	96.2	135.3	58.7
0	0	0	0	0	0	0	0	0	0
0	0	0	0	0	0	0	0	0	0
0	0	0	0	0	0	0	0	0	0
3	15	0.0191	0.0372	0.0073	0.114	0.37	94.8	177.2	115.9
3	15	0.0298	0.1537	0.0204	0.217	0.396	31.3	-103.4	119.2
0	0	0	0	0	0	0	0	0	0
0	0	0	0	0	0	0	0	0	0
4	29	0.0253	0.0787	0.0125	0.157	0.38	112.5	11.1	111
2	4	0.0231	0.2899	0.0493	0.683	0.654	93.7	-12.1	112.2
0	0	0	0	0	0	0	0	0	0
0	0	0	0	0	0	0	0	0	0
0	0	0	0	0	0	0	0	0	0
4	34	0.0208	0.0383	0.0086	0.165	0.348	95.8	-21.3	143.7
0	0	0	0	0	0	0	0	0	0
3	15	0.0275	0.0904	0.0142	0.178	0.432	126.8	154.8	66.4
4	35	0.0283	0.1045	0.0148	0.166	0.383	33.6	-108.2	105.7
4	35	0.0277	0.1283	0.0185	0.212	0.373	28.8	3.7	99.9
3	39	0.0144	0.0212	0.0059	0.13	0.644	18.4	-24.3	148.6
2	4	0.0301	0.0564	0.0088	0.112	0.694	121.3	-176.5	64.8
0	0	0	0	0	0	0	0	0	0
2	4	0.0283	0.233	0.0398	0.559	0.667	46.8	-10.9	92.3
0	0	0	0	0	0	0	0	0	0
0	0	0	0	0	0	0	0	0	0
0	0	0	0	0	0	0	0	0	0
0	0	0	0	0	0	0	0	0	0
4	45	0.005	0.0019	0.0015	0.094	0.465	99.3	-178	67.9
4	45	0.0255	0.0661	0.0104	0.13	0.475	124	164.1	104.8
4	45	0.014	0.0159	0.005	0.144	0.454	3	152.4	64.4
4	45	0.0261	0.0806	0.0123	0.15	0.444	101.3	49.4	83.2
0	0	0	0	0	0	0	0	0	0
3	15	0.0277	0.1605	0.0232	0.267	0.433	48.1	-11.3	114.3
0	0	0	0	0	0	0	0	0	0
3	51	0.0236	0.1032	0.0175	0.236	0.548	40.4	9.9	60.2
0	0	0	0	0	0	0	0	0	0
0	0	0	0	0	0	0	0	0	0
4	61	0.0247	0.1273	0.0213	0.286	0.401	112.4	36.2	78.3
0	0	0	0	0	0	0	0	0	0
0	0	0	0	0	0	0	0	0	0
4	61	0.0128	0.0099	0.0031	0.078	0.32	32.6	130.7	143.5
3	39	0.0199	0.1179	0.0235	0.374	0.697	80.5	155	33.6
0	0	0	0	0	0	0	0	0	0
3	51	0.0139	0.0169	0.0048	0.109	0.614	104.1	15.5	73.4
0	0	0	0	0	0	0	0	0	0
0	0	0	0	0	0	0	0	0	0
3	51	0.0159	0.0068	0.0024	0.075	0.574	112.1	37.1	89.3
0	0	0	0	0	0	0	0	0	0
3	51	0.0112	0.0154	0.0055	0.156	0.514	98.9	-9.7	33.5
3	51	0.0189	0.011	0.0023	0.039	0.479	133.4	37.3	72.1
5	66	0.0186	0.0447	0.009	0.145	0.437	153.3	-136.5	77.8
0	0	0	0	0	0	0	0	0	0
0	0	0	0	0	0	0	0	0	0
3	39	0.0077	0.0021	0.0011	0.044	0.664	111.7	119.6	119.5
3	39	0.0236	0.0672	0.0117	0.161	0.662	103.5	-43.3	98
3	39	0.0219	0.0827	0.0162	0.256	0.678	93.4	14.1	70.1
0	0	0	0	0	0	0	0	0	0
0	0	0	0	0	0	0	0	0	0
3	39	0.0204	0.0384	0.0075	0.117	0.706	88.7	100.3	14
0	0	0	0	0	0	0	0	0	0
4	72	0.0184	0.0307	0.0067	0.116	0.632	145.9	-129.8	95.7
0	0	0	0	0	0	0	0	0	0
6	79	0.0288	0.0626	0.0087	0.096	0.438	108.7	-52.9	151.4
0	0	0	0	0	0	0	0	0	0
5	66	0.0188	0.0201	0.0043	0.072	0.434	57.8	-20.6	47.9
0	0	0	0	0	0	0	0	0	0
0	0	0	0	0	0	0	0	0	0
0	0	0	0	0	0	0	0	0	0
0	0	0	0	0	0	0	0	0	0
0	0	0	0	0	0	0	0	0	0
0	0	0	0	0	0	0	0	0	0
0	0	0	0	0	0	0	0	0	0
0	0	0	0	0	0	0	0	0	0
0	0	0	0	0	0	0	0	0	0
0	0	0	0	0	0	0	0	0	0
5	66	0.0109	0.0176	0.0064	0.184	0.451	162.8	-160.9	98.1
5	66	0.02	0.0305	0.0061	0.097	0.424	114.7	125	82.2
0	0	0	0	0	0	0	0	0	0
0	0	0	0	0	0	0	0	0	0
0	0	0	0	0	0	0	0	0	0
0	0	0	0	0	0	0	0	0	0
0	0	0	0	0	0	0	0	0	0
4	70	0.0185	0.0454	0.0098	0.167	0.762	40.9	-65.2	91.6
4	70	0.005	0.002	0.0016	0.1	0.768	27.9	170.6	78
0	0	0	0	0	0	0	0	0	0
3	39	0.005	0.001	0.0008	0.051	0.758	90.1	-42.8	17.2
5	112	0.005	0.0025	0.002	0.125	0.777	73.8	-5.5	16.3
0	0	0	0	0	0	0	0	0	0
0	0	0	0	0	0	0	0	0	0
3	39	0.0174	0.0284	0.0065	0.12	0.758	107.7	-108.1	13.7
0	0	0	0	0	0	0	0	0	0
3	39	0.0283	0.0794	0.0112	0.126	0.742	102.6	71.5	162
0	0	0	0	0	0	0	0	0	0
0	0	0	0	0	0	0	0	0	0
0	0	0	0	0	0	0	0	0	0
3	39	0.0093	0.0039	0.0017	0.057	0.745	73.2	-134	121.5
0	0	0	0	0	0	0	0	0	0
1	1	0.045	0.3642	0.0364	0.296	0.009	156.3	-12.3	53.9
2	4	0.0364	0.1739	0.02	0.183	0.599	35.1	-172.5	33.1
0	0	0	0	0	0	0	0	0	0
0	0	0	0	0	0	0	0	0	0
0	0	0	0	0	0	0	0	0	0
0	0	0	0	0	0	0	0	0	0
0	0	0	0	0	0	0	0	0	0
4	45	0.0296	0.059	0.008	0.086	0.492	130.7	-48.4	113.1
4	84	0.0248	0.0105	0.0017	0.022	0.632	78.1	-66.1	123.8
0	0	0	0	0	0	0	0	0	0
0	0	0	0	0	0	0	0	0	0
0	0	0	0	0	0	0	0	0	0
0	0	0	0	0	0	0	0	0	0
4	63	0.0265	0.051	0.0077	0.092	0.561	97.9	66.9	145.1
4	77	0.005	0.0016	0.0013	0.082	0.637	123.9	-55.2	130.8
0	0	0	0	0	0	0	0	0	0
0	0	0	0	0	0	0	0	0	0
5	58	0.0071	0.0048	0.0027	0.122	0.494	32.3	-19.7	67.6
5	66	0.0256	0.061	0.0095	0.119	0.426	89.1	-55.3	78.4
0	0	0	0	0	0	0	0	0	0
0	0	0	0	0	0	0	0	0	0
0	0	0	0	0	0	0	0	0	0
6	93	0.0209	0.0253	0.0048	0.074	0.443	129.4	42.4	78.2
0	0	0.0165	0.0071	0.0017	0.033	0.64	0	-109.7	110.9
