order	parent	diameter (m)	volume (L)	area (m^2)	length (m)	height (m)	angle (deg)	azimuth (deg)	zenith (deg)
0	0	0.0222	0.224	0.0352	0.451	0	0	-116.4	33.5
1	1	0.0212	0.0899	0.0178	0.288	0.001	35.2	120.5	63.9
0	0	0	0	0	0	0	0	0	0
0	0	0	0	0	0	0	0	0	0
2	179	0.0353	0.1868	0.0211	0.19	0.12	158.6	81	115.9
0	0	0	0	0	0	0	0	0	0
2	179	0.018	0.0466	0.0103	0.182	0.204	174.3	-7.8	132.7
1	1	0.0215	0.0166	0.0031	0.046	0.158	115.7	-67.1	83.1
1	1	0.0219	0.1021	0.0189	0.278	0.13	47.8	98.5	30.6
0	0	0	0	0	0	0	0	0	0
2	179	0.018	0.133	0.0315	0.598	0.223	75.1	-90	48.7
1	1	0.025	0.0243	0.0039	0.05	0.157	106.9	80.3	87.3
2	179	0.017	0.068	0.0135	0.215	0.248	58.2	-150.9	75.5
3	11	0.0227	0.0358	0.0063	0.089	0.238	54.5	-27	130.3
2	9	0.0208	0.0549	0.0105	0.161	0.18	123	61.9	150.2
0	0	0	0	0	0	0	0	0	0
2	9	0.005	0.0026	0.0021	0.134	0.18	21.6	102.8	118.9
0	0	0	0	0	0	0	0	0	0
0	0	0	0	0	0	0	0	0	0
2	9	0.0364	0.1226	0.0135	0.118	0.18	81.9	149.8	57.6
0	0	0	0	0	0	0	0	0	0
1	1	0.0211	0.1578	0.0307	0.476	0.149	56.6	-155.4	38.9
2	179	0.0239	0.1012	0.0188	0.279	0.241	69.7	177.2	125.4
0	0	0	0	0	0	0	0	0	0
3	20	0.0188	0.0208	0.0048	0.093	0.184	117.8	61.1	118.9
2	22	0.0193	0.0276	0.0057	0.094	0.233	73	-163.2	136
0	0	0	0	0	0	0	0	0	0
0	0	0	0	0	0	0	0	0	0
0	0	0	0	0	0	0	0	0	0
0	0	0	0	0	0	0	0	0	0
3	11	0.0071	0.0046	0.0028	0.134	0.242	49.9	-104.4	59.8
0	0	0	0	0	0	0	0	0	0
3	11	0.017	0.0458	0.0108	0.201	0.254	61.8	-119.5	88.9
3	20	0.02	0.0171	0.0034	0.055	0.206	72.3	115.5	80.1
0	0	0	0	0	0	0	0	0	0
0	0	0	0	0	0	0	0	0	0
2	22	0.02	0.0555	0.0113	0.184	0.222	92.5	124.5	73.5
2	22	0.005	0.0011	0.0009	0.054	0.223	119.1	57.5	69.7
2	22	0.0113	0.022	0.0061	0.144	0.301	91.3	93.8	31.7
3	26	0.0098	0.0042	0.002	0.084	0.239	75.4	141	79.4
0	0	0	0	0	0	0	0	0	0
0	0	0	0	0	0	0	0	0	0
0	0	0	0	0	0	0	0	0	0
2	179	0.0209	0.1637	0.03	0.442	0.27	62.3	-31.8	141.3
2	179	0.019	0.154	0.0332	0.571	0.259	160.7	76.1	121.3
0	0	0	0	0	0	0	0	0	0
0	0	0	0	0	0	0	0	0	0
0	0	0	0	0	0	0	0	0	0
0	0	0	0	0	0	0	0	0	0
0	0	0	0	0	0	0	0	0	0
0	0	0	0	0	0	0	0	0	0
0	0	0	0	0	0	0	0	0	0
0	0	0	0	0	0	0	0	0	0
0	0	0	0	0	0	0	0	0	0
0	0	0	0	0	0	0	0	0	0
0	0	0	0	0	0	0	0	0	0
0	0	0	0	0	0	0	0	0	0
0	0	0	0	0	0	0	0	0	0
0	0	0	0	0	0	0	0	0	0
0	0	0	0	0	0	0	0	0	0
3	44	0.0159	0.0203	0.0051	0.102	0.244	67	150.2	51.8
3	44	0.0268	0.0987	0.0147	0.175	0.258	105.2	-90.5	49.4
3	44	0.0231	0.0386	0.0069	0.099	0.259	108.9	-88.1	108.8
0	0	0	0	0	0	0	0	0	0
3	44	0.0207	0.0628	0.0121	0.186	0.199	92.3	143.2	30.7
0	0	0	0	0	0	0	0	0	0
2	179	0.0264	0.1059	0.016	0.193	0.279	60.8	130.7	71.4
2	179	0.02	0.0383	0.0077	0.122	0.302	90.3	-177.7	52.7
2	179	0.0174	0.031	0.0069	0.123	0.294	50.2	-174.8	100.8
2	179	0.019	0.0919	0.0219	0.422	0.3	79.6	29.6	65.9
2	179	0.005	0.0018	0.0014	0.091	0.258	117.3	72.5	34.2
2	179	0.0182	0.0409	0.0099	0.195	0.244	20.7	-166.9	125.1
0	0	0	0	0	0	0	0	0	0
0	0	0	0	0	0	0	0	0	0
3	45	0.0181	0.0695	0.016	0.294	0.244	138.6	92.1	54.6
3	45	0.018	0.0492	0.011	0.195	0.216	93.1	101.9	159.5
3	45	0.018	0.0271	0.006	0.106	0.229	166	51.9	41.1
3	45	0.005	0.0016	0.0013	0.081	0.224	119.1	-134.3	98.7
3	45	0.0134	0.0437	0.0114	0.241	0.137	90.7	119.1	50.2
0	0	0	0	0	0	0	0	0	0
0	0	0	0	0	0	0	0	0	0
4	185	0.005	0.0019	0.0014	0.078	0.186	71.4	59.6	71.1
0	0	0	0	0	0	0	0	0	0
0	0	0	0	0	0	0	0	0	0
0	0	0	0	0	0	0	0	0	0
0	0	0	0	0	0	0	0	0	0
0	0	0	0	0	0	0	0	0	0
0	0	0	0	0	0	0	0	0	0
0	0	0	0	0	0	0	0	0	0
0	0	0	0	0	0	0	0	0	0
0	0	0	0	0	0	0	0	0	0
0	0	0	0	0	0	0	0	0	0
0	0	0	0	0	0	0	0	0	0
0	0	0	0	0	0	0	0	0	0
0	0	0	0	0	0	0	0	0	0
0	0	0	0	0	0	0	0	0	0
0	0	0	0	0	0	0	0	0	0
0	0	0	0	0	0	0	0	0	0
0	0	0	0	0	0	0	0	0	0
0	0	0	0	0	0	0	0	0	0
4	75	0.0141	0.0173	0.0049	0.11	0.271	91.9	-50.8	28.3
0	0	0	0	0	0	0	0	0	0
0	0	0	0	0	0	0	0	0	0
0	0	0	0	0	0	0	0	0	0
0	0	0	0	0	0	0	0	0	0
0	0	0	0	0	0	0	0	0	0
0	0	0	0	0	0	0	0	0	0
0	0	0	0	0	0	0	0	0	0
4	79	0.0127	0.0146	0.0046	0.114	0.148	73.1	69.8	169.6
0	0	0	0	0	0	0	0	0	0
0	0	0	0	0	0	0	0	0	0
4	31	0.0251	0.0622	0.0099	0.125	0.257	99.9	39.5	123.7
0	0	0	0	0	0	0	0	0	0
0	0	0	0	0	0	0	0	0	0
3	11	0.0299	0.113	0.0151	0.16	0.209	63.2	-91.7	123.8
0	0	0	0	0	0	0	0	0	0
0	0	0	0	0	0	0	0	0	0
0	0	0	0	0	0	0	0	0	0
3	11	0.0079	0.0038	0.0021	0.092	0.241	42.6	-172.8	38.7
3	11	0.0156	0.0392	0.0098	0.194	0.244	64	-135.9	3.4
3	11	0.0173	0.0235	0.0054	0.1	0.24	78.5	-36.1	44.6
0	0	0	0	0	0	0	0	0	0
0	0	0	0	0	0	0	0	0	0
0	0	0	0	0	0	0	0	0	0
2	22	0.0102	0.0017	0.0008	0.035	0.301	61.9	5.5	62.2
0	0	0	0	0	0	0	0	0	0
0	0	0	0	0	0	0	0	0	0
0	0	0	0	0	0	0	0	0	0
0	0	0	0	0	0	0	0	0	0
4	79	0.0166	0.0187	0.0045	0.086	0.156	113.7	-97.4	61.9
0	0	0	0	0	0	0	0	0	0
0	0	0.0295	0.0434	0.0059	0.063	0.22	0	-161.1	136.4
0	0	0	0	0	0	0	0	0	0
0	0	0	0	0	0	0	0	0	0
0	0	0	0	0	0	0	0	0	0
0	0	0	0	0	0	0	0	0	0
4	121	0.0164	0.0261	0.0064	0.123	0.252	51.2	-100.8	84
0	0	0	0	0	0	0	0	0	0
0	0	0	0	0	0	0	0	0	0
0	0	0	0	0	0	0	0	0	0
0	0	0	0	0	0	0	0	0	0
0	0	0	0	0	0	0	0	0	0
0	0	0	0	0	0	0	0	0	0
0	0	0	0	0	0	0	0	0	0
0	0	0	0	0	0	0	0	0	0
0	0	0	0	0	0	0	0	0	0
0	0	0	0	0	0	0	0	0	0
2	179	0.005	0.0011	0.0009	0.056	0.227	109.8	66.5	7.6
0	0	0	0	0	0	0	0	0	0
3	45	0.0171	0.0349	0.0094	0.213	0.086	148.6	-22.1	69.8
2	179	0.0178	0.0475	0.0099	0.165	0.205	169.5	66.8	109.5
2	179	0.0244	0.0648	0.0106	0.138	0.222	121.5	-26.9	68
2	179	0.0164	0.0541	0.0149	0.336	0.213	100	93.5	146.8
0	0	0	0	0	0	0	0	0	0
3	153	0.0132	0.0175	0.0048	0.104	0.176	92.1	43.5	64.9
0	0	0	0	0	0	0	0	0	0
0	0	0	0	0	0	0	0	0	0
2	179	0.005	0.0023	0.0019	0.119	0.201	34.2	-151	107.9
0	0	0	0	0	0	0	0	0	0
3	151	0.005	0.0017	0.0014	0.087	0.164	48.5	-80.7	104.9
0	0	0	0	0	0	0	0	0	0
0	0	0	0	0	0	0	0	0	0
0	0	0	0	0	0	0	0	0	0
0	0	0	0	0	0	0	0	0	0
0	0	0	0	0	0	0	0	0	0
2	179	0.005	0.0013	0.001	0.065	0.253	112.9	115.2	128.2
0	0	0	0	0	0	0	0	0	0
0	0	0	0	0	0	0	0	0	0
0	0	0	0	0	0	0	0	0	0
3	153	0.0145	0.0123	0.0037	0.095	0.122	60.7	-167.1	72.9
0	0	0	0	0	0	0	0	0	0
0	0	0	0	0	0	0	0	0	0
0	0	0	0	0	0	0	0	0	0
0	0	0	0	0	0	0	0	0	0
0	0	0	0	0	0	0	0	0	0
0	0	0	0	0	0	0	0	0	0
0	0	0	0	0	0	0	0	0	0
0	0	0	0	0	0	0	0	0	0
1	1	0.0282	0.5458	0.0952	1.369	0.028	17.8	-178.8	31.6
2	179	0.0249	0.0696	0.0111	0.142	0.134	108.9	111	79.9
2	22	0.02	0.0567	0.0127	0.236	0.175	51	94.9	85.6
3	5	0.0177	0.0199	0.0045	0.08	0.125	155.9	-145.8	144.8
3	23	0.0197	0.0558	0.0112	0.179	0.233	135.9	31.2	142.4
3	44	0.0203	0.04	0.0079	0.123	0.237	165.1	113.7	151.2
3	45	0.0127	0.0309	0.0095	0.241	0.199	110.2	160.7	102
0	0	0	0	0	0	0	0	0	0
3	70	0.0225	0.0225	0.004	0.057	0.359	153.9	155.8	110.4
0	0	0	0	0	0	0	0	0	0
3	153	0.0156	0.0512	0.0135	0.285	0.164	82.7	79.6	50.3
0	0	0	0	0	0	0	0	0	0
3	181	0.0314	0.1469	0.0187	0.189	0.168	81.4	167.7	136.1
3	39	0.0254	0.128	0.0201	0.252	0.33	47.2	-66.2	53
0	0	0	0	0	0	0	0	0	0
0	0	0	0	0	0	0	0	0	0
4	31	0.0067	0.0032	0.0019	0.09	0.258	51.5	-156.6	115.1
0	0	0.0227	0.0341	0.0064	0.095	0.294	0	-82.8	93.5
4	115	0.0239	0.0412	0.0069	0.092	0.152	131.4	163.6	65.7
0	0	0	0	0	0	0	0	0	0
4	120	0.0353	0.0763	0.0087	0.078	0.322	100	-110.6	168.7
4	183	0.0186	0.0264	0.0057	0.097	0.171	53.5	22.7	67.3
0	0	0	0	0	0	0	0	0	0
4	63	0.0275	0.047	0.0068	0.079	0.242	98.7	29.2	137.5
0	0	0	0	0	0	0	0	0	0
0	0	0	0	0	0	0	0	0	0
0	0	0	0	0	0	0	0	0	0
4	77	0.0171	0.0277	0.0065	0.12	0.267	104.9	29	118.2
0	0	0	0	0	0	0	0	0	0
4	185	0.005	0.0023	0.0018	0.109	0.185	26.3	155.1	93.6
4	191	0.02	0.0234	0.0047	0.075	0.16	69.9	85.2	105.7
0	0	0	0	0	0	0	0	0	0
0	0	0	0	0	0	0	0	0	0
0	0	0	0	0	0	0	0	0	0
0	0	0	0	0	0	0	0	0	0
0	0	0	0	0	0	0	0	0	0
0	0	0	0	0	0	0	0	0	0
0	0	0.0215	0.0272	0.0051	0.075	0.161	0	-139	141.5
0	0	0.0266	0.0401	0.006	0.072	0.205	0	152.5	112.6
