order	parent	diameter (m)	volume (L)	area (m^2)	length (m)	height (m)	angle (deg)	azimuth (deg)	zenith (deg)
0	0	0.0276	0.1076	0.0161	0.2	0	0	85.4	68.7
1	1	0.0307	0.0653	0.0085	0.088	0.027	106.9	66.5	84.9
1	1	0.0287	0.7052	0.1022	1.193	0.038	109.5	120	88.8
1	1	0.0227	0.0645	0.0114	0.159	0.027	23.1	-18.4	83.4
0	0	0	0	0	0	0	0	0	0
0	0	0	0	0	0	0	0	0	0
2	3	0.0261	0.0686	0.0122	0.182	0.11	48.8	-147.2	66.9
2	3	0.026	0.0706	0.0109	0.133	0.089	137.7	130	140.1
0	0	0	0	0	0	0	0	0	0
2	3	0.0211	0.05	0.0096	0.148	0.167	67.7	-60.8	39.6
3	7	0.0251	0.0633	0.0101	0.128	0.112	38.8	72.4	68.7
0	0	0	0	0	0	0	0	0	0
2	3	0.012	0.009	0.0031	0.086	0.219	44.7	47.4	100.7
2	3	0.0182	0.0332	0.0074	0.132	0.212	109.4	35.2	114.7
0	0	0	0	0	0	0	0	0	0
2	3	0.0342	0.0597	0.007	0.065	0.214	38.4	109.7	97.3
0	0	0	0	0	0	0	0	0	0
2	3	0.0216	0.2438	0.0396	0.517	0.214	85.3	167.6	59.7
0	0	0	0	0	0	0	0	0	0
2	3	0.0226	0.2092	0.0345	0.456	0.223	36.6	157.7	105.4
0	0	0	0	0	0	0	0	0	0
0	0	0	0	0	0	0	0	0	0
0	0	0	0	0	0	0	0	0	0
0	0	0	0	0	0	0	0	0	0
0	0	0	0	0	0	0	0	0	0
0	0	0	0	0	0	0	0	0	0
0	0	0	0	0	0	0	0	0	0
0	0	0	0	0	0	0	0	0	0
0	0	0	0	0	0	0	0	0	0
0	0	0	0	0	0	0	0	0	0
2	3	0.0167	0.0226	0.0054	0.103	0.334	110.5	-24.1	33.9
0	0	0	0	0	0	0	0	0	0
2	3	0.0254	0.1912	0.0316	0.423	0.333	75.5	-171.7	69.3
2	3	0.0171	0.0354	0.0083	0.154	0.286	133.1	-116.5	34.9
0	0	0	0	0	0	0	0	0	0
0	0	0	0	0	0	0	0	0	0
2	3	0.0118	0.0317	0.0097	0.247	0.286	100.7	10.7	66.9
0	0	0	0	0	0	0	0	0	0
2	3	0.0303	0.1661	0.0219	0.23	0.296	120.2	107.6	39.1
0	0	0	0	0	0	0	0	0	0
0	0	0	0	0	0	0	0	0	0
0	0	0	0	0	0	0	0	0	0
2	3	0.022	0.1484	0.0273	0.399	0.304	27.3	42.8	130.9
0	0	0	0	0	0	0	0	0	0
0	0	0	0	0	0	0	0	0	0
0	0	0	0	0	0	0	0	0	0
0	0	0	0	0	0	0	0	0	0
0	0	0	0	0	0	0	0	0	0
0	0	0	0	0	0	0	0	0	0
0	0	0	0	0	0	0	0	0	0
0	0	0	0	0	0	0	0	0	0
0	0	0	0	0	0	0	0	0	0
0	0	0	0	0	0	0	0	0	0
0	0	0	0	0	0	0	0	0	0
0	0	0	0	0	0	0	0	0	0
0	0	0	0	0	0	0	0	0	0
0	0	0	0	0	0	0	0	0	0
2	3	0.0213	0.1149	0.0217	0.33	0.221	41.7	-140.9	79.3
0	0	0	0	0	0	0	0	0	0
0	0	0	0	0	0	0	0	0	0
0	0	0	0	0	0	0	0	0	0
3	18	0.0175	0.0534	0.0105	0.169	0.256	53.4	-167.4	61.3
0	0	0	0	0	0	0	0	0	0
0	0	0	0	0	0	0	0	0	0
0	0	0	0	0	0	0	0	0	0
0	0	0	0	0	0	0	0	0	0
3	33	0.0198	0.0522	0.0091	0.129	0.386	11.8	-173.9	87.2
3	37	0.0161	0.021	0.0052	0.103	0.342	24.1	-105.8	24.9
0	0	0	0	0	0	0	0	0	0
4	150	0.0238	0.0301	0.0051	0.068	0.377	113.1	-6.5	61.1
4	151	0.0203	0.0351	0.0069	0.108	0.15	49.5	-158.7	163.4
0	0	0	0	0	0	0	0	0	0
0	0	0	0	0	0	0	0	0	0
0	0	0	0	0	0	0	0	0	0
3	58	0.0179	0.0436	0.0096	0.168	0.238	99.9	-50.3	108.2
0	0	0	0	0	0	0	0	0	0
4	152	0.0196	0.0582	0.0119	0.192	0.185	97	-147.1	47.7
0	0	0	0	0	0	0	0	0	0
0	0	0	0	0	0	0	0	0	0
0	0	0	0	0	0	0	0	0	0
3	20	0.021	0.026	0.0054	0.09	0.19	90.1	15.6	149.5
3	33	0.0159	0.0218	0.0055	0.11	0.341	71.2	109.2	139.3
0	0	0	0	0	0	0	0	0	0
0	0	0	0	0	0	0	0	0	0
3	33	0.016	0.0416	0.0096	0.18	0.385	126.6	116.6	87.5
0	0	0	0	0	0	0	0	0	0
0	0	0	0	0	0	0	0	0	0
0	0	0	0	0	0	0	0	0	0
3	43	0.0209	0.0338	0.0065	0.098	0.117	81.3	70.2	139.4
0	0	0	0	0	0	0	0	0	0
3	43	0.0155	0.0197	0.0055	0.123	0.077	42.9	-19.9	106.2
4	75	0.017	0.0521	0.0122	0.228	0.259	81.6	-77.8	131.9
0	0	0	0	0	0	0	0	0	0
0	0	0	0	0	0	0	0	0	0
0	0	0	0	0	0	0	0	0	0
3	18	0.0257	0.1397	0.0217	0.269	0.401	130.4	0.2	104.1
0	0	0	0	0	0	0	0	0	0
0	0	0	0	0	0	0	0	0	0
4	62	0.0216	0.0242	0.0045	0.066	0.286	10.9	-155	59.5
0	0	0	0	0	0	0	0	0	0
0	0	0	0	0	0	0	0	0	0
0	0	0	0	0	0	0	0	0	0
0	0	0	0	0	0	0	0	0	0
0	0	0	0	0	0	0	0	0	0
3	33	0.0247	0.0728	0.0118	0.152	0.339	122.8	-41.6	119.3
3	33	0.0193	0.0558	0.0115	0.194	0.358	85.3	-89.4	73
0	0	0	0	0	0	0	0	0	0
0	0	0	0	0	0	0	0	0	0
0	0	0	0	0	0	0	0	0	0
0	0	0	0	0	0	0	0	0	0
0	0	0	0	0	0	0	0	0	0
0	0	0	0	0	0	0	0	0	0
0	0	0	0	0	0	0	0	0	0
0	0	0	0	0	0	0	0	0	0
0	0	0	0	0	0	0	0	0	0
0	0	0	0	0	0	0	0	0	0
0	0	0	0	0	0	0	0	0	0
3	18	0.0175	0.0265	0.0061	0.11	0.378	144.1	-101.6	68.1
0	0	0	0	0	0	0	0	0	0
0	0	0	0	0	0	0	0	0	0
4	96	0.0242	0.0685	0.0113	0.149	0.345	42.2	177.3	77.4
0	0	0	0	0	0	0	0	0	0
0	0	0	0	0	0	0	0	0	0
0	0	0	0	0	0	0	0	0	0
0	0	0	0	0	0	0	0	0	0
0	0	0	0	0	0	0	0	0	0
0	0	0	0	0	0	0	0	0	0
0	0	0	0	0	0	0	0	0	0
0	0	0	0	0	0	0	0	0	0
0	0	0	0	0	0	0	0	0	0
0	0	0	0	0	0	0	0	0	0
0	0	0	0	0	0	0	0	0	0
0	0	0	0	0	0	0	0	0	0
0	0	0	0	0	0	0	0	0	0
0	0	0	0	0	0	0	0	0	0
0	0	0	0	0	0	0	0	0	0
0	0	0	0	0	0	0	0	0	0
0	0	0	0	0	0	0	0	0	0
0	0	0	0	0	0	0	0	0	0
0	0	0	0	0	0	0	0	0	0
0	0	0	0	0	0	0	0	0	0
0	0	0.0208	0.0297	0.0057	0.088	0.343	0	-25.3	39.4
0	0	0	0	0	0	0	0	0	0
0	0	0	0	0	0	0	0	0	0
0	0	0	0	0	0	0	0	0	0
2	3	0.0213	0.0807	0.0131	0.172	0.029	49.4	58.9	45.9
3	14	0.0161	0.0379	0.0094	0.186	0.163	175.9	175.9	62.7
3	18	0.0256	0.142	0.0222	0.276	0.257	50.6	78.7	47
0	0	0.0244	0.0574	0.0102	0.148	0.289	0	-149.1	32.1
3	39	0.0288	0.1087	0.0151	0.167	0.356	123.3	-179.2	13.6
3	43	0.005	0.0019	0.0015	0.095	0.178	74	-20.8	143.9
3	58	0.0209	0.1085	0.0208	0.317	0.248	76.3	-114.9	157
0	0	0	0	0	0	0	0	0	0
0	0	0	0	0	0	0	0	0	0
0	0	0	0	0	0	0	0	0	0
0	0	0	0	0	0	0	0	0	0
0	0	0	0	0	0	0	0	0	0
1	149	0.0124	0.0109	0.0038	0.119	0.318	119	-150.8	95.5
4	82	0.0238	0.0083	0.0014	0.019	0.378	134.2	175	37.4
0	0	0	0	0	0	0	0	0	0
0	0	0.0264	0.0406	0.0061	0.074	0.301	0	-35.5	83.8
