order	parent	diameter (m)	volume (L)	area (m^2)	length (m)	height (m)	angle (deg)	azimuth (deg)	zenith (deg)
0	0	0.0345	0.3807	0.0421	0.377	0	0	23.5	46.6
1	1	0.0349	1.2437	0.1755	2.037	0.127	26	1.5	71.5
2	940	0.0324	0.1311	0.0162	0.159	0.112	63.6	-22.5	109
2	940	0.0202	0.0282	0.0056	0.088	0.151	28.6	-118.9	96
0	0	0	0	0	0	0	0	0	0
1	1	0.0341	0.1834	0.0241	0.263	0.131	119.3	140.3	75.9
0	0	0	0	0	0	0	0	0	0
2	2	0.0183	0.035	0.0076	0.133	0.123	48.6	-41.4	87
0	0	0	0	0	0	0	0	0	0
2	2	0.0277	0.0944	0.0136	0.157	0.18	63.2	50.1	87.8
0	0	0	0	0	0	0	0	0	0
0	0	0	0	0	0	0	0	0	0
0	0	0	0	0	0	0	0	0	0
0	0	0	0	0	0	0	0	0	0
0	0	0	0	0	0	0	0	0	0
0	0	0	0	0	0	0	0	0	0
0	0	0	0	0	0	0	0	0	0
0	0	0	0	0	0	0	0	0	0
0	0	0	0	0	0	0	0	0	0
0	0	0	0	0	0	0	0	0	0
0	0	0	0	0	0	0	0	0	0
0	0	0	0	0	0	0	0	0	0
2	940	0.028	0.0529	0.0076	0.086	0.215	153.6	83.2	79.1
0	0	0	0	0	0	0	0	0	0
0	0	0	0	0	0	0	0	0	0
0	0	0	0	0	0	0	0	0	0
2	2	0.0215	0.8138	0.1594	2.498	0.228	173.8	115.5	66.3
2	2	0.0215	0.078	0.0145	0.215	0.269	82.8	154	104.1
2	2	0.0198	0.0377	0.0075	0.12	0.24	75.8	90.5	65.5
0	0	0	0	0	0	0	0	0	0
0	0	0	0	0	0	0	0	0	0
0	0	0	0	0	0	0	0	0	0
2	2	0.02	0.0382	0.0076	0.122	0.257	112.6	-155.2	124.5
2	2	0.02	0.0504	0.0108	0.194	0.233	81.4	-142.4	70.2
2	2	0.005	0.0029	0.0021	0.127	0.266	109	-9.9	155.6
3	23	0.0284	0.0727	0.0102	0.115	0.218	104.2	1.5	86.1
0	0	0	0	0	0	0	0	0	0
3	27	0.0204	0.3228	0.0653	1.052	0.381	91.9	80.6	81.7
4	946	0.0217	0.0502	0.0093	0.136	0.315	67.4	9.1	103.3
0	0	0	0	0	0	0	0	0	0
0	0	0	0	0	0	0	0	0	0
2	2	0.0283	0.3967	0.0557	0.634	0.333	47.9	-32	25.9
0	0	0	0	0	0	0	0	0	0
3	27	0.0204	0.0621	0.0122	0.189	0.294	78.6	35.3	72.7
0	0	0	0	0	0	0	0	0	0
3	27	0.0217	0.0617	0.0114	0.167	0.333	54.3	-158.5	58.9
0	0	0	0	0	0	0	0	0	0
3	27	0.0097	0.0072	0.0033	0.125	0.399	91.1	-115	137
4	38	0.0194	0.1578	0.0347	0.613	0.394	62	-1.3	105.4
4	38	0.0194	0.1093	0.024	0.422	0.444	99.2	-22.3	111.7
0	0	0	0	0	0	0	0	0	0
0	0	0	0	0	0	0	0	0	0
4	38	0.0212	0.0864	0.0163	0.245	0.402	37.9	169.7	36.2
0	0	0	0	0	0	0	0	0	0
4	38	0.0194	0.0728	0.0155	0.264	0.436	76.3	11	46.7
0	0	0	0	0	0	0	0	0	0
0	0	0	0	0	0	0	0	0	0
2	2	0.0221	0.8464	0.1592	2.391	0.332	22.6	13.3	35.4
0	0	0	0	0	0	0	0	0	0
3	42	0.0243	0.1571	0.0235	0.28	0.515	16.7	-153.4	109.1
4	948	0.0247	0.2433	0.0393	0.506	0.432	144.2	-179	54.6
4	948	0.005	0.0023	0.0019	0.118	0.407	105.4	95.8	130.2
4	948	0.0145	0.0297	0.0082	0.18	0.413	67.1	154.7	90.9
0	0	0	0	0	0	0	0	0	0
0	0	0	0	0	0	0	0	0	0
0	0	0	0	0	0	0	0	0	0
5	49	0.0234	0.0539	0.0092	0.125	0.437	86.5	-80.1	73.1
6	1017	0.0286	0.059	0.0082	0.092	0.411	86.6	-113.3	71.8
5	53	0.0201	0.0276	0.0055	0.087	0.488	127.5	135.3	65.3
0	0	0	0	0	0	0	0	0	0
0	0	0	0	0	0	0	0	0	0
0	0	0	0	0	0	0	0	0	0
0	0	0	0	0	0	0	0	0	0
2	2	0.0246	0.111	0.018	0.233	0.446	94	178.7	45.6
2	2	0.0229	0.0743	0.0141	0.216	0.453	113.9	61.2	66.8
0	0	0	0	0	0	0	0	0	0
0	0	0	0	0	0	0	0	0	0
0	0	0	0	0	0	0	0	0	0
0	0	0	0	0	0	0	0	0	0
0	0	0	0	0	0	0	0	0	0
3	42	0.0206	0.054	0.0105	0.162	0.533	113.1	-70.6	37.4
3	42	0.02	0.0446	0.0089	0.142	0.528	23.3	-137.6	116.9
0	0	0	0	0	0	0	0	0	0
0	0	0	0	0	0	0	0	0	0
0	0	0	0	0	0	0	0	0	0
0	0	0	0	0	0	0	0	0	0
5	61	0.0172	0.0166	0.0039	0.071	0.451	91.7	109.3	95.9
0	0	0	0	0	0	0	0	0	0
0	0	0	0	0	0	0	0	0	0
4	948	0.032	0.1431	0.0179	0.178	0.345	52.4	28.8	75
0	0	0	0	0	0	0	0	0	0
3	27	0.0319	0.0906	0.0114	0.114	0.405	10	-32.3	70.4
3	27	0.0149	0.0229	0.0062	0.132	0.393	79.5	-105.6	153.2
0	0	0	0	0	0	0	0	0	0
5	49	0.0236	0.0903	0.0153	0.207	0.454	51.7	-75.1	63.6
0	0	0	0	0	0	0	0	0	0
0	0	0	0	0	0	0	0	0	0
0	0	0	0	0	0	0	0	0	0
0	0	0	0	0	0	0	0	0	0
4	38	0.0085	0.0065	0.0031	0.114	0.499	159	-29	41.2
3	58	0.005	0.002	0.0016	0.101	0.418	101.1	94.9	109
3	58	0.0177	0.0229	0.0052	0.093	0.455	90.6	-103.1	56.7
3	58	0.021	0.1392	0.024	0.332	0.418	31	16.5	92.3
3	58	0.021	0.0603	0.0115	0.174	0.45	42.7	71.8	157.1
3	58	0.0217	0.1003	0.0185	0.271	0.452	51.3	109.6	156.2
3	58	0.0273	0.1531	0.0225	0.262	0.476	32.5	-101.7	40.9
3	58	0.021	0.1037	0.0216	0.363	0.486	61	-52.8	35.3
0	0	0	0	0	0	0	0	0	0
0	0	0	0	0	0	0	0	0	0
3	58	0.005	0.0028	0.0023	0.144	0.464	77.3	37.4	132.4
3	58	0.0274	0.2397	0.0349	0.405	0.512	47.8	68.9	64.8
0	0	0	0	0	0	0	0	0	0
0	0	0	0	0	0	0	0	0	0
3	58	0.0255	0.1618	0.0253	0.316	0.549	131	49.7	137.1
0	0	0	0	0	0	0	0	0	0
0	0	0	0	0	0	0	0	0	0
2	2	0.0303	0.1076	0.0142	0.149	0.573	83.1	55.3	70.1
2	2	0.0224	0.0626	0.0112	0.158	0.627	134.4	4.9	141.4
2	2	0.021	0.0614	0.0123	0.198	0.66	115.2	8.9	90.1
2	2	0.0287	0.1849	0.0271	0.318	0.672	37.5	-94.3	42.8
0	0	0	0	0	0	0	0	0	0
0	0	0	0	0	0	0	0	0	0
0	0	0	0	0	0	0	0	0	0
2	2	0.0328	0.115	0.014	0.136	0.709	39.8	-77.9	47.9
0	0	0	0	0	0	0	0	0	0
0	0	0	0	0	0	0	0	0	0
0	0	0	0	0	0	0	0	0	0
0	0	0	0	0	0	0	0	0	0
0	0	0	0	0	0	0	0	0	0
0	0	0	0	0	0	0	0	0	0
0	0	0	0	0	0	0	0	0	0
0	0	0	0	0	0	0	0	0	0
6	95	0.0175	0.0358	0.0082	0.15	0.52	28.2	147.8	130.7
0	0	0	0	0	0	0	0	0	0
0	0	0	0	0	0	0	0	0	0
0	0	0	0	0	0	0	0	0	0
0	0	0	0	0	0	0	0	0	0
0	0	0	0	0	0	0	0	0	0
0	0	0	0	0	0	0	0	0	0
0	0	0	0	0	0	0	0	0	0
0	0	0	0	0	0	0	0	0	0
4	103	0.005	0.0017	0.0014	0.088	0.415	49.4	-10.8	116.4
0	0	0	0	0	0	0	0	0	0
4	105	0.0448	0.1829	0.0163	0.116	0.432	83.6	75	118.7
4	106	0.0232	0.0432	0.0074	0.102	0.604	163	107	73.5
3	58	0.0224	0.074	0.0132	0.188	0.58	121.7	-178	44.8
0	0	0	0	0	0	0	0	0	0
3	74	0.0291	0.0619	0.0085	0.093	0.444	20.8	-55	100.1
0	0	0	0	0	0	0	0	0	0
0	0	0	0	0	0	0	0	0	0
0	0	0	0	0	0	0	0	0	0
2	2	0.0208	0.0684	0.0127	0.189	0.721	93.6	38	118.6
2	2	0.0269	0.2075	0.0315	0.381	0.688	53.3	-21.4	73.8
2	2	0.02	0.0349	0.007	0.111	0.713	53	-69.6	107.6
0	0	0	0	0	0	0	0	0	0
0	0	0	0	0	0	0	0	0	0
0	0	0	0	0	0	0	0	0	0
2	2	0.0356	0.1608	0.0202	0.212	0.744	143.2	0.3	102.3
0	0	0	0	0	0	0	0	0	0
2	2	0.0267	0.8775	0.1461	1.972	0.732	53.6	-155.4	115
2	2	0.021	0.0794	0.0151	0.229	0.73	50.6	-124.5	126.9
0	0	0	0	0	0	0	0	0	0
0	0	0	0	0	0	0	0	0	0
2	2	0.021	0.0708	0.0135	0.204	0.647	32.5	-100.9	121.9
2	2	0.0205	0.2328	0.0454	0.705	0.674	24.8	20.7	66
0	0	0	0	0	0	0	0	0	0
3	27	0.0204	0.1371	0.0269	0.419	0.456	46.7	-34.3	92.3
3	27	0.0204	0.0615	0.0121	0.188	0.487	101.5	156.1	39.9
0	0	0	0	0	0	0	0	0	0
3	27	0.0292	0.1951	0.0267	0.291	0.49	63.9	27.1	19.5
5	49	0.0183	0.0395	0.0086	0.151	0.474	67	96.8	100.5
0	0	0	0	0	0	0	0	0	0
0	0	0	0	0	0	0	0	0	0
0	0	0	0	0	0	0	0	0	0
5	49	0.0228	0.0565	0.0099	0.138	0.572	89.3	177.5	88.2
0	0	0	0	0	0	0	0	0	0
5	55	0.005	0.0015	0.0012	0.074	0.534	102.8	146.8	49
4	38	0.0187	0.0533	0.0112	0.186	0.488	124.3	-133.8	86.8
0	0	0	0	0	0	0	0	0	0
4	38	0.0193	0.1147	0.0241	0.404	0.503	91.7	-168.2	92.9
4	38	0.0339	0.2966	0.035	0.329	0.499	34.4	123.6	52.5
4	38	0.0192	0.0953	0.0232	0.469	0.409	46.4	43.4	105.1
4	103	0.0175	0.0425	0.0097	0.175	0.4	68.3	-32.9	136.8
0	0	0	0	0	0	0	0	0	0
0	0	0	0	0	0	0	0	0	0
0	0	0	0	0	0	0	0	0	0
4	107	0.0279	0.0987	0.0142	0.162	0.652	34.6	125.6	132
0	0	0	0	0	0	0	0	0	0
0	0	0	0	0	0	0	0	0	0
0	0	0	0	0	0	0	0	0	0
4	114	0.025	0.0433	0.0069	0.088	0.458	66.1	14	71.6
0	0	0	0	0	0	0	0	0	0
4	146	0.0213	0.0534	0.0109	0.18	0.604	70	-98.8	91.1
3	58	0.0209	0.0467	0.0089	0.136	0.559	56.3	0.7	40.1
3	58	0.0209	0.0842	0.0161	0.245	0.533	68.1	-89.4	84.9
0	0	0	0	0	0	0	0	0	0
0	0	0	0	0	0	0	0	0	0
0	0	0	0	0	0	0	0	0	0
0	0	0	0	0	0	0	0	0	0
0	0	0	0	0	0	0	0	0	0
3	153	0.0172	0.0125	0.0035	0.087	0.728	109.8	-17.3	107.1
0	0	0	0	0	0	0	0	0	0
0	0	0	0	0	0	0	0	0	0
0	0	0	0	0	0	0	0	0	0
3	160	0.005	0.0019	0.0015	0.095	0.655	61	48.2	65
2	2	0.021	0.0593	0.0115	0.176	0.645	38.6	-52.3	160
2	2	0.0211	0.0853	0.0162	0.245	0.654	123.1	173.3	127.8
2	2	0.0269	0.0474	0.0071	0.084	0.656	119.6	159.6	131.1
2	2	0.02	0.4992	0.088	1.269	0.66	95.5	-124.3	130.9
0	0	0	0	0	0	0	0	0	0
3	165	0.0195	0.0426	0.0101	0.198	0.684	93.1	109.3	97.9
3	165	0.0215	0.0455	0.0085	0.126	0.679	83.6	98.5	154.7
3	165	0.0213	0.0429	0.008	0.12	0.692	18.8	0.3	67.4
3	165	0.0195	0.0409	0.0084	0.137	0.677	58.6	42.6	82.8
3	165	0.0195	0.0433	0.0089	0.145	0.671	55.7	128	148
3	165	0.0195	0.0808	0.0166	0.271	0.66	77.4	62.8	111.4
3	165	0.0195	0.074	0.0157	0.265	0.658	8.1	-50.3	134.1
4	956	0.0151	0.0227	0.006	0.126	0.69	89	10.4	113.8
0	0	0	0	0	0	0	0	0	0
5	1002	0.005	0.0023	0.0018	0.118	0.701	77.4	54.8	87.3
5	1002	0.0149	0.0088	0.0024	0.05	0.696	85.3	-162.6	46.1
0	0	0	0	0	0	0	0	0	0
0	0	0	0	0	0	0	0	0	0
4	167	0.0234	0.041	0.007	0.096	0.456	126.1	113.5	133.3
4	168	0.005	0.0012	0.001	0.062	0.529	93.1	99.3	118.3
0	0	0	0	0	0	0	0	0	0
0	0	0	0	0	0	0	0	0	0
0	0	0	0	0	0	0	0	0	0
5	965	0.0175	0.0223	0.0051	0.093	0.55	30.8	92.3	61.3
0	0	0	0	0	0	0	0	0	0
0	0	0	0	0	0	0	0	0	0
4	170	0.0422	0.1252	0.0119	0.089	0.575	85.9	172.6	147.7
5	49	0.0207	0.0568	0.011	0.168	0.596	60.1	-139	28.2
0	0	0	0	0	0	0	0	0	0
0	0	0	0	0	0	0	0	0	0
0	0	0	0	0	0	0	0	0	0
5	178	0.0096	0.0075	0.0032	0.107	0.477	38.6	-26.8	126.3
0	0	0	0	0	0	0	0	0	0
0	0	0	0	0	0	0	0	0	0
5	182	0.0182	0.0309	0.0068	0.119	0.401	85.6	-44.7	90.5
0	0	0	0	0	0	0	0	0	0
4	107	0.019	0.0542	0.0114	0.191	0.625	163.1	120.3	144.6
0	0	0	0	0	0	0	0	0	0
0	0	0	0	0	0	0	0	0	0
0	0	0	0	0	0	0	0	0	0
0	0	0	0	0	0	0	0	0	0
0	0	0	0	0	0	0	0	0	0
3	58	0.0239	0.062	0.0104	0.138	0.445	94	155.2	136.6
0	0	0	0	0	0	0	0	0	0
0	0	0	0	0	0	0	0	0	0
0	0	0	0	0	0	0	0	0	0
0	0	0	0	0	0	0	0	0	0
0	0	0	0	0	0	0	0	0	0
0	0	0	0	0	0	0	0	0	0
0	0	0	0	0	0	0	0	0	0
3	160	0.0228	0.0352	0.0062	0.086	0.567	39.9	39.6	46.4
4	954	0.0225	0.0559	0.0101	0.146	0.599	142.8	50.4	131.1
0	0	0	0	0	0	0	0	0	0
0	0	0	0	0	0	0	0	0	0
0	0	0	0	0	0	0	0	0	0
2	2	0.0251	0.0305	0.0049	0.061	0.652	46.4	-98.3	97.6
0	0	0	0	0	0	0	0	0	0
0	0	0	0	0	0	0	0	0	0
3	209	0.0258	0.0597	0.0093	0.115	0.702	112	-49.4	72.5
0	0	0	0	0	0	0	0	0	0
0	0	0	0	0	0	0	0	0	0
3	165	0.0195	0.1753	0.0367	0.611	0.561	98.7	82.8	28.3
4	217	0.0182	0.0272	0.006	0.105	0.586	30.7	64.2	148.9
0	0	0	0	0	0	0	0	0	0
4	956	0.0239	0.2123	0.0356	0.474	0.667	97	86.3	107.7
0	0	0	0	0	0	0	0	0	0
0	0	0	0	0	0	0	0	0	0
0	0	0	0	0	0	0	0	0	0
0	0	0	0	0	0	0	0	0	0
0	0	0	0	0	0	0	0	0	0
0	0	0	0	0	0	0	0	0	0
0	0	0	0	0	0	0	0	0	0
5	49	0.005	0.0028	0.0019	0.105	0.576	62.9	120.3	51.9
0	0	0	0	0	0	0	0	0	0
0	0	0	0	0	0	0	0	0	0
0	0	0	0	0	0	0	0	0	0
0	0	0	0	0	0	0	0	0	0
0	0	0	0	0	0	0	0	0	0
5	180	0.0171	0.0323	0.0075	0.14	0.45	93.6	74.9	170.1
5	181	0.0132	0.0118	0.0035	0.083	0.529	113	-160.5	19.4
5	181	0.0151	0.0136	0.0037	0.081	0.556	104.6	-130.3	73.9
4	195	0.0199	0.0464	0.0093	0.15	0.542	113.1	27.7	133
0	0	0.0188	0.0213	0.0045	0.077	0.357	0	165.2	99.4
0	0	0	0	0	0	0	0	0	0
0	0	0	0	0	0	0	0	0	0
3	160	0.0211	0.164	0.031	0.467	0.566	111.5	20	110.3
0	0	0	0	0	0	0	0	0	0
3	160	0.0228	0.0514	0.009	0.126	0.551	54.8	143	53.9
4	954	0.0224	0.1553	0.0288	0.425	0.616	52.3	-144.3	123.3
0	0	0	0	0	0	0	0	0	0
2	2	0.0069	0.0033	0.0022	0.116	0.674	84	64.4	86.4
0	0	0	0	0	0	0	0	0	0
0	0	0	0	0	0	0	0	0	0
3	165	0.0175	0.0686	0.0165	0.331	0.623	7.2	-11.6	132.9
0	0	0	0	0	0	0	0	0	0
3	165	0.0157	0.0736	0.0172	0.322	0.549	63.2	-66.1	21
0	0	0	0	0	0	0	0	0	0
4	217	0.005	0.0022	0.0018	0.113	0.58	96.7	-51.4	67.2
0	0	0	0	0	0	0	0	0	0
5	218	0.015	0.023	0.0061	0.131	0.688	60.9	35.9	22
0	0	0	0	0	0	0	0	0	0
5	270	0.02	0.0418	0.0084	0.133	0.625	58.3	126.2	115.2
0	0	0	0	0	0	0	0	0	0
3	27	0.0223	0.3172	0.0569	0.813	0.494	77.4	89.1	33.1
0	0	0	0	0	0	0	0	0	0
4	170	0.02	0.0681	0.0136	0.217	0.551	53	114.9	103.8
6	233	0.0176	0.0283	0.0064	0.116	0.547	86.7	-179.4	61.8
0	0	0	0	0	0	0	0	0	0
0	0	0	0	0	0	0	0	0	0
0	0	0	0	0	0	0	0	0	0
0	0	0	0	0	0	0	0	0	0
0	0	0	0	0	0	0	0	0	0
4	38	0.0192	0.0786	0.0175	0.315	0.352	80.2	-179.6	107.8
0	0	0	0	0	0	0	0	0	0
0	0	0	0	0	0	0	0	0	0
0	0	0	0	0	0	0	0	0	0
4	954	0.0246	0.0653	0.0106	0.138	0.608	70.7	159.1	82
0	0	0	0	0	0	0	0	0	0
0	0	0	0	0	0	0	0	0	0
0	0	0	0	0	0	0	0	0	0
0	0	0	0	0	0	0	0	0	0
0	0	0	0	0	0	0	0	0	0
4	954	0.0248	0.0677	0.0109	0.14	0.61	6.4	-107.2	122.3
0	0	0	0	0	0	0	0	0	0
2	2	0.0192	0.0388	0.0081	0.134	0.69	55.9	-0.4	118.4
0	0	0	0	0	0	0	0	0	0
3	209	0.0323	0.0433	0.0054	0.053	0.695	113.1	118.8	55.6
0	0	0	0	0	0	0	0	0	0
0	0	0	0	0	0	0	0	0	0
0	0	0	0	0	0	0	0	0	0
0	0	0	0	0	0	0	0	0	0
0	0	0	0	0	0	0	0	0	0
0	0	0	0	0	0	0	0	0	0
0	0	0	0	0	0	0	0	0	0
0	0	0	0	0	0	0	0	0	0
0	0	0	0	0	0	0	0	0	0
0	0	0	0	0	0	0	0	0	0
0	0	0	0	0	0	0	0	0	0
0	0	0	0	0	0	0	0	0	0
0	0	0	0	0	0	0	0	0	0
0	0	0	0	0	0	0	0	0	0
3	27	0.0202	0.0545	0.0117	0.206	0.492	111.1	-99.1	131.5
0	0	0	0	0	0	0	0	0	0
0	0	0	0	0	0	0	0	0	0
0	0	0	0	0	0	0	0	0	0
0	0	0	0	0	0	0	0	0	0
0	0	0	0	0	0	0	0	0	0
0	0	0	0	0	0	0	0	0	0
0	0	0	0	0	0	0	0	0	0
0	0	0	0	0	0	0	0	0	0
5	318	0.027	0.099	0.0147	0.173	0.337	86.9	84.9	104.2
0	0	0	0	0	0	0	0	0	0
5	182	0.005	0.0053	0.0042	0.268	0.396	44.2	45.8	119.3
0	0	0	0	0	0	0	0	0	0
0	0	0	0	0	0	0	0	0	0
4	291	0.0201	0.0368	0.0073	0.116	0.54	12.3	56.6	96.4
0	0	0	0	0	0	0	0	0	0
0	0	0	0	0	0	0	0	0	0
0	0	0	0	0	0	0	0	0	0
0	0	0	0	0	0	0	0	0	0
4	954	0.0174	0.0523	0.012	0.221	0.629	84.5	-72	76.1
5	294	0.0208	0.0337	0.0065	0.099	0.521	122	-10.3	59
3	209	0.0229	0.0604	0.0106	0.147	0.71	69.4	160.3	58.3
0	0	0	0	0	0	0	0	0	0
0	0	0	0	0	0	0	0	0	0
0	0	0	0	0	0	0	0	0	0
0	0	0	0	0	0	0	0	0	0
0	0	0	0	0	0	0	0	0	0
3	165	0.0346	0.1199	0.0139	0.128	0.52	39.3	12.2	88.1
0	0	0	0	0	0	0	0	0	0
0	0	0	0	0	0	0	0	0	0
0	0	0	0	0	0	0	0	0	0
0	0	0	0	0	0	0	0	0	0
0	0	0	0	0	0	0	0	0	0
0	0	0	0	0	0	0	0	0	0
0	0	0	0	0	0	0	0	0	0
0	0	0	0	0	0	0	0	0	0
0	0	0	0	0	0	0	0	0	0
0	0	0	0	0	0	0	0	0	0
5	318	0.0181	0.0423	0.0094	0.165	0.336	117.6	127.5	84.8
5	318	0.0181	0.0447	0.0099	0.174	0.311	57.2	137.4	116.3
0	0	0	0	0	0	0	0	0	0
0	0	0	0	0	0	0	0	0	0
0	0	0	0	0	0	0	0	0	0
0	0	0	0	0	0	0	0	0	0
3	160	0.0189	0.0313	0.0066	0.111	0.609	80.3	126.4	103
0	0	0	0	0	0	0	0	0	0
0	0	0	0	0	0	0	0	0	0
4	954	0.0189	0.0268	0.0057	0.095	0.6	73.4	-149.6	15.9
2	2	0.0201	0.3986	0.0732	1.088	0.659	65.7	-2.9	124.5
0	0	0	0	0	0	0	0	0	0
3	165	0.0251	0.0767	0.0122	0.155	0.491	88.5	159.8	161.3
0	0	0	0	0	0	0	0	0	0
0	0	0	0	0	0	0	0	0	0
0	0	0	0	0	0	0	0	0	0
0	0	0	0	0	0	0	0	0	0
0	0	0	0	0	0	0	0	0	0
0	0	0	0	0	0	0	0	0	0
3	27	0.0199	0.1061	0.0217	0.353	0.379	92.9	103.9	114
4	309	0.0212	0.054	0.0102	0.153	0.534	55.1	-107.2	62.3
0	0	0	0	0	0	0	0	0	0
0	0	0	0	0	0	0	0	0	0
0	0	0	0	0	0	0	0	0	0
0	0	0	0	0	0	0	0	0	0
0	0	0	0	0	0	0	0	0	0
0	0	0	0	0	0	0	0	0	0
0	0	0	0	0	0	0	0	0	0
0	0	0	0	0	0	0	0	0	0
5	294	0.005	0.0027	0.0022	0.137	0.484	145.9	-7.3	66.5
0	0	0	0	0	0	0	0	0	0
2	2	0.0251	0.0572	0.0091	0.116	0.654	100.3	41.3	88.3
3	209	0.0336	0.419	0.0498	0.472	0.668	81.9	108.4	88.9
3	209	0.0173	0.1967	0.0383	0.604	0.65	33.7	105.1	76.5
0	0	0	0	0	0	0	0	0	0
3	209	0.0255	0.0395	0.0062	0.077	0.667	49.8	-175.3	94.3
0	0	0	0	0	0	0	0	0	0
3	27	0.005	0.0031	0.0025	0.157	0.39	14.5	56.2	138.2
3	27	0.0316	0.0793	0.01	0.101	0.352	68.8	-124	117.8
3	27	0.005	0.0016	0.0013	0.083	0.298	91.3	113.4	102.9
3	27	0.0189	0.042	0.0086	0.14	0.341	110.6	-96.4	54.6
0	0	0	0	0	0	0	0	0	0
0	0	0	0	0	0	0	0	0	0
3	58	0.0092	0.0072	0.0033	0.122	0.481	121.7	100.5	112.7
3	160	0.0247	0.293	0.0538	0.8	0.573	16	-1.5	92.7
0	0	0	0	0	0	0	0	0	0
0	0	0	0	0	0	0	0	0	0
3	395	0.0223	0.0457	0.0082	0.116	0.589	102.5	85.2	115.3
2	2	0.0226	0.2264	0.0399	0.565	0.645	88.7	81.4	148.8
0	0	0	0	0	0	0	0	0	0
4	418	0.0144	0.0236	0.0065	0.145	0.646	47.7	-122.1	110.5
4	418	0.005	0.0025	0.002	0.128	0.637	124.6	66.7	175
4	418	0.0068	0.0054	0.0029	0.122	0.636	83.2	-176.7	77.6
0	0	0	0	0	0	0	0	0	0
0	0	0	0	0	0	0	0	0	0
0	0	0	0	0	0	0	0	0	0
0	0	0	0	0	0	0	0	0	0
3	27	0.0372	0.1123	0.0121	0.103	0.339	111.2	-120.9	138.2
0	0	0	0	0	0	0	0	0	0
4	309	0.0212	0.0673	0.0135	0.215	0.656	141.3	63.3	95.6
0	0	0	0	0	0	0	0	0	0
0	0	0	0	0	0	0	0	0	0
0	0	0	0	0	0	0	0	0	0
0	0	0	0	0	0	0	0	0	0
0	0	0	0	0	0	0	0	0	0
0	0	0	0	0	0	0	0	0	0
4	291	0.0201	0.0433	0.0086	0.137	0.544	111	-138.9	141
3	160	0.0095	0.006	0.0031	0.142	0.55	114.7	-0.7	122.6
0	0	0	0	0	0	0	0	0	0
4	429	0.0222	0.0477	0.0094	0.152	0.564	34.7	-110.1	71.5
0	0	0	0	0	0	0	0	0	0
0	0	0	0	0	0	0	0	0	0
4	954	0.0168	0.0192	0.0046	0.086	0.58	87.9	148.4	79.1
4	954	0.027	0.029	0.0043	0.05	0.562	153.2	74.3	40.1
4	954	0.0294	0.1054	0.0143	0.155	0.483	121.2	118.9	115.4
0	0	0	0	0	0	0	0	0	0
3	395	0.008	0.0044	0.0022	0.087	0.585	123.4	88.7	143
2	2	0.0232	0.0468	0.0084	0.119	0.613	142.9	35.5	88.2
0	0	0	0	0	0	0	0	0	0
0	0	0	0	0	0	0	0	0	0
4	418	0.0221	0.1055	0.0189	0.27	0.655	82.5	120.2	68.1
0	0	0	0	0	0	0	0	0	0
3	209	0.0233	0.0645	0.0111	0.151	0.616	21.4	-51.6	86.3
0	0	0	0	0	0	0	0	0	0
3	209	0.0207	0.0648	0.0129	0.205	0.588	92.2	-160.3	106.2
0	0	0	0	0	0	0	0	0	0
0	0	0	0	0	0	0	0	0	0
0	0	0	0	0	0	0	0	0	0
0	0	0	0	0	0	0	0	0	0
4	38	0.005	0.0012	0.0009	0.059	0.227	22.1	54.9	128.3
0	0	0	0	0	0	0	0	0	0
0	0	0	0	0	0	0	0	0	0
4	429	0.005	0.002	0.0016	0.1	0.555	70.6	96	139.7
0	0	0	0	0	0	0	0	0	0
5	454	0.0186	0.0274	0.0059	0.101	0.532	146.4	-173.4	99.1
6	1062	0.0201	0.0384	0.0077	0.122	0.575	142.4	67.7	38.4
0	0	0	0	0	0	0	0	0	0
0	0	0	0	0	0	0	0	0	0
4	954	0.0218	0.0725	0.0135	0.201	0.526	115.7	78.2	148.4
3	395	0.017	0.0215	0.005	0.094	0.593	6.4	-107.7	81.4
0	0	0	0	0	0	0	0	0	0
0	0	0	0	0	0	0	0	0	0
2	2	0.0129	0.0101	0.0035	0.108	0.62	79.8	174	154.8
0	0	0	0	0	0	0	0	0	0
3	462	0.0256	0.0343	0.0054	0.067	0.603	147.6	-136.5	123.4
3	433	0.0327	0.1122	0.0137	0.133	0.543	93	23.4	68.1
0	0	0	0	0	0	0	0	0	0
4	417	0.019	0.0491	0.0104	0.174	0.599	33.7	-42.2	116.8
0	0	0	0	0	0	0	0	0	0
0	0	0	0	0	0	0	0	0	0
5	465	0.0289	0.0578	0.008	0.088	0.673	152.7	-30.5	110.1
0	0	0	0	0	0	0	0	0	0
0	0	0	0	0	0	0	0	0	0
0	0	0	0	0	0	0	0	0	0
4	404	0.0162	0.0287	0.0068	0.128	0.35	119.4	-109.2	51.3
0	0	0	0	0	0	0	0	0	0
3	27	0.0253	0.0928	0.0147	0.185	0.228	74.5	-57.5	104.8
4	309	0.0173	0.0602	0.0134	0.246	0.665	77.8	-142.6	127
0	0	0	0	0	0	0	0	0	0
0	0	0	0	0	0	0	0	0	0
3	160	0.005	0.0021	0.0016	0.105	0.568	61.9	89.7	129.2
0	0	0	0	0	0	0	0	0	0
0	0	0	0	0	0	0	0	0	0
0	0	0	0	0	0	0	0	0	0
0	0	0	0	0	0	0	0	0	0
0	0	0	0	0	0	0	0	0	0
0	0	0	0	0	0	0	0	0	0
0	0	0	0	0	0	0	0	0	0
2	2	0.02	0.0528	0.0106	0.168	0.614	118.5	-168.5	108.4
0	0	0	0	0	0	0	0	0	0
0	0	0	0	0	0	0	0	0	0
0	0	0	0	0	0	0	0	0	0
4	418	0.0188	0.0402	0.0086	0.146	0.698	65.1	127.3	117.2
0	0	0	0	0	0	0	0	0	0
3	27	0.0196	0.0588	0.0143	0.297	0.25	81.3	-84.3	114.9
0	0	0	0	0	0	0	0	0	0
4	501	0.0279	0.0479	0.0069	0.078	0.244	123.9	65.3	46.9
5	444	0.0182	0.0406	0.009	0.157	0.63	57.8	-94.1	125.3
5	444	0.0172	0.0247	0.0057	0.106	0.643	97.9	115.1	76.8
0	0	0	0	0	0	0	0	0	0
0	0	0	0	0	0	0	0	0	0
3	58	0.0239	0.137	0.0229	0.306	0.358	78.9	0.6	103.3
0	0	0	0	0	0	0	0	0	0
3	160	0.0128	0.014	0.0044	0.112	0.534	56.8	62.9	82.9
0	0	0	0	0	0	0	0	0	0
3	160	0.0216	0.1174	0.0194	0.256	0.518	31.7	127.8	151.4
0	0	0	0	0	0	0	0	0	0
0	0	0	0	0	0	0	0	0	0
0	0	0	0	0	0	0	0	0	0
0	0	0	0	0	0	0	0	0	0
3	395	0.005	0.0015	0.0012	0.076	0.563	79.3	-1.7	128.7
0	0	0	0	0	0	0	0	0	0
0	0	0	0	0	0	0	0	0	0
0	0	0	0	0	0	0	0	0	0
0	0	0	0	0	0	0	0	0	0
3	487	0.027	0.0679	0.0101	0.119	0.553	89.5	-114.1	69
4	418	0.0311	0.1227	0.0158	0.162	0.685	74.8	118.5	127.7
0	0	0	0	0	0	0	0	0	0
0	0	0	0	0	0	0	0	0	0
3	209	0.0153	0.0121	0.0032	0.066	0.516	89.3	101.2	116.8
0	0	0	0	0	0	0	0	0	0
3	209	0.0169	0.0436	0.0103	0.194	0.505	87.5	-61	115.5
0	0	0	0	0	0	0	0	0	0
3	209	0.0167	0.0223	0.0053	0.102	0.493	65.3	-173.2	59.5
3	209	0.017	0.0811	0.0173	0.305	0.497	83.5	63.3	127.8
0	0	0	0	0	0	0	0	0	0
0	0	0	0	0	0	0	0	0	0
0	0	0	0	0	0	0	0	0	0
0	0	0	0	0	0	0	0	0	0
0	0	0	0	0	0	0	0	0	0
0	0	0	0	0	0	0	0	0	0
3	58	0.02	0.2098	0.0438	0.731	0.372	82.9	-51.2	76.4
4	526	0.0275	0.0641	0.0093	0.108	0.339	80.2	105.6	167.4
0	0	0	0	0	0	0	0	0	0
0	0	0	0	0	0	0	0	0	0
0	0	0	0	0	0	0	0	0	0
0	0	0	0	0	0	0	0	0	0
3	160	0.0255	0.1554	0.0244	0.304	0.488	57.9	59.2	128.7
3	160	0.02	0.0465	0.0097	0.171	0.391	111.4	-7.1	43.9
0	0	0	0	0	0	0	0	0	0
0	0	0	0	0	0	0	0	0	0
4	530	0.005	0.0015	0.0012	0.076	0.454	145.4	-31.2	104.5
0	0	0	0	0	0	0	0	0	0
4	429	0.0344	0.0678	0.0079	0.073	0.401	128.7	-29.3	69
0	0	0	0	0	0	0	0	0	0
0	0	0	0	0	0	0	0	0	0
0	0	0.0257	0.0586	0.0091	0.113	0.678	0	-124.9	54.8
0	0	0	0	0	0	0	0	0	0
0	0	0	0	0	0	0	0	0	0
0	0	0	0	0	0	0	0	0	0
0	0	0	0	0	0	0	0	0	0
4	548	0.0281	0.0618	0.0088	0.1	0.496	85.1	-120.8	150.3
4	549	0.02	0.0586	0.0116	0.184	0.409	89.5	35.9	116
4	519	0.0238	0.0763	0.0128	0.171	0.245	105	91.1	155.1
0	0	0	0	0	0	0	0	0	0
4	309	0.0146	0.0334	0.0078	0.15	0.669	88.5	-128.2	67.2
0	0	0	0	0	0	0	0	0	0
0	0	0	0	0	0	0	0	0	0
0	0	0	0	0	0	0	0	0	0
0	0	0	0	0	0	0	0	0	0
0	0	0	0	0	0	0	0	0	0
0	0	0	0	0	0	0	0	0	0
0	0	0	0	0	0	0	0	0	0
0	0	0	0	0	0	0	0	0	0
0	0	0	0	0	0	0	0	0	0
4	429	0.005	0.0026	0.0018	0.103	0.38	98.5	115	93.3
0	0	0	0	0	0	0	0	0	0
0	0	0	0	0	0	0	0	0	0
0	0	0	0	0	0	0	0	0	0
0	0	0	0	0	0	0	0	0	0
3	209	0.0382	0.1496	0.0157	0.131	0.498	96.4	31	142.5
3	209	0.0191	0.074	0.0153	0.251	0.416	41.7	-80.4	69.8
0	0	0	0	0	0	0	0	0	0
4	549	0.0195	0.0763	0.0184	0.377	0.388	91.7	-166.9	34.2
0	0	0	0	0	0	0	0	0	0
0	0	0	0	0	0	0	0	0	0
4	519	0.0609	0.3359	0.0221	0.115	0.216	111.9	21.3	40.8
3	27	0.005	0.0035	0.0024	0.132	0.247	122.9	-79.5	61.4
0	0	0	0	0	0	0	0	0	0
4	309	0.0212	0.1043	0.0197	0.295	0.671	70.4	-98.3	128.5
0	0	0	0	0	0	0	0	0	0
3	160	0.005	0.0017	0.0013	0.085	0.359	139.4	-95.9	110.5
3	160	0.0293	0.1658	0.0226	0.246	0.285	123.9	90.6	111.6
4	429	0.0345	0.1612	0.0187	0.172	0.341	167.1	-36.6	65.1
4	429	0.0139	0.021	0.0065	0.16	0.344	37.5	172.5	143.7
0	0	0	0	0	0	0	0	0	0
0	0	0	0	0	0	0	0	0	0
0	0	0	0	0	0	0	0	0	0
0	0	0	0	0	0	0	0	0	0
0	0	0	0	0	0	0	0	0	0
0	0	0	0	0	0	0	0	0	0
0	0	0	0	0	0	0	0	0	0
0	0	0	0	0	0	0	0	0	0
0	0	0	0	0	0	0	0	0	0
3	27	0.0191	0.0703	0.0158	0.285	0.262	113.5	-123.7	90.3
0	0	0	0	0	0	0	0	0	0
5	604	0.0244	0.0334	0.0055	0.071	0.601	24.2	-86.9	106.5
5	604	0.0225	0.0481	0.0086	0.121	0.581	46.3	-159.1	129.6
5	604	0.026	0.024	0.0037	0.045	0.543	67.4	-84.5	100.6
0	0	0	0	0	0	0	0	0	0
0	0	0	0	0	0	0	0	0	0
0	0	0	0	0	0	0	0	0	0
0	0	0	0	0	0	0	0	0	0
3	160	0.0134	0.0118	0.0038	0.108	0.298	93.3	21.6	66.2
3	160	0.0266	0.1609	0.0242	0.289	0.255	64.9	162.4	88.2
0	0	0	0	0	0	0	0	0	0
0	0	0	0	0	0	0	0	0	0
0	0	0	0	0	0	0	0	0	0
0	0	0	0	0	0	0	0	0	0
3	433	0.0193	0.0333	0.0069	0.114	0.465	51.1	-85	52.6
0	0	0	0	0	0	0	0	0	0
0	0	0	0	0	0	0	0	0	0
0	0	0	0	0	0	0	0	0	0
0	0	0	0	0	0	0	0	0	0
0	0	0	0	0	0	0	0	0	0
0	0	0	0	0	0	0	0	0	0
0	0	0	0	0	0	0	0	0	0
6	622	0.0213	0.0198	0.0037	0.056	0.556	12.1	-174.9	131.1
0	0	0	0	0	0	0	0	0	0
0	0	0	0	0	0	0	0	0	0
0	0	0	0	0	0	0	0	0	0
3	160	0.0255	0.0798	0.0133	0.177	0.215	77.1	-10.2	132.6
4	629	0.0253	0.0774	0.0122	0.154	0.258	49.1	-106.4	76.9
0	0	0	0	0	0	0	0	0	0
0	0	0	0	0	0	0	0	0	0
0	0	0	0	0	0	0	0	0	0
4	418	0.0174	0.0326	0.0075	0.138	0.582	68.4	96.3	81.5
0	0	0	0	0	0	0	0	0	0
0	0	0	0	0	0	0	0	0	0
4	619	0.0264	0.1302	0.0198	0.239	0.264	18.4	97.6	79.2
0	0	0	0	0	0	0	0	0	0
3	27	0.0229	0.0307	0.0054	0.075	0.242	87.5	125.3	119.2
3	27	0.0188	0.0888	0.0189	0.32	0.377	140.6	-59.2	126
0	0	0	0	0	0	0	0	0	0
0	0	0	0	0	0	0	0	0	0
4	309	0.0226	0.0599	0.0106	0.149	0.468	82.8	61.8	57.3
0	0	0	0	0	0	0	0	0	0
0	0	0	0	0	0	0	0	0	0
3	160	0.0257	0.0985	0.0166	0.23	0.259	76.6	158.1	63.9
0	0	0	0	0	0	0	0	0	0
3	160	0.026	0.0978	0.015	0.184	0.217	110.3	83.6	87.9
0	0	0	0	0	0	0	0	0	0
0	0	0	0	0	0	0	0	0	0
4	629	0.005	0.0014	0.0011	0.069	0.225	77.1	-156.4	123.3
0	0	0	0	0	0	0	0	0	0
4	429	0.009	0.0045	0.0022	0.085	0.282	92.3	-7.6	75.1
0	0	0	0	0	0	0	0	0	0
0	0	0	0	0	0	0	0	0	0
4	619	0.005	0.0029	0.0023	0.148	0.269	39	46.9	36
0	0	0	0	0	0	0	0	0	0
0	0	0	0	0	0	0	0	0	0
0	0	0	0	0	0	0	0	0	0
0	0	0	0	0	0	0	0	0	0
3	27	0.0086	0.0054	0.0026	0.105	0.297	65.2	-168.2	76.6
3	27	0.0217	0.0594	0.0109	0.16	0.311	141.8	11.7	135.3
3	27	0.022	0.215	0.0391	0.567	0.367	120.4	-129.3	88.9
0	0	0	0	0	0	0	0	0	0
0	0	0	0	0	0	0	0	0	0
4	657	0.0245	0.0918	0.015	0.195	0.354	9.8	-54.2	117.1
0	0	0	0	0	0	0	0	0	0
0	0	0	0	0	0	0	0	0	0
0	0	0	0	0	0	0	0	0	0
4	556	0.008	0.0053	0.0028	0.121	0.332	70.8	12.2	89.5
0	0	0	0	0	0	0	0	0	0
0	0	0	0	0	0	0	0	0	0
0	0	0	0	0	0	0	0	0	0
3	160	0.0265	0.0692	0.0105	0.126	0.262	72.9	-54.6	63.7
0	0	0	0	0	0	0	0	0	0
4	629	0.0228	0.0416	0.0073	0.102	0.21	127.3	-61.5	80.3
0	0	0	0	0	0	0	0	0	0
0	0	0	0	0	0	0	0	0	0
4	678	0.0086	0.0099	0.0046	0.169	0.291	101.4	43	122.1
4	680	0.0178	0.06	0.0124	0.204	0.364	73.4	89.7	111
4	680	0.0209	0.1065	0.0237	0.45	0.484	76.4	-98.2	77.4
0	0	0	0	0	0	0	0	0	0
0	0	0	0	0	0	0	0	0	0
0	0	0	0	0	0	0	0	0	0
0	0	0	0	0	0	0	0	0	0
0	0	0	0	0	0	0	0	0	0
0	0	0	0	0	0	0	0	0	0
0	0	0	0	0	0	0	0	0	0
0	0	0	0	0	0	0	0	0	0
0	0	0	0	0	0	0	0	0	0
0	0	0	0	0	0	0	0	0	0
0	0	0	0	0	0	0	0	0	0
4	556	0.0169	0.0326	0.0077	0.145	0.381	97.8	-153.8	78.2
0	0	0	0	0	0	0	0	0	0
0	0	0	0	0	0	0	0	0	0
0	0	0	0	0	0	0	0	0	0
0	0	0	0	0	0	0	0	0	0
0	0	0	0	0	0	0	0	0	0
4	680	0.0184	0.0415	0.0097	0.18	0.359	62.1	161.5	137.1
0	0	0	0	0	0	0	0	0	0
4	680	0.0209	0.0917	0.0194	0.331	0.487	100.5	-109.8	146.9
3	27	0.0207	0.0379	0.0073	0.113	0.452	43.2	-178.7	72.3
0	0	0	0	0	0	0	0	0	0
0	0	0	0	0	0	0	0	0	0
0	0	0	0	0	0	0	0	0	0
0	0	0	0	0	0	0	0	0	0
0	0	0	0	0	0	0	0	0	0
3	395	0.0194	0.0285	0.0059	0.096	0.542	120.6	178.8	83.9
3	395	0.0207	0.0536	0.0104	0.162	0.568	62.4	25.9	116.4
0	0	0	0	0	0	0	0	0	0
0	0	0	0	0	0	0	0	0	0
0	0	0	0	0	0	0	0	0	0
6	1036	0.0156	0.0316	0.0072	0.131	0.432	133.9	-125.6	106.2
0	0	0	0	0	0	0	0	0	0
0	0	0	0	0	0	0	0	0	0
0	0	0	0	0	0	0	0	0	0
0	0	0	0	0	0	0	0	0	0
4	680	0.0099	0.0074	0.003	0.096	0.513	104.7	-5.8	34
0	0	0	0	0	0	0	0	0	0
0	0	0	0	0	0	0	0	0	0
4	680	0.005	0.0029	0.0023	0.146	0.534	87.6	92.9	64.6
5	698	0.0177	0.0696	0.0157	0.282	0.363	61.3	-102.8	91.4
0	0	0	0	0	0	0	0	0	0
0	0	0	0	0	0	0	0	0	0
0	0	0	0	0	0	0	0	0	0
3	58	0.0294	0.1989	0.027	0.293	0.423	39.7	-96.8	108.2
3	58	0.023	0.1545	0.0269	0.372	0.451	97.8	-144.8	47.9
0	0	0	0	0	0	0	0	0	0
0	0	0	0	0	0	0	0	0	0
4	680	0.02	0.0237	0.0047	0.076	0.557	59.7	-86.1	69.6
5	738	0.005	0.0025	0.002	0.128	0.572	145.1	-86.4	107.9
0	0	0	0	0	0	0	0	0	0
0	0	0	0	0	0	0	0	0	0
5	718	0.0185	0.0325	0.0073	0.13	0.547	134.8	139.4	26.3
5	698	0.005	0.0025	0.002	0.129	0.381	56	-164.9	128.1
3	27	0.0255	0.1546	0.0243	0.303	0.429	94.7	70.1	85.8
0	0	0	0	0	0	0	0	0	0
0	0	0	0	0	0	0	0	0	0
0	0	0	0	0	0	0	0	0	0
0	0	0	0	0	0	0	0	0	0
0	0	0	0	0	0	0	0	0	0
4	556	0.005	0.0023	0.0019	0.118	0.386	109.8	6.8	121.3
0	0	0	0	0	0	0	0	0	0
0	0	0	0	0	0	0	0	0	0
0	0	0	0	0	0	0	0	0	0
0	0	0	0	0	0	0	0	0	0
3	395	0.0164	0.0466	0.0104	0.184	0.554	118.3	142.9	128.5
0	0	0	0	0	0	0	0	0	0
0	0	0	0	0	0	0	0	0	0
0	0	0	0	0	0	0	0	0	0
0	0	0	0	0	0	0	0	0	0
0	0	0	0	0	0	0	0	0	0
0	0	0	0	0	0	0	0	0	0
5	738	0.0211	0.0864	0.0164	0.248	0.566	43.3	-79.2	72.4
6	748	0.0621	0.2707	0.0174	0.089	0.552	78.8	171.7	98.8
0	0	0	0	0	0	0	0	0	0
0	0	0	0	0	0	0	0	0	0
0	0	0	0	0	0	0	0	0	0
0	0	0	0	0	0	0	0	0	0
0	0	0	0	0	0	0	0	0	0
0	0	0	0	0	0	0	0	0	0
0	0	0	0	0	0	0	0	0	0
0	0	0	0	0	0	0	0	0	0
0	0	0	0	0	0	0	0	0	0
3	395	0.0211	0.0291	0.0056	0.086	0.538	114.7	63.6	108.5
6	1036	0.005	0.0017	0.0013	0.085	0.386	125.8	-118.6	81
0	0	0	0	0	0	0	0	0	0
0	0	0	0	0	0	0	0	0	0
0	0	0	0	0	0	0	0	0	0
0	0	0	0	0	0	0	0	0	0
0	0	0	0	0	0	0	0	0	0
3	27	0.0189	0.0229	0.0048	0.082	0.394	62.3	140.6	112.7
3	27	0.0061	0.0039	0.0026	0.141	0.387	153.7	176.6	66.1
3	27	0.0225	0.6018	0.1071	1.518	0.443	37.8	130	101.9
0	0	0	0	0	0	0	0	0	0
0	0	0	0	0	0	0	0	0	0
0	0	0	0	0	0	0	0	0	0
0	0	0	0	0	0	0	0	0	0
4	744	0.0302	0.151	0.02	0.21	0.514	53.4	-41.1	126.2
0	0	0	0	0	0	0	0	0	0
0	0	0	0	0	0	0	0	0	0
0	0	0	0	0	0	0	0	0	0
0	0	0	0	0	0	0	0	0	0
0	0	0	0	0	0	0	0	0	0
0	0	0	0	0	0	0	0	0	0
4	753	0.0157	0.0165	0.0042	0.086	0.336	172.3	-16.8	45.4
0	0	0	0	0	0	0	0	0	0
0	0	0	0	0	0	0	0	0	0
4	790	0.0268	0.0743	0.0111	0.132	0.397	41.6	-6.3	53.4
0	0	0	0	0	0	0	0	0	0
0	0	0	0	0	0	0	0	0	0
4	791	0.0236	0.0768	0.013	0.176	0.375	88.5	-154.7	93.8
0	0	0	0	0	0	0	0	0	0
0	0	0	0	0	0	0	0	0	0
0	0	0	0	0	0	0	0	0	0
0	0	0	0	0	0	0	0	0	0
0	0	0	0	0	0	0	0	0	0
0	0	0	0	0	0	0	0	0	0
0	0	0	0	0	0	0	0	0	0
0	0	0	0	0	0	0	0	0	0
5	809	0.012	0.0076	0.003	0.113	0.361	39.9	-118.4	112.7
0	0	0	0	0	0	0	0	0	0
0	0	0	0	0	0	0	0	0	0
0	0	0	0	0	0	0	0	0	0
0	0	0	0	0	0	0	0	0	0
0	0	0	0	0	0	0	0	0	0
5	809	0.0224	0.0392	0.007	0.1	0.38	112.5	138.2	58.1
0	0	0	0	0	0	0	0	0	0
3	27	0.0176	0.0393	0.0089	0.162	0.334	83.9	-85.2	170
0	0	0	0	0	0	0	0	0	0
5	809	0.012	0.0119	0.0044	0.129	0.392	116.9	-119.3	70.8
3	27	0.0082	0.0044	0.0022	0.085	0.343	148.4	165.7	126
4	826	0.027	0.0572	0.0085	0.1	0.304	77.3	-129.7	106.2
0	0	0	0	0	0	0	0	0	0
0	0	0	0	0	0	0	0	0	0
0	0	0	0	0	0	0	0	0	0
0	0	0	0	0	0	0	0	0	0
3	27	0.0242	0.0815	0.0135	0.177	0.354	58.4	-85.7	31.2
0	0	0	0	0	0	0	0	0	0
0	0	0	0	0	0	0	0	0	0
0	0	0	0	0	0	0	0	0	0
6	828	0.029	0.0715	0.0099	0.108	0.41	103.3	41.2	156.8
3	58	0.0167	0.0275	0.0066	0.125	0.479	115.9	-86	71
0	0	0	0	0	0	0	0	0	0
0	0	0	0	0	0	0	0	0	0
0	0	0	0	0	0	0	0	0	0
0	0	0	0	0	0	0	0	0	0
0	0	0	0	0	0	0	0	0	0
0	0	0	0	0	0	0	0	0	0
0	0	0	0	0	0	0	0	0	0
4	791	0.0301	0.0757	0.0101	0.106	0.327	70.3	-32.9	72.5
0	0	0	0	0	0	0	0	0	0
3	58	0.005	0.0024	0.0019	0.121	0.364	132	114	71.6
0	0	0	0	0	0	0	0	0	0
0	0	0	0	0	0	0	0	0	0
4	791	0.0158	0.1525	0.0326	0.559	0.329	110.6	77.3	109.2
0	0	0	0	0	0	0	0	0	0
0	0	0	0	0	0	0	0	0	0
5	853	0.0246	0.0797	0.0129	0.167	0.323	136.2	140.5	141.9
0	0	0	0	0	0	0	0	0	0
0	0	0	0	0	0	0	0	0	0
0	0	0	0	0	0	0	0	0	0
4	791	0.0282	0.1762	0.025	0.282	0.331	93.6	-168.1	50.5
0	0	0	0	0	0	0	0	0	0
0	0	0	0	0	0	0	0	0	0
5	853	0.0291	0.1521	0.0209	0.228	0.323	77.9	-70.2	39.7
0	0	0	0	0	0	0	0	0	0
0	0	0	0	0	0	0	0	0	0
5	860	0.02	0.0118	0.0024	0.038	0.368	75.7	-158.5	116.3
0	0	0	0	0	0	0	0	0	0
0	0	0	0	0	0	0	0	0	0
0	0	0	0	0	0	0	0	0	0
0	0	0	0	0	0	0	0	0	0
4	791	0.0255	0.1115	0.0175	0.219	0.358	104.7	-140	57.2
0	0	0	0	0	0	0	0	0	0
0	0	0	0	0	0	0	0	0	0
6	863	0.037	0.0545	0.0059	0.051	0.403	5.7	-39.2	95.7
6	1040	0.0138	0.0179	0.0052	0.121	0.273	105.3	167.5	154
0	0	0	0	0	0	0	0	0	0
0	0	0	0	0	0	0	0	0	0
0	0	0	0	0	0	0	0	0	0
0	0	0	0	0	0	0	0	0	0
5	860	0.02	0.0285	0.0057	0.091	0.314	93.7	-137.9	102.8
0	0	0	0	0	0	0	0	0	0
6	1040	0.0073	0.0031	0.0018	0.091	0.248	113.9	-28.5	61.5
0	0	0	0	0	0	0	0	0	0
0	0	0	0	0	0	0	0	0	0
0	0	0	0	0	0	0	0	0	0
0	0	0	0	0	0	0	0	0	0
0	0	0	0	0	0	0	0	0	0
0	0	0	0	0	0	0	0	0	0
7	875	0.0258	0.0457	0.0071	0.087	0.228	137.9	37.5	163.9
0	0	0	0	0	0	0	0	0	0
5	853	0.0197	0.0413	0.0084	0.136	0.271	153.5	9.7	73.6
0	0	0	0	0	0	0	0	0	0
0	0	0	0	0	0	0	0	0	0
0	0	0	0	0	0	0	0	0	0
0	0	0.024	0.0334	0.0056	0.074	0.35	0	-156.6	109.4
0	0	0	0	0	0	0	0	0	0
0	0	0	0	0	0	0	0	0	0
0	0	0	0	0	0	0	0	0	0
0	0	0	0	0	0	0	0	0	0
4	791	0.0224	0.2074	0.0371	0.528	0.252	139.1	-41.9	39.2
4	791	0.0175	0.0464	0.0099	0.169	0.289	82.8	161.8	80.3
0	0	0	0	0	0	0	0	0	0
0	0	0	0	0	0	0	0	0	0
0	0	0	0	0	0	0	0	0	0
4	791	0.0213	0.0764	0.0145	0.22	0.195	103.3	-167	151.3
0	0	0	0	0	0	0	0	0	0
0	0	0	0	0	0	0	0	0	0
0	0	0	0	0	0	0	0	0	0
0	0	0	0	0	0	0	0	0	0
0	0	0	0	0	0	0	0	0	0
0	0	0	0	0	0	0	0	0	0
0	0	0	0	0	0	0	0	0	0
4	791	0.0213	0.079	0.0148	0.221	0.257	115.8	32.9	79.4
4	791	0.0213	0.0574	0.0108	0.163	0.259	73	60.1	90.2
5	900	0.0212	0.0536	0.0101	0.151	0.347	126.6	80.9	155
0	0	0	0	0	0	0	0	0	0
0	0	0	0	0	0	0	0	0	0
0	0	0	0	0	0	0	0	0	0
0	0	0	0	0	0	0	0	0	0
0	0	0	0	0	0	0	0	0	0
0	0	0	0	0	0	0	0	0	0
0	0	0	0	0	0	0	0	0	0
5	900	0.0212	0.0479	0.009	0.135	0.347	105.1	-3.4	117.2
0	0	0	0	0	0	0	0	0	0
0	0	0	0	0	0	0	0	0	0
0	0	0	0	0	0	0	0	0	0
6	915	0.005	0.0018	0.0015	0.093	0.32	139.4	-59.7	41.9
0	0	0	0	0	0	0	0	0	0
0	0	0	0	0	0	0	0	0	0
5	900	0.0202	0.0436	0.0086	0.136	0.319	62.4	-174.2	99.1
0	0	0	0	0	0	0	0	0	0
0	0	0	0	0	0	0	0	0	0
0	0	0	0	0	0	0	0	0	0
0	0	0	0	0	0	0	0	0	0
6	930	0.0192	0.0515	0.0107	0.178	0.303	114.6	-94.5	129.3
0	0	0	0	0	0	0	0	0	0
0	0	0	0	0	0	0	0	0	0
0	0	0	0	0	0	0	0	0	0
0	0	0	0	0	0	0	0	0	0
1	1	0.0312	0.2941	0.0406	0.448	0.105	141.4	-82.9	86.2
2	2	0.0331	0.2151	0.026	0.249	0.138	86.1	-79.2	103.9
0	0	0	0	0	0	0	0	0	0
2	6	0.0254	0.0428	0.0067	0.084	0.167	123.8	-155.6	111.6
0	0	0	0	0	0	0	0	0	0
3	941	0.0269	0.0434	0.0065	0.076	0.204	11.5	115.9	60.1
3	27	0.0267	0.068	0.0102	0.122	0.279	39.3	121.8	106.2
0	0	0	0	0	0	0	0	0	0
3	42	0.0152	0.0784	0.0173	0.311	0.423	128.5	134	56.8
3	58	0.0231	0.0462	0.008	0.11	0.412	81.3	-48.5	77.6
0	0	0	0	0	0	0	0	0	0
3	119	0.0107	0.0031	0.0012	0.035	0.669	93.7	-85.1	110.5
3	120	0.0192	0.0138	0.0029	0.048	0.806	45	-145.1	82.2
3	152	0.0411	0.2081	0.0203	0.157	0.637	72.8	123.7	58.1
3	160	0.0237	0.2505	0.0455	0.662	0.63	127.9	-133.1	103.2
0	0	0	0	0	0	0	0	0	0
3	165	0.0195	0.1419	0.0305	0.522	0.638	100.6	68.1	41.1
3	207	0.0219	0.0659	0.0121	0.176	0.642	67	-102.3	71.8
0	0	0.0262	0.0762	0.0116	0.141	0.666	0	-104.6	86.6
3	330	0.0358	0.0846	0.0094	0.084	0.668	132.5	84.8	54.5
0	0	0	0	0	0	0	0	0	0
0	0	0	0	0	0	0	0	0	0
4	48	0.005	0.0022	0.0018	0.115	0.375	62.2	62.8	133.9
4	92	0.0295	0.0383	0.0052	0.056	0.433	15.8	-28.9	54.9
4	93	0.0251	0.0716	0.0114	0.144	0.375	122.6	-79.1	68.2
4	168	0.0194	0.0308	0.0065	0.11	0.545	128.4	28.7	91.9
4	170	0.0273	0.1374	0.0218	0.276	0.512	78.1	155.6	65.2
0	0	0	0	0	0	0	0	0	0
0	0	0	0	0	0	0	0	0	0
0	0	0	0	0	0	0	0	0	0
0	0	0	0	0	0	0	0	0	0
4	657	0.0225	0.1463	0.026	0.369	0.316	167.9	52.8	99.5
0	0	0	0	0	0	0	0	0	0
0	0	0	0	0	0	0	0	0	0
4	719	0.0264	0.0347	0.0052	0.063	0.462	82.7	120.2	133.2
4	789	0.0222	0.0199	0.0036	0.051	0.39	101.9	53.5	51.1
0	0	0	0	0	0	0	0	0	0
0	0	0	0	0	0	0	0	0	0
0	0	0	0	0	0	0	0	0	0
0	0	0	0	0	0	0	0	0	0
0	0	0	0	0	0	0	0	0	0
0	0	0	0	0	0	0	0	0	0
0	0	0	0	0	0	0	0	0	0
4	948	0.0145	0.0248	0.0069	0.151	0.408	47.3	-33.4	85.4
0	0	0	0	0	0	0	0	0	0
0	0	0	0	0	0	0	0	0	0
4	103	0.0206	0.0396	0.0077	0.119	0.414	139.1	-172.1	100.1
0	0	0	0	0	0	0	0	0	0
0	0	0	0	0	0	0	0	0	0
4	248	0.0267	0.0646	0.0097	0.115	0.408	111.6	23.7	96.7
4	526	0.0457	0.2568	0.0225	0.157	0.288	71.8	-162.4	125.8
4	952	0.0182	0.0584	0.0131	0.236	0.803	63.4	25.8	132.7
0	0	0	0	0	0	0	0	0	0
0	0	0.0235	0.0518	0.01	0.161	0.605	0	-146	58.8
4	291	0.0309	0.0798	0.0103	0.106	0.56	111.5	-16.4	27.2
0	0	0	0	0	0	0	0	0	0
0	0	0	0	0	0	0	0	0	0
0	0	0	0	0	0	0	0	0	0
0	0	0	0	0	0	0	0	0	0
0	0	0	0	0	0	0	0	0	0
0	0	0	0	0	0	0	0	0	0
0	0	0	0	0	0	0	0	0	0
4	956	0.0188	0.0572	0.0122	0.206	0.702	50.3	130.6	77.1
4	267	0.0232	0.0479	0.0083	0.113	0.595	141.2	-65.4	33.3
4	299	0.0226	0.0843	0.0149	0.21	0.537	58.6	131.6	78.4
4	374	0.0221	0.0179	0.0032	0.047	0.497	43.4	-97	52
0	0	0	0	0	0	0	0	0	0
0	0	0	0	0	0	0	0	0	0
0	0	0	0	0	0	0	0	0	0
0	0	0	0	0	0	0	0	0	0
0	0	0	0	0	0	0	0	0	0
0	0	0	0	0	0	0	0	0	0
0	0	0	0	0	0	0	0	0	0
0	0	0.0243	0.0442	0.0073	0.095	0.546	0	159.3	56.2
0	0	0	0	0	0	0	0	0	0
0	0	0	0	0	0	0	0	0	0
0	0	0	0	0	0	0	0	0	0
5	49	0.0184	0.0468	0.0102	0.177	0.395	148.5	-89.1	30.1
0	0	0	0	0	0	0	0	0	0
0	0	0	0	0	0	0	0	0	0
5	180	0.0183	0.0478	0.0114	0.228	0.509	28.7	-139.8	97.4
5	181	0.0258	0.0397	0.007	0.103	0.537	146.3	20	22.3
5	182	0.0258	0.0927	0.0144	0.177	0.388	84.2	-76.6	141.7
5	318	0.0244	0.0311	0.0051	0.067	0.353	108.7	82	41.6
0	0	0	0	0	0	0	0	0	0
0	0	0	0	0	0	0	0	0	0
0	0	0	0	0	0	0	0	0	0
0	0	0	0	0	0	0	0	0	0
0	0	0	0	0	0	0	0	0	0
0	0	0	0	0	0	0	0	0	0
0	0	0	0	0	0	0	0	0	0
0	0	0	0	0	0	0	0	0	0
5	660	0.0228	0.0895	0.0157	0.218	0.494	29.8	-79.9	110.7
0	0	0	0	0	0	0	0	0	0
5	578	0.005	0.0028	0.0022	0.142	0.176	38.2	-168.6	52.8
0	0	0	0	0	0	0	0	0	0
5	697	0.0197	0.1154	0.0241	0.401	0.336	172.3	-138.2	47.3
5	747	0.0244	0.0313	0.0051	0.067	0.562	59.6	-35.3	102.1
0	0	0	0	0	0	0	0	0	0
0	0	0	0	0	0	0	0	0	0
5	853	0.0192	0.0539	0.0119	0.213	0.308	101.7	119.1	106
0	0	0	0	0	0	0	0	0	0
0	0	0	0	0	0	0	0	0	0
0	0	0	0	0	0	0	0	0	0
0	0	0	0	0	0	0	0	0	0
0	0	0	0	0	0	0	0	0	0
0	0	0.032	0.0508	0.0064	0.063	0.438	0	-113.6	112.4
5	61	0.005	0.0016	0.0013	0.08	0.383	93.5	-76.1	96.9
5	62	0.0254	0.0678	0.0107	0.133	0.343	115.9	-92.3	33
0	0	0	0	0	0	0	0	0	0
0	0	0	0	0	0	0	0	0	0
0	0	0	0	0	0	0	0	0	0
5	557	0.0285	0.0503	0.007	0.079	0.281	76.9	-95.5	69.4
0	0	0.0245	0.0182	0.003	0.039	0.301	0	57.3	154.4
0	0	0	0	0	0	0	0	0	0
0	0	0	0	0	0	0	0	0	0
0	0	0.0263	0.0299	0.0045	0.055	0.406	0	-170.8	99.8
0	0	0	0	0	0	0	0	0	0
0	0	0	0	0	0	0	0	0	0
0	0	0	0	0	0	0	0	0	0
5	394	0.005	0.0022	0.0018	0.113	0.569	60.4	-122.1	74.3
0	0	0	0	0	0	0	0	0	0
5	454	0.0211	0.0488	0.0094	0.146	0.565	99.6	-9	87.2
0	0	0	0	0	0	0	0	0	0
0	0	0	0	0	0	0	0	0	0
0	0	0	0	0	0	0	0	0	0
0	0	0	0	0	0	0	0	0	0
0	0	0	0	0	0	0	0	0	0
0	0	0	0	0	0	0	0	0	0
0	0	0	0	0	0	0	0	0	0
0	0	0	0	0	0	0	0	0	0
0	0	0	0	0	0	0	0	0	0
5	1002	0.0314	0.0517	0.0066	0.067	0.687	77.4	117.7	89.1
0	0	0	0	0	0	0	0	0	0
5	437	0.0223	0.0526	0.0095	0.135	0.638	36	-149.6	101.5
0	0	0	0	0	0	0	0	0	0
0	0	0	0	0	0	0	0	0	0
0	0	0	0	0	0	0	0	0	0
0	0	0	0	0	0	0	0	0	0
0	0	0	0	0	0	0	0	0	0
0	0	0	0	0	0	0	0	0	0
6	284	0.005	0.0022	0.0017	0.111	0.419	88.8	-6.1	139.8
0	0	0	0	0	0	0	0	0	0
6	386	0.005	0.0017	0.0013	0.084	0.287	78.8	53	101.7
0	0	0	0	0	0	0	0	0	0
0	0	0	0	0	0	0	0	0	0
0	0	0	0	0	0	0	0	0	0
6	522	0.0225	0.0299	0.0053	0.075	0.597	107.3	85.4	127.5
0	0	0	0	0	0	0	0	0	0
0	0	0	0	0	0	0	0	0	0
0	0	0	0	0	0	0	0	0	0
0	0	0	0	0	0	0	0	0	0
0	0	0	0	0	0	0	0	0	0
0	0	0	0	0	0	0	0	0	0
6	751	0.0297	0.0619	0.0083	0.089	0.563	94.2	70.4	69
0	0	0	0	0	0	0	0	0	0
0	0	0	0	0	0	0	0	0	0
0	0	0	0	0	0	0	0	0	0
0	0	0.0326	0.0599	0.0073	0.072	0.341	0	69.8	119
0	0	0	0	0	0	0	0	0	0
0	0	0	0	0	0	0	0	0	0
6	923	0.0202	0.0551	0.011	0.173	0.341	8.1	-100.7	23.5
0	0	0	0	0	0	0	0	0	0
0	0	0	0	0	0	0	0	0	0
0	0	0	0	0	0	0	0	0	0
0	0	0	0	0	0	0	0	0	0
0	0	0	0	0	0	0	0	0	0
0	0	0.022	0.0177	0.0032	0.046	0.649	0	81.4	100.2
0	0	0	0	0	0	0	0	0	0
0	0	0	0	0	0	0	0	0	0
0	0	0	0	0	0	0	0	0	0
0	0	0	0	0	0	0	0	0	0
0	0	0	0	0	0	0	0	0	0
0	0	0	0	0	0	0	0	0	0
0	0	0	0	0	0	0	0	0	0
0	0	0	0	0	0	0	0	0	0
0	0	0	0	0	0	0	0	0	0
0	0	0.0353	0.0966	0.0137	0.166	0.418	0	47.4	133.2
0	0	0	0	0	0	0	0	0	0
0	0	0	0	0	0	0	0	0	0
0	0	0	0	0	0	0	0	0	0
0	0	0.028	0.047	0.007	0.084	0.481	0	-29.9	74.9
