order	parent	diameter (m)	volume (L)	area (m^2)	length (m)	height (m)	angle (deg)	azimuth (deg)	zenith (deg)
0	0	0.0219	0.1635	0.0287	0.408	0	0	103.8	22.3
1	1	0.0209	0.2621	0.0562	0.977	0.042	98.6	-31.8	82.5
0	0	0	0	0	0	0	0	0	0
1	1	0.0197	0.1147	0.0264	0.495	0.07	82.3	-64.9	110.8
0	0	0	0	0	0	0	0	0	0
2	4	0.0204	0.0924	0.0181	0.284	0.072	46.6	-149.4	80.2
0	0	0	0	0	0	0	0	0	0
2	2	0.0169	0.0152	0.0036	0.068	0.125	160.7	-69.2	103.4
0	0	0	0	0	0	0	0	0	0
2	2	0.016	0.0199	0.005	0.099	0.091	90.4	-157.2	21.6
0	0	0	0	0	0	0	0	0	0
0	0	0	0	0	0	0	0	0	0
0	0	0	0	0	0	0	0	0	0
0	0	0	0	0	0	0	0	0	0
0	0	0	0	0	0	0	0	0	0
0	0	0	0	0	0	0	0	0	0
0	0	0	0	0	0	0	0	0	0
0	0	0	0	0	0	0	0	0	0
2	2	0.0161	0.2346	0.0584	1.156	0.153	170	-179	83.7
0	0	0	0	0	0	0	0	0	0
3	19	0.0153	0.0269	0.007	0.147	0.198	67.4	167.6	104.1
2	2	0.0187	0.0886	0.0189	0.321	0.164	54.5	-62.4	25.8
0	0	0	0	0	0	0	0	0	0
2	2	0.0189	0.0471	0.01	0.168	0.143	52.1	15.8	142.6
2	4	0.013	0.0096	0.003	0.073	0.149	148.2	58.3	96.7
3	19	0.0153	0.1491	0.0406	0.883	0.225	68.9	133.5	69.6
0	0	0	0	0	0	0	0	0	0
3	19	0.0153	0.0211	0.0059	0.136	0.206	120.6	-80.2	81.7
0	0	0	0	0	0	0	0	0	0
0	0	0	0	0	0	0	0	0	0
0	0	0	0	0	0	0	0	0	0
0	0	0	0	0	0	0	0	0	0
0	0	0	0	0	0	0	0	0	0
0	0	0	0	0	0	0	0	0	0
3	19	0.015	0.0217	0.0058	0.122	0.266	130.9	102.6	60.1
3	19	0.016	0.109	0.0272	0.539	0.294	46.8	-79.9	123.1
3	19	0.0153	0.0171	0.0045	0.093	0.283	69.3	-160.8	19.7
0	0	0	0	0	0	0	0	0	0
3	19	0.0168	0.0426	0.0101	0.192	0.295	62.2	44	110.5
0	0	0	0	0	0	0	0	0	0
0	0	0	0	0	0	0	0	0	0
0	0	0	0	0	0	0	0	0	0
0	0	0	0	0	0	0	0	0	0
0	0	0	0	0	0	0	0	0	0
0	0	0	0	0	0	0	0	0	0
3	19	0.0153	0.0357	0.0094	0.195	0.331	110.7	161.2	122.2
4	39	0.005	0.0017	0.0013	0.085	0.267	77.1	-45.9	85.7
4	26	0.0182	0.1268	0.0278	0.486	0.31	52	158	64.8
4	26	0.0175	0.0225	0.0052	0.094	0.3	57.5	81.1	44.6
4	26	0.0135	0.0186	0.0055	0.13	0.248	148.8	-13.3	41.4
0	0	0	0	0	0	0	0	0	0
4	26	0.0144	0.0142	0.0039	0.087	0.291	107.1	-54.6	103.7
3	19	0.0153	0.0208	0.0058	0.133	0.303	37.7	75.4	32.2
0	0	0	0	0	0	0	0	0	0
3	19	0.0196	0.1176	0.024	0.391	0.323	120.3	95.1	106.1
0	0	0	0	0	0	0	0	0	0
3	19	0.0153	0.0191	0.005	0.104	0.406	101.4	-44.5	38.1
4	46	0.0135	0.0201	0.0057	0.131	0.354	128.4	8.7	47.5
0	0	0	0	0	0	0	0	0	0
0	0	0	0	0	0	0	0	0	0
0	0	0	0	0	0	0	0	0	0
0	0	0	0	0	0	0	0	0	0
4	26	0.0141	0.0308	0.0091	0.212	0.404	93.9	-118.5	72.1
0	0	0	0	0	0	0	0	0	0
4	36	0.0241	0.04	0.0066	0.088	0.519	106	-179.7	157.7
0	0	0	0	0	0	0	0	0	0
3	19	0.0154	0.0683	0.0178	0.368	0.373	39.1	-175.7	39.6
0	0	0	0	0	0	0	0	0	0
3	19	0.0178	0.0861	0.0193	0.346	0.368	14.2	82.4	22.5
3	19	0.0064	0.0018	0.0011	0.056	0.397	98.5	-25.1	67.8
0	0	0	0	0	0	0	0	0	0
0	0	0	0	0	0	0	0	0	0
0	0	0	0	0	0	0	0	0	0
0	0	0	0	0	0	0	0	0	0
5	48	0.0174	0.0344	0.0079	0.145	0.307	81.4	174.3	103.9
0	0	0	0	0	0	0	0	0	0
4	26	0.0076	0.0039	0.0023	0.107	0.372	40.8	-170.8	74.2
4	26	0.0148	0.0165	0.0044	0.096	0.396	37.8	68.1	69.5
2	2	0.0183	0.0491	0.0119	0.245	0.111	110.1	136.4	80.6
0	0	0	0	0	0	0	0	0	0
0	0	0	0	0	0	0	0	0	0
0	0	0	0	0	0	0	0	0	0
4	36	0.0073	0.0024	0.0013	0.057	0.428	66.9	-49.8	96.3
0	0	0	0	0	0	0	0	0	0
0	0	0	0	0	0	0	0	0	0
0	0	0	0	0	0	0	0	0	0
0	0	0	0	0	0	0	0	0	0
0	0	0	0	0	0	0	0	0	0
3	19	0.019	0.0406	0.0085	0.143	0.381	28.4	99.5	57.7
3	19	0.0153	0.0372	0.0099	0.212	0.394	94.2	-172.4	43.5
0	0	0	0	0	0	0	0	0	0
0	0	0	0	0	0	0	0	0	0
0	0	0	0	0	0	0	0	0	0
5	63	0.0167	0.0189	0.0045	0.086	0.399	82.2	171	112.9
0	0	0	0	0	0	0	0	0	0
0	0	0	0	0	0	0	0	0	0
4	55	0.0247	0.0353	0.0057	0.074	0.242	169.1	-107.7	94.2
4	39	0.005	0.0012	0.001	0.061	0.22	122.3	142.6	60.7
0	0	0	0	0	0	0	0	0	0
0	0	0	0	0	0	0	0	0	0
0	0	0	0	0	0	0	0	0	0
0	0	0	0	0	0	0	0	0	0
4	67	0.0188	0.0271	0.0058	0.098	0.447	122.6	66.1	40.3
0	0	0	0	0	0	0	0	0	0
4	67	0.0278	0.0889	0.0128	0.147	0.42	123.4	10.3	175
4	69	0.0263	0.0531	0.0081	0.097	0.469	47.6	-33.4	52.2
0	0	0	0	0	0	0	0	0	0
0	0	0	0	0	0	0	0	0	0
3	19	0.0147	0.0323	0.0088	0.189	0.519	147.2	-158.8	102.9
3	19	0.0178	0.0305	0.0068	0.122	0.52	72.9	-73.1	39
0	0	0	0	0	0	0	0	0	0
0	0	0	0	0	0	0	0	0	0
4	26	0.0233	0.0704	0.0121	0.165	0.415	107.8	4	155.3
0	0	0	0	0	0	0	0	0	0
0	0	0	0	0	0	0	0	0	0
0	0	0	0	0	0	0	0	0	0
0	0	0	0	0	0	0	0	0	0
0	0	0	0	0	0	0	0	0	0
0	0	0	0	0	0	0	0	0	0
0	0	0	0	0	0	0	0	0	0
4	110	0.005	0.0011	0.0009	0.056	0.531	76.6	-33.8	129.9
0	0	0	0	0	0	0	0	0	0
5	113	0.0119	0.0069	0.0023	0.062	0.396	58.1	129.9	139.3
0	0	0	0	0	0	0	0	0	0
4	69	0.0206	0.0321	0.0062	0.096	0.491	82.2	-90.5	80.2
0	0	0	0	0	0	0	0	0	0
0	0	0	0	0	0	0	0	0	0
0	0	0	0	0	0	0	0	0	0
0	0	0	0	0	0	0	0	0	0
4	26	0.0165	0.0047	0.0011	0.022	0.405	32.5	123.7	140.7
0	0	0	0	0	0	0	0	0	0
2	2	0.0243	0.0604	0.01	0.131	0.059	35	-67.4	57.4
0	0	0	0	0	0	0	0	0	0
3	10	0.024	0.0491	0.0082	0.109	0.138	122.7	-15.6	121
0	0	0	0	0	0	0	0	0	0
0	0	0	0	0	0	0	0	0	0
0	0	0	0	0	0	0	0	0	0
0	0	0	0	0	0	0	0	0	0
4	36	0.0195	0.0564	0.0116	0.189	0.345	167.7	-42.4	122
4	39	0.016	0.0226	0.0057	0.113	0.282	59.3	-21.5	119.7
0	0	0	0	0	0	0	0	0	0
4	53	0.0145	0.0161	0.0044	0.097	0.34	55.6	150.3	143.1
0	0	0	0	0	0	0	0	0	0
0	0	0	0	0	0	0	0	0	0
0	0	0	0	0	0	0	0	0	0
4	90	0.0145	0.0154	0.0043	0.093	0.433	132.2	-172.9	107.6
0	0	0	0	0	0	0	0	0	0
0	0	0	0	0	0	0	0	0	0
0	0	0	0	0	0	0	0	0	0
0	0	0	0	0	0	0	0	0	0
0	0	0.0117	0.0063	0.0024	0.072	0.466	0	165.3	112.7
