order	parent	diameter (m)	volume (L)	area (m^2)	length (m)	height (m)	angle (deg)	azimuth (deg)	zenith (deg)
0	0	0.0431	1.7124	0.1606	1.217	0	0	-51.6	26.4
1	1	0.0297	0.2066	0.0278	0.299	0.122	71.3	109.5	35.6
1	1	0.0188	0.122	0.024	0.379	0.354	154	-54.8	137.6
1	1	0.0294	0.0678	0.0092	0.1	0.664	107.2	-166.7	82.2
0	0	0	0	0	0	0	0	0	0
1	1	0.0303	0.0875	0.0128	0.149	0.919	122.2	-161.7	85.1
0	0	0	0	0	0	0	0	0	0
1	1	0.0364	0.8368	0.0977	0.913	0.988	9.8	-25.6	33.4
2	8	0.0345	0.655	0.0723	0.637	1.181	100.7	-63.9	103.4
