radius (m)	length (m)	start_point	axis_direction	parent	extension	branch	branch_order	position_in_branch	mad	SurfCov	added	UnmodRadius (m)
0.0146	0.0591	0.093	-0.0338	-0.3577	-0.0971	0.0457	0.9942	0	2	1	0	1	0.0026	0.8333	0	0.0146
0.0121	0.0594	0.0839	-0.0312	-0.2996	-0.1861	0.1728	0.9672	1	3	1	0	2	0.0017	0.7917	0	0.0121
0.0123	0.0707	0.0586	-0.0264	-0.2431	-0.1492	0.2288	0.962	2	4	1	0	3	0.0022	0.75	0	0.0123
0.0179	0.0579	0.0533	-0.022	-0.1726	-0.4946	-0.0416	0.8681	3	5	1	0	4	0.0025	0.7083	0	0.0179
0.016	0.1114	0.0256	-0.0374	-0.115	-0.3542	0.4424	0.8239	4	6	1	0	5	0.0023	0.625	0	0.0162
0.0126	0.0472	-0.004	0.0157	-0.0212	-0.222	0.069	0.9726	5	7	1	0	6	0.0017	0.5	0	0.0126
0.0134	0.0605	-0.0196	0.0172	0.0249	0.0169	0.0605	0.998	6	8	1	0	7	0.0016	0.7083	0	0.0134
0.0128	0.0513	-0.0216	0.0192	0.0846	-0.2031	-0.0052	0.9791	7	9	1	0	8	0.0014	0.5417	0	0.0142
0.0122	0.0556	-0.0332	0.0377	0.1319	-0.197	0.141	0.9702	8	10	1	0	9	0.0017	0.75	0	0.0122
0.0128	0.0332	-0.0381	0.0317	0.1876	-0.2565	0.0038	0.9665	9	11	1	0	10	0.0015	0.5833	0	0.0128
0.0123	0.0419	-0.0432	0.0297	0.2188	0.0091	-0.3793	0.9252	10	12	1	0	11	0.0015	0.625	0	0.0123
0.0121	0.0744	-0.0488	0.0146	0.2616	0.3127	-0.733	0.6041	11	13	1	0	12	0.0016	0.5833	0	0.0104
0.0121	0.0326	-0.0275	-0.0392	0.3072	0.0967	-0.4981	0.8617	12	14	1	0	13	0.0009	0.2917	0	0.0089
0.014	0.0204	-0.024	-0.0394	0.339	0.6088	-0.1931	0.7695	13	15	1	0	14	0.0014	0.2917	0	0.0156
0.0121	0.0156	-0.0195	-0.0491	0.3468	-0.6345	0.7697	0.0705	14	16	1	0	15	0.01	0.05	0	0.01
0.0121	0.0239	-0.0273	-0.0379	0.3514	0.8355	0.3446	-0.428	15	0	1	0	16	0.002	0.375	0	0.009
0.0072	0.0277	0.0327	-0.0485	-0.106	-0.7535	0.5077	0.4177	5	0	2	1	1	0.0113	0.175	0	0.0224
0.0121	0.1007	-0.0553	0.032	0.2189	-0.6527	0.3678	0.6624	11	19	4	1	1	0.0022	0.4583	0	0.0121
0.0121	0.0143	-0.1188	0.063	0.2811	-0.3131	-0.6424	0.6995	18	0	4	1	2	0.01	0.05	0	0.01
