radius (m)	length (m)	start_point	axis_direction	parent	extension	branch	branch_order	position_in_branch	mad	SurfCov	added	UnmodRadius (m)
0.0361	0.0605	0.2437	-0.2042	-0.0947	-0.5543	0.6887	0.4673	0	2	1	0	1	0.0039	0.3333	0	0.04
0.0355	0.2102	0.2126	-0.168	-0.0447	-0.7901	0.5675	0.2316	1	3	1	0	2	0.0063	0.2273	0	0.0428
0.026	0.0801	0.0375	-0.0549	-0.0308	-0.9581	0.191	0.2133	2	4	1	0	3	0.0015	0.3333	0	0.026
0.0196	0.0559	-0.0482	-0.0244	-0.0099	-0.8666	-0.4917	-0.085	3	5	1	0	4	0.003	0.2	0	0.0123
0.017	0.1052	-0.1002	-0.0494	-0.0343	-0.9774	0.1	0.1863	4	6	1	0	5	0.0026	0.5313	0	0.0154
0.011	0.0184	-0.2061	-0.0504	-0.018	-0.9677	0.2219	0.1194	5	7	1	0	6	0.0066	0.8393	0	0.011
0.0156	0.0428	-0.2261	-0.0435	-0.0062	-0.872	-0.4856	-0.0616	6	0	1	0	7	0.0034	0.4583	0	0.018
0.0205	0.0925	0.1869	-0.1854	-0.0631	-0.9681	0.0476	0.2461	2	0	3	1	1	0.0068	0.5833	0	0.0205
0.0193	0.0415	0.2314	-0.138	-0.0483	0.4158	0.9079	0.0533	2	10	22	1	1	0.0065	0.4792	0	0.0193
0.0227	0.089	0.2278	-0.1051	-0.0371	-0.0533	0.9264	0.3727	9	11	22	1	2	0.0027	0.3438	0	0.0255
0.0154	0.0483	0.2228	-0.0137	-0.042	-0.6237	0.7598	0.1832	10	12	22	1	3	0.0036	0.2	0	0.01
0.0154	0.0374	0.1954	0.0191	-0.022	-0.4893	0.7783	0.3936	11	13	22	1	4	0.001	0.3333	0	0.0123
0.0154	0.0099	0.1891	0.053	-0.0237	-0.0254	0.9647	0.2623	12	14	22	1	5	0.0087	0.5	0	0.0154
0.0167	0.0354	0.1797	0.0441	-0.0204	-0.5349	0.2372	-0.8109	13	15	22	1	6	0.0014	0.3333	0	0.0167
0.0154	0.0173	0.1584	0.0573	-0.0449	-0.897	-0.442	-0.0038	14	16	22	1	7	0.0041	0.175	0	0.01
0.0154	0.0367	0.1403	0.0482	-0.0461	-0.559	0.5269	0.6402	15	0	22	1	8	0.0034	0.125	0	0.01
0.0152	0.0637	-0.0659	-0.0122	-0.0139	-0.7586	0.6509	-0.0305	4	18	6	1	1	0.0026	0.5625	0	0.015
0.0152	0.0727	-0.1094	0.029	-0.0088	-0.1088	0.9876	0.1136	17	19	6	1	2	0.002	0.75	0	0.0152
0.0186	0.0431	-0.1322	0.1164	-0.0104	0.6833	0.7216	0.1111	18	20	6	1	3	0.0027	0.5417	0	0.019
0.0186	0.0712	-0.1054	0.1511	-0.0008	0.5622	0.7772	-0.2828	19	0	6	1	4	0.0068	0.5	0	0.0254
0.0187	0.0731	-0.0562	-0.0089	-0.0188	0.9581	0.1343	0.2529	4	22	7	1	1	0.0031	0.4583	0	0.0187
0.0187	0.0407	-0.0174	-0.0005	0.0139	0.4091	-0.2701	0.8716	21	23	7	1	2	0.0012	0.04	0	0.0124
0.0187	0.0126	-0.0003	-0.0285	0.0413	-0.1183	-0.4281	0.8959	22	0	7	1	3	0.0031	0.175	0	0.01
0.01	0.0719	0.2201	-0.0317	-0.0369	-0.1701	0.2363	0.9567	11	25	23	2	1	0.01	0.05	0	0.01
0.01	0.0367	0.2156	-0.0202	0.036	0.16	0.7331	0.661	24	0	23	2	2	0.01	0.05	0	0.01
0.0136	0.0347	-0.0983	0.0659	-0.0062	0.9782	0.1883	-0.0874	18	27	8	2	1	0.0034	0.5833	1	0.0136
0.0136	0.0743	-0.0643	0.0724	-0.0092	-0.5754	-0.2566	0.7766	26	28	8	2	2	0.0034	0.5833	0	0.0136
0.014	0.0713	-0.1111	0.0625	0.0502	-0.7325	-0.4246	0.5322	27	29	8	2	3	0.0018	0.4167	0	0.0154
0.0092	0.0174	-0.1654	0.0498	0.0901	-0.9767	-0.0954	-0.1923	28	30	8	2	4	0.0055	0.625	0	0.0092
0.0132	0.0133	-0.182	0.0418	0.0855	-0.9845	-0.0975	0.1457	29	0	8	2	5	0.0044	0.075	0	0.0223
0.0127	0.1318	-0.1091	0.1473	-0.0186	-0.5052	-0.7348	0.4525	20	32	10	2	1	0.0037	0.5833	0	0.0127
0.0127	0.0269	-0.1769	0.0516	0.0431	-0.3326	0.7264	-0.6015	31	0	10	2	2	0.0036	0.375	0	0.0151
0.0108	0.0415	-0.1051	0.0821	0.0086	0.6665	0.0178	0.7453	18	34	11	2	1	0.003	0.5833	1	0.0108
0.0108	0.0714	-0.0774	0.0828	0.0396	-0.8566	-0.2672	0.4413	33	35	11	2	2	0.003	0.5833	0	0.0108
0.0108	0.0131	-0.1395	0.0644	0.0614	-0.278	-0.9597	-0.0406	34	0	11	2	3	0.01	0.05	0	0.01
0.0176	0.0769	-0.0851	0.1525	0.0058	0.9492	0.063	0.3084	20	37	25	2	1	0.003	0.5625	1	0.0184
0.0175	0.118	-0.0121	0.1573	0.0295	-0.1291	-0.9912	-0.0292	36	38	25	2	2	0.003	0.5625	0	0.0184
0.0168	0.0339	-0.0267	0.0395	0.0252	-0.1495	-0.7407	0.655	37	39	25	2	3	0.0015	0.4583	0	0.0176
0.0111	0.0541	-0.0267	0.0137	0.0519	-0.6386	-0.4031	0.6555	38	40	25	2	4	0.0013	0.4167	0	0.0111
0.0111	0.0089	-0.0532	-0.0096	0.0875	-0.1748	-0.9712	0.162	39	41	25	2	5	0.01	0.05	0	0.01
0.0111	0.0136	-0.0596	-0.0231	0.0964	0.8766	-0.2868	0.3865	40	0	25	2	6	0.01	0.05	0	0.01
0.0166	0.0329	-0.0031	0.1097	0.0194	0.9222	-0.2742	-0.2726	37	43	12	3	1	0.0031	0.5833	0	0.0204
0.0121	0.0086	0.031	0.1046	0.0174	-0.0196	-0.8656	0.5003	42	44	12	3	2	0.0061	0.625	0	0.0119
0.0166	0.0529	0.0361	0.0856	0.0267	0.9234	0.3494	-0.159	43	45	12	3	3	0.0013	0.375	0	0.0171
0.0119	0.0201	0.077	0.1008	0.0103	0.2034	-0.9584	0.2001	44	0	12	3	4	0.01	0.05	0	0.01
0.0157	0.0714	-0.0171	0.0236	0.0223	0.3021	-0.5637	0.7688	38	47	15	3	1	0.0033	0.3333	0	0.0173
0.0121	0.0381	-0.0033	-0.0081	0.071	0.021	0.5981	0.8012	46	48	15	3	2	0.0012	0.4167	0	0.0121
0.015	0.0522	0.0066	0.0116	0.1068	-0.3487	0.4161	0.8398	47	49	15	3	3	0.0059	0.325	0	0.0158
0.0121	0.033	-0.0049	0.0437	0.1436	0.183	0.4664	0.8654	48	50	15	3	4	0.01	0.05	0	0.01
0.0121	0.025	-0.0042	0.0201	0.1492	0.1626	-0.5183	0.8396	49	0	15	3	5	0.01	0.05	0	0.01
0.0166	0.0627	-0.0102	0.0587	0.0172	0.8023	-0.576	0.1566	37	52	26	3	1	0.0148	0.25	0	0.0403
0.0129	0.0181	0.0526	0.0316	0.0074	0.6114	0.4965	0.6162	51	53	26	3	2	0.01	0.05	0	0.01
0.0115	0.0004	0.0688	0.0442	0.0195	0.068	-0.3452	0.9361	52	54	26	3	3	0.01	0.05	0	0.01
0.01	0.0303	0.0691	0.0443	0.019	0.8746	0.3429	0.3429	53	0	26	3	4	0.01	0.05	0	0.01
