radius (m)	length (m)	start_point	axis_direction	parent	extension	branch	branch_order	position_in_branch	mad	SurfCov	added	UnmodRadius (m)
0.0168	0.0749	-0.0651	-0.1006	-0.1168	0.5214	0.6134	0.5932	0	2	1	0	1	0.0037	0.5833	0	0.0174
0.0138	0.0364	-0.0319	-0.0539	-0.0668	0.0043	0.9914	-0.1306	1	3	1	0	2	0.001	0.3333	0	0.0138
0.0104	0.0338	-0.0379	-0.0258	-0.0728	-0.4776	0.2376	0.8458	2	4	1	0	3	0.0012	0.2917	0	0.0103
0.0102	0.0028	-0.0443	-0.0103	-0.0435	-0.3442	0.3732	0.8616	3	5	1	0	4	0.01	0.05	0	0.01
0.0099	0.0572	-0.0476	-0.006	-0.0415	-0.8086	-0.5874	-0.0341	4	6	1	0	5	0.0011	0.3333	0	0.0075
0.01	0.0354	-0.0948	-0.0383	-0.0415	-0.875	-0.479	-0.0701	5	7	1	0	6	0.01	0.05	0	0.01
0.0113	0.0247	-0.0984	-0.0683	-0.0472	-0.4374	-0.8954	-0.0833	6	8	1	0	7	0.0008	0.375	0	0.0113
0.0087	0.0489	-0.1159	-0.0809	-0.0506	-0.6792	-0.4027	0.6136	7	9	1	0	8	0.0054	0.4063	0	0.0087
0.0099	0.0318	-0.1384	-0.0884	-0.0097	-0.681	-0.0461	0.7308	8	10	1	0	9	0.01	0.05	0	0.01
0.0093	0.0302	-0.159	-0.096	-0.0171	-0.9612	-0.275	0.0221	9	11	1	0	10	0.01	0.05	0	0.01
0.0088	0.0273	-0.1684	-0.0867	-0.0058	-0.705	0.4506	0.5476	10	0	1	0	11	0.01	0.05	0	0.01
0.0025	0.0471	-0.0457	-0.0601	-0.0668	-0.8809	0.2713	-0.3877	2	13	3	1	1	0.01	0.05	0	0.01
0.0025	0.0258	-0.0872	-0.0474	-0.0851	-0.1694	0.6816	-0.7118	12	0	3	1	2	0.01	0.05	0	0.01
0.0099	0.033	-0.0594	-0.0124	-0.0517	-0.7733	0.6208	-0.1288	3	15	4	1	1	0.0012	0.4583	1	0.0121
0.0099	0.0544	-0.0849	0.0081	-0.0559	-0.9431	-0.1371	0.3028	14	16	4	1	2	0.0012	0.4583	0	0.0121
0.0099	0.001	-0.1367	0.0102	-0.0484	-0.9167	0.2433	0.3169	15	17	4	1	3	0.01	0.05	0	0.01
0.0099	0.0232	-0.1376	0.0105	-0.0481	-0.9128	-0.1755	0.3686	16	0	4	1	4	0.01	0.05	0	0.01
0.0133	0.0197	-0.0476	-0.0095	-0.0504	0.3534	0.9271	-0.1246	3	19	29	1	1	0.0023	0.5	1	0.0172
0.0133	0.0322	-0.0407	0.0088	-0.0528	0.8845	-0.3105	-0.3482	18	20	29	1	2	0.0023	0.5	0	0.0172
0.0133	0.0002	-0.0171	-0.0011	-0.0605	0.071	0.9954	0.0638	19	21	29	1	3	0.01	0.05	0	0.01
0.0133	0.0139	-0.0319	0.0064	-0.0703	0.3031	0.9238	0.2338	20	22	29	1	4	0.01	0.05	0	0.01
0.0133	0.0693	-0.0278	0.0158	-0.0696	0.7769	-0.3836	0.4992	21	23	29	1	5	0.0013	0.3333	0	0.0099
0.0133	0.0369	0.0282	-0.0025	-0.0408	0.9068	0.0561	0.4178	22	24	29	1	6	0.01	0.05	0	0.01
0.0133	0.0196	0.0495	-0.0061	-0.0106	0.7354	0.1486	0.6611	23	25	29	1	7	0.0014	0.375	0	0.0095
0.0133	0.0476	0.0572	0.0064	0.0006	0.433	0.4517	0.7801	24	26	29	1	8	0.0012	0.2917	0	0.0095
0.0133	0.0361	0.0799	0.027	0.0375	0.3669	0.5918	0.7178	25	27	29	1	9	0.01	0.05	0	0.01
0.0133	0.0393	0.0773	0.0223	0.0446	0.8674	-0.4955	-0.0468	26	28	29	1	10	0.0013	0.3333	0	0.0114
0.0133	0.0143	0.1101	0.0105	0.0508	0.9837	0.1786	-0.0213	27	29	29	1	11	0.01	0.05	0	0.01
0.0133	0.0204	0.1127	0.0092	0.0558	-0.001	0.812	0.5837	28	30	29	1	12	0.01	0.05	0	0.01
0.0133	0.0251	0.1196	0.0271	0.0525	-0.0818	0.9954	0.0491	29	31	29	1	13	0.0011	0.3333	0	0.0118
0.0133	0.0411	0.1296	0.0263	0.0621	0.9134	0.3813	-0.1422	30	32	29	1	14	0.0092	0.375	0	0.0099
0.0133	0.0139	0.165	0.0579	0.0442	0.97	-0.0506	-0.2378	31	33	29	1	15	0.0065	0.375	0	0.0101
0.0133	0.0434	0.1825	0.0454	0.0456	0.9503	0.2512	-0.1839	32	34	29	1	16	0.01	0.05	0	0.01
0.0133	0.0086	0.1917	0.0652	0.0571	0.4323	0.8408	0.3258	33	35	29	1	17	0.0011	0.2917	0	0.0129
0.0133	0.0268	0.1944	0.0719	0.0609	-0.2193	0.9154	0.3375	34	36	29	1	18	0.0006	0.2917	0	0.0092
0.0133	0.0232	0.1809	0.0912	0.0725	-0.5283	0.8382	0.1351	35	37	29	1	19	0.01	0.05	0	0.01
0.0133	0.0524	0.1722	0.0929	0.0688	0.9774	0.2078	-0.0402	36	38	29	1	20	0.0008	0.375	0	0.0086
0.0133	0.0242	0.2203	0.095	0.0623	0.9314	-0.36	0.0544	37	39	29	1	21	0.01	0.05	0	0.01
0.0133	0.0125	0.2476	0.0929	0.0677	0.8528	-0.4151	-0.317	38	40	29	1	22	0.001	0.3333	0	0.0158
0.0133	0.0016	0.2566	0.0876	0.0787	0.5576	-0.8284	0.0524	39	41	29	1	23	0.01	0.05	0	0.01
0.0133	0.0254	0.2598	0.0872	0.0648	0.8498	0.4983	0.1717	40	42	29	1	24	0.0008	0.4167	0	0.0133
0.0133	0.036	0.2847	0.0897	0.0601	0.9539	0.0493	0.2959	41	43	29	1	25	0.01	0.05	0	0.01
0.0133	0.0167	0.2929	0.0869	0.0819	0.4071	-0.1088	0.9069	42	0	29	1	26	0.01	0.05	0	0.01
0.0096	0.0519	-0.1221	-0.0544	-0.0337	0.0467	0.2441	0.9686	6	45	9	1	1	0.0037	0.4167	0	0.0096
0.0096	0.0013	-0.13	-0.041	0.0114	-0.3175	0.6168	0.7203	44	46	9	1	2	0.01	0.05	0	0.01
0.0096	0.0677	-0.1201	-0.0356	0.0109	-0.2684	0.7791	0.5666	45	47	9	1	3	0.005	0.25	0	0.0151
0.0096	0.0325	-0.1362	0.0148	0.052	-0.6038	-0.7721	-0.1982	46	48	9	1	4	0.0011	0.2917	0	0.012
0.0096	0.0301	-0.1473	-0.0167	0.05	-0.3836	-0.8197	-0.4253	47	49	9	1	5	0.01	0.05	0	0.01
0.0096	0.0584	-0.1594	-0.0373	0.0513	-0.7849	-0.6038	0.1394	48	50	9	1	6	0.0007	0.375	0	0.011
0.0096	0.0286	-0.1945	-0.0758	0.0634	-0.4136	-0.7524	0.5128	49	51	9	1	7	0.01	0.05	0	0.01
0.0096	0.0278	-0.2123	-0.072	0.0723	-0.8503	-0.0822	0.5198	50	52	9	1	8	0.01	0.05	0	0.01
0.0096	0.0042	-0.2258	-0.0639	0.0749	-0.6881	0.7243	0.0435	51	0	9	1	9	0.01	0.05	0	0.01
0.0025	0.0227	-0.0877	-0.0508	-0.0848	-0.148	-0.986	0.0775	13	54	8	2	1	0.0029	0.375	1	0.0137
0.0025	0.0636	-0.0934	-0.0715	-0.0765	0.8845	-0.2644	0.3845	53	55	8	2	2	0.0074	0.325	0	0.0137
0.0025	0.0143	-0.0369	-0.0879	-0.0527	0.9383	-0.0033	0.3458	54	56	8	2	3	0.01	0.05	0	0.01
0.0025	0.0226	-0.0237	-0.0885	-0.0488	0.6125	-0.7585	0.2227	55	0	8	2	4	0.0043	0.1	0	0.01
0.0105	0.0542	-0.0229	-0.0029	-0.0474	0.5416	-0.8228	-0.1722	19	58	5	2	1	0.0024	0.4583	0	0.0105
0.0105	0.0024	0.0066	-0.0446	-0.0631	-0.4875	-0.7896	-0.3726	57	59	5	2	2	0.01	0.05	0	0.01
0.0105	0.0224	0.0022	-0.0462	-0.0675	0.1946	-0.9498	-0.245	58	60	5	2	3	0.01	0.05	0	0.01
0.0105	0.0057	0.0068	-0.0683	-0.0731	-0.641	-0.0589	-0.7653	59	0	5	2	4	0.01	0.05	0	0.01
0.0111	0.0696	-0.0357	0.0114	-0.0598	-0.2936	0.3609	0.8852	22	62	32	2	1	0.0025	0.4583	0	0.0111
0.0111	0.0042	-0.0614	0.039	-0.0014	0.0026	0.8045	0.5939	61	63	32	2	2	0.01	0.05	0	0.01
0.0111	0.0237	-0.0613	0.0423	0.0011	0.6194	0.7589	-0.2008	62	64	32	2	3	0.01	0.05	0	0.01
0.0111	0.0304	-0.0467	0.0603	-0.0037	0.918	0.3525	0.1819	63	0	32	2	4	0.01	0.05	0	0.01
0.0126	0.0193	0.0834	0.0164	0.0229	0.7488	-0.4802	-0.4567	25	66	19	2	1	0.0037	0.3333	1	0.013
0.0121	0.0585	0.0978	0.0072	0.0141	0.227	-0.9727	-0.0473	65	67	19	2	2	0.0037	0.3333	0	0.013
0.009	0.004	0.1025	-0.0474	0.0058	-0.3038	-0.9504	0.066	66	68	19	2	3	0.01	0.05	0	0.01
0.0064	0.0244	0.1016	-0.052	0.0015	0.8942	-0.4231	0.1461	67	69	19	2	4	0.01	0.05	0	0.01
0.0041	0.0117	0.1253	-0.062	0.006	0.3807	0.3681	-0.8483	68	0	19	2	5	0.0011	0.1	0	0.01
0.0059	0.0288	-0.1181	-0.038	-0.0061	0.2643	0.9483	0.1758	44	71	13	2	1	0.0016	0.375	1	0.0059
0.0059	0.0645	-0.1105	-0.0106	-0.001	-0.6863	-0.6652	-0.2942	70	72	13	2	2	0.0016	0.375	0	0.0059
0.006	0.0093	-0.1534	-0.0551	-0.0192	-0.5737	-0.721	-0.3887	71	73	13	2	3	0.01	0.05	0	0.01
0.0053	0.029	-0.1588	-0.0618	-0.0228	-0.0706	-0.4048	0.9117	72	74	13	2	4	0.01	0.05	0	0.01
0.0042	0.0509	-0.1608	-0.0734	0.0037	-0.9001	0.2658	-0.3451	73	0	13	2	5	0.001	0.125	0	0.01
0.0083	0.0523	-0.1216	-0.0404	-0.0171	0.7298	0.6354	0.2522	44	76	33	2	1	0.0018	0.4167	0	0.0083
0.0088	0.0408	-0.0851	-0.0083	-0.0022	0.0685	0.7949	0.6029	75	77	33	2	2	0.0016	0.25	0	0.0088
0.0088	0.0001	-0.0867	0.024	0.0166	-0.2923	0.9343	0.2042	76	78	33	2	3	0.01	0.05	0	0.01
0.0087	0.0276	-0.0867	0.0241	0.0166	0.076	0.2117	0.9744	77	79	33	2	4	0.01	0.05	0	0.01
0.0085	0.0238	-0.0846	0.0299	0.0435	-0.3103	0.8687	0.386	78	0	33	2	5	0.01	0.05	0	0.01
