radius (m)	length (m)	start_point	axis_direction	parent	extension	branch	branch_order	position_in_branch	mad	SurfCov	added	UnmodRadius (m)
0.0147	0.0763	-0.011	-0.0451	-0.2775	0.221	0.4098	0.885	0	2	1	0	1	0.0043	0.5	0	0.0158
0.0094	0.0312	0.0077	-0.032	-0.2076	0.7007	0.1608	0.6951	1	3	1	0	2	0.0058	0.375	0	0.0094
0.009	0.058	0.0014	-0.0117	-0.175	0.039	-0.5358	0.8434	2	4	1	0	3	0.0125	0.25	0	0.0083
0.009	0.0259	0.0119	-0.0426	-0.1242	-0.2107	-0.2419	0.9472	3	5	1	0	4	0.0051	0.45	0	0.009
0.0091	0.0356	-0.0064	-0.0518	-0.1047	-0.3369	-0.1496	0.9296	4	6	1	0	5	0.0044	0.4375	0	0.0091
0.01	0.0294	-0.0093	-0.0692	-0.0867	-0.6241	-0.7471	0.2289	5	7	1	0	6	0.01	0.05	0	0.01
0.0109	0.0147	-0.0102	-0.0581	-0.0779	0.0792	-0.1052	0.9913	6	8	1	0	7	0.001	0.375	0	0.0109
0.0096	0.0481	-0.0107	-0.0522	-0.0689	-0.2773	0.5402	0.7945	7	9	1	0	8	0.0011	0.3333	0	0.0096
0.0098	0.026	-0.0121	-0.0243	-0.0325	0.05	0.4773	0.8773	8	10	1	0	9	0.0018	0.2083	0	0.0098
0.01	0.0026	-0.0121	-0.0265	-0.0161	0.3205	-0.4058	0.8559	9	11	1	0	10	0.01	0.05	0	0.01
0.0097	0.0791	-0.0064	-0.0304	-0.0107	-0.1236	0.641	0.7575	10	12	1	0	11	0.001	0.375	0	0.0097
0.0098	0.0263	-0.0289	0.0092	0.0456	-0.4249	0.1906	0.8849	11	13	1	0	12	0.01	0.05	0	0.01
0.0099	0.0163	-0.0209	0.0028	0.0463	-0.3525	-0.9209	0.1666	12	14	1	0	13	0.0008	0.2917	0	0.0104
0.0095	0.0315	-0.0227	-0.0057	0.0561	-0.0262	-0.7294	0.6836	13	15	1	0	14	0.01	0.05	0	0.01
0.0093	0.0105	-0.0133	-0.0185	0.0516	0.9095	-0.3527	0.2199	14	0	1	0	15	0.01	0.05	0	0.01
0.0091	0.0652	-0.0137	-0.0601	-0.0646	0.3416	-0.4797	-0.8082	8	17	5	1	1	0.0023	0.5417	0	0.0091
0.0091	0.0158	0.0097	-0.0935	-0.1126	0.9739	0.0175	-0.2263	16	18	5	1	2	0.01	0.05	0	0.01
0.0091	0.0136	0.025	-0.0932	-0.1162	0.1998	-0.6141	-0.7635	17	0	5	1	3	0.01	0.05	0	0.01
0.0104	0.0321	-0.0053	-0.0472	-0.0558	0.8451	-0.4699	-0.2549	8	20	10	1	1	0.0025	0.4583	1	0.0104
0.0104	0.0403	0.0218	-0.0622	-0.064	-0.6634	0.7231	0.1924	19	21	10	1	2	0.0025	0.4583	0	0.0104
0.0104	0.0322	-0.0049	-0.032	-0.056	0.6903	0.1565	-0.7064	20	22	10	1	3	0.0035	0.3	0	0.0218
0.0104	0.0254	0.0175	-0.0121	-0.0634	0.1955	0.7021	-0.6848	21	23	10	1	4	0.0044	0.275	0	0.0174
0.0104	0.0253	0.0366	0.0073	-0.0702	0.029	0.9821	-0.186	22	24	10	1	5	0.0017	0.2083	0	0.0114
0.0104	0.0509	0.0338	0.0213	-0.0653	0.9481	-0.3178	-0.007	23	25	10	1	6	0.001	0.25	0	0.0071
0.0104	0.0258	0.0825	0.0128	-0.0651	0.9504	-0.0414	-0.3083	24	26	10	1	7	0.01	0.05	0	0.01
0.0104	0.0239	0.0991	0.0052	-0.0746	-0.5424	0.4989	0.6759	25	27	10	1	8	0.001	0.375	0	0.0095
0.0104	0.0135	0.1103	0.0166	-0.0712	0.4626	0.1513	0.8735	26	28	10	1	9	0.01	0.05	0	0.01
0.0104	0.0201	0.117	0.0225	-0.0576	0.8568	0.1257	-0.5002	27	29	10	1	10	0.01	0.05	0	0.01
0.0104	0.013	0.1323	0.0146	-0.0631	0.8777	-0.3181	-0.3583	28	0	10	1	11	0.01	0.05	0	0.01
0.007	0.0284	-0.0411	0.021	0.059	0.3495	0.7551	0.5547	12	31	20	1	1	0.0009	0.4167	0	0.007
0.007	0.0534	-0.0268	0.0426	0.0731	0.3151	-0.5591	0.7669	30	32	20	1	2	0.0008	0.3333	0	0.0062
0.0093	0.0349	-0.0061	0.0144	0.1061	0.6786	-0.7106	0.1858	31	33	20	1	3	0.0011	0.3333	0	0.0122
0.0093	0.003	0.0071	-0.0135	0.1231	0.4103	-0.9006	0.1435	32	34	20	1	4	0.01	0.05	0	0.01
0.0093	0.027	0.0161	-0.0116	0.1114	-0.0635	0.9461	0.3175	33	35	20	1	5	0.0013	0.375	0	0.0135
0.0092	0.0244	0.0156	0.0096	0.1242	-0.274	0.6393	0.7185	34	36	20	1	6	0.0011	0.25	0	0.01
0.0092	0.03	-0.0005	0.0206	0.1343	-0.5	0.8605	0.0976	35	37	20	1	7	0.0026	0.325	0	0.0146
0.0086	0.0291	-0.0139	0.0403	0.1363	-0.2662	0.0651	-0.9617	36	38	20	1	8	0.001	0.3333	0	0.0086
0.0092	0.0215	-0.0392	0.0344	0.1181	-0.576	0.391	-0.7179	37	39	20	1	9	0.0036	0.1	0	0.022
0.0092	0.0201	-0.0503	0.0504	0.1143	-0.9239	-0.2644	0.2767	38	40	20	1	10	0.0067	0.5	0	0.0136
0.0091	0.0466	-0.0533	0.0409	0.1276	-0.1838	0.6607	0.7278	39	41	20	1	11	0.0017	0.375	0	0.0118
0.009	0.0247	-0.0568	0.0752	0.1631	-0.4607	0.3069	0.8328	40	42	20	1	12	0.0013	0.2917	0	0.0121
0.009	0.0311	-0.0274	0.0777	0.1803	0.0955	0.1147	0.9888	41	43	20	1	13	0.0115	0.375	0	0.0137
0.0085	0.0371	-0.0287	0.0798	0.2186	0.8365	0.1989	0.5106	42	44	20	1	14	0.0045	0.2708	0	0.0085
0.0088	0.0232	-0.0006	0.1066	0.2241	0.7058	0.4732	0.5272	43	45	20	1	15	0.0074	0.3438	0	0.0135
0.0081	0.0339	0.0251	0.1047	0.2375	0.774	0.5828	0.2477	44	46	20	1	16	0.01	0.05	0	0.01
0.008	0.01	0.0089	0.1158	0.2418	-0.2189	0.904	0.3672	45	0	20	1	17	0.01	0.05	0	0.01
0.0099	0.0172	0.0104	-0.0639	-0.0536	0.6804	-0.6846	0.2615	19	48	12	2	1	0.0017	0.4583	0	0.0144
0.008	0.0342	0.0214	-0.0662	-0.0508	0.9159	0.1385	0.3766	47	49	12	2	2	0.0035	0.4167	0	0.008
0.0094	0.0234	0.0517	-0.0614	-0.0359	0.7719	0.5277	0.3545	48	50	12	2	3	0.01	0.05	0	0.01
0.0092	0.0215	0.0728	-0.0674	-0.0349	0.985	0.103	0.1386	49	51	12	2	4	0.01	0.05	0	0.01
0.009	0.0319	0.0488	-0.0654	-0.0415	-0.0515	0.9719	0.2296	50	0	12	2	5	0.0014	0.375	0	0.0093
0.0025	0.0452	0.1003	0.0065	-0.0803	-0.854	-0.3835	-0.3517	25	53	14	2	1	0.0056	0.3	1	0.01
0.0025	0.0338	0.0617	-0.0101	-0.0944	-0.8328	-0.512	0.2105	52	54	14	2	2	0.01	0.05	0	0.01
0.0025	0.0206	0.0334	-0.0271	-0.0877	-0.9142	0.0128	0.4051	53	0	14	2	3	0.0039	0.125	0	0.01
0.0116	0.052	0.0169	-0.0998	-0.0546	0.7087	-0.0886	-0.6999	0	56	11	0	1	0.0023	0.4583	0	0.0116
0.0116	0.0169	0.0397	-0.1048	-0.0849	0.3965	0.0731	0.9151	55	0	11	0	2	0.0033	0.2917	0	0.0134
0.0146	0.0343	0.0165	-0.0356	-0.0206	-0.5294	0.2991	0.7939	0	58	16	0	1	0.0014	0.375	0	0.0153
0.0124	0.0322	0.0115	-0.0167	0.0027	-0.558	0.5805	-0.593	57	59	16	0	2	0.01	0.05	0	0.01
0.0112	0.0235	-0.0065	0.002	-0.0164	-0.8967	-0.1764	-0.4059	58	60	16	0	3	0.01	0.05	0	0.01
0.01	0.0152	-0.0276	-0.0022	-0.026	-0.4225	0.4225	-0.8019	59	0	16	0	4	0.01	0.05	0	0.01
0.0085	0.0431	0.0693	-0.0068	-0.0956	0.7873	-0.6143	-0.0528	52	62	34	3	1	0.0012	0.4167	0	0.0085
0.0085	0.0434	0.1066	-0.0255	-0.1057	-0.0902	-0.6873	-0.7208	61	63	34	3	2	0.0044	0.25	0	0.015
0.0085	0.0419	0.0959	-0.0494	-0.1392	-0.371	-0.6569	-0.6564	62	64	34	3	3	0.01	0.05	0	0.01
0.0085	0.0161	0.0788	-0.0842	-0.1509	-0.4187	-0.8078	-0.4149	63	65	34	3	4	0.01	0.05	0	0.01
0.0085	0.017	0.0934	-0.0568	-0.1343	-0.0536	-0.4749	0.8784	64	66	34	3	5	0.01	0.05	0	0.01
0.0085	0.0173	0.0921	-0.0549	-0.139	-0.6635	0.6613	0.3499	65	0	34	3	6	0.01	0.05	0	0.01
0.0111	0.0473	-0.0601	0.0427	0.0525	-0.2185	0.1688	-0.9611	0	68	21	0	1	0.0034	0.4583	0	0.0111
0.0111	0.0255	-0.0573	0.0486	0.0062	0.0198	0.5098	-0.86	67	69	21	0	2	0.01	0.05	0	0.01
0.0111	0.0188	-0.0644	0.0427	0.0062	-0.1177	-0.734	-0.6689	68	0	21	0	3	0.01	0.05	0	0.01
0.0025	0.0661	-0.0643	0.0415	0.0234	-0.2385	0.4842	0.8418	68	71	23	1	1	0.0113	0.3	1	0.01
0.0025	0.0168	-0.0711	0.0781	0.0731	0.4294	-0.9021	-0.0424	70	0	23	1	2	0.011	0.175	0	0.01
