radius (m)	length (m)	start_point	axis_direction	parent	extension	branch	branch_order	position_in_branch	mad	SurfCov	added	UnmodRadius (m)
0.0158	0.2075	-0.1003	0.1987	-0.0093	0.4126	-0.9091	0.0568	0	2	1	0	1	0.0054	0.2143	0	0.0158
0.0161	0.0466	0.0093	-0.0033	-0.0026	0.5009	0.8611	0.0873	1	3	1	0	2	0.0025	0.4583	0	0.0161
0.0132	0.0108	0.0251	0.0465	0.0057	0.8012	0.5965	0.0489	2	4	1	0	3	0.0181	0.6111	0	0.0132
0.0148	0.0357	0.0372	0.0751	-0.0007	0.9732	-0.189	-0.131	3	5	1	0	4	0.0014	0.3333	0	0.0149
0.0166	0.1663	0.0576	0.0629	-0.0106	-0.4148	0.8856	0.2089	4	6	1	0	5	0.0112	0.2875	0	0.0301
0.0128	0.018	0.0008	0.2377	0.0115	-0.9279	0.336	-0.1618	5	7	1	0	6	0.0011	0.3333	0	0.0128
0.0117	0.0592	-0.0261	0.236	-0.0002	-0.6179	0.7862	0.0126	6	0	1	0	7	0.0018	0.5417	0	0.0117
0.0124	0.259	0.0113	-0.0317	-0.003	0.0709	-0.9974	-0.0157	2	9	2	1	1	0.0023	0.5833	1	0.0124
0.0124	0.0475	0.0296	-0.2899	-0.0071	0.716	0.6939	0.0772	8	10	2	1	2	0.0023	0.5833	0	0.0124
0.0146	0.0705	0.0646	-0.2503	-0.0072	0.9638	0.0054	0.2666	9	11	2	1	3	0.0018	0.5417	0	0.0191
0.0103	0.0778	0.1483	-0.257	0.0025	0.3953	0.9181	-0.0284	10	12	2	1	4	0.0012	0.4583	0	0.0103
0.009	0.0438	0.1772	-0.1821	0.0036	0.9307	0.1987	0.3071	11	0	2	1	5	0.0011	0.5417	0	0.009
0.0105	0.2415	0.0734	0.0656	-0.0053	0.849	-0.5255	0.0555	5	0	3	1	1	0.004	0.575	0	0.0105
0.0158	0.0537	0.0391	0.1383	-0.001	0.8778	0.209	-0.4311	5	15	4	1	1	0.0059	0.2679	1	0.0232
0.0155	0.1964	0.0857	0.1478	-0.0228	0.9648	-0.0268	0.2615	14	16	4	1	2	0.01	0.31	0	0.0232
0.0128	0.0456	0.2829	0.1838	0.0201	0.9827	-0.185	-0.0119	15	17	4	1	3	0.0016	0.8333	0	0.0128
0.0128	0.0301	0.3304	0.1855	0.0137	0.8942	-0.3764	-0.2424	16	18	4	1	4	0.0013	0.4583	0	0.0121
0.0128	0.0655	0.3599	0.1681	0.0117	0.9523	0.2131	-0.2182	17	0	4	1	5	0.0034	0.5	0	0.0112
0.0029	0.0486	0.1199	-0.2584	0.0205	-0.2459	-0.5759	0.7797	10	20	5	2	1	0.0051	0.1444	1	0.0705
0.0029	0.1672	0.0973	-0.3009	-0.0076	-0.9127	0.4043	0.0587	19	0	5	2	2	0.0144	0.3556	0	0.0705
