radius (m)	length (m)	start_point	axis_direction	parent	extension	branch	branch_order	position_in_branch	mad	SurfCov	added	UnmodRadius (m)
0.0091	0.0276	0.182	0.1601	-0.0673	0.1927	-0.8322	0.5199	0	2	1	0	1	0.0028	0.5	0	0.0091
0.0123	0.063	0.1901	0.1236	-0.0553	-0.7413	-0.2623	0.6177	1	3	1	0	2	0.0009	0.375	0	0.0133
0.01	0.0246	0.1439	0.1125	-0.0286	-0.9912	0.1311	0.0186	2	4	1	0	3	0.01	0.05	0	0.01
0.01	0.0275	0.1485	0.1147	-0.0301	0.0036	0.9015	-0.4327	3	5	1	0	4	0.01	0.05	0	0.01
0.0095	0.0177	0.1396	0.1164	-0.026	0.8627	-0.4686	-0.1901	4	0	1	0	5	0.01	0.05	0	0.01
0.0065	0.0751	0.1594	0.0997	-0.025	0.1659	-0.8316	0.5301	2	7	3	1	1	0.0021	0.375	0	0.0065
0.008	0.0121	0.1644	0.039	0.0121	-0.3003	-0.9347	0.1903	6	8	3	1	2	0.01	0.05	0	0.01
0.0074	0.097	0.1779	0.0374	0.0034	0.5441	-0.831	0.1156	7	9	3	1	3	0.0151	0.1	0	0.1022
0.0052	0.0313	0.2315	-0.0236	0.0068	0.9513	-0.1446	-0.2723	8	10	3	1	4	0.01	0.05	0	0.01
0.0039	0.0149	0.2628	-0.0272	-0.0008	0.5788	-0.6604	-0.4784	9	0	3	1	5	0.0017	0.15	0	0.01
0.0078	0.0868	0.1469	0.1039	-0.0224	-0.9534	-0.2759	0.1218	5	12	4	1	1	0.0014	0.375	0	0.0066
0.0078	0.0573	0.062	0.0815	-0.0151	-0.8375	-0.4165	0.3537	11	13	4	1	2	0.0008	0.375	0	0.0073
0.0089	0.0508	0.0223	0.046	-0.0072	-0.65	-0.7195	0.2445	12	14	4	1	3	0.0062	0.3125	0	0.01
0.0088	0.0301	-0.0231	0.0245	0.0055	-0.7716	-0.6351	0.0368	13	15	4	1	4	0.01	0.05	0	0.01
0.0089	0.0281	-0.0375	-0.0037	0.0157	-0.7589	-0.6451	0.0886	14	16	4	1	5	0.0008	0.375	0	0.0109
0.0087	0.0549	-0.0531	-0.0286	0.0091	-0.7628	-0.6465	0.0096	15	17	4	1	6	0.01	0.05	0	0.01
0.0081	0.0374	-0.1036	-0.0362	0.0162	-0.9323	-0.3237	0.1615	16	18	4	1	7	0.0012	0.2917	0	0.0081
0.0086	0.0036	-0.1326	-0.0494	0.0143	-0.5385	-0.7913	-0.2894	17	19	4	1	8	0.01	0.05	0	0.01
0.0078	0.0614	-0.1318	-0.058	0.0125	-0.8896	-0.4409	0.1191	18	20	4	1	9	0.0008	0.4167	0	0.0078
0.0078	0.0569	-0.1869	-0.0825	0.0161	-0.929	-0.355	-0.1048	19	21	4	1	10	0.0007	0.3333	0	0.0067
0.0084	0.0476	-0.239	-0.1049	0.0113	-0.9007	-0.4089	-0.1469	20	22	4	1	11	0.01	0.05	0	0.01
0.0078	0.0368	-0.2542	-0.1349	-0.01	-0.5213	-0.6981	-0.4909	21	23	4	1	12	0.0008	0.375	0	0.0073
0.0081	0.0554	-0.2659	-0.1628	-0.03	-0.3728	-0.6655	-0.6466	22	24	4	1	13	0.01	0.05	0	0.01
0.0081	0.0236	-0.298	-0.1922	-0.0622	-0.5645	-0.5623	-0.6042	23	0	4	1	14	0.01	0.05	0	0.01
0.0058	0.0369	0.0568	0.0704	-0.01	-0.364	-0.8628	0.3507	12	26	9	2	1	0.0019	0.375	0	0.0058
0.0071	0.0658	0.0562	0.0412	0.0047	0.1684	-0.961	0.2195	25	27	9	2	2	0.001	0.375	0	0.0091
0.0063	0.043	0.0508	-0.0168	0.0131	-0.3254	-0.9426	0.0745	26	28	9	2	3	0.01	0.05	0	0.01
0.0046	0.01	0.0595	-0.0551	0.0119	0.0813	-0.9933	-0.0819	27	29	9	2	4	0.0008	0.375	0	0.0046
0.0049	0.0026	0.0584	-0.0656	0.0109	0.3146	-0.9359	-0.1587	28	30	9	2	5	0.0008	0.125	0	0.01
0.0039	0.0598	0.0633	-0.0703	0.0102	-0.4799	-0.8314	-0.2802	29	0	9	2	6	0.0007	0.175	0	0.01
