radius (m)	length (m)	start_point	axis_direction	parent	extension	branch	branch_order	position_in_branch	mad	SurfCov	added	UnmodRadius (m)
0.009	0.0814	0.1448	0.1471	-0.3355	-0.5459	-0.5263	0.6519	0	2	1	0	1	0.0033	0.75	0	0.009
0.0114	0.0688	0.0978	0.093	-0.2855	-0.2718	-0.1966	0.942	1	3	1	0	2	0.0018	0.7083	0	0.0114
0.0101	0.0511	0.0801	0.0753	-0.222	-0.3743	-0.3393	0.863	2	4	1	0	3	0.0013	0.625	0	0.0101
0.0092	0.0444	0.0549	0.0636	-0.1768	-0.3846	-0.5541	0.7382	3	5	1	0	4	0.0013	0.5417	0	0.0092
0.0114	0.0267	0.0374	0.0329	-0.1467	-0.385	-0.349	0.8544	4	6	1	0	5	0.001	0.3333	0	0.0119
0.0124	0.0241	0.0262	0.0235	-0.1243	-0.4043	-0.2808	0.8705	5	7	1	0	6	0.0011	0.375	0	0.0137
0.0108	0.0341	0.0164	0.0125	-0.1073	-0.395	-0.6253	0.6731	6	8	1	0	7	0.001	0.4167	0	0.0108
0.009	0.03	0.0072	0.0059	-0.0725	-0.2305	-0.5679	0.7902	7	9	1	0	8	0.0068	0.3125	0	0.0087
0.01	0.0346	-0.0035	-0.0139	-0.0488	-0.0202	0.0045	0.9998	8	10	1	0	9	0.01	0.05	0	0.01
0.0105	0.0192	0.0087	-0.0037	-0.0572	0.8762	0.3387	0.3428	9	11	1	0	10	0.0015	0.3333	0	0.0106
0.0111	0.0538	0.0183	0.003	-0.0497	0.1113	0.7156	0.6896	10	12	1	0	11	0.0012	0.3333	0	0.0121
0.009	0.0228	0.0367	0.0377	-0.0125	0.1577	0.535	0.83	11	13	1	0	12	0.0032	0.5313	0	0.0055
0.009	0.0191	0.0312	0.053	0.0016	-0.0501	0.7959	0.6034	12	14	1	0	13	0.0037	0.625	0	0.0047
0.0095	0.0242	0.0288	0.0677	0.0109	-0.5422	0.8192	0.1871	13	0	1	0	14	0.01	0.05	0	0.01
0.0025	0.0536	0.0524	0.0349	-0.1528	0.6537	0.5436	0.5265	5	0	2	1	1	0.01	0.05	0	0.01
0.0085	0.0278	0.0101	0.0018	-0.1107	-0.1334	-0.0846	-0.9874	7	17	4	1	1	0.0022	0.4583	0	0.0085
0.0085	0.007	0.0084	0.0019	-0.1368	0.6954	-0.1749	-0.697	16	18	4	1	2	0.01	0.05	0	0.01
0.0085	0.0095	0.0132	0.0019	-0.1433	0.3079	-0.7538	-0.5805	17	0	4	1	3	0.01	0.05	0	0.01
0.0088	0.0571	0.0367	0.0321	-0.123	0.5871	0.7322	0.3452	5	20	20	1	1	0.0028	0.5	0	0.0088
0.0088	0.0136	0.0709	0.0677	-0.1023	0.5749	0.1984	0.7938	19	0	20	1	2	0.01	0.05	0	0.01
0.0086	0.0599	0.0045	-0.0039	-0.0741	-0.4279	-0.9038	0.0076	8	22	6	1	1	0.0017	0.4167	0	0.0095
0.0086	0.0342	-0.0325	-0.0516	-0.0756	0.0506	0.378	0.9244	21	23	6	1	2	0.0015	0.5833	0	0.0104
0.0086	0.042	-0.0302	-0.0428	-0.0499	-0.6688	-0.6363	0.3844	22	24	6	1	3	0.0015	0.5	0	0.0087
0.0064	0.0068	-0.0545	-0.0722	-0.0351	-0.4437	-0.8166	0.3691	23	25	6	1	4	0.0032	0.625	0	0.0058
0.0085	0.0353	-0.0643	-0.092	-0.0208	0.2642	0.539	0.7998	24	26	6	1	5	0.005	0.225	0	0.0182
0.0085	0.0405	-0.0584	-0.0842	0.0113	-0.2617	0.3794	0.8874	25	27	6	1	6	0.0013	0.4583	0	0.0092
0.0063	0.0177	-0.0601	-0.0682	0.0441	0.2996	0.2942	0.9076	26	28	6	1	7	0.0049	0.5	0	0.0057
0.0072	0.0255	-0.0596	-0.0554	0.048	0.7577	0.6443	0.1035	27	29	6	1	8	0.0039	0.5417	0	0.0072
0.0082	0.0243	-0.0373	-0.0428	0.0435	0.3974	0.8653	-0.3055	28	30	6	1	9	0.01	0.05	0	0.01
0.0083	0.037	-0.0326	-0.0383	0.0351	-0.0659	-0.0355	0.9972	29	31	6	1	10	0.0015	0.225	0	0.0144
0.0083	0.0523	-0.0307	-0.0439	0.0657	-0.1449	-0.863	0.4839	30	32	6	1	11	0.0008	0.375	0	0.0088
0.0083	0.0393	-0.0418	-0.0776	0.0868	0.7307	0.4192	0.5389	31	33	6	1	12	0.001	0.375	0	0.0124
0.0081	0.0129	-0.0333	-0.0743	0.1118	-0.2053	0.5492	0.8101	32	34	6	1	13	0.0079	0.225	0	0.0296
0.0081	0.0393	-0.0343	-0.0678	0.1278	-0.9478	-0.178	0.2645	33	35	6	1	14	0.0055	0.3125	0	0.0091
0.0081	0.008	-0.0564	-0.0614	0.1409	-0.325	0.1775	0.9289	34	36	6	1	15	0.0057	0.4167	0	0.0099
0.0082	0.0127	-0.0735	-0.0809	0.1505	-0.4151	0.3736	0.8295	35	37	6	1	16	0.0087	0.5	0	0.0102
0.0083	0.0105	-0.0627	-0.056	0.1656	-0.1883	-0.0671	0.9798	36	38	6	1	17	0.0068	0.5417	0	0.0131
0.0081	0.0397	-0.0566	-0.0756	0.1701	0.661	0.0582	0.7481	37	39	6	1	18	0.005	0.4583	0	0.0097
0.0075	0.0233	-0.0527	-0.0797	0.2024	0.2302	-0.4699	0.8522	38	40	6	1	19	0.0009	0.25	0	0.0111
0.007	0.0248	-0.0755	-0.0791	0.2152	-0.2819	-0.1089	0.9533	39	41	6	1	20	0.01	0.05	0	0.01
0.0072	0.0465	-0.0787	-0.0851	0.2397	-0.3001	-0.1013	0.9485	40	42	6	1	21	0.001	0.4167	0	0.0075
0.0071	0.0033	-0.0557	-0.0975	0.2498	0.5664	-0.4169	0.7109	41	43	6	1	22	0.0009	0.2917	0	0.008
0.0048	0.026	-0.0685	-0.097	0.2555	0.1006	-0.6171	0.7804	42	44	6	1	23	0.0043	0.4583	0	0.0042
0.0063	0.0206	-0.074	-0.1036	0.2705	-0.7608	-0.3398	0.5529	43	45	6	1	24	0.01	0.05	0	0.01
0.0062	0.0006	-0.0659	-0.1127	0.2755	0.1019	-0.7709	0.6287	44	0	6	1	25	0.01	0.05	0	0.01
0.0037	0.0564	0.007	-0.0001	-0.1012	-0.4713	-0.8561	-0.2119	7	47	8	1	1	0.0067	0.225	1	0.0107
0.0037	0.0218	-0.0185	-0.0497	-0.1201	-0.8266	-0.5622	-0.0261	46	48	8	1	2	0.0069	0.225	0	0.0107
0.0025	0.0344	-0.037	-0.0673	-0.1309	-0.9334	-0.2946	0.2046	47	0	8	1	3	0.0043	0.125	0	0.01
0.0087	0.0259	0.0253	0.0674	0.0021	0.5996	0.2138	0.7712	14	50	9	1	1	0.0032	0.275	0	0.0156
0.0077	0.0371	0.0463	0.0674	0.0306	0.4407	0.8538	0.2772	49	51	9	1	2	0.0008	0.2917	0	0.0077
0.0084	0.0556	0.056	0.099	0.0426	0.1635	0.7723	0.6138	50	52	9	1	3	0.0014	0.3333	0	0.0084
0.0086	0.0234	0.0766	0.1462	0.0713	0.0991	0.6702	0.7356	51	53	9	1	4	0.0012	0.2917	0	0.0099
0.0064	0.0412	0.0892	0.1519	0.0847	0.7141	0.5993	0.3618	52	54	9	1	5	0.0038	0.4375	0	0.0064
0.0087	0.0186	0.1131	0.186	0.105	0.8782	0.3069	0.3669	53	55	9	1	6	0.0058	0.375	0	0.0109
0.0082	0.0193	0.1345	0.1869	0.1049	0.7656	0.63	0.1303	54	56	9	1	7	0.0045	0.4583	0	0.0082
0.0069	0.0273	0.1486	0.2005	0.1065	0.673	0.5659	0.4762	55	57	9	1	8	0.0039	0.6667	0	0.0069
0.0067	0.0227	0.1715	0.2051	0.118	0.917	0.3506	0.1903	56	58	9	1	9	0.0037	0.5417	0	0.0067
0.006	0.0282	0.1898	0.2203	0.1192	0.918	0.3755	0.1277	57	59	9	1	10	0.0039	0.5938	0	0.006
0.0065	0.0337	0.218	0.2193	0.133	0.919	0.3474	0.1863	58	60	9	1	11	0.0039	0.5	0	0.0065
0.0082	0.015	0.2484	0.2176	0.1277	0.9394	-0.2423	0.2424	59	61	9	1	12	0.0051	0.4167	0	0.0107
0.007	0.0238	0.2616	0.2272	0.1279	0.6503	-0.1499	-0.7448	60	62	9	1	13	0.01	0.05	0	0.01
0.0069	0.0112	0.2587	0.2241	0.1274	0.2923	-0.8957	0.3351	61	63	9	1	14	0.01	0.05	0	0.01
0.0068	0.0181	0.2637	0.2158	0.1299	-0.6931	0.1585	-0.7032	62	0	9	1	15	0.01	0.05	0	0.01
0.0034	0.0553	0.0156	-0.0133	-0.1445	-0.6654	-0.3291	0.67	18	0	7	2	1	0.001	0.2917	0	0.021
0.0081	0.0355	-0.0619	-0.0751	0.0221	-0.4699	-0.8739	0.1241	26	66	10	2	1	0.003	0.25	0	0.0132
0.0074	0.0343	-0.084	-0.1052	0.0314	-0.5172	-0.7459	-0.4197	65	67	10	2	2	0.0042	0.5833	0	0.0074
0.0079	0.0199	-0.1006	-0.1175	0.0136	-0.9368	-0.0098	-0.3497	66	68	10	2	3	0.01	0.05	0	0.01
0.0079	0.0025	-0.1115	-0.1174	0.0188	-0.7261	0.5183	0.4519	67	69	10	2	4	0.0009	0.3333	0	0.0087
0.0077	0.0041	-0.115	-0.1218	0.0209	-0.2432	0.2309	0.9421	68	70	10	2	5	0.01	0.05	0	0.01
0.0075	0.0333	-0.116	-0.1209	0.0247	-0.8853	0.4639	0.033	69	0	10	2	6	0.01	0.05	0	0.01
0.0069	0.0552	-0.0579	-0.0562	0.041	-0.7715	-0.6296	-0.0915	28	72	14	2	1	0.0018	0.375	0	0.0097
0.0056	0.0515	-0.1003	-0.0928	0.0218	-0.2733	-0.9547	0.1179	71	73	14	2	2	0.0045	0.3438	0	0.0053
0.0069	0.0248	-0.1085	-0.1425	0.0338	-0.101	-0.9946	0.0245	72	74	14	2	3	0.01	0.05	0	0.01
0.0069	0.0196	-0.1214	-0.1511	0.019	-0.4664	-0.7506	-0.468	73	0	14	2	4	0.01	0.05	0	0.01
0.0078	0.033	-0.0391	-0.0336	0.0347	-0.2737	0.6454	0.7131	29	76	15	2	1	0.0031	0.5	0	0.0105
0.0078	0.0291	-0.0436	-0.0239	0.0598	-0.277	0.0218	0.9606	75	77	15	2	2	0.0043	0.3438	0	0.0086
0.0076	0.008	-0.048	-0.0052	0.074	-0.5233	0.5817	0.6228	76	78	15	2	3	0.01	0.05	0	0.01
0.0076	0.0473	-0.0606	-0.0006	0.0828	0.0535	-0.9944	0.0913	77	79	15	2	4	0.0008	0.375	0	0.0108
0.0065	0.0445	-0.0522	-0.0472	0.0942	-0.2095	-0.95	0.2317	78	80	15	2	5	0.006	0.4063	0	0.0065
0.0068	0.0297	-0.0593	-0.0771	0.1126	0.1177	-0.5572	0.822	79	81	15	2	6	0.01	0.05	0	0.01
0.0066	0.0216	-0.06	-0.1018	0.108	0.0369	-0.9636	0.2649	80	82	15	2	7	0.01	0.05	0	0.01
0.0065	0.0219	-0.0606	-0.1089	0.1266	-0.0029	-0.6828	0.7306	81	0	15	2	8	0.01	0.05	0	0.01
0.007	0.0227	-0.0993	-0.1376	0.02	0.6708	-0.3313	0.6636	66	84	13	3	1	0.01	0.05	1	0.01
0.007	0.0258	-0.0841	-0.1452	0.035	-0.0699	-0.2311	-0.9704	83	85	13	3	2	0.01	0.05	0	0.01
0.007	0.0175	-0.0858	-0.1508	0.011	-0.1474	0.939	-0.3109	84	86	13	3	3	0.01	0.05	0	0.01
0.007	0.0227	-0.0936	-0.1504	0.0061	0.9435	-0.3041	0.1317	85	0	13	3	4	0.01	0.05	0	0.01
