radius (m)	length (m)	start_point	axis_direction	parent	extension	branch	branch_order	position_in_branch	mad	SurfCov	added	UnmodRadius (m)
0.012	0.0525	-0.2488	-0.0684	-0.1742	-0.1131	-0.5788	0.8076	0	2	1	0	1	0.0017	0.4583	0	0.0109
0.0164	0.0435	-0.2481	-0.1066	-0.1337	0.766	0.6419	0.0345	1	3	1	0	2	0.0014	0.375	0	0.0167
0.0174	0.0939	-0.2163	-0.076	-0.1233	0.9451	0.3224	0.0533	2	4	1	0	3	0.0012	0.3333	0	0.019
0.0129	0.0282	-0.1303	-0.0524	-0.1078	0.8875	0.2452	0.3901	3	5	1	0	4	0.0013	0.25	0	0.0129
0.0115	0.0529	-0.1044	-0.046	-0.101	0.9694	-0.1301	0.2082	4	6	1	0	5	0.0009	0.2083	0	0.0091
0.0113	0.0369	-0.0537	-0.0446	-0.0929	0.937	0.166	0.3072	5	7	1	0	6	0.01	0.05	0	0.01
0.0177	0.0746	-0.0179	-0.0433	-0.0786	0.7299	0.4766	0.49	6	8	1	0	7	0.0023	0.15	0	0.0242
0.0109	0.0117	0.0175	0.0028	-0.0413	0.4818	0.8569	0.1833	7	9	1	0	8	0.01	0.05	0	0.01
0.0109	0.0411	0.0306	0.0211	-0.0404	0.1001	-0.2354	-0.9667	8	10	1	0	9	0.0008	0.3333	0	0.0087
0.0109	0.0119	0.0342	0.0117	-0.08	-0.4345	-0.5514	-0.7122	9	11	1	0	10	0.01	0.05	0	0.01
0.0109	0.0205	0.029	0.0051	-0.0885	0.2169	0.1999	-0.9555	10	12	1	0	11	0.01	0.05	0	0.01
0.0109	0.0223	0.0335	0.0092	-0.1081	0.2381	0.6815	0.692	11	0	1	0	12	0.01	0.05	0	0.01
0.0101	0.0593	-0.221	-0.0608	-0.1303	-0.7152	-0.6041	0.3515	3	14	40	1	1	0.0028	0.4583	0	0.0101
0.0101	0.0263	-0.2704	-0.0905	-0.1052	-0.4515	-0.7926	0.4098	13	15	40	1	2	0.01	0.05	0	0.01
0.0101	0.0307	-0.2624	-0.0888	-0.1076	-0.7722	0.6292	-0.088	14	0	40	1	3	0.01	0.05	0	0.01
0.0058	0.0605	-0.1082	-0.0556	-0.0985	0.225	-0.7248	-0.6511	5	17	6	1	1	0.0044	0.25	0	0.0116
0.0025	0.0096	-0.099	-0.1003	-0.1274	0.8854	-0.3032	0.3523	16	18	6	1	2	0.0038	0.2	0	0.01
0.0025	0.0445	-0.0928	-0.1002	-0.1216	0.7999	0.5997	0.0235	17	0	6	1	3	0.0021	0.175	0	0.01
0.0118	0.0616	0.0287	0.0106	-0.038	-0.8676	-0.3663	0.3363	9	20	9	1	1	0.0022	0.4583	0	0.0118
0.0118	0.0428	-0.0236	0.004	-0.0263	-0.3287	0.4803	0.8131	19	21	9	1	2	0.0013	0.3333	0	0.013
0.0118	0.0254	-0.0484	0.0293	-0.0012	-0.4581	0.4898	0.7418	20	22	9	1	3	0.01	0.05	0	0.01
0.0118	0.0296	-0.0431	0.0419	0.0194	-0.0931	0.6307	0.7705	21	23	9	1	4	0.0012	0.375	0	0.0097
0.0118	0.0041	-0.0404	0.0588	0.0375	0.679	0.1887	0.7095	22	24	9	1	5	0.01	0.05	0	0.01
0.0118	0.0542	-0.0418	0.0719	0.0474	0.6117	-0.2258	0.7582	23	25	9	1	6	0.0007	0.3333	0	0.0138
0.0118	0.0118	-0.0131	0.0533	0.0846	-0.047	-0.4927	0.869	24	26	9	1	7	0.01	0.05	0	0.01
0.0118	0.0359	-0.0137	0.0474	0.0949	-0.095	0.5199	0.8489	25	0	9	1	8	0.01	0.05	0	0.01
0.0086	0.0846	0.0275	0.0075	-0.0726	0.4815	0.58	0.6572	10	28	10	1	1	0.0024	0.375	0	0.0086
0.0098	0.0281	0.0669	0.057	-0.0184	0.4342	0.8968	-0.0848	27	29	10	1	2	0.01	0.05	0	0.01
0.0089	0.0522	0.064	0.0561	-0.0235	0.0045	-0.1053	0.9944	28	30	10	1	3	0.0011	0.3333	0	0.0089
0.0092	0.0483	0.0685	0.0579	0.0241	0.5316	0.1851	0.8266	29	31	10	1	4	0.0012	0.2917	0	0.0092
0.0094	0.0189	0.1015	0.0649	0.0612	0.4247	0.578	0.6968	30	32	10	1	5	0.001	0.25	0	0.0094
0.0096	0.0162	0.1147	0.0709	0.0627	0.7565	0.6504	0.0683	31	33	10	1	6	0.01	0.05	0	0.01
0.0071	0.0527	0.1176	0.0733	0.0669	-0.1972	0.5325	0.8231	32	34	10	1	7	0.0011	0.4583	0	0.0071
0.0094	0.0195	0.1081	0.0911	0.1118	-0.3288	0.1141	0.9375	33	35	10	1	8	0.01	0.05	0	0.01
0.0099	0.0122	0.1122	0.1057	0.1262	-0.3359	0.534	0.7759	34	36	10	1	9	0.0011	0.4167	0	0.0146
0.0096	0.0548	0.1117	0.1125	0.1377	-0.27	0.8995	0.3436	35	37	10	1	10	0.0008	0.2917	0	0.0106
0.009	0.0725	0.1155	0.1596	0.1636	-0.0346	0.9247	0.3792	36	38	10	1	11	0.007	0.2917	0	0.0095
0.0083	0.0705	0.1054	0.2291	0.1897	0.2332	0.9092	0.3449	37	39	10	1	12	0.01	0.05	0	0.01
0.008	0.0278	0.1537	0.262	0.2114	0.6669	0.651	0.3626	38	0	10	1	13	0.01	0.05	0	0.01
0.0082	0.0546	0.0269	-0.0024	-0.0429	0.7558	0.5904	-0.2832	8	41	15	1	1	0.0016	0.4583	0	0.0082
0.0082	0.014	0.0722	0.0233	-0.0529	0.887	0.2123	-0.41	40	42	15	1	2	0.01	0.05	0	0.01
0.0082	0.0228	0.0846	0.0263	-0.0587	-0.0946	0.5311	-0.842	41	0	15	1	3	0.01	0.05	0	0.01
0.01	0.0702	0.0431	0.0063	-0.0739	-0.1157	-0.9386	-0.3251	10	44	16	1	1	0.01	0.05	0	0.01
0.0079	0.0619	0.0308	-0.0587	-0.1011	0.6135	-0.4123	-0.6736	43	45	16	1	2	0.0012	0.3333	0	0.0079
0.0078	0.0224	0.0612	-0.0826	-0.147	0.4025	-0.352	-0.8451	44	46	16	1	3	0.01	0.05	0	0.01
0.0083	0.0343	0.0599	-0.0825	-0.1449	0.2724	-0.8465	0.4574	45	47	16	1	4	0.0009	0.3333	0	0.011
0.0053	0.0081	0.0732	-0.1098	-0.1364	-0.439	-0.7865	-0.4344	46	48	16	1	5	0.01	0.05	0	0.01
0.0042	0.0104	0.0688	-0.1174	-0.1393	0.7929	-0.5965	-0.1246	47	0	16	1	6	0.01	0.05	0	0.01
0.0062	0.0455	-0.2552	-0.0994	-0.1471	-0.8911	0.4413	0.1055	0	50	41	0	1	0.0009	0.4167	0	0.0058
0.0068	0.0155	-0.2951	-0.0795	-0.1414	-0.6384	0.3856	0.6662	49	51	41	0	2	0.01	0.05	0	0.01
0.0064	0.0176	-0.305	-0.0736	-0.1311	0.447	-0.7069	0.5481	50	52	41	0	3	0.01	0.05	0	0.01
0.0061	0.0167	-0.2972	-0.086	-0.1214	-0.2073	0.0307	0.9778	51	0	41	0	4	0.01	0.05	0	0.01
0.0079	0.0607	0.1161	0.0954	0.1141	0.1595	-0.0811	-0.9839	34	54	27	2	1	0.0018	0.4167	0	0.0076
0.0089	0.0322	0.1339	0.0931	0.0545	0.1053	-0.301	-0.9478	53	55	27	2	2	0.01	0.05	0	0.01
0.0089	0.007	0.1106	0.0864	0.0341	-0.3692	-0.1694	-0.9138	54	56	27	2	3	0.0008	0.375	0	0.0115
0.0089	0.0116	0.1018	0.0885	0.0312	0.0569	0.7684	-0.6375	55	0	27	2	4	0.01	0.05	0	0.01
0.0067	0.0372	0.1049	0.0896	0.1013	-0.3035	-0.8148	0.494	33	58	28	2	1	0.0025	0.375	0	0.0073
0.0067	0.0291	0.0945	0.0624	0.1059	-0.8548	-0.492	-0.1653	57	59	28	2	2	0.0007	0.375	0	0.0087
0.0067	0.041	0.071	0.0479	0.0992	0.0098	-0.9958	0.0912	58	60	28	2	3	0.0009	0.2917	0	0.0068
0.0065	0.0358	0.0658	0.0083	0.1055	-0.1633	-0.979	0.1223	59	61	28	2	4	0.01	0.05	0	0.01
0.0064	0.0627	0.0865	-0.0057	0.1045	0.5966	-0.7903	-0.1395	60	62	28	2	5	0.0009	0.3333	0	0.0067
0.0058	0.0009	0.1253	-0.0509	0.0927	0.7892	-0.509	-0.3437	61	63	28	2	6	0.01	0.05	0	0.01
0.006	0.0517	0.1292	-0.0539	0.0859	0.3731	-0.7886	0.4888	62	64	28	2	7	0.0009	0.3333	0	0.0085
0.0051	0.0034	0.1467	-0.0834	0.1152	0.1139	-0.3163	0.9418	63	65	28	2	8	0.01	0.05	0	0.01
0.0056	0.0411	0.1452	-0.0874	0.1205	0.8643	-0.251	0.4359	64	66	28	2	9	0.0013	0.3333	0	0.0085
0.0043	0.0259	0.1805	-0.0939	0.1435	0.8491	-0.4047	0.3394	65	67	28	2	10	0.003	0.15	0	0.01
0.0041	0.0005	0.1817	-0.1021	0.1411	0.0385	-0.9637	-0.2642	66	68	28	2	11	0.0023	0.175	0	0.01
0.0038	0.0067	0.1814	-0.1023	0.1427	0.0057	-0.9917	0.1282	67	69	28	2	12	0.0018	0.075	0	0.01
0.0035	0.0196	0.1838	-0.1084	0.1435	0.0332	-0.1698	-0.9849	68	0	28	2	13	0.0002	0.125	0	0.01
0.0133	0.0165	0.1012	0.0907	0.1079	-0.4811	0.1369	0.8659	57	71	30	3	1	0.0027	0.4167	1	0.0133
0.0133	0.0508	0.0933	0.0929	0.1222	-0.1594	-0.558	0.8144	70	72	30	3	2	0.0027	0.4167	0	0.0133
0.0133	0.0024	0.0733	0.0655	0.1597	-0.2456	-0.7963	0.5527	71	0	30	3	3	0.01	0.05	0	0.01
0.003	0.0713	0.0773	0.0553	0.1091	-0.6858	0.5711	0.4512	58	74	31	3	1	0.0095	0.175	1	0.01
0.003	0.047	0.0303	0.0986	0.1367	-0.7127	0.6949	0.0958	73	75	31	3	2	0.0068	0.2	0	0.01
0.0025	0.0295	-0.0003	0.1332	0.1418	-0.5714	0.7461	0.3419	74	0	31	3	3	0.0046	0.175	0	0.01
