radius (m)	length (m)	start_point	axis_direction	parent	extension	branch	branch_order	position_in_branch	mad	SurfCov	added	UnmodRadius (m)
0.0099	0.0228	-0.2488	-0.3803	-0.2179	-0.1908	0.7053	0.6828	0	2	1	0	1	0.0012	0.5	0	0.0099
0.0091	0.0521	-0.2556	-0.3619	-0.1998	0.824	0.3405	0.4529	1	3	1	0	2	0.0012	0.4167	0	0.0091
0.0076	0.0324	-0.2146	-0.3423	-0.1803	0.0652	0.9261	0.3716	2	4	1	0	3	0.0008	0.3333	0	0.0071
0.0102	0.0347	-0.2246	-0.3166	-0.1724	-0.3871	0.8982	0.2083	3	5	1	0	4	0.001	0.3333	0	0.0102
0.0101	0.0256	-0.2361	-0.2849	-0.1626	-0.4258	0.898	0.1106	4	6	1	0	5	0.0011	0.4167	0	0.0101
0.0113	0.0353	-0.2456	-0.2746	-0.1481	-0.2294	0.6445	0.7294	5	7	1	0	6	0.0041	0.4063	0	0.0123
0.0085	0.0373	-0.2406	-0.2401	-0.128	0.1422	0.292	0.9458	6	8	1	0	7	0.005	0.4063	0	0.0085
0.0073	0.0205	-0.2379	-0.2346	-0.0884	0.3785	0.4595	0.8035	7	9	1	0	8	0.004	0.4688	0	0.007
0.0096	0.0247	-0.2424	-0.2278	-0.0831	-0.6751	0.3266	0.6615	8	10	1	0	9	0.01	0.05	0	0.01
0.0103	0.0322	-0.2395	-0.233	-0.0719	0.5064	0.4732	0.7208	9	11	1	0	10	0.0012	0.4167	0	0.0109
0.0089	0.065	-0.2212	-0.2161	-0.0532	0.6031	0.633	0.4854	10	12	1	0	11	0.0009	0.2917	0	0.0089
0.0092	0.0546	-0.1822	-0.1815	-0.0161	0.6389	0.4887	0.5941	11	13	1	0	12	0.01	0.05	0	0.01
0.0077	0.051	-0.1699	-0.1422	0.01	0.3474	0.8364	0.4239	12	14	1	0	13	0.0007	0.4167	0	0.0077
0.0102	0.0358	-0.1374	-0.1029	0.022	0.3574	0.9027	0.2397	13	15	1	0	14	0.0033	0.2	0	0.0198
0.0086	0.0272	-0.1195	-0.127	0.0287	0.9541	0.0758	0.2898	14	16	1	0	15	0.01	0.05	0	0.01
0.0078	0.0196	-0.1253	-0.1159	0.0198	0.4092	0.8569	-0.3135	15	17	1	0	16	0.0011	0.2917	0	0.0078
0.0083	0.0107	-0.1174	-0.1016	0.008	0.2496	0.891	-0.3792	16	18	1	0	17	0.01	0.05	0	0.01
0.0082	0.0099	-0.1151	-0.0935	0.0042	0.7383	-0.2785	-0.6142	17	0	1	0	18	0.01	0.05	0	0.01
0.01	0.0721	-0.2411	-0.2457	-0.1687	0.6459	0.6918	0.3229	7	20	3	1	1	0.001	0.25	0	0.0091
0.01	0.0021	-0.1928	-0.2043	-0.1558	0.0316	0.7747	-0.6315	19	21	3	1	2	0.01	0.05	0	0.01
0.01	0.0365	-0.1872	-0.197	-0.1657	0.3412	0.672	0.6573	20	22	3	1	3	0.0009	0.4167	0	0.01
0.01	0.0464	-0.1843	-0.1824	-0.1355	-0.6417	0.7403	0.2004	21	23	3	1	4	0.0031	0.3333	0	0.0072
0.01	0.0245	-0.196	-0.1607	-0.1161	-0.4306	0.1025	0.8967	22	24	3	1	5	0.01	0.05	0	0.01
0.01	0.0318	-0.2008	-0.1456	-0.1258	-0.2784	0.9093	0.3094	23	25	3	1	6	0.0008	0.375	0	0.0098
0.01	0.0338	-0.2171	-0.1222	-0.1116	-0.2831	0.7967	0.534	24	26	3	1	7	0.01	0.05	0	0.01
0.01	0.0182	-0.2128	-0.1256	-0.1154	0.8433	0.5087	-0.1733	25	27	3	1	8	0.01	0.05	0	0.01
0.01	0.02	-0.1964	-0.1113	-0.1191	0.6418	-0.2203	-0.7346	26	0	3	1	9	0.01	0.05	0	0.01
0.0082	0.0546	-0.1052	-0.125	0.0241	0.2391	0.9479	-0.2104	15	29	7	1	1	0.0028	0.5	0	0.0098
0.0082	0.0461	-0.0828	-0.0872	0.0051	0.7504	0.6231	-0.2204	28	30	7	1	2	0.0023	0.275	0	0.0141
0.0082	0.0435	-0.0479	-0.0582	0.002	0.5233	0.8507	-0.0489	29	31	7	1	3	0.0009	0.3333	0	0.0091
0.0081	0.0029	-0.0314	-0.0259	-0.0095	0.4155	0.6717	-0.6134	30	32	7	1	4	0.01	0.05	0	0.01
0.0081	0.037	-0.0322	-0.0192	-0.005	0.9551	0.0216	0.2956	31	33	7	1	5	0.0008	0.375	0	0.0091
0.0079	0.0514	0.0065	-0.02	0.0085	0.1843	0.9291	0.3207	32	34	7	1	6	0.001	0.5	0	0.0079
0.0067	0.0287	0.022	0.0262	0.0252	0.2152	0.8447	0.49	33	35	7	1	7	0.0033	0.4688	0	0.0067
0.0081	0.0438	0.0377	0.0399	0.0314	0.8049	0.4058	0.4329	34	36	7	1	8	0.0046	0.4375	0	0.0085
0.008	0.032	0.0722	0.0567	0.0377	0.9982	-0.025	-0.0553	35	37	7	1	9	0.01	0.05	0	0.01
0.008	0.0106	0.0785	0.0673	0.0417	0.4184	0.9046	0.0808	36	38	7	1	10	0.0006	0.3333	0	0.0085
0.008	0.0345	0.094	0.0786	0.0397	-0.0833	0.9596	0.2688	37	39	7	1	11	0.0054	0.25	0	0.0307
0.0079	0.0172	0.0946	0.105	0.0472	0.5958	0.4691	-0.6519	38	40	7	1	12	0.01	0.05	0	0.01
0.008	0.0386	0.0983	0.112	0.042	0.2093	0.8985	0.3859	39	41	7	1	13	0.001	0.3333	0	0.0095
0.0079	0.0357	0.1104	0.1402	0.0524	0.8736	0.4806	0.0766	40	42	7	1	14	0.0008	0.25	0	0.0104
0.0077	0.0003	0.136	0.159	0.0651	0.8059	0.4566	0.3768	41	43	7	1	15	0.01	0.05	0	0.01
0.0079	0.0337	0.1399	0.1636	0.053	0.7608	-0.6488	-0.0127	42	44	7	1	16	0.0013	0.375	0	0.0114
0.007	0.0407	0.1612	0.1574	0.0561	0.2559	-0.1434	0.956	43	45	7	1	17	0.0081	0.375	0	0.007
0.0067	0.0124	0.1796	0.1619	0.0748	0.4675	0.6968	0.544	44	46	7	1	18	0.0054	0.4583	0	0.0067
0.0075	0.0024	0.1769	0.1492	0.0822	0.4461	-0.1487	0.8825	45	47	7	1	19	0.01	0.05	0	0.01
0.0078	0.0343	0.1763	0.1526	0.0955	0.2288	0.9323	-0.2799	46	48	7	1	20	0.0007	0.4167	0	0.0106
0.0076	0.0245	0.1882	0.1789	0.0868	0.7823	0.5089	-0.3591	47	49	7	1	21	0.0007	0.25	0	0.0117
0.0077	0.0353	0.2044	0.1995	0.0962	0.8	0.5856	-0.1306	48	50	7	1	22	0.0038	0.375	0	0.0094
0.0075	0.0194	0.2358	0.2179	0.0886	0.6469	0.7565	0.0961	49	51	7	1	23	0.0037	0.5417	0	0.0076
0.0072	0.0273	0.2482	0.2324	0.1025	0.8289	0.5588	0.0249	50	52	7	1	24	0.0041	0.3438	0	0.0075
0.0054	0.0232	0.2645	0.2435	0.1113	0.5861	0.4446	0.6774	51	53	7	1	25	0.0044	0.5	0	0.0054
0.0076	0.0307	0.2767	0.2615	0.1231	0.7243	0.4183	0.5481	52	54	7	1	26	0.0036	0.4375	0	0.0095
0.0061	0.0306	0.2976	0.2716	0.1438	0.5042	0.6104	0.6109	53	55	7	1	27	0.0028	0.4688	0	0.0061
0.0063	0.0221	0.3148	0.2761	0.1651	0.4985	0.2158	0.8396	54	56	7	1	28	0.01	0.05	0	0.01
0.0062	0.0359	0.3083	0.2956	0.1683	0.0995	0.7709	0.6291	55	57	7	1	29	0.01	0.05	0	0.01
0.0061	0.0227	0.3022	0.3207	0.1624	-0.3088	0.9509	0.0202	56	0	7	1	30	0.01	0.05	0	0.01
0.0067	0.0464	-0.2128	-0.1224	-0.106	-0.8314	-0.5481	0.0913	26	59	8	2	1	0.0008	0.375	0	0.0055
0.0067	0.06	-0.2507	-0.1487	-0.0981	-0.0951	-0.97	-0.2237	58	60	8	2	2	0.0012	0.4167	0	0.0067
0.0078	0.0225	-0.251	-0.2076	-0.1116	-0.1199	-0.8703	-0.4776	59	61	8	2	3	0.01	0.05	0	0.01
0.0088	0.016	-0.262	-0.2191	-0.1164	-0.4281	-0.7773	0.461	60	62	8	2	4	0.0009	0.4583	0	0.0113
0.0076	0.0102	-0.2737	-0.2282	-0.1127	-0.6763	-0.2019	0.7084	61	0	8	2	5	0.01	0.05	0	0.01
0.0056	0.0022	0.1852	0.1621	0.071	0.7591	-0.1455	0.6345	45	64	19	2	1	0.002	0.3333	0	0.0056
0.0063	0.0068	0.1845	0.1636	0.07	0.6812	-0.0819	-0.7275	63	65	19	2	2	0.01	0.05	0	0.01
0.0061	0.0246	0.1925	0.1802	0.0604	-0.753	0.303	0.5841	64	66	19	2	3	0.0037	0.225	0	0.0189
0.0052	0.0277	0.1766	0.1968	0.0689	-0.8088	0.4705	0.3528	65	67	19	2	4	0.01	0.05	0	0.01
0.0038	0.0052	0.1608	0.2015	0.0861	-0.6062	0.2051	0.7684	66	0	19	2	5	0.0021	0.175	0	0.01
0.0039	0.0151	0.1855	0.1695	0.094	-0.2259	-0.7704	0.5962	48	69	20	2	1	0.0009	0.375	1	0.008
0.0039	0.0485	0.182	0.1578	0.1031	-0.7817	-0.5839	0.2192	68	70	20	2	2	0.0009	0.375	0	0.008
0.0025	0.0074	0.1448	0.1288	0.1116	-0.8702	0.3042	-0.3877	69	0	20	2	3	0.0032	0.15	0	0.01
