radius (m)	length (m)	start_point	axis_direction	parent	extension	branch	branch_order	position_in_branch	mad	SurfCov	added	UnmodRadius (m)
0.0096	0.0858	0.4434	-0.0717	-0.2418	0.5053	0.6323	0.5873	0	2	1	0	1	0.0031	0.5833	0	0.0096
0.0123	0.0744	0.4632	-0.0194	-0.1876	0.0231	0.8321	0.5542	1	3	1	0	2	0.0105	0.25	0	0.013
0.01	0.0485	0.4612	0.0086	-0.1351	-0.6414	0.3043	0.7043	2	4	1	0	3	0.01	0.05	0	0.01
0.0117	0.0324	0.4727	0.0432	-0.1531	-0.336	0.9383	0.0817	3	5	1	0	4	0.0015	0.3333	0	0.012
0.0126	0.0273	0.4794	0.0629	-0.167	0.3097	0.9144	-0.2607	4	6	1	0	5	0.0096	0.3333	0	0.0142
0.01	0.0318	0.4852	0.0704	-0.1523	0.8317	-0.4781	-0.2824	5	7	1	0	6	0.01	0.05	0	0.01
0.01	0.0076	0.4888	0.0801	-0.1595	0.5601	0.5601	-0.6104	6	8	1	0	7	0.01	0.05	0	0.01
0.01	0.0216	0.4961	0.0846	-0.1631	0.1829	0.6452	-0.7418	7	0	1	0	8	0.01	0.05	0	0.01
0.0088	0.0456	0.4466	-0.0747	-0.2315	-0.5003	0.2892	0.8161	1	10	16	1	1	0.0018	0.5417	0	0.0088
0.009	0.0625	0.4221	-0.0652	-0.195	-0.7568	0.222	0.6148	9	11	16	1	2	0.0017	0.5417	0	0.0094
0.0089	0.0295	0.3713	-0.0502	-0.159	-0.5984	-0.2123	0.7725	10	12	16	1	3	0.0013	0.5	0	0.0106
0.009	0.0378	0.3525	-0.0599	-0.1328	-0.9149	0.3941	0.0874	11	13	16	1	4	0.0012	0.5417	0	0.0124
0.0088	0.0451	0.3179	-0.0584	-0.1229	-0.9174	0.1745	0.3577	12	14	16	1	5	0.0009	0.375	0	0.0138
0.0086	0.0221	0.2788	-0.0498	-0.1005	-0.9309	-0.1361	0.339	13	15	16	1	6	0.001	0.25	0	0.0087
0.0082	0.0386	0.2586	-0.0533	-0.0894	-0.9654	0.211	0.1535	14	16	16	1	7	0.0011	0.2083	0	0.0082
0.0088	0.036	0.2202	-0.0393	-0.0756	-0.9902	-0.0158	-0.1391	15	17	16	1	8	0.0008	0.2917	0	0.0137
0.0088	0.0363	0.1897	-0.0528	-0.0665	-0.791	0.2782	0.5449	16	18	16	1	9	0.0013	0.3333	0	0.0124
0.0088	0.0386	0.1543	-0.0403	-0.0572	-0.843	-0.0171	0.5376	17	19	16	1	10	0.0054	0.4	0	0.0094
0.0069	0.0232	0.1243	-0.0372	-0.0338	-0.8759	0.3914	0.2822	18	20	16	1	11	0.0042	0.4688	0	0.0069
0.0064	0.0349	0.1046	-0.0424	-0.0258	-0.8783	0.0119	0.4779	19	21	16	1	12	0.0037	0.4583	0	0.0048
0.0076	0.0087	0.0741	-0.0363	-0.0063	-0.7271	-0.2824	0.6257	20	22	16	1	13	0.0038	0.4583	0	0.0076
0.0085	0.0023	0.0756	-0.0488	-0.0175	-0.7556	-0.6538	0.0406	21	23	16	1	14	0.01	0.05	0	0.01
0.0088	0.0485	0.0728	-0.0402	-0.018	-0.8092	-0.0495	0.5854	22	24	16	1	15	0.0032	0.3	0	0.0142
0.0085	0.0281	0.0423	-0.0455	0.0173	-0.6383	-0.4524	0.6228	23	25	16	1	16	0.01	0.05	0	0.01
0.0085	0.0419	0.0223	-0.0497	0.0066	-0.9959	0.037	0.0822	24	26	16	1	17	0.0011	0.4583	0	0.0085
0.0081	0.0161	-0.0094	-0.047	0.023	-0.7916	0.1193	0.5992	25	27	16	1	18	0.0048	0.4583	0	0.0081
0.0089	0.0156	-0.0265	-0.0619	0.024	-0.3382	-0.3588	0.87	26	28	16	1	19	0.0048	0.5	0	0.0136
0.0083	0.0182	-0.0474	-0.042	0.0355	-0.7875	-0.4486	0.4226	27	29	16	1	20	0.0082	0.5833	0	0.0083
0.0087	0.0205	-0.061	-0.0488	0.0441	-0.9088	0.2098	0.3606	28	30	16	1	21	0.0012	0.3333	0	0.0102
0.0087	0.0447	-0.081	-0.0438	0.0478	-0.9401	0.0826	0.3307	29	31	16	1	22	0.0012	0.375	0	0.0097
0.0087	0.0306	-0.1227	-0.0372	0.0626	-0.9513	0.0868	0.2957	30	32	16	1	23	0.0008	0.375	0	0.0112
0.0072	0.0597	-0.1494	-0.0334	0.0768	-0.9046	0.1672	0.3921	31	33	16	1	24	0.0012	0.4167	0	0.0072
0.0068	0.0324	-0.2012	-0.0213	0.0862	-0.9632	0.2429	-0.1153	32	34	16	1	25	0.004	0.4688	0	0.0068
0.0062	0.0231	-0.2342	-0.0204	0.1008	-0.8958	0.4376	0.0782	33	35	16	1	26	0.0047	0.5417	0	0.0056
0.0064	0.0402	-0.2551	-0.0067	0.1009	-0.8556	0.1776	0.4862	34	36	16	1	27	0.0036	0.5625	0	0.0064
0.0061	0.0149	-0.2913	-0.0061	0.1176	-0.9139	0.0939	0.395	35	37	16	1	28	0.0033	0.5833	0	0.0042
0.008	0.0473	-0.2985	0.0095	0.1251	-0.8756	0.3561	0.3263	36	38	16	1	29	0.0034	0.5313	0	0.008
0.006	0.0478	-0.3389	0.0235	0.1467	-0.8725	0.3703	0.3187	37	39	16	1	30	0.0038	0.3	0	0.0047
0.0074	0.0286	-0.3853	0.0301	0.1595	-0.8689	0.2802	0.408	38	40	16	1	31	0.0053	0.325	0	0.0074
0.0059	0.0301	-0.4088	0.044	0.1738	-0.9542	0.0813	0.2878	39	41	16	1	32	0.0033	0.35	0	0.0036
0.0079	0.0216	-0.4285	0.0321	0.19	-0.7928	-0.2021	0.5749	40	42	16	1	33	0.01	0.05	0	0.01
0.0085	0.0453	-0.4422	0.0407	0.181	-0.8239	0.5338	0.1904	41	43	16	1	34	0.0009	0.4167	0	0.0091
0.0058	0.0333	-0.4807	0.0596	0.1892	-0.9479	0.2122	0.2376	42	44	16	1	35	0.0027	0.4688	0	0.0054
0.0085	0.0207	-0.5115	0.0737	0.1948	-0.8863	0.2348	0.3993	43	45	16	1	36	0.0024	0.625	0	0.0086
0.0087	0.031	-0.5297	0.0748	0.2057	-0.7266	0.3803	0.5722	44	46	16	1	37	0.005	0.625	0	0.0089
0.008	0.0295	-0.554	0.0748	0.2158	-0.7773	-0.2555	0.5749	45	47	16	1	38	0.0038	0.4	0	0.0084
0.0075	0.0164	-0.577	0.0835	0.2184	-0.9986	0.0346	0.0399	46	48	16	1	39	0.01	0.05	0	0.01
0.0071	0.0076	-0.5894	0.0783	0.2319	-0.9166	0.1717	0.361	47	49	16	1	40	0.0008	0.3333	0	0.0071
0.0064	0.0364	-0.5959	0.0806	0.2361	-0.8833	0.4648	-0.0613	48	50	16	1	41	0.0008	0.3333	0	0.0064
0.0074	0.0174	-0.6279	0.0974	0.2371	-0.747	0.6626	0.0531	49	51	16	1	42	0.01	0.05	0	0.01
0.0083	0.0109	-0.6401	0.1011	0.2308	-0.9971	-0.0521	-0.0551	50	52	16	1	43	0.001	0.4167	0	0.0098
0.0081	0.0317	-0.6547	0.095	0.2327	-0.7699	0.6029	0.2092	51	53	16	1	44	0.0039	0.275	0	0.0194
0.0054	0.0172	-0.6851	0.1054	0.2326	-0.8747	0.3298	0.355	52	54	16	1	45	0.0043	0.5	0	0.0048
0.0074	0.0412	-0.6997	0.1205	0.2309	-0.9604	0.205	0.1885	53	55	16	1	46	0.004	0.4375	0	0.0076
0.008	0.0275	-0.738	0.1224	0.2461	-0.9323	0.1824	0.3122	54	56	16	1	47	0.0042	0.4688	0	0.0085
0.0083	0.0125	-0.7667	0.1338	0.2444	-0.8838	0.2297	0.4076	55	57	16	1	48	0.0063	0.4583	0	0.0137
0.007	0.0366	-0.7689	0.1185	0.243	-0.8122	-0.2019	-0.5473	56	58	16	1	49	0.01	0.05	0	0.01
0.007	0.0256	-0.7675	0.1131	0.2421	-0.1845	0.9623	0.2001	57	0	16	1	50	0.01	0.05	0	0.01
0.008	0.053	0.4814	0.0867	-0.1612	-0.7521	0.606	0.2591	7	60	9	1	1	0.0022	0.375	0	0.008
0.0081	0.0277	0.4416	0.1088	-0.1598	-0.8864	0.3599	-0.2912	59	61	9	1	2	0.01	0.05	0	0.01
0.0068	0.0072	0.4388	0.1257	-0.1564	-0.3492	0.9311	0.1053	60	62	9	1	3	0.01	0.05	0	0.01
0.0051	0.0216	0.4363	0.1323	-0.1556	-0.7626	0.58	-0.2865	61	63	9	1	4	0.01	0.05	0	0.01
0.0039	0.008	0.4205	0.1452	-0.162	-0.4821	0.8265	-0.2905	62	0	9	1	5	0.0003	0.075	0	0.01
0.0083	0.0552	0.5098	-0.0064	-0.1981	-0.9051	-0.1975	-0.3765	0	65	17	0	1	0.0018	0.4583	0	0.0082
0.0082	0.0193	0.457	-0.0193	-0.2197	-0.2929	0.0265	0.9558	64	66	17	0	2	0.0016	0.2917	0	0.0109
0.0083	0.025	0.4472	-0.0171	-0.1978	0.5055	-0.3572	0.7854	65	0	17	0	3	0.01	0.05	0	0.01
0.0084	0.0849	0.4222	-0.0705	-0.1868	-0.3674	-0.9121	0.182	10	68	4	2	1	0.0078	0.18	0	0.0169
0.0068	0.0653	0.3891	-0.1422	-0.19	-0.579	-0.7941	-0.1846	67	69	4	2	2	0.0008	0.4167	0	0.0068
0.0081	0.0305	0.3622	-0.194	-0.2084	-0.157	-0.9501	-0.2695	68	70	4	2	3	0.01	0.05	0	0.01
0.0078	0.0734	0.361	-0.1949	-0.2039	-0.9906	0.1347	-0.0227	69	71	4	2	4	0.0011	0.4167	0	0.0078
0.0076	0.0377	0.2913	-0.1816	-0.2152	-0.959	0.1267	-0.2534	70	72	4	2	5	0.01	0.05	0	0.01
0.0074	0.0344	0.2581	-0.1896	-0.2121	-0.981	-0.1887	0.0445	71	73	4	2	6	0.01	0.05	0	0.01
0.0072	0.0086	0.267	-0.1946	-0.2023	-0.1405	-0.5587	0.8174	72	0	4	2	7	0.01	0.05	0	0.01
0.011	0.0759	0.4536	0.0079	-0.1211	0.9852	0.0622	-0.1599	0	75	7	0	1	0.0043	0.4167	0	0.011
0.011	0.0408	0.5213	0.0108	-0.1323	-0.2696	0.7389	-0.6175	74	76	7	0	2	0.0011	0.25	0	0.0107
0.011	0.0288	0.5103	0.0407	-0.1446	-0.6269	0.7789	0.0163	75	77	7	0	3	0.01	0.05	0	0.01
0.011	0.0221	0.5081	0.0453	-0.1614	-0.1916	0.5898	-0.7845	76	78	7	0	4	0.01	0.05	0	0.01
0.011	0.0116	0.5081	0.0354	-0.1673	-0.2377	-0.4654	-0.8526	77	0	7	0	5	0.01	0.05	0	0.01
0.0049	0.0118	0.4348	0.1343	-0.1616	0.2728	-0.048	-0.9609	62	80	19	2	1	0.0021	0.4167	1	0.0128
0.0049	0.0423	0.4368	0.132	-0.1686	0.9399	0.1281	0.3165	79	81	19	2	2	0.0059	0.3	0	0.0128
0.0049	0.0123	0.4748	0.1441	-0.1558	0.7303	0.1402	-0.6686	80	82	19	2	3	0.0012	0.15	0	0.01
0.0049	0.0261	0.4817	0.1435	-0.164	0.7316	-0.6563	0.1848	81	0	19	2	4	0.0016	0.175	0	0.01
