radius (m)	length (m)	start_point	axis_direction	parent	extension	branch	branch_order	position_in_branch	mad	SurfCov	added	UnmodRadius (m)
0.0181	0.1081	-0.2321	-0.1869	-0.3056	0.791	-0.4176	0.4472	0	2	1	0	1	0.0034	0.15	0	0.0245
0.0106	0.0741	-0.1461	-0.2388	-0.2715	0.9002	-0.38	0.2126	1	3	1	0	2	0.0011	0.375	0	0.0096
0.0102	0.0517	-0.1039	-0.2439	-0.2549	0.3858	0.3793	0.841	2	4	1	0	3	0.0098	0.375	0	0.0088
0.0097	0.0147	-0.0911	-0.2247	-0.2114	-0.0474	0.8193	0.5714	3	5	1	0	4	0.0029	0.375	0	0.0086
0.0126	0.0307	-0.089	-0.2088	-0.2056	-0.5678	0.7026	0.4288	4	6	1	0	5	0.0012	0.3333	0	0.013
0.0126	0.0371	-0.0918	-0.1876	-0.1879	-0.1292	0.8674	0.4806	5	7	1	0	6	0.0011	0.3333	0	0.0136
0.0094	0.0204	-0.0866	-0.176	-0.1869	0.9091	0.415	0.0363	6	8	1	0	7	0.0054	0.4167	0	0.0094
0.0112	0.0028	-0.0828	-0.1697	-0.1941	0.4612	-0.5496	-0.6965	7	0	1	0	8	0.0035	0.2917	0	0.0124
0.0127	0.0533	-0.2467	-0.184	-0.2931	0.3089	0.2964	0.9037	1	10	57	1	1	0.0036	0.5833	0	0.0127
0.0127	0.0647	-0.2304	-0.1785	-0.2385	0.9467	0.1567	0.2815	9	11	57	1	2	0.0013	0.375	0	0.0111
0.0127	0.0237	-0.1645	-0.1671	-0.2392	0.969	-0.0836	0.2327	10	12	57	1	3	0.0013	0.2917	0	0.0123
0.0127	0.0231	-0.1416	-0.1673	-0.2391	0.5255	-0.8095	-0.2619	11	13	57	1	4	0.0009	0.3333	0	0.0125
0.0141	0.0436	-0.1345	-0.2014	-0.2297	0.4522	-0.6994	-0.5535	12	14	57	1	5	0.0007	0.2917	0	0.0151
0.0127	0.0306	-0.1127	-0.2165	-0.2595	0.861	-0.2733	-0.4288	13	15	57	1	6	0.01	0.05	0	0.01
0.0127	0.0108	-0.0968	-0.2366	-0.2656	0.6395	-0.7254	-0.2545	14	0	57	1	7	0.01	0.05	0	0.01
0.0097	0.0703	-0.0877	-0.2386	-0.2185	0.5155	0.233	0.8246	3	17	3	1	1	0.0037	0.475	1	0.0187
0.0097	0.0578	-0.0475	-0.2209	-0.1629	0.4197	0.3412	0.8411	16	18	3	1	2	0.0031	0.2	0	0.0187
0.0097	0.0143	-0.0198	-0.1949	-0.1259	0.6223	0.5959	0.5075	17	19	3	1	3	0.0058	0.625	0	0.0101
0.0083	0.0247	-0.0108	-0.188	-0.1043	0.0351	0.993	0.1128	18	20	3	1	4	0.0036	0.375	0	0.0083
0.0097	0.0335	0.0026	-0.1803	-0.1038	0.6528	0.3986	0.6442	19	21	3	1	5	0.0053	0.4688	0	0.0107
0.0076	0.0213	0.0256	-0.164	-0.0861	0.9245	0.1421	0.3537	20	22	3	1	6	0.0037	0.5	0	0.0076
0.0083	0.0311	0.0487	-0.1722	-0.0805	0.8895	0.2057	0.408	21	23	3	1	7	0.0044	0.4167	0	0.0083
0.0097	0.0302	0.0639	-0.1657	-0.0552	0.6938	-0.1986	0.6923	22	24	3	1	8	0.0086	0.4375	0	0.01
0.0096	0.0352	0.0773	-0.1695	-0.0309	0.4688	0.4408	0.7654	23	25	3	1	9	0.0019	0.15	0	0.0154
0.0096	0.0313	0.0847	-0.1359	-0.0207	-0.1389	0.6313	0.763	24	26	3	1	10	0.0049	0.4063	0	0.0125
0.0096	0.0382	0.0712	-0.1205	-0.0005	-0.5113	0.8038	0.3042	25	27	3	1	11	0.0045	0.35	0	0.0097
0.0096	0.0135	0.0636	-0.0834	0.0126	-0.4244	0.6421	0.6384	26	28	3	1	12	0.0062	0.4063	0	0.0111
0.0087	0.0378	0.0588	-0.073	0.0176	0.2529	0.847	0.4675	27	29	3	1	13	0.0009	0.375	0	0.0087
0.0092	0.024	0.0796	-0.0502	0.0373	0.5608	0.7575	0.3342	28	30	3	1	14	0.0053	0.4688	0	0.0092
0.0089	0.0245	0.0943	-0.0368	0.0519	0.7621	0.5794	0.2888	29	31	3	1	15	0.0008	0.2917	0	0.0089
0.0094	0.0411	0.095	-0.0226	0.0709	0.2041	0.9291	0.3083	30	32	3	1	16	0.0091	0.3438	0	0.0119
0.0068	0.0107	0.1036	0.0197	0.0765	-0.2041	0.8474	0.4901	31	33	3	1	17	0.0052	0.5	0	0.0056
0.0083	0.0419	0.0905	0.0192	0.0795	-0.6712	0.732	0.117	32	34	3	1	18	0.0054	0.375	0	0.0083
0.009	0.0479	0.0777	0.0633	0.0864	-0.6637	0.7477	0.0208	33	35	3	1	19	0.01	0.05	0	0.01
0.0089	0.0342	0.0698	0.0539	0.0948	0.2875	0.3013	0.9091	34	36	3	1	20	0.01	0.05	0	0.01
0.0092	0.0286	0.081	0.0762	0.0918	0.5459	0.7833	0.2973	35	37	3	1	21	0.0015	0.3333	0	0.011
0.0092	0.0443	0.0803	0.0828	0.0934	-0.4972	0.1397	0.8563	36	38	3	1	22	0.0102	0.375	0	0.0134
0.0087	0.0225	0.0689	0.0972	0.1445	-0.7117	-0.1696	0.6818	37	39	3	1	23	0.01	0.05	0	0.01
0.0092	0.0437	0.0704	0.0935	0.1176	-0.9012	0.2187	-0.3742	38	40	3	1	24	0.0012	0.375	0	0.0128
0.0085	0.032	0.0272	0.1034	0.1093	-0.7984	0.4549	-0.3944	39	41	3	1	25	0.01	0.05	0	0.01
0.0093	0.0005	-0.0003	0.1136	0.0943	-0.8732	0.4685	-0.1341	40	42	3	1	26	0.0012	0.4583	0	0.0139
0.0084	0.0421	0.0072	0.1186	0.0879	-0.6014	0.7827	-0.1602	41	43	3	1	27	0.001	0.2917	0	0.0084
0.0062	0.0342	-0.0151	0.1548	0.0858	-0.5085	0.824	-0.2501	42	44	3	1	28	0.0038	0.4375	0	0.0049
0.009	0.0391	-0.0274	0.1819	0.0889	-0.121	0.9816	0.148	43	45	3	1	29	0.0052	0.375	0	0.0101
0.0088	0.0037	-0.035	0.2169	0.1012	0.0492	0.8819	0.4689	44	46	3	1	30	0.0018	0.125	0	0.0163
0.0088	0.0282	-0.0359	0.2264	0.1023	0.8458	0.1926	0.4976	45	47	3	1	31	0.0011	0.375	0	0.0109
0.0083	0.0311	-0.0306	0.2405	0.1112	0.2641	0.8388	0.4761	46	48	3	1	32	0.0014	0.2083	0	0.0109
0.0078	0.0061	-0.027	0.2609	0.125	-0.7822	0.6027	0.1577	47	49	3	1	33	0.01	0.05	0	0.01
0.0077	0.0306	-0.0318	0.2646	0.1259	0.3356	0.8558	0.3937	48	50	3	1	34	0.01	0.05	0	0.01
0.0076	0.0263	-0.0215	0.2908	0.138	0.7323	0.433	0.5256	49	0	3	1	35	0.01	0.05	0	0.01
0.0071	0.0586	-0.1016	-0.1738	-0.1858	-0.0176	0.8823	0.4704	5	52	6	1	1	0.0039	0.5313	1	0.0064
0.007	0.0643	-0.1026	-0.122	-0.1582	-0.0301	0.8172	0.5755	51	53	6	1	2	0.0039	0.5313	0	0.0064
0.0107	0.0348	-0.0989	-0.0825	-0.1302	0.544	-0.3078	0.7806	52	54	6	1	3	0.001	0.375	0	0.0146
0.0108	0.0282	-0.0876	-0.0814	-0.0911	0.6155	-0.3297	0.7158	53	55	6	1	4	0.0046	0.4063	0	0.0131
0.0091	0.0293	-0.0589	-0.0834	-0.0801	0.6783	-0.1564	0.7179	54	56	6	1	5	0.01	0.05	0	0.01
0.0078	0.0162	-0.0508	-0.0718	-0.0661	0.612	0.645	0.4577	55	57	6	1	6	0.0011	0.3333	0	0.0078
0.0074	0.0346	-0.0449	-0.0717	-0.0526	0.5642	0.2465	0.788	56	58	6	1	7	0.0011	0.25	0	0.0074
0.0099	0.0385	-0.0237	-0.0526	-0.0357	-0.0011	0.7057	0.7085	57	59	6	1	8	0.005	0.1	0	0.018
0.0076	0.0533	-0.0376	-0.0322	-0.0179	-0.4456	0.8951	0.0155	58	60	6	1	9	0.004	0.3	0	0.0076
0.0079	0.0415	-0.0677	0.0047	-0.0127	-0.8343	0.5353	0.1319	59	61	6	1	10	0.01	0.05	0	0.01
0.0077	0.0013	-0.0597	0.0226	-0.0153	0.0844	0.9935	-0.0765	60	62	6	1	11	0.01	0.05	0	0.01
0.0076	0.0185	-0.0596	0.0239	-0.0154	0.2	0.8459	0.4944	61	0	6	1	12	0.01	0.05	0	0.01
0.0025	0.036	-0.2308	-0.1825	-0.2465	-0.7736	-0.5373	0.336	9	64	59	2	1	0.0101	0.3	1	0.01
0.0025	0.0329	-0.2662	-0.1919	-0.2232	0.5378	0.7768	-0.3276	63	65	59	2	2	0.0042	0.2	0	0.01
0.0025	0.021	-0.2545	-0.1647	-0.2362	0.3919	0.811	-0.4343	64	0	59	2	3	0.007	0.175	0	0.01
0.0092	0.0867	-0.0387	-0.2015	-0.1371	-0.0037	0.8671	0.4982	17	67	7	2	1	0.0062	0.375	0	0.0129
0.0081	0.0319	-0.0393	-0.13	-0.1075	0.2382	0.9348	-0.2635	66	68	7	2	2	0.01	0.05	0	0.01
0.0074	0.0272	-0.0339	-0.1198	-0.0911	-0.0395	0.7864	0.6165	67	69	7	2	3	0.0011	0.2917	0	0.0086
0.005	0.0027	-0.0329	-0.0983	-0.0754	0.0125	0.9886	0.1499	68	70	7	2	4	0.01	0.05	0	0.01
0.0038	0.0203	-0.0328	-0.0956	-0.075	0.0054	0.8982	-0.4396	69	0	7	2	5	0.01	0.05	0	0.01
0.0093	0.0299	0.0277	-0.1565	-0.082	0.275	0.8341	0.4782	21	72	19	2	1	0.0014	0.4583	1	0.0093
0.0093	0.0521	0.0359	-0.1316	-0.0677	-0.5373	-0.8429	-0.029	71	73	19	2	2	0.0014	0.4583	0	0.0093
0.0093	0.0109	0.0075	-0.1754	-0.0673	-0.9487	0.2284	-0.2184	72	74	19	2	3	0.01	0.05	0	0.01
0.0093	0.0003	-0.0004	-0.1732	-0.0693	-0.1951	-0.8436	0.5003	73	75	19	2	4	0.01	0.05	0	0.01
0.0093	0.0197	-0.0004	-0.1735	-0.0692	-0.0965	0.5042	0.8582	74	0	19	2	5	0.01	0.05	0	0.01
0.0092	0.012	0.0818	-0.1562	-0.0271	-0.0935	0.8513	-0.5163	24	77	20	2	1	0.01	0.05	1	0.01
0.0088	0.0344	0.0807	-0.146	-0.0333	-0.999	0.019	-0.0395	76	78	20	2	2	0.01	0.05	0	0.01
0.0071	0.0258	0.0462	-0.148	-0.0335	-0.848	0.2556	0.4643	77	79	20	2	3	0.0082	0.375	0	0.0071
0.0062	0.0062	0.0294	-0.1391	-0.0349	0.4642	-0.8854	0.0217	78	80	20	2	4	0.01	0.05	0	0.01
0.0043	0.0161	0.03	-0.1448	-0.0346	0.0846	0.2706	0.959	79	0	20	2	5	0.002	0.175	0	0.01
0.0037	0.1307	0.0781	-0.0592	0.062	-0.5841	0.8078	-0.0786	31	82	27	2	1	0.001	0.2917	0	0.0129
0.0025	0.0041	-0.0047	0.0475	0.0382	-0.3297	0.9153	0.2313	81	83	27	2	2	0.01	0.05	0	0.01
0.0025	0.0246	-0.006	0.0513	0.0391	-0.3936	0.918	-0.0483	82	0	27	2	3	0.01	0.05	0	0.01
0.0025	0.057	0.0756	0.0539	0.0906	-0.7433	-0.2386	-0.625	34	85	33	2	1	0.01	0.05	0	0.01
0.0025	0.0172	0.0332	0.0403	0.0549	-0.8494	-0.4149	0.3261	84	0	33	2	2	0.01	0.05	0	0.01
0.0078	0.029	0.0689	0.0788	0.0978	-0.8839	-0.4205	-0.2048	37	87	35	2	1	0.0015	0.4167	0	0.0078
0.0087	0.003	0.0483	0.0669	0.0881	-0.4889	-0.5345	-0.6894	86	88	35	2	2	0.01	0.05	0	0.01
0.0082	0.0373	0.0455	0.0677	0.0942	-0.9852	0.0151	-0.1708	87	89	35	2	3	0.0007	0.2917	0	0.0082
0.0087	0.0359	0.0206	0.0792	0.0766	-0.6662	-0.0416	-0.7446	88	90	35	2	4	0.0012	0.4167	0	0.0105
0.0084	0.018	-0.0037	0.0825	0.0576	-0.6685	0.6125	-0.4218	89	91	35	2	5	0.01	0.05	0	0.01
0.0083	0.0282	-0.0175	0.0922	0.0537	-0.7039	0.7065	-0.0734	90	92	35	2	6	0.01	0.05	0	0.01
0.0081	0.0003	-0.0228	0.0906	0.0423	-0.5231	0.0147	-0.8521	91	0	35	2	7	0.01	0.05	0	0.01
0.0106	0.0771	-0.015	0.147	0.0923	-0.8423	0.1834	-0.5069	43	94	44	2	1	0.01	0.05	0	0.01
0.0106	0.0421	-0.0742	0.1668	0.0613	-0.4736	0.8435	-0.2535	93	95	44	2	2	0.001	0.3333	0	0.0088
0.0106	0.0302	-0.0978	0.1947	0.0487	-0.8751	0.4559	-0.1625	94	96	44	2	3	0.01	0.05	0	0.01
0.0106	0.0303	-0.1197	0.2018	0.0423	-0.7683	-0.4153	-0.487	95	97	44	2	4	0.0014	0.25	0	0.0112
0.0106	0.0612	-0.1334	0.1811	0.0442	-0.6037	-0.7961	-0.0428	96	98	44	2	5	0.0042	0.4688	0	0.0106
0.0106	0.0328	-0.1549	0.142	0.0764	-0.3891	-0.8297	0.4002	97	99	44	2	6	0.01	0.05	0	0.01
0.0106	0.0165	-0.1318	0.1874	0.0379	-0.1321	-0.5305	-0.8373	98	0	44	2	7	0.01	0.05	0	0.01
0.0078	0.0329	-0.0225	0.2508	0.1257	0.3744	-0.6548	0.6565	47	101	47	2	1	0.0009	0.2917	1	0.007
0.0078	0.0163	-0.0102	0.2293	0.1473	0.6908	0.4861	-0.5353	100	102	47	2	2	0.0009	0.2917	0	0.007
0.0079	0.0268	0.0064	0.2363	0.1356	0.3924	-0.4186	0.819	101	103	47	2	3	0.0008	0.4583	0	0.0105
0.0078	0.0456	0.0232	0.2251	0.1477	0.7734	-0.4015	0.4905	102	104	47	2	4	0.003	0.4375	0	0.0078
0.0078	0.0304	0.0555	0.1994	0.1707	0.8889	-0.3171	0.3307	103	105	47	2	5	0.0047	0.375	0	0.0077
0.0078	0.0425	0.0824	0.1887	0.179	0.8136	-0.5366	0.224	104	106	47	2	6	0.0034	0.375	0	0.0064
0.0078	0.0222	0.1158	0.1693	0.1965	0.8243	-0.4651	0.323	105	107	47	2	7	0.0037	0.4063	0	0.012
0.0078	0.0217	0.1379	0.1599	0.1912	0.9291	-0.26	0.263	106	108	47	2	8	0.01	0.05	0	0.01
0.0078	0.0333	0.1317	0.1608	0.2084	0.4343	0.6476	0.6261	107	109	47	2	9	0.003	0.2	0	0.02
0.0078	0.0044	0.1468	0.1825	0.2231	0.2775	0.9595	0.0479	108	110	47	2	10	0.01	0.05	0	0.01
0.0078	0.0163	0.148	0.1867	0.2233	0.4607	0.7863	0.4116	109	111	47	2	11	0.01	0.05	0	0.01
0.0078	0.0311	0.1555	0.1995	0.23	0.978	0.0032	-0.2088	110	0	47	2	12	0.01	0.05	0	0.01
0.0079	0.0312	-0.0144	0.3001	0.1356	0.2443	0.8976	0.367	47	113	49	2	1	0.01	0.05	1	0.01
0.0077	0.0194	-0.0068	0.3281	0.147	-0.6475	0.0432	0.7608	112	114	49	2	2	0.01	0.05	0	0.01
0.0074	0.0517	-0.0268	0.3289	0.1616	-0.0049	0.9679	0.2511	113	115	49	2	3	0.0023	0.3	0	0.0142
0.0067	0.0281	-0.0307	0.3812	0.1629	-0.3655	0.8861	0.285	114	116	49	2	4	0.004	0.25	0	0.0136
0.0047	0.027	-0.0267	0.4064	0.1753	-0.0794	0.9793	0.1864	115	117	49	2	5	0.01	0.05	0	0.01
0.0034	0.0219	-0.0339	0.4065	0.1801	0.3376	-0.0558	-0.9396	116	0	49	2	6	0.0036	0.1	0	0.01
0.0103	0.0874	-0.0854	-0.0902	-0.097	-0.6976	0.3317	-0.6351	54	119	60	2	1	0.0028	0.5417	0	0.0118
0.0103	0.0304	-0.1431	-0.0585	-0.1512	-0.6619	0.7148	0.2258	118	120	60	2	2	0.0053	0.5	0	0.0105
0.0103	0.0297	-0.1638	-0.0445	-0.1542	-0.6499	0.6148	-0.4469	119	121	60	2	3	0.01	0.05	0	0.01
0.0103	0.0132	-0.1625	-0.0395	-0.1462	0.1424	0.8968	0.4189	120	0	60	2	4	0.01	0.05	0	0.01
0.0115	0.0309	-0.0967	-0.0873	-0.1085	-0.3843	0.8472	0.3668	53	123	14	2	1	0.0025	0.4167	0	0.0115
0.0115	0.061	-0.0987	-0.0471	-0.116	0.1966	0.7344	0.6496	122	124	14	2	2	0.0011	0.4167	0	0.0154
0.0115	0.0223	-0.0851	-0.0119	-0.0685	0.5899	0.5669	0.575	123	125	14	2	3	0.01	0.05	0	0.01
0.0115	0.0772	-0.0745	-0.0102	-0.0684	-0.9398	0.3278	-0.0965	124	126	14	2	4	0.0009	0.3333	0	0.0114
0.0115	0.0065	-0.141	0.02	-0.0833	-0.8157	0.1565	-0.5569	125	127	14	2	5	0.01	0.05	0	0.01
0.0115	0.0217	-0.1463	0.021	-0.0869	-0.844	0.5237	0.1157	126	0	14	2	6	0.01	0.05	0	0.01
0.0081	0.0345	-0.0153	-0.0366	-0.0123	0.4258	-0.7974	0.4277	58	129	16	2	1	0.0019	0.4167	0	0.0081
0.0091	0.0658	-0.0121	-0.0684	0.0023	0.2582	-0.6746	-0.6916	128	130	16	2	2	0.001	0.4167	0	0.0091
0.0089	0.0013	-0.0028	-0.1119	-0.0397	-0.2824	-0.8674	-0.4097	129	131	16	2	3	0.01	0.05	0	0.01
0.0087	0.0192	-0.0031	-0.113	-0.0402	0.1739	-0.7311	-0.6598	130	132	16	2	4	0.01	0.05	0	0.01
0.0085	0.0345	0.0002	-0.127	-0.0529	0.4886	-0.2722	-0.8289	131	0	16	2	5	0.01	0.05	0	0.01
0.0036	0.0344	-0.0333	-0.0941	-0.075	-0.7367	-0.5287	-0.4215	70	134	10	3	1	0.007	0.15	1	0.0175
0.0036	0.0239	-0.069	-0.1135	-0.0944	0.2524	-0.9149	-0.3151	133	135	10	3	2	0.0076	0.225	0	0.0175
0.0033	0.0083	-0.0653	-0.13	-0.1004	-0.6271	-0.0402	-0.7779	134	136	10	3	3	0.0034	0.175	0	0.01
0.003	0.0267	-0.068	-0.1288	-0.109	0.0811	-0.862	-0.5003	135	137	10	3	4	0.0015	0.125	0	0.01
0.0026	0.0178	-0.0693	-0.1528	-0.1214	-0.3219	0.2487	-0.9135	136	0	10	3	5	0.0006	0.1	0	0.01
0.0094	0.0862	-0.0074	0.053	0.0521	-0.3249	-0.698	-0.6382	81	139	30	3	1	0.0032	0.5	0	0.0094
0.0094	0.02	-0.0402	0.0036	0.0039	-0.9311	-0.2601	-0.2556	138	140	30	3	2	0.01	0.05	0	0.01
0.0094	0.0013	-0.0365	0.0042	-0.0004	-0.2175	0.9018	-0.3734	139	0	30	3	3	0.01	0.05	0	0.01
0.0074	0.0416	0.1261	0.1659	0.207	-0.5724	0.7771	-0.2617	108	142	50	3	1	0.0061	0.25	1	0.013
0.0071	0.0396	0.1124	0.2012	0.2096	-0.4309	0.8936	0.1257	141	143	50	3	2	0.0035	0.175	0	0.013
0.0063	0.0267	0.0923	0.2344	0.2167	-0.4287	0.861	0.2736	142	144	50	3	3	0.01	0.05	0	0.01
0.0054	0.0112	0.0933	0.2506	0.2087	0.0156	0.9193	-0.3934	143	145	50	3	4	0.01	0.05	0	0.01
0.0038	0.026	0.0964	0.2567	0.2067	0.8533	0.4804	-0.2027	144	0	50	3	5	0.0064	0.2	0	0.01
0.0025	0.0589	0.0098	0.3242	0.1384	-0.1953	0.5597	0.8054	113	147	63	3	1	0.01	0.05	0	0.01
0.0025	0.0267	-0.0017	0.3572	0.1859	0.6327	0.742	-0.2217	146	148	63	3	2	0.01	0.05	0	0.01
0.0025	0.0281	0.0151	0.377	0.1799	-0.2782	0.1374	0.9506	147	0	63	3	3	0.01	0.05	0	0.01
0.0096	0.0323	-0.1025	-0.0403	-0.0979	-0.4793	-0.1038	0.8715	123	150	17	3	1	0.0043	0.4063	1	0.0096
0.0096	0.0793	-0.118	-0.0436	-0.0697	-0.4648	-0.1145	-0.878	149	151	17	3	2	0.0043	0.4063	0	0.0096
0.0096	0.0006	-0.1545	-0.0541	-0.1387	-0.4009	-0.4918	-0.773	150	0	17	3	3	0.01	0.05	0	0.01
0.0085	0.0497	0.128	0.1218	0.0978	-0.7626	-0.0954	0.6398	0	153	36	0	1	0.0023	0.5	0	0.0085
0.0085	0.0049	0.0864	0.1213	0.122	-0.9037	-0.0372	0.4266	152	154	36	0	2	0.01	0.05	0	0.01
0.0085	0.0264	0.0812	0.1213	0.1261	-0.9267	-0.1719	-0.3341	153	0	36	0	3	0.01	0.05	0	0.01
0.0138	0.0352	0.1598	0.0822	0.1387	-0.607	-0.0255	-0.7943	0	156	65	0	1	0.0024	0.375	0	0.0138
0.0128	0.0098	0.1472	0.0742	0.1099	-0.6305	-0.7361	-0.2464	155	157	65	0	2	0.01	0.05	0	0.01
0.0128	0.0549	0.1413	0.0622	0.1031	-0.9802	-0.1657	0.1086	156	158	65	0	3	0.001	0.4167	0	0.0128
0.0128	0.0008	0.0947	0.0583	0.119	-0.6559	0.7501	0.0844	157	159	65	0	4	0.01	0.05	0	0.01
0.0128	0.0179	0.0943	0.0577	0.1194	-0.643	-0.3013	-0.7041	158	160	65	0	5	0.01	0.05	0	0.01
0.0128	0.0027	0.0826	0.0522	0.1066	-0.1198	-0.9758	0.1832	159	0	65	0	6	0.01	0.05	0	0.01
0.0128	0.0387	0.0568	0.219	0.1665	-0.2123	-0.4462	0.8694	0	162	53	0	1	0.0023	0.4167	0	0.0128
0.0128	0.022	0.0472	0.2021	0.1965	0.9015	-0.2435	-0.3578	161	163	53	0	2	0.0012	0.2917	0	0.011
0.0128	0.0047	0.0595	0.1846	0.1883	0.8463	-0.5326	0.0069	162	164	53	0	3	0.01	0.05	0	0.01
0.0128	0.0115	0.0634	0.1821	0.1883	0.9795	-0.1353	0.1493	163	0	53	0	4	0.01	0.05	0	0.01
0.0055	0.014	0.1477	0.0795	0.1002	0.8876	-0.119	-0.4449	155	166	37	1	1	0.0009	0.375	1	0.0103
0.0055	0.0365	0.1601	0.0778	0.094	0.4841	-0.8618	0.1517	165	167	37	1	2	0.0009	0.375	0	0.0103
0.0025	0.0212	0.1725	0.0475	0.1033	-0.1389	-0.9831	0.1195	166	0	37	1	3	0.0031	0.175	0	0.01
0.0122	0.0605	0.139	0.0757	0.1197	0.0045	0.9749	0.2225	156	169	38	1	1	0.0033	0.2917	0	0.0138
0.012	0.0669	0.1297	0.1189	0.1255	0.875	-0.4659	-0.1315	168	170	38	1	2	0.0015	0.4167	0	0.0121
0.0099	0.0369	0.1853	0.0871	0.1157	0.2098	-0.9777	0.0018	169	171	38	1	3	0.0039	0.5313	0	0.0099
0.01	0.0104	0.1849	0.0706	0.1163	0.0178	0.0341	-0.9993	170	172	38	1	4	0.01	0.05	0	0.01
0.01	0.0237	0.1836	0.0699	0.1061	0.5807	-0.783	0.2231	171	173	38	1	5	0.01	0.05	0	0.01
0.01	0.0205	0.1973	0.0513	0.1114	-0.6771	0.0312	0.7352	172	0	38	1	6	0.01	0.05	0	0.01
