radius (m)	length (m)	start_point	axis_direction	parent	extension	branch	branch_order	position_in_branch	mad	SurfCov	added	UnmodRadius (m)
0.02	0.0785	-0.3804	-0.0462	-0.2668	-0.3092	0.8919	0.33	0	2	1	0	1	0.0023	0.5	0	0.0202
0.016	0.0592	-0.3925	0.028	-0.248	0.4724	-0.8215	0.3192	1	3	1	0	2	0.0057	0.3	0	0.011
0.016	0.0335	-0.3554	0.0086	-0.2298	0.9397	-0.2907	0.1802	2	4	1	0	3	0.0101	0.4583	0	0.016
0.016	0.0373	-0.3269	0.0061	-0.2339	0.8361	0.5314	0.1363	3	5	1	0	4	0.0012	0.15	0	0.01
0.0204	0.0127	-0.2854	0.0144	-0.2178	0.7287	0.6837	0.0394	4	6	1	0	5	0.0011	0.4167	0	0.0217
0.016	0.0265	-0.2718	0.0107	-0.2176	0.6087	0.191	0.77	5	7	1	0	6	0.0041	0.15	0	0.01
0.016	0.0929	-0.2534	0.0042	-0.2313	-0.9209	-0.3839	0.0676	6	8	1	0	7	0.0056	0.25	0	0.0142
0.016	0.026	-0.2969	-0.0116	-0.2615	-0.4907	-0.3896	-0.7793	7	9	1	0	8	0.0024	0.15	0	0.01
0.016	0.0413	-0.3078	-0.027	-0.2276	-0.7009	-0.7118	-0.0456	8	10	1	0	9	0.0025	0.175	0	0.01
0.016	0.0427	-0.3352	-0.0583	-0.2284	-0.6889	-0.6734	-0.2684	9	0	1	0	10	0.0004	0.1	0	0.01
0.0128	0.0532	-0.2594	-0.0113	-0.2199	0.8374	-0.2721	0.4741	7	12	2	1	1	0.004	0.4167	0	0.0132
0.0109	0.0577	-0.2171	-0.0091	-0.1922	0.9827	0.11	0.1491	11	13	2	1	2	0.0011	0.2917	0	0.0109
0.0122	0.0421	-0.1629	-0.003	-0.1782	0.7452	0.5581	0.3651	12	14	2	1	3	0.0013	0.2917	0	0.0123
0.0098	0.0261	-0.1432	-0.0053	-0.166	0.5799	-0.3529	0.7343	13	15	2	1	4	0.0081	0.4583	0	0.0098
0.0091	0.0524	-0.1262	-0.0147	-0.1471	-0.0049	-0.7083	0.7059	14	16	2	1	5	0.0039	0.625	0	0.0064
0.01	0.0153	-0.1041	-0.0106	-0.1515	0.9116	-0.0928	0.4004	15	17	2	1	6	0.01	0.05	0	0.01
0.01	0.0003	-0.0994	0.0002	-0.1491	0.786	0.6151	0.0622	16	18	2	1	7	0.01	0.05	0	0.01
0.0117	0.0413	-0.0916	-0.0053	-0.1369	-0.8577	-0.3619	0.3651	17	19	2	1	8	0.001	0.4167	0	0.0117
0.0133	0.0427	-0.1216	-0.0317	-0.1264	-0.8208	-0.1685	-0.5457	18	20	2	1	9	0.0035	0.2	0	0.0247
0.01	0.0136	-0.1371	-0.0304	-0.1277	0.1787	-0.9611	0.2106	19	21	2	1	10	0.01	0.05	0	0.01
0.0091	0.0311	-0.1384	-0.0477	-0.1239	0.2718	-0.0371	0.9616	20	22	2	1	11	0.0058	0.5	0	0.0091
0.0099	0.0152	-0.1261	-0.036	-0.0959	0.0895	0.1124	0.9896	21	23	2	1	12	0.005	0.5417	0	0.0099
0.0134	0.049	-0.1219	-0.0566	-0.0798	0.7555	0.125	0.6431	22	24	2	1	13	0.0059	0.325	0	0.0175
0.0101	0.0134	-0.1083	-0.0665	-0.0477	0.4425	-0.6192	0.6487	23	25	2	1	14	0.0059	0.5	0	0.0101
0.0121	0.0121	-0.1096	-0.0661	-0.0444	-0.7366	-0.2146	0.6414	24	26	2	1	15	0.0011	0.3333	0	0.0126
0.0099	0.0563	-0.1154	-0.0706	-0.0358	0.5433	0.8187	-0.1859	25	27	2	1	16	0.0011	0.4583	0	0.0099
0.0131	0.0339	-0.0842	-0.0199	-0.0317	0.5563	0.7853	-0.2716	26	28	2	1	17	0.0054	0.2	0	0.0239
0.0111	0.0546	-0.0718	0.0014	-0.0297	0.8822	-0.1131	0.4571	27	29	2	1	18	0.0011	0.3333	0	0.0111
0.0085	0.0285	-0.0301	-0.0136	-0.0043	0.7447	-0.5264	0.4103	28	30	2	1	19	0.0042	0.4375	0	0.0078
0.0114	0.0266	-0.0064	-0.0277	0.0088	0.0754	-0.8859	0.4576	29	31	2	1	20	0.0015	0.2083	0	0.0116
0.0127	0.0444	0.0019	-0.0457	0.0219	0.5762	-0.7193	0.3881	30	32	2	1	21	0.0015	0.2917	0	0.0148
0.01	0.0418	0.0208	-0.0792	0.0459	0.4971	-0.81	0.3111	31	33	2	1	22	0.01	0.05	0	0.01
0.0121	0.0071	0.0611	-0.0751	0.0427	0.8872	-0.4613	-0.0111	32	34	2	1	23	0.0018	0.375	0	0.0131
0.01	0.0259	0.0628	-0.0744	0.053	0.4467	-0.7512	0.4859	33	35	2	1	24	0.01	0.05	0	0.01
0.0134	0.0419	0.0781	-0.0884	0.0664	0.6765	-0.3658	-0.6392	34	36	2	1	25	0.0053	0.275	0	0.0218
0.0111	0.0385	0.0969	-0.1188	0.0422	0.7832	-0.5468	-0.2961	35	37	2	1	26	0.0088	0.375	0	0.0114
0.01	0.0417	0.1176	-0.1415	0.0356	-0.098	-0.8672	-0.4882	36	38	2	1	27	0.01	0.05	0	0.01
0.0108	0.0169	0.1396	-0.1484	0.039	0.821	-0.4475	-0.3544	37	39	2	1	28	0.0008	0.4583	0	0.0109
0.01	0.0011	0.1509	-0.156	0.0422	0.9005	0.3553	0.2507	38	40	2	1	29	0.01	0.05	0	0.01
0.0107	0.0456	0.1483	-0.1532	0.0302	0.9602	0.0031	-0.2792	39	41	2	1	30	0.0013	0.5	0	0.0108
0.01	0.0062	0.1857	-0.1526	0.0155	0.0544	0.994	0.0953	40	42	2	1	31	0.01	0.05	0	0.01
0.0076	0.0652	0.1863	-0.1461	0.0201	0.9501	0.3037	-0.0705	41	43	2	1	32	0.0006	0.4167	0	0.0056
0.01	0.0012	0.2462	-0.1231	0.0173	0.8657	0.4463	0.2267	42	44	2	1	33	0.01	0.05	0	0.01
0.009	0.0529	0.2549	-0.1198	0.0168	0.3484	-0.9163	0.1973	43	45	2	1	34	0.0011	0.4583	0	0.009
0.0112	0.0455	0.2871	-0.1509	0.0192	0.7327	-0.6584	-0.1721	44	46	2	1	35	0.0074	0.4063	0	0.0124
0.0071	0.027	0.3212	-0.1781	0.018	0.9924	-0.0999	-0.0716	45	47	2	1	36	0.0034	0.5625	0	0.0071
0.0097	0.0115	0.3354	-0.1885	0.0372	0.8717	-0.117	0.4759	46	48	2	1	37	0.0071	0.5	0	0.0099
0.0091	0.0329	0.3474	-0.1952	0.0364	0.2785	-0.6863	0.6719	47	49	2	1	38	0.01	0.05	0	0.01
0.0104	0.0661	0.3544	-0.216	0.0597	0.0916	0.6553	-0.7498	48	50	2	1	39	0.001	0.2917	0	0.0125
0.0089	0.0241	0.3611	-0.1829	0.0034	-0.1959	0.5333	-0.823	49	51	2	1	40	0.01	0.05	0	0.01
0.0088	0.0232	0.3656	-0.1853	0.0141	0.4908	0.8293	0.2673	50	0	2	1	41	0.01	0.05	0	0.01
0.0025	0.0648	-0.2767	-0.0157	-0.2184	-0.5296	-0.8481	0.0167	11	53	62	2	1	0.01	0.05	0	0.01
0.0025	0.048	-0.311	-0.0705	-0.2173	-0.7771	0.2211	-0.5893	52	54	62	2	2	0.01	0.05	0	0.01
0.0025	0.0236	-0.3285	-0.089	-0.2336	-0.5792	-0.6124	-0.5381	53	0	62	2	3	0.01	0.05	0	0.01
0.0025	0.0578	-0.1769	-0.0138	-0.1857	-0.2503	0.0791	-0.9649	12	56	3	2	1	0.0135	0.275	1	0.01
0.0025	0.022	-0.1882	0.0004	-0.2309	-0.7488	0.5867	-0.3082	55	57	3	2	2	0.0066	0.225	0	0.01
0.0025	0.0307	-0.202	0.0138	-0.2385	-0.3263	0.4922	-0.8071	56	0	3	2	3	0.0054	0.125	0	0.01
0.0112	0.0826	-0.0969	-0.0586	-0.0155	0.474	-0.88	-0.0294	27	59	12	2	1	0.0011	0.4167	0	0.0112
0.0101	0.0184	-0.0432	-0.1379	-0.0188	-0.2791	-0.5068	-0.8156	58	60	12	2	2	0.0057	0.4583	0	0.0101
0.01	0.0007	-0.0442	-0.1387	-0.0237	0.8746	-0.4826	0.0472	59	61	12	2	3	0.01	0.05	0	0.01
0.0102	0.0499	-0.0362	-0.1439	-0.0302	-0.4048	-0.8897	0.2113	60	62	12	2	4	0.0011	0.3333	0	0.0105
0.007	0.0386	-0.0543	-0.1868	-0.0225	0.3221	-0.9117	-0.2549	61	63	12	2	5	0.004	0.4583	0	0.007
0.0081	0.0332	-0.0357	-0.2188	-0.038	0.2164	-0.9326	-0.289	62	64	12	2	6	0.01	0.05	0	0.01
0.0074	0.0192	-0.0501	-0.2361	-0.0269	-0.3572	-0.9062	0.2264	63	0	12	2	7	0.01	0.05	0	0.01
0.0105	0.063	-0.0766	-0.0053	-0.0222	-0.9105	0.1156	-0.3969	28	66	13	2	1	0.0027	0.375	0	0.0152
0.0102	0.0018	-0.1419	-0.0026	-0.045	-0.5386	0.7339	-0.4139	65	67	13	2	2	0.01	0.05	0	0.01
0.0101	0.0433	-0.1429	-0.0013	-0.0457	0.3826	0.3384	-0.8597	66	68	13	2	3	0.01	0.05	0	0.01
0.01	0.0219	-0.1263	0.0133	-0.0829	0.3115	0.7301	-0.6082	67	0	13	2	4	0.01	0.05	0	0.01
0.0105	0.0627	-0.0097	0.003	0.0083	-0.7339	0.6042	0.3102	28	70	16	2	1	0.0083	0.4583	0	0.0156
0.0105	0.0156	-0.0341	0.049	0.0218	-0.4115	0.5638	-0.7161	69	71	16	2	2	0.0066	0.5625	0	0.013
0.0105	0.0526	-0.0383	0.0573	0.0288	0.8404	0.5352	-0.0859	70	72	16	2	3	0.0062	0.4167	0	0.0146
0.0084	0.0297	-0.021	0.0998	0.0033	0.4449	0.8946	0.0413	71	73	16	2	4	0.0086	0.325	0	0.0071
0.0084	0.0398	-0.021	0.1264	0.0225	-0.059	0.9971	-0.0489	72	74	16	2	5	0.0068	0.2708	0	0.0076
0.0104	0.0282	-0.0277	0.165	0.0141	-0.1464	0.9863	-0.0754	73	75	16	2	6	0.0039	0.35	0	0.0107
0.0084	0.0341	-0.0293	0.1915	0.0191	-0.1934	0.951	0.2413	74	76	16	2	7	0.0032	0.4063	0	0.0084
0.01	0.0204	-0.0432	0.2042	0.0116	-0.9601	0.2225	0.1695	75	77	16	2	8	0.01	0.05	0	0.01
0.0103	0.0441	-0.0287	0.2122	0.0171	-0.1113	0.9724	0.205	76	78	16	2	9	0.0009	0.4167	0	0.0121
0.0101	0.0604	-0.0375	0.2556	0.0268	0.0847	0.9646	-0.2496	77	79	16	2	10	0.0012	0.2917	0	0.0127
0.0097	0.0222	-0.0292	0.3154	0.0112	-0.4596	0.8857	-0.0657	78	80	16	2	11	0.01	0.05	0	0.01
0.0084	0.03	-0.0241	0.3311	0.0123	0.2772	0.943	-0.1841	79	81	16	2	12	0.0009	0.3333	0	0.0073
0.0099	0.0335	-0.0207	0.3607	-0.0097	-0.6127	0.7493	0.2512	80	82	16	2	13	0.0008	0.2917	0	0.0243
0.0095	0.0027	-0.0275	0.3897	0.0177	-0.6717	0.652	0.3516	81	83	16	2	14	0.01	0.05	0	0.01
0.0096	0.0404	-0.0357	0.3975	0.0163	0.6738	0.7364	0.0615	82	84	16	2	15	0.001	0.375	0	0.0099
0.0084	0.0325	-0.0192	0.4256	0.0172	-0.1508	0.9875	0.0453	83	85	16	2	16	0.0009	0.25	0	0.0083
0.0092	0.016	-0.022	0.4529	0.0261	-0.1991	0.7941	0.5743	84	86	16	2	17	0.01	0.05	0	0.01
0.0084	0.0276	-0.0189	0.4639	0.0277	0.3634	0.9266	0.0969	85	87	16	2	18	0.0007	0.375	0	0.0057
0.0091	0.0174	-0.0065	0.4853	0.033	0.7415	0.6039	0.2923	86	88	16	2	19	0.01	0.05	0	0.01
0.009	0.0155	-0.0069	0.4956	0.0404	0.1568	0.357	0.9208	87	89	16	2	20	0.01	0.05	0	0.01
0.0089	0.0259	-0.0068	0.5039	0.0396	0.0591	0.9829	0.1745	88	0	16	2	21	0.01	0.05	0	0.01
0.0105	0.0223	0.0923	-0.1292	0.0414	-0.9293	-0.3263	0.1729	36	91	37	2	1	0.0018	0.25	1	0.0127
0.0105	0.0262	0.0716	-0.1365	0.0453	-0.8841	-0.3314	0.3294	90	92	37	2	2	0.0018	0.25	0	0.0127
0.01	0.0101	0.0537	-0.1464	0.0546	-0.2258	-0.493	0.8402	91	93	37	2	3	0.01	0.05	0	0.01
0.01	0.0292	0.0514	-0.1514	0.0631	-0.2258	-0.4927	-0.8404	92	94	37	2	4	0.01	0.05	0	0.01
0.01	0.105	0.0684	-0.1663	0.0176	0.2479	0.9348	0.2545	93	95	37	2	5	0.0117	0.1333	0	0.026
0.0089	0.0736	0.0937	-0.0661	0.0295	-0.0444	0.9898	0.1351	94	96	37	2	6	0.01	0.05	0	0.01
0.0094	0.0027	0.0727	-0.041	0.0317	-0.9215	0.3033	0.2427	95	97	37	2	7	0.0072	0.275	0	0.018
0.009	0.0349	0.076	-0.0423	0.0225	-0.1424	0.9469	-0.2885	96	98	37	2	8	0.0043	0.2	0	0.0154
0.0085	0.0559	0.0744	-0.0102	0.0167	0.1144	0.9843	0.1346	97	99	37	2	9	0.0012	0.3333	0	0.011
0.0062	0.0249	0.0791	0.0436	0.0301	0.0381	0.9782	0.2042	98	100	37	2	10	0.01	0.05	0	0.01
0.0054	0.0059	0.0984	0.051	0.0236	0.6397	0.7622	-0.0991	99	101	37	2	11	0.01	0.05	0	0.01
0.0043	0.0408	0.1032	0.0542	0.0251	0.8596	0.5008	-0.1012	100	0	37	2	12	0.0037	0.175	0	0.01
0.0136	0.0598	0.0742	-0.0864	0.0514	0.3947	-0.4917	-0.7762	34	103	42	2	1	0.0034	0.4167	0	0.0136
0.0136	0.0028	0.1081	-0.1045	0.0111	0.6025	-0.1176	-0.7894	102	104	42	2	2	0.01	0.05	0	0.01
0.0136	0.0253	0.1098	-0.1048	0.0089	-0.6166	0.6145	0.4922	103	0	42	2	3	0.01	0.05	0	0.01
0.0103	0.0222	0.1489	-0.1463	0.0407	-0.2073	0.967	-0.1483	39	106	43	2	1	0.0024	0.4167	1	0.0103
0.0103	0.0361	0.1443	-0.1249	0.0374	0.076	0.5982	-0.7977	105	107	43	2	2	0.0024	0.4167	0	0.0103
0.0103	0.0525	0.1485	-0.1037	0.0071	0.007	0.9748	-0.223	106	108	43	2	3	0.0009	0.3333	0	0.0099
0.0103	0.0072	0.1504	-0.0544	0.0004	0.4083	0.8856	0.2212	107	109	43	2	4	0.01	0.05	0	0.01
0.0103	0.0196	0.1528	-0.0466	-0.0049	-0.4203	0.8816	0.2147	108	0	43	2	5	0.01	0.05	0	0.01
0.0144	0.0149	0.3497	-0.1847	0.0375	0.1259	0.9909	-0.0468	48	111	58	2	1	0.0032	0.4167	1	0.0144
0.0144	0.0621	0.3516	-0.1699	0.0368	-0.2563	0.9666	0.0054	110	112	58	2	2	0.0032	0.4167	0	0.0144
0.0144	0.0286	0.3371	-0.1196	0.0318	0.9904	0.0972	0.0986	111	113	58	2	3	0.001	0.2917	0	0.0102
0.0144	0.0009	0.3675	-0.1193	0.0416	0.9649	0.0644	-0.2546	112	114	58	2	4	0.01	0.05	0	0.01
0.0144	0.0072	0.3685	-0.1233	0.0384	0.2849	-0.552	0.7837	113	0	58	2	5	0.01	0.05	0	0.01
0.0146	0.0462	-0.12	-0.0756	-0.1681	-0.3551	-0.5139	0.7809	0	116	63	0	1	0.0034	0.4583	0	0.0146
0.0146	0.015	-0.1332	-0.1017	-0.1412	0.9274	0.2654	0.2635	115	117	63	0	2	0.01	0.05	0	0.01
0.0146	0.0365	-0.1193	-0.0977	-0.1373	0.2324	0.7661	-0.5992	116	0	63	0	3	0.01	0.05	0	0.01
0.0108	0.041	-0.1009	0.0007	-0.0554	-0.1867	0.9517	-0.2439	0	119	15	0	1	0.005	0.2	0	0.0167
0.0109	0.0504	-0.1083	0.0336	-0.0542	0.7069	-0.6153	-0.3489	118	120	15	0	2	0.0026	0.5	0	0.0108
0.0118	0.0023	-0.0738	0.0017	-0.0706	0.5504	-0.8287	-0.1016	119	0	15	0	3	0.003	0.375	0	0.0126
0.0119	0.0819	-0.0341	0.0295	0.0298	0.91	-0.2416	0.3368	69	122	20	3	1	0.0034	0.4167	0	0.0119
0.0119	0.0123	0.0427	0.0153	0.0478	0.9705	-0.2203	0.0976	121	123	20	3	2	0.01	0.05	0	0.01
0.0119	0.0436	0.0458	0.0135	0.0486	-0.0227	-0.5812	-0.8134	122	0	20	3	3	0.0021	0.3333	0	0.0116
0.015	0.1325	-0.0611	0.0327	0.0316	0.2077	-0.6752	0.7078	69	125	21	3	1	0.0034	0.4167	0	0.015
0.015	0.0609	-0.0465	-0.0652	0.1121	0.2414	-0.9068	0.3457	124	126	21	3	2	0.01	0.05	0	0.01
0.015	0.0168	-0.0126	-0.101	0.1385	0.4142	-0.5962	0.6877	125	127	21	3	3	0.0024	0.3	0	0.0204
0.015	0.0008	-0.0115	-0.1016	0.1571	-0.0489	-0.6191	0.7838	126	128	21	3	4	0.01	0.05	0	0.01
0.015	0.0646	-0.0118	-0.1162	0.1428	-0.1454	-0.7161	0.6827	127	129	21	3	5	0.0044	0.25	0	0.0271
0.015	0.0091	-0.0283	-0.1602	0.1793	-0.0653	-0.9704	-0.2323	128	130	21	3	6	0.01	0.05	0	0.01
0.015	0.0761	-0.0314	-0.1847	0.1711	0.7576	-0.3326	0.5617	129	131	21	3	7	0.0016	0.3333	0	0.0175
0.015	0.009	0.0092	-0.1999	0.2165	-0.3286	-0.7165	0.6154	130	132	21	3	8	0.01	0.05	0	0.01
0.015	0.0266	0.0061	-0.2059	0.2223	0.8929	-0.1389	0.4284	131	133	21	3	9	0.01	0.05	0	0.01
0.015	0.011	0.0292	-0.2108	0.2348	-0.2418	0.7162	0.6546	132	0	21	3	10	0.01	0.05	0	0.01
0.0082	0.1541	-0.0922	0.0229	0.0449	0.7656	0.609	0.2072	71	135	64	3	1	0.0078	0.4688	0	0.0082
0.0099	0.044	0.028	0.0944	0.0836	0.5288	0.2928	0.7966	134	136	64	3	2	0.0074	0.3438	0	0.0161
0.0098	0.0209	0.0556	0.1	0.1085	0.6777	-0.4336	0.5938	135	137	64	3	3	0.0059	0.4063	0	0.0113
0.0097	0.037	0.0617	0.0985	0.1247	0.6645	0.3661	0.6515	136	138	64	3	4	0.0041	0.4063	0	0.0109
0.0092	0.0567	0.0919	0.1085	0.1434	0.7555	0.4476	0.4783	137	139	64	3	5	0.01	0.05	0	0.01
0.009	0.0374	0.0933	0.1509	0.1562	0.2415	0.8977	0.3686	138	140	64	3	6	0.01	0.05	0	0.01
0.0088	0.0275	0.0679	0.138	0.1543	-0.8056	0.4807	0.3463	139	0	64	3	7	0.01	0.05	0	0.01
0.0104	0.0451	-0.0224	0.1362	0.0136	-0.1019	-0.055	-0.9933	73	142	26	3	1	0.0013	0.375	1	0.014
0.0104	0.0394	-0.027	0.1337	-0.0312	-0.9921	-0.0372	0.1201	141	143	26	3	2	0.0013	0.375	0	0.014
0.0104	0.0395	-0.0628	0.1399	-0.0313	-0.879	0.0829	-0.4696	142	144	26	3	3	0.0015	0.4167	0	0.0104
0.0104	0.0277	-0.0919	0.1423	-0.0544	-0.5983	0.1948	-0.7772	143	145	26	3	4	0.0014	0.25	0	0.0101
0.0104	0.0027	-0.1024	0.1387	-0.0721	-0.4874	-0.5997	-0.6347	144	146	26	3	5	0.01	0.05	0	0.01
0.0104	0.0197	-0.1037	0.1371	-0.0738	-0.7632	-0.4756	-0.4374	145	0	26	3	6	0.01	0.05	0	0.01
0.0146	0.0128	0.093	-0.1335	0.0513	0.2328	-0.3516	0.9067	90	148	44	3	1	0.0032	0.4583	1	0.0146
0.0146	0.0487	0.096	-0.138	0.0629	0.2126	-0.6122	-0.7616	147	149	44	3	2	0.0032	0.4583	0	0.0146
0.0146	0.01	0.1115	-0.1639	0.0297	0.5299	-0.8363	0.1408	148	150	44	3	3	0.01	0.05	0	0.01
0.0146	0.022	0.1232	-0.1663	0.0365	0.6022	0.0745	-0.7948	149	151	44	3	4	0.01	0.05	0	0.01
0.0146	0.0086	0.135	-0.1644	0.0201	0.1795	0.9812	-0.0704	150	0	44	3	5	0.01	0.05	0	0.01
0.0085	0.0175	0.0808	-0.0299	0.0127	0.6363	0.3101	-0.7064	97	153	49	3	1	0.003	0.3333	1	0.0211
0.0085	0.0604	0.0976	-0.0294	0.0126	0.684	0.7291	-0.0238	152	154	49	3	2	0.0044	0.35	0	0.0211
0.0085	0.0059	0.1278	0.0156	0.022	0.1174	0.9926	0.0314	153	155	49	3	3	0.01	0.05	0	0.01
0.0082	0.0302	0.1281	0.0204	0.0182	0.8446	0.4838	-0.2292	154	0	49	3	4	0.0016	0.3333	0	0.0082
0.0142	0.0571	-0.0052	-0.1956	0.2161	-0.2814	0.1566	-0.9467	131	157	50	4	1	0.0031	0.4583	0	0.0159
0.0142	0.0059	-0.0271	-0.199	0.1655	-0.6175	0.0656	-0.7838	156	158	50	4	2	0.01	0.05	0	0.01
0.0142	0.0205	-0.0307	-0.1986	0.1609	-0.6398	0.7478	-0.177	157	159	50	4	3	0.01	0.05	0	0.01
0.0142	0.0156	-0.0438	-0.1833	0.1573	-0.7286	0.4066	0.5512	158	0	50	4	4	0.01	0.05	0	0.01
0.0146	0.0761	0.0702	0.0911	0.119	-0.5856	-0.4708	-0.6599	138	161	22	4	1	0.0014	0.2917	1	0.0173
0.0146	0.0286	0.0256	0.0553	0.0687	-0.8869	-0.3909	0.2462	160	162	22	4	2	0.0014	0.2917	0	0.0173
0.0146	0.0017	0.0051	0.044	0.0752	0.0741	-0.714	0.6962	161	163	22	4	3	0.01	0.05	0	0.01
0.0146	0.0014	0.0053	0.0428	0.0764	0.6531	-0.5539	-0.5164	162	164	22	4	4	0.01	0.05	0	0.01
0.0146	0.0535	0.0114	0.0393	0.0877	-0.4483	-0.8938	-0.0099	163	165	22	4	5	0.0012	0.3333	0	0.0105
0.0146	0.0014	-0.0029	-0.0119	0.0804	-0.4312	-0.8861	-0.1698	164	166	22	4	6	0.01	0.05	0	0.01
0.0146	0.0427	-0.0006	-0.0208	0.0919	-0.8987	0.2328	0.3718	165	167	22	4	7	0.0015	0.5	0	0.0146
0.0146	0.007	-0.0341	-0.0086	0.1103	-0.4251	0.9044	0.0368	166	168	22	4	8	0.01	0.05	0	0.01
0.0146	0.0072	-0.039	-0.0001	0.1075	-0.8667	-0.1064	0.4873	167	169	22	4	9	0.01	0.05	0	0.01
0.0146	0.0187	-0.0452	-0.0009	0.1109	-0.9864	-0.0418	-0.1587	168	0	22	4	10	0.01	0.05	0	0.01
0.0123	0.0352	0.0208	0.1017	0.0816	-0.7555	0.2831	-0.5909	135	171	27	4	1	0.0036	0.4583	1	0.0123
0.0123	0.0619	-0.0059	0.1116	0.0608	-0.5087	0.2842	-0.8127	170	172	27	4	2	0.0036	0.4583	0	0.0123
0.0123	0.0351	-0.03	0.1362	0.0109	-0.5532	0.6195	-0.5569	171	173	27	4	3	0.0075	0.3438	0	0.011
0.0123	0.0279	-0.0652	0.1509	0.009	-0.6184	0.7432	-0.2555	172	174	27	4	4	0.01	0.05	0	0.01
0.0123	0.0186	-0.0582	0.1533	0.0059	0.3927	0.3332	-0.8572	173	175	27	4	5	0.01	0.05	0	0.01
0.0123	0.0204	-0.0509	0.1595	-0.0101	0.0294	0.9993	-0.0235	174	0	27	4	6	0.01	0.05	0	0.01
0.0025	0.0437	-0.0222	0.1202	0.0168	0.6017	-0.7784	0.1789	171	177	67	5	1	0.0089	0.275	1	0.01
0.0025	0.0394	-0.0048	0.0796	0.0229	0.5661	-0.8012	0.1941	176	178	67	5	2	0.0036	0.15	0	0.01
0.0025	0.0096	0.0197	0.0458	0.0308	-0.6865	-0.6645	0.2952	177	0	67	5	3	0.0034	0.125	0	0.01
