radius (m)	length (m)	start_point	axis_direction	parent	extension	branch	branch_order	position_in_branch	mad	SurfCov	added	UnmodRadius (m)
0.0129	0.0781	0.0769	-0.0873	-0.2454	-0.2624	-0.0524	0.9635	0	2	1	0	1	0.0039	0.625	0	0.0129
0.0146	0.0806	0.0772	-0.057	-0.1803	-0.2804	0.423	0.8617	1	3	1	0	2	0.0101	0.2292	0	0.0146
0.0109	0.0435	0.045	-0.0201	-0.1146	-0.0508	0.7358	0.6753	2	4	1	0	3	0.01	0.05	0	0.01
0.0114	0.0619	0.0571	0.0114	-0.0862	0.0714	0.6579	0.7497	3	5	1	0	4	0.0017	0.2917	0	0.0114
0.0141	0.0248	0.068	-0.0222	-0.089	-0.196	-0.5536	0.8094	4	6	1	0	5	0.0015	0.2917	0	0.0141
0.0133	0.0233	0.055	-0.0296	-0.0611	-0.4771	-0.8572	0.1942	5	7	1	0	6	0.0008	0.3333	0	0.0133
0.0135	0.0495	0.0426	-0.0487	-0.0566	0.5833	0.7969	0.1573	6	8	1	0	7	0.002	0.4167	0	0.0135
0.0116	0.0362	0.0496	-0.0072	-0.0389	0.3339	0.7334	0.5921	7	9	1	0	8	0.0089	0.4167	0	0.0116
0.0136	0.032	0.0783	0.011	-0.0147	0.0496	0.4018	0.9144	8	10	1	0	9	0.0046	0.225	0	0.0162
0.01	0.0016	0.0499	0.0297	0.0023	-0.293	0.3596	0.8859	9	11	1	0	10	0.01	0.05	0	0.01
0.0124	0.0506	0.0437	0.0316	0.0143	0.8782	-0.0354	0.4771	10	12	1	0	11	0.0013	0.375	0	0.0135
0.0127	0.0239	0.0724	0.0214	0.0383	0.4561	-0.8613	0.2237	11	13	1	0	12	0.0007	0.3333	0	0.0151
0.0074	0.0389	0.0736	0.0185	0.0499	-0.745	-0.5429	0.3876	12	14	1	0	13	0.0046	0.4167	0	0.007
0.0093	0.0322	0.0582	0.0106	0.0465	-0.8491	0.4125	-0.3299	13	15	1	0	14	0.01	0.05	0	0.01
0.0089	0.031	0.0449	0.0104	0.0656	-0.8517	0.191	0.4879	14	0	1	0	15	0.01	0.05	0	0.01
0.0139	0.0444	0.0882	-0.0739	-0.1991	-0.3449	0.829	0.4402	2	17	2	1	1	0.0023	0.2	0	0.021
0.0137	0.0737	0.0741	-0.0454	-0.1674	0.5164	0.7302	0.4473	16	18	2	1	2	0.0068	0.15	0	0.0273
0.01	0.0142	0.1001	-0.0057	-0.1224	-0.0307	0.6646	0.7466	17	19	2	1	3	0.01	0.05	0	0.01
0.0089	0.0761	0.0997	0.0037	-0.1118	0.3608	0.8415	-0.4022	18	20	2	1	4	0.01	0.05	0	0.01
0.0048	0.0318	0.1262	0.0687	-0.1415	0.3144	0.7994	-0.512	19	0	2	1	5	0.0047	0.1	0	0.01
0.0103	0.0594	0.0664	-0.0351	-0.0575	-0.8103	-0.3442	0.4743	6	22	4	1	1	0.0025	0.25	0	0.0103
0.01	0.0027	0.0191	-0.0572	-0.0354	-0.3687	-0.9113	0.1831	21	23	4	1	2	0.01	0.05	0	0.01
0.01	0.0172	0.0182	-0.0596	-0.035	-0.7894	-0.1393	-0.5979	22	24	4	1	3	0.01	0.05	0	0.01
0.0091	0.0585	0.0122	-0.0621	-0.044	-0.1176	-0.7434	0.6585	23	25	4	1	4	0.0011	0.2917	0	0.0089
0.01	0.025	0.0145	-0.0957	-0.002	-0.0781	-0.2673	0.9604	24	26	4	1	5	0.01	0.05	0	0.01
0.0121	0.0506	0.0109	-0.0868	0.0159	-0.538	-0.3613	-0.7616	25	27	4	1	6	0.0021	0.25	0	0.0175
0.01	0.0044	-0.0129	-0.1142	-0.0163	-0.4861	-0.6192	-0.6166	26	28	4	1	7	0.01	0.05	0	0.01
0.0121	0.0378	-0.0149	-0.1277	-0.0323	-0.8106	0.4497	-0.3751	27	29	4	1	8	0.0038	0.25	0	0.0254
0.01	0.0006	-0.0385	-0.1071	-0.0535	-0.6127	0.7584	-0.2223	28	30	4	1	9	0.01	0.05	0	0.01
0.0106	0.0384	-0.0394	-0.099	-0.0614	-0.5731	0.5642	0.5943	29	31	4	1	10	0.0011	0.3333	0	0.0106
0.012	0.0449	-0.0589	-0.0714	-0.0319	-0.594	-0.4766	0.6481	30	32	4	1	11	0.0029	0.2	0	0.0171
0.0099	0.0232	-0.0869	-0.0874	-0.0066	-0.9239	0.0452	0.38	31	33	4	1	12	0.0011	0.375	0	0.0099
0.0097	0.0409	-0.1076	-0.0795	-0.0005	-0.8629	0.2634	0.4312	32	34	4	1	13	0.0009	0.25	0	0.0097
0.01	0.0358	-0.133	-0.0746	0.026	-0.5577	0.2486	0.7919	33	35	4	1	14	0.01	0.05	0	0.01
0.0109	0.0389	-0.1339	-0.0779	0.0144	-0.6699	0.5582	-0.4895	34	36	4	1	15	0.0013	0.375	0	0.0109
0.0119	0.0379	-0.1611	-0.062	-0.0132	-0.9607	0.2727	-0.0515	35	37	4	1	16	0.001	0.3333	0	0.0165
0.01	0.0004	-0.1945	-0.0426	-0.0036	-0.9587	-0.0427	0.2813	36	38	4	1	17	0.01	0.05	0	0.01
0.0091	0.0603	-0.2028	-0.0442	-0.006	-0.0655	-0.7352	0.6747	37	39	4	1	18	0.0012	0.2917	0	0.0079
0.0117	0.0544	-0.2084	-0.0873	0.0342	-0.5968	-0.4569	0.6596	38	40	4	1	19	0.0029	0.16	0	0.0265
0.0095	0.0071	-0.2432	-0.1189	0.0632	-0.7634	-0.3164	0.5631	39	41	4	1	20	0.0071	0.375	0	0.0095
0.0121	0.0169	-0.2476	-0.1218	0.0727	-0.3712	-0.9272	-0.0497	40	42	4	1	21	0.0057	0.5	0	0.0127
0.0091	0.0451	-0.2641	-0.1241	0.0756	-0.7367	-0.6338	0.2359	41	43	4	1	22	0.0101	0.4583	0	0.0091
0.0103	0.0277	-0.2951	-0.1392	0.0638	-0.9931	-0.0241	-0.115	42	44	4	1	23	0.0048	0.275	0	0.0103
0.01	0.0227	-0.3092	-0.158	0.0805	-0.8518	-0.514	0.1018	43	45	4	1	24	0.01	0.05	0	0.01
0.01	0.0061	-0.3082	-0.1433	0.0673	-0.7257	0.1644	-0.6681	44	46	4	1	25	0.01	0.05	0	0.01
0.0099	0.0263	-0.3126	-0.1423	0.0632	-0.8793	-0.2607	0.3985	45	47	4	1	26	0.01	0.05	0	0.01
0.0099	0.0204	-0.3357	-0.1492	0.0737	-0.9696	-0.2399	0.0473	46	0	4	1	27	0.01	0.05	0	0.01
0.0025	0.0376	0.1085	0.0291	0.0415	-0.1089	-0.9789	-0.1729	11	49	36	1	1	0.01	0.05	0	0.01
0.0025	0.0118	0.1028	-0.0085	0.0354	0.0142	-0.481	-0.8766	48	50	36	1	2	0.01	0.05	0	0.01
0.0025	0.0587	0.103	-0.0142	0.025	0.3293	-0.94	0.0889	49	0	36	1	3	0.01	0.05	0	0.01
0.0096	0.0189	0.0626	-0.032	-0.0457	-0.2349	0.2986	0.925	21	52	7	2	1	0.0026	0.3333	1	0.0097
0.0096	0.0462	0.0582	-0.0263	-0.0283	-0.5655	0.5052	0.6519	51	53	7	2	2	0.0026	0.3333	0	0.0097
0.0096	0.0497	0.0328	0.0001	0.0023	-0.7974	0.2839	-0.5326	52	54	7	2	3	0.0009	0.3333	0	0.0096
0.0095	0.0453	-0.0055	0.0052	-0.0294	-0.7186	0.2745	-0.639	53	55	7	2	4	0.01	0.05	0	0.01
0.0096	0.047	0.0013	0.0201	-0.0082	-0.7861	0.0575	0.6155	54	56	7	2	5	0.01	0.225	0	0.02
0.0073	0.0456	-0.0194	0.0337	0.022	0.0022	-0.1263	0.992	55	57	7	2	6	0.0006	0.3333	0	0.0065
0.0086	0.0382	-0.0305	0.0153	0.0539	-0.4925	-0.3865	0.7798	56	58	7	2	7	0.008	0.3333	0	0.0086
0.0073	0.0184	-0.0572	0.0129	0.0787	-0.8525	-0.421	0.3098	57	59	7	2	8	0.0053	0.4063	0	0.0073
0.0093	0.0238	-0.0676	0.0191	0.0832	-0.935	0.3533	-0.031	58	60	7	2	9	0.01	0.05	0	0.01
0.0073	0.0265	-0.0764	0.0011	0.0881	-0.8922	-0.4164	0.1748	59	61	7	2	10	0.0003	0.3333	0	0.0044
0.0094	0.0454	-0.1069	-0.0018	0.0852	-0.7967	-0.5996	0.0761	60	62	7	2	11	0.0023	0.175	0	0.0173
0.0092	0.0212	-0.1411	-0.0289	0.0787	-0.9295	-0.315	-0.1916	61	63	7	2	12	0.01	0.05	0	0.01
0.0082	0.0594	-0.1446	-0.0355	0.0806	-0.2102	-0.7894	0.5768	62	64	7	2	13	0.0009	0.3333	0	0.0082
0.009	0.0305	-0.1667	-0.0767	0.1114	-0.5385	-0.498	0.6797	63	65	7	2	14	0.01	0.05	0	0.01
0.009	0.0102	-0.1847	-0.0862	0.1291	-0.9559	-0.1041	0.2745	64	66	7	2	15	0.0011	0.375	0	0.0091
0.0089	0.0282	-0.1928	-0.0964	0.132	-0.9832	-0.1728	0.0588	65	67	7	2	16	0.01	0.05	0	0.01
0.0092	0.0393	-0.2135	-0.0898	0.1428	-0.84	0.5414	-0.036	66	68	7	2	17	0.003	0.225	0	0.015
0.0091	0.0446	-0.2423	-0.074	0.1584	-0.712	0.5977	0.3686	67	69	7	2	18	0.0053	0.325	0	0.0103
0.0088	0.0274	-0.2783	-0.0596	0.1694	-0.8909	0.1149	0.4394	68	70	7	2	19	0.0011	0.2083	0	0.0133
0.0073	0.0156	-0.304	-0.055	0.162	-0.9817	-0.1832	0.0527	69	71	7	2	20	0.0043	0.375	0	0.007
0.0083	0.0339	-0.3192	-0.0579	0.1626	-0.7792	-0.3244	-0.5362	70	0	7	2	21	0.01	0.05	0	0.01
0.009	0.0142	0.0797	-0.0223	-0.0579	0.3988	0.8106	0.4288	21	73	132	2	1	0.0022	0.4167	1	0.009
0.009	0.0585	0.0854	-0.0108	-0.0518	0.7916	0.3148	0.5237	72	74	132	2	2	0.0022	0.4167	0	0.009
0.0097	0.0032	0.1285	0.0125	-0.0225	0.2828	0.4293	0.8577	73	75	132	2	3	0.01	0.05	0	0.01
0.0097	0.05	0.1214	0.0114	-0.0176	0.383	-0.6393	0.6668	74	76	132	2	4	0.0013	0.4167	0	0.0103
0.0075	0.0187	0.1417	-0.0061	0.0181	0.1478	-0.1703	0.9742	75	77	132	2	5	0.0048	0.3333	0	0.0065
0.0097	0.0167	0.1366	-0.013	0.039	0.2796	0.0815	0.9567	76	78	132	2	6	0.0023	0.225	0	0.0162
0.0097	0.0376	0.1419	-0.0119	0.0468	-0.6633	0.7445	-0.0757	77	79	132	2	7	0.0008	0.375	0	0.0104
0.0079	0.0344	0.1253	0.019	0.049	-0.1891	0.9526	-0.2383	78	80	132	2	8	0.001	0.2083	0	0.0079
0.0075	0.0209	0.1077	0.0461	0.0371	-0.2287	0.8103	-0.5396	79	81	132	2	9	0.0044	0.5	0	0.0075
0.0097	0.0205	0.1009	0.0588	0.0391	-0.9621	0.2657	-0.0615	80	82	132	2	10	0.01	0.05	0	0.01
0.0097	0.0627	0.1056	0.0504	0.0396	0.3573	0.5292	-0.7696	81	83	132	2	11	0.0032	0.2	0	0.0198
0.0097	0.0273	0.1267	0.0875	-0.0069	0.4985	0.4775	-0.7235	82	84	132	2	12	0.01	0.05	0	0.01
0.0097	0.0551	0.1168	0.0826	-0.0086	0.7352	-0.459	0.4988	83	85	132	2	13	0.0015	0.2917	0	0.0108
0.0097	0.0471	0.1574	0.058	0.0193	-0.0706	0.5122	-0.856	84	86	132	2	14	0.0006	0.4583	0	0.0115
0.0097	0.0203	0.176	0.0744	-0.0084	0.4755	0.8175	-0.3249	85	87	132	2	15	0.006	0.2	0	0.0283
0.0096	0.0169	0.1778	0.0848	-0.0087	0.7154	-0.2407	0.6559	86	88	132	2	16	0.01	0.05	0	0.01
0.0097	0.0797	0.203	0.0845	0.0096	0.2029	0.6683	-0.7157	87	89	132	2	17	0.0015	0.2917	0	0.0112
0.0093	0.0511	0.2109	0.1374	-0.045	-0.22	0.7489	-0.6251	88	90	132	2	18	0.0052	0.375	0	0.0093
0.0096	0.0441	0.2229	0.1621	-0.0679	0.555	0.7974	-0.2368	89	91	132	2	19	0.003	0.1	0	0.0149
0.0095	0.0418	0.2462	0.1906	-0.065	0.9244	0.3015	0.2337	90	92	132	2	20	0.01	0.05	0	0.01
0.0096	0.0141	0.2869	0.2006	-0.071	0.912	0.4067	0.0534	91	93	132	2	21	0.0012	0.4167	0	0.012
0.0096	0.0261	0.2925	0.2095	-0.0796	0.4941	0.8649	-0.0887	92	94	132	2	22	0.0007	0.3333	0	0.0123
0.0095	0.0195	0.3117	0.222	-0.0817	0.7722	0.4681	-0.4297	93	95	132	2	23	0.01	0.05	0	0.01
0.0095	0.0233	0.3199	0.2399	-0.0869	0.6909	0.6535	-0.3093	94	96	132	2	24	0.001	0.25	0	0.0096
0.0094	0.0235	0.3399	0.2468	-0.0895	0.8669	0.4797	0.1359	95	97	132	2	25	0.01	0.05	0	0.01
0.0095	0.0289	0.361	0.2547	-0.085	0.9798	0.1535	-0.1285	96	98	132	2	26	0.0011	0.375	0	0.0096
0.0094	0.0489	0.3811	0.2674	-0.0958	0.7487	0.6562	-0.0941	97	99	132	2	27	0.0058	0.3125	0	0.0094
0.0095	0.0247	0.3877	0.3022	-0.0965	0.0806	0.9952	-0.0552	98	100	132	2	28	0.0092	0.3125	0	0.0116
0.0093	0.0462	0.3855	0.3222	-0.1041	-0.6562	0.7457	-0.1159	99	101	132	2	29	0.01	0.05	0	0.01
0.0095	0.0303	0.3963	0.3483	-0.1153	0.1618	0.9609	-0.2248	100	102	132	2	30	0.0007	0.4167	0	0.0114
0.0095	0.0217	0.409	0.3627	-0.1102	0.3222	0.6916	0.6465	101	103	132	2	31	0.004	0.275	0	0.0149
0.0092	0.0285	0.4255	0.3731	-0.0988	0.4756	0.6913	0.5439	102	104	132	2	32	0.01	0.05	0	0.01
0.0092	0.0513	0.4408	0.3703	-0.0865	-0.7679	0.0323	-0.6398	103	0	132	2	33	0.01	0.05	0	0.01
0.0097	0.0308	0.0317	-0.0506	-0.0486	-0.8707	0.2794	-0.4047	21	106	19	2	1	0.0018	0.125	1	0.0196
0.0094	0.0371	0.0147	-0.0298	-0.0552	-0.7552	0.3385	0.5612	105	107	19	2	2	0.0071	0.2	0	0.0196
0.0082	0.0055	-0.0011	-0.0142	-0.0313	-0.1912	0.9606	-0.2019	106	108	19	2	3	0.01	0.05	0	0.01
0.0068	0.0268	-0.0022	-0.0089	-0.0324	-0.023	0.2944	-0.9554	107	109	19	2	4	0.01	0.05	0	0.01
0.0045	0.0304	-0.0014	-0.0032	-0.0625	-0.4365	0.7439	-0.506	108	0	19	2	5	0.0051	0.175	0	0.01
0.0115	0.0288	0.0183	-0.0956	0.0102	-0.5834	0.7542	0.3014	26	111	64	2	1	0.0065	0.3	1	0.0222
0.0114	0.0391	0.0091	-0.0659	0.0236	0.4515	0.085	-0.8882	110	112	64	2	2	0.0047	0.25	0	0.0222
0.0107	0.0469	0.0356	-0.068	0.0094	0.9173	0.2123	-0.3369	111	113	64	2	3	0.0017	0.3333	0	0.0152
0.0083	0.0268	0.0779	-0.0689	-0.002	0.9688	0.0265	0.2463	112	114	64	2	4	0.01	0.05	0	0.01
0.0085	0.006	0.0859	-0.0543	0.0087	0.4952	0.4178	0.7617	113	115	64	2	5	0.001	0.375	0	0.0103
0.0046	0.0119	0.0893	-0.0534	0.0108	0.9518	0.3065	-0.0141	114	0	64	2	6	0.0025	0.175	0	0.01
0.0107	0.0807	0.0161	-0.0936	0.0032	-0.0928	-0.0544	-0.9942	26	117	68	2	1	0.0015	0.375	0	0.0107
0.0111	0.0283	-0.0026	-0.0829	-0.0686	-0.5018	0.1066	-0.8584	116	118	68	2	2	0.0017	0.2917	0	0.0151
0.0106	0.0444	-0.01	-0.0709	-0.0859	-0.6167	0.7203	-0.3177	117	119	68	2	3	0.0013	0.25	0	0.0163
0.0083	0.0398	-0.0327	-0.0337	-0.098	-0.7098	0.6944	-0.1181	118	120	68	2	4	0.01	0.05	0	0.01
0.0067	0.0378	-0.0537	-0.0336	-0.1186	-0.7669	0.1593	-0.6217	119	121	68	2	5	0.01	0.05	0	0.01
0.0053	0.0231	-0.0729	-0.0447	-0.1092	-0.9637	-0.1875	0.1899	120	122	68	2	6	0.01	0.05	0	0.01
0.0041	0.0239	-0.0859	-0.0562	-0.0986	-0.7185	-0.498	0.4855	121	0	68	2	7	0.0034	0.125	0	0.01
0.0097	0.0235	0.0245	-0.0959	-0.0012	-0.0213	-0.1449	0.9892	25	124	69	2	1	0.0016	0.4583	0	0.0097
0.0097	0.0234	0.0408	-0.0939	0.0127	-0.1508	0.9491	0.2767	123	125	69	2	2	0.0014	0.4167	0	0.013
0.0097	0.0406	0.0374	-0.0714	0.0171	0.9884	-0.1481	0.0328	124	126	69	2	3	0.0017	0.25	0	0.0104
0.0097	0.0354	0.0718	-0.0756	0.0261	0.6844	-0.4097	0.6031	125	127	69	2	4	0.01	0.05	0	0.01
0.0097	0.0328	0.1014	-0.0833	0.0292	0.9453	-0.2766	0.1728	126	0	69	2	5	0.01	0.05	0	0.01
0.0114	0.0314	-0.0171	-0.1227	-0.0214	0.8871	-0.4615	0.0092	28	129	70	2	1	0.0018	0.5833	0	0.0114
0.0114	0.0127	0.0066	-0.1335	-0.0213	-0.4474	-0.531	-0.7197	128	130	70	2	2	0.01	0.05	0	0.01
0.0114	0.0279	0.0009	-0.1402	-0.0304	-0.5385	-0.5187	-0.6641	129	131	70	2	3	0.01	0.05	0	0.01
0.0114	0.0339	-0.0141	-0.1546	-0.0489	-0.5837	-0.3335	-0.7403	130	0	70	2	4	0.01	0.05	0	0.01
0.0114	0.0649	-0.0567	-0.0842	-0.0316	-0.1618	-0.9	-0.4047	31	133	100	2	1	0.004	0.2	1	0.0206
0.0108	0.0807	-0.0728	-0.128	-0.0584	-0.8635	-0.345	-0.3679	132	134	100	2	2	0.0025	0.175	0	0.0206
0.0092	0.0058	-0.1372	-0.1465	-0.0891	-0.1178	-0.0494	-0.9918	133	135	100	2	3	0.01	0.05	0	0.01
0.0086	0.0886	-0.1402	-0.1427	-0.0993	-0.206	-0.7664	-0.6084	134	136	100	2	4	0.0053	0.14	0	0.0183
0.0043	0.0202	-0.1586	-0.2072	-0.1532	0.5149	0.0097	-0.8572	135	0	100	2	5	0.0032	0.15	0	0.01
0.0072	0.0531	-0.2097	-0.0714	0.0086	0.8231	-0.5655	-0.053	38	138	115	2	1	0.0008	0.4167	0	0.007
0.0086	0.0165	-0.1809	-0.0989	-0.0026	0.2622	-0.6941	-0.6704	137	139	115	2	2	0.01	0.05	0	0.01
0.0086	0.0098	-0.169	-0.1133	-0.0182	-0.5758	-0.3612	-0.7335	138	140	115	2	3	0.01	0.05	0	0.01
0.0086	0.0206	-0.1746	-0.1168	-0.0253	0.7145	-0.1125	-0.6905	139	0	115	2	4	0.01	0.05	0	0.01
0.0025	0.042	0.1032	-0.0023	0.0377	-0.908	-0.211	-0.362	48	142	133	2	1	0.0057	0.3	0	0.0103
0.0025	0.0109	0.0661	-0.0149	0.0284	-0.0767	-0.8417	-0.5344	141	143	133	2	2	0.0055	0.2	0	0.01
0.0025	0.0091	0.0659	-0.0243	0.0222	0.0426	-0.9075	0.4179	142	144	133	2	3	0.0032	0.125	0	0.01
0.0025	0.0296	0.068	-0.0353	0.0296	-0.7678	-0.6297	-0.1184	143	0	133	2	4	0.0041	0.15	0	0.01
0.0091	0.0491	0.0187	0.0153	-0.0105	0.0677	0.588	-0.806	53	146	13	3	1	0.0032	0.4167	0	0.0122
0.0091	0.0315	0.0198	0.0343	-0.0542	0.4062	0.2719	-0.8724	145	147	13	3	2	0.01	0.05	0	0.01
0.0091	0.0143	0.0214	0.0259	-0.0775	0.0929	-0.2989	-0.9497	146	148	13	3	3	0.01	0.05	0	0.01
0.0091	0.0236	0.0231	0.0277	-0.064	-0.4829	-0.8535	0.1958	147	0	13	3	4	0.01	0.05	0	0.01
0.008	0.0622	-0.0059	0.0142	0.0062	0.2117	0.1195	0.97	55	150	14	3	1	0.0026	0.375	0	0.0077
0.0084	0.0392	0.0025	0.0172	0.0651	-0.3265	0.0479	0.944	149	151	14	3	2	0.0007	0.3333	0	0.0088
0.0091	0.0259	-0.0079	0.0231	0.1028	-0.5155	0.1707	0.8397	150	152	14	3	3	0.01	0.05	0	0.01
0.0091	0.0363	-0.0243	0.0212	0.1221	-0.6145	-0.0013	0.7889	151	0	14	3	4	0.01	0.05	0	0.01
0.0099	0.0129	-0.0318	0.0157	0.026	0.4293	-0.894	0.1282	55	154	15	3	1	0.003	0.3333	0	0.0135
0.0099	0.0931	-0.0361	0.01	0.0253	0.4814	0.5358	-0.6937	153	155	15	3	2	0.0014	0.0833	0	0.0158
0.0099	0.065	0.0045	0.0598	-0.042	0.4123	0.6287	-0.6593	154	156	15	3	3	0.01	0.05	0	0.01
0.0099	0.0286	0.0228	0.0815	-0.0224	0.5872	0.7482	0.3089	155	157	15	3	4	0.0014	0.4167	0	0.0099
0.0099	0.0369	0.0414	0.1011	-0.0111	0.4933	0.8326	0.2519	156	158	15	3	5	0.01	0.05	0	0.01
0.0099	0.0253	0.0296	0.1268	-0.0138	-0.2363	0.9526	0.1915	157	159	15	3	6	0.01	0.05	0	0.01
0.0099	0.0279	0.038	0.1466	-0.0222	0.1393	0.9768	-0.1629	158	160	15	3	7	0.01	0.05	0	0.01
0.0099	0.0043	0.0367	0.132	-0.0291	-0.4251	0.1045	-0.8991	159	0	15	3	8	0.01	0.05	0	0.01
0.0052	0.0333	-0.0639	0.006	0.0886	-0.7188	0.4478	0.5318	58	162	29	3	1	0.0011	0.375	0	0.0052
0.0068	0.0425	-0.088	0.0213	0.1046	-0.7704	0.5884	0.2453	161	163	29	3	2	0.0016	0.3333	0	0.0083
0.0064	0.0264	-0.1204	0.048	0.1136	-0.8877	0.3878	0.2481	162	164	29	3	3	0.01	0.05	0	0.01
0.0064	0.0177	-0.1404	0.0602	0.1048	-0.7228	0.687	-0.0747	163	165	29	3	4	0.0007	0.375	0	0.01
0.0052	0.0066	-0.1455	0.067	0.0993	-0.6293	-0.3618	-0.6879	164	166	29	3	5	0.01	0.05	0	0.01
0.0045	0.0261	-0.1525	0.0617	0.0941	-0.6891	0.5599	0.4601	165	167	29	3	6	0.0031	0.15	0	0.01
0.0036	0.0187	-0.1715	0.0769	0.1042	-0.2726	0.8722	0.4062	166	0	29	3	7	0.0028	0.125	0	0.01
0.0089	0.0295	-0.1012	-0.0092	0.0846	0.5993	-0.1425	-0.7877	61	169	30	3	1	0.0023	0.4167	0	0.0101
0.0089	0.0516	-0.0778	-0.0158	0.0696	0.8319	0.153	-0.5334	168	170	30	3	2	0.0075	0.3438	0	0.0089
0.0089	0.0279	-0.0686	-0.0315	0.0603	0.6267	-0.7579	0.1809	169	171	30	3	3	0.01	0.05	0	0.01
0.0089	0.0334	-0.0697	-0.0234	0.0575	0.8375	0.4497	-0.3105	170	0	30	3	4	0.01	0.05	0	0.01
0.0077	0.074	-0.1412	-0.0349	0.0815	0.6478	0.3592	-0.6718	61	173	32	3	1	0.002	0.4583	0	0.0076
0.0089	0.0065	-0.0952	-0.0143	0.0343	0.5325	-0.4772	-0.6991	172	174	32	3	2	0.01	0.05	0	0.01
0.0089	0.0264	-0.0918	-0.0173	0.0298	0.8048	0.2466	-0.5399	173	175	32	3	3	0.01	0.05	0	0.01
0.0089	0.0098	-0.0705	-0.0115	0.0166	0.5241	0.7051	0.4777	174	0	32	3	4	0.01	0.05	0	0.01
0.0111	0.0734	-0.2118	-0.0878	0.1339	0.8521	-0.5015	0.1497	67	177	80	3	1	0.0024	0.4583	0	0.0111
0.0111	0.0218	-0.1472	-0.1173	0.1387	0.7787	0.2653	0.5686	176	178	80	3	2	0.0006	0.3333	0	0.0103
0.0111	0.0842	-0.1394	-0.1134	0.1404	-0.2134	0.9769	0.0119	177	179	80	3	3	0.0012	0.25	0	0.0139
0.0111	0.0304	-0.1175	-0.047	0.1278	0.2701	0.9204	-0.2828	178	180	80	3	4	0.01	0.05	0	0.01
0.0111	0.0423	-0.1503	-0.0535	0.1351	-0.6594	0.7476	-0.0795	179	181	80	3	5	0.01	0.05	0	0.01
0.0111	0.0168	-0.1782	-0.0219	0.1317	-0.0247	0.9923	0.121	180	0	80	3	6	0.01	0.05	0	0.01
0.0079	0.0329	-0.3066	-0.0472	0.1648	0.7567	0.6401	0.1327	71	183	93	3	1	0.0015	0.3333	1	0.0121
0.0075	0.0486	-0.2817	-0.0262	0.1692	0.848	0.5285	-0.0392	182	184	93	3	2	0.0015	0.3333	0	0.0121
0.006	0.0119	-0.2573	-0.0135	0.1598	-0.5871	0.8059	-0.0772	183	185	93	3	3	0.01	0.05	0	0.01
0.0052	0.0078	-0.2507	0.006	0.1605	-0.5728	0.7241	0.3842	184	186	93	3	4	0.01	0.05	0	0.01
0.0039	0.026	-0.2546	0.0097	0.1625	-0.6552	0.1948	-0.7299	185	0	93	3	5	0.0026	0.15	0	0.01
0.014	0.0352	0.1247	0.005	-0.0175	-0.4392	-0.5941	-0.6739	74	188	8	3	1	0.0024	0.5	0	0.014
0.014	0.0503	0.1202	-0.0375	-0.0477	0.899	0.4237	0.1106	187	189	8	3	2	0.001	0.2917	0	0.0108
0.014	0.003	0.157	-0.0201	-0.0335	0.6943	0.099	0.7128	188	190	8	3	3	0.01	0.05	0	0.01
0.014	0.0179	0.1591	-0.0198	-0.0314	0.9898	-0.1394	0.0276	189	191	8	3	4	0.01	0.05	0	0.01
0.014	0.0255	0.1769	-0.0223	-0.0309	0.4856	0.7324	0.4772	190	0	8	3	5	0.01	0.05	0	0.01
0.0086	0.0495	0.1138	0.0059	-0.0405	-0.2441	0.813	-0.5287	73	193	9	3	1	0.0028	0.375	0	0.0124
0.0082	0.0025	0.1034	0.0341	-0.0724	-0.3573	0.3601	-0.8618	192	194	9	3	2	0.01	0.05	0	0.01
0.0081	0.0416	0.0962	0.043	-0.0652	-0.4957	0.4689	-0.731	193	195	9	3	3	0.0014	0.375	0	0.0116
0.0076	0.0185	0.0787	0.0567	-0.0965	-0.4254	-0.096	-0.8999	194	196	9	3	4	0.0012	0.3333	0	0.0107
0.0058	0.0182	0.0698	0.0522	-0.1108	0.8205	-0.5263	-0.2231	195	197	9	3	5	0.01	0.05	0	0.01
0.004	0.0405	0.0848	0.0403	-0.116	0.2637	0.4363	-0.8603	196	0	9	3	6	0.0014	0.15	0	0.01
0.0092	0.045	0.1127	0.0782	0.0059	-0.661	0.67	-0.3378	82	199	85	3	1	0.0013	0.3333	1	0.013
0.0088	0.0491	0.083	0.1083	-0.0093	-0.1076	0.9939	-0.0258	198	200	85	3	2	0.0013	0.3333	0	0.013
0.0069	0.0007	0.0869	0.1557	-0.0224	-0.3427	0.8612	-0.3755	199	201	85	3	3	0.01	0.05	0	0.01
0.0055	0.0166	0.0866	0.1563	-0.0227	-0.7504	0.6075	-0.2605	200	202	85	3	4	0.01	0.05	0	0.01
0.0041	0.0298	0.0732	0.1654	-0.0257	-0.7923	-0.059	-0.6073	201	0	85	3	5	0.0036	0.225	0	0.01
0.0083	0.0505	0.2057	0.1077	-0.0264	-0.4087	-0.0726	-0.9098	88	204	103	3	1	0.0008	0.3333	1	0.0083
0.0083	0.0437	0.185	0.104	-0.0723	0.2638	-0.1005	-0.9593	203	205	103	3	2	0.0008	0.3333	0	0.0083
0.0089	0.0399	0.1891	0.1007	-0.1113	-0.3504	0.1164	-0.9293	204	206	103	3	3	0.01	0.05	0	0.01
0.0089	0.0526	0.1882	0.1068	-0.1292	0.6022	0.6517	-0.4611	205	207	103	3	4	0.0018	0.375	0	0.0128
0.0086	0.0352	0.2132	0.1318	-0.1452	-0.507	-0.3393	-0.7923	206	208	103	3	5	0.0009	0.3333	0	0.0124
0.0087	0.0237	0.2072	0.1311	-0.1861	-0.5897	-0.2616	-0.7641	207	209	103	3	6	0.004	0.5	0	0.0112
0.0053	0.0278	0.1912	0.1302	-0.2008	-0.5265	0.3007	-0.7952	208	210	103	3	7	0.0043	0.4688	0	0.0053
0.0062	0.0207	0.1705	0.1327	-0.2143	-0.865	0.245	-0.4378	209	211	103	3	8	0.01	0.05	0	0.01
0.0058	0.0004	0.178	0.1383	-0.2215	0.0421	0.6224	-0.7816	210	0	103	3	9	0.01	0.05	0	0.01
0.0114	0.0401	0.2157	0.094	-0.0065	0.5677	-0.0265	-0.8228	88	213	105	3	1	0.0034	0.4583	0	0.0136
0.0114	0.0275	0.2379	0.0881	-0.0447	0.9876	-0.154	0.0309	212	214	105	3	2	0.0057	0.5	0	0.0114
0.0114	0.033	0.2498	0.0846	-0.0468	0.1304	-0.5707	-0.8108	213	0	105	3	3	0.01	0.05	0	0.01
0.0091	0.0606	0.2476	0.1826	-0.0601	-0.9468	-0.2597	-0.19	91	216	119	3	1	0.0021	0.375	0	0.013
0.0091	0.0628	0.1925	0.1741	-0.0605	-0.6304	-0.588	0.5068	215	217	119	3	2	0.001	0.4167	0	0.0128
0.0091	0.0016	0.1432	0.1416	-0.0366	-0.6567	-0.6035	0.4523	216	218	119	3	3	0.01	0.05	0	0.01
0.0091	0.0334	0.1422	0.1406	-0.0359	-0.6912	-0.7172	0.0891	217	0	119	3	4	0.01	0.05	0	0.01
0.0103	0.0314	0.2864	0.2164	-0.0838	-0.8835	-0.4334	-0.1779	93	220	125	3	1	0.0022	0.4167	1	0.0103
0.0103	0.0699	0.2587	0.2028	-0.0894	-0.5477	-0.7708	-0.3255	219	221	125	3	2	0.0022	0.4167	0	0.0103
0.0103	0.0352	0.2132	0.1556	-0.1146	-0.6044	-0.7504	-0.2675	220	222	125	3	3	0.01	0.05	0	0.01
0.0103	0.0236	0.1948	0.1313	-0.1056	-0.5993	-0.7799	0.1806	221	223	125	3	4	0.01	0.05	0	0.01
0.0103	0.0046	0.2066	0.1234	-0.1203	0.0101	-0.8816	-0.4719	222	0	125	3	5	0.01	0.05	0	0.01
0.0093	0.022	-0.0188	-0.1189	-0.0103	0.1543	0.1685	0.9735	128	225	134	3	1	0.0021	0.4167	1	0.0094
0.0092	0.0398	-0.0154	-0.1152	0.0111	-0.3061	0.9281	-0.2119	224	226	134	3	2	0.0021	0.4167	0	0.0094
0.0065	0.0336	-0.0223	-0.0975	-0.0001	-0.9102	-0.1971	-0.3643	225	227	134	3	3	0.0036	0.4167	0	0.0061
0.0085	0.0212	-0.0478	-0.1038	-0.015	-0.2726	-0.7369	-0.6185	226	228	134	3	4	0.01	0.05	0	0.01
0.0077	0.0293	-0.0542	-0.1058	-0.0053	-0.901	-0.3827	0.2043	227	229	134	3	5	0.0011	0.3333	0	0.0077
0.0073	0.0363	-0.0745	-0.1205	0.0062	-0.7244	-0.4676	0.5065	228	230	134	3	6	0.01	0.05	0	0.01
0.0068	0.0133	-0.0731	-0.1177	0.0021	-0.712	0.2536	-0.6548	229	0	134	3	7	0.01	0.05	0	0.01
0.012	0.0548	-0.1453	-0.1537	-0.098	-0.3886	-0.4882	0.7814	135	232	107	3	1	0.0011	0.2917	1	0.0112
0.012	0.0313	-0.1666	-0.1804	-0.0552	-0.856	-0.0593	-0.5135	231	233	107	3	2	0.0011	0.2917	0	0.0112
0.012	0.0013	-0.1907	-0.1776	-0.0581	-0.8415	0.5399	-0.0167	232	234	107	3	3	0.01	0.05	0	0.01
0.012	0.0532	-0.1958	-0.1867	-0.0615	0.3557	0.1717	-0.9187	233	235	107	3	4	0.0012	0.4583	0	0.012
0.012	0.0026	-0.1781	-0.1708	-0.0989	0.5655	0.7357	-0.3727	234	236	107	3	5	0.01	0.05	0	0.01
0.012	0.0475	-0.181	-0.1735	-0.1047	0.7985	-0.1598	-0.5803	235	237	107	3	6	0.0008	0.375	0	0.008
0.012	0.0118	-0.1451	-0.1859	-0.1295	0.743	-0.5466	-0.3862	236	0	107	3	7	0.01	0.05	0	0.01
0.0091	0.0427	0.0123	0.0218	0.0528	0.7253	-0.6866	-0.0501	149	239	138	4	1	0.0023	0.4583	0	0.0091
0.0091	0.0369	0.0216	-0	0.0406	0.0748	-0.7187	-0.6913	238	240	138	4	2	0.0062	0.5	0	0.0104
0.0091	0.0336	0.0102	-0.0325	0.0368	-0.6648	-0.4877	-0.5658	239	241	138	4	3	0.01	0.05	0	0.01
0.0091	0.0092	0.0225	-0.0255	0.0255	0.1924	0.0353	-0.9807	240	242	138	4	4	0.01	0.05	0	0.01
0.0091	0.0205	0.0243	-0.0251	0.0164	0.8226	-0.2732	-0.4987	241	0	138	4	5	0.01	0.05	0	0.01
0.008	0.0501	-0.0081	0.0105	0.0865	-0.9011	0.0031	0.4337	150	244	41	4	1	0.0021	0.4167	0	0.0103
0.0079	0.038	-0.0429	0.0134	0.1071	-0.2584	0.7292	-0.6336	243	245	41	4	2	0.0012	0.375	0	0.0092
0.0065	0.0354	-0.0428	0.0408	0.0824	-0.0006	0.8877	-0.4605	244	246	41	4	3	0.005	0.5	0	0.0065
0.007	0.0196	-0.0509	0.0739	0.0717	-0.1487	0.8678	-0.4742	245	247	41	4	4	0.01	0.05	0	0.01
0.0066	0.0233	-0.0369	0.082	0.0696	0.5405	0.7764	-0.3241	246	0	41	4	5	0.01	0.05	0	0.01
0.0107	0.0216	-0.0317	0.0121	0.0362	-0.2428	0.1513	0.9582	153	249	26	4	1	0.0021	0.5	1	0.0107
0.0107	0.0274	-0.037	0.0154	0.0569	-0.9866	0.1522	-0.0594	248	250	26	4	2	0.0021	0.5	0	0.0107
0.0107	0.0352	-0.0699	0.0205	0.0609	-0.1432	-0.9894	0.024	249	251	26	4	3	0.0009	0.3333	0	0.0139
0.0107	0.008	-0.0629	-0.0013	0.0439	0.8711	-0.1721	0.46	250	252	26	4	4	0.01	0.05	0	0.01
0.0107	0.0261	-0.0561	-0.0017	0.0476	-0.4087	-0.1762	0.8955	251	253	26	4	5	0.01	0.05	0	0.01
0.0107	0.0113	-0.0612	-0.0068	0.068	0.0397	0.9968	-0.069	252	0	26	4	6	0.01	0.05	0	0.01
0.0117	0.0139	-0.0394	0.0037	0.0186	-0.5002	-0.8021	-0.3261	154	255	139	4	1	0.0032	0.4167	1	0.0127
0.0117	0.0418	-0.0463	-0.0075	0.014	-0.0323	0.992	-0.1224	254	256	139	4	2	0.0032	0.4167	0	0.0127
0.0117	0.0074	-0.0431	0.0249	0.0154	0.9218	0.3609	-0.1416	255	257	139	4	3	0.01	0.05	0	0.01
0.0117	0.0576	-0.0436	0.0337	0.0064	0.2764	0.8671	0.4144	256	258	139	4	4	0.0012	0.4583	0	0.0117
0.0117	0.0298	-0.0437	0.084	0.0292	-0.0224	0.8088	0.5877	257	259	139	4	5	0.01	0.05	0	0.01
0.0117	0.016	-0.0296	0.0851	0.0386	0.733	0.247	0.6338	258	260	139	4	6	0.01	0.05	0	0.01
0.0117	0.0069	-0.0323	0.0818	0.0454	0.0752	-0.5458	0.8345	259	261	139	4	7	0.01	0.05	0	0.01
0.0117	0.0099	-0.0346	0.0789	0.0484	0.0646	0.9685	0.2406	260	0	139	4	8	0.01	0.05	0	0.01
0.0025	0.0462	-0.0626	0.0062	0.0941	-0.2623	-0.44	0.8589	161	263	48	4	1	0.008	0.225	1	0.01
0.0025	0.0448	-0.0779	-0.0163	0.1291	-0.801	-0.0836	0.5928	262	264	48	4	2	0.002	0.175	0	0.01
0.0025	0.0236	-0.1138	-0.0199	0.1554	-0.411	-0.8632	-0.2932	263	0	48	4	3	0.0017	0.175	0	0.01
0.0034	0.0163	-0.17	0.0768	0.1076	0.4094	-0.0351	0.9117	167	266	50	4	1	0.0026	0.3333	1	0.0097
0.0034	0.0516	-0.1672	0.0735	0.1217	0.5805	-0.8114	-0.0681	265	267	50	4	2	0.0046	0.225	0	0.0097
0.0032	0.0106	-0.1475	0.0309	0.11	0.1235	-0.9905	-0.0606	266	268	50	4	3	0.0023	0.15	0	0.01
0.0031	0.0198	-0.1476	0.0206	0.1126	0.2295	-0.9579	0.1726	267	269	50	4	4	0.0036	0.175	0	0.01
0.0029	0.014	-0.1431	0.0009	0.1162	0.8107	-0.0715	-0.5811	268	270	50	4	5	0.0046	0.175	0	0.01
0.0027	0.0288	-0.1327	0.0004	0.1093	0.8045	0.263	0.5325	269	0	50	4	6	0.0011	0.15	0	0.01
0.0061	0.0493	-0.1398	0.0516	0.1233	0.4776	-0.7914	0.3817	163	272	62	4	1	0.0026	0.4167	1	0.0116
0.0061	0.0335	-0.1118	0.0145	0.1416	-0.39	0.9081	-0.1523	271	273	62	4	2	0.0042	0.225	0	0.0116
0.0061	0.02	-0.1167	0.0438	0.1421	0.038	0.9883	0.1476	272	274	62	4	3	0.0039	0.275	0	0.018
0.0061	0.0283	-0.1111	0.0604	0.1384	0.8075	-0.004	0.5898	273	0	62	4	4	0.01	0.05	0	0.01
0.0025	0.0465	-0.1431	-0.1359	0.133	-0.7732	-0.5633	0.2912	178	276	91	4	1	0.01	0.05	0	0.01
0.004	0.0157	-0.1853	-0.1655	0.1485	0.3354	-0.0585	0.9403	275	0	91	4	2	0.0018	0.2917	0	0.0095
0.0088	0.0157	0.0835	0.0957	-0.002	-0.7564	-0.5381	0.3719	198	278	97	4	1	0.0037	0.4167	1	0.0161
0.0088	0.0504	0.067	0.0827	0.004	0.2421	-0.284	-0.9277	277	279	97	4	2	0.0051	0.275	0	0.0161
0.0088	0.0394	0.0726	0.0847	-0.0377	0.8162	0.4419	-0.3723	278	280	97	4	3	0.0014	0.25	0	0.0104
0.0088	0.0043	0.1039	0.1032	-0.0549	0.8962	0.4232	-0.1333	279	0	97	4	4	0.01	0.05	0	0.01
0.0103	0.0287	0.1825	0.1056	-0.0576	-0.9637	0.0699	0.2577	203	282	110	4	1	0.0029	0.375	1	0.0129
0.0103	0.0394	0.1548	0.1076	-0.0502	-0.4178	-0.5999	-0.6823	281	283	110	4	2	0.0029	0.375	0	0.0129
0.0103	0.0383	0.1377	0.0931	-0.0814	-0.9005	-0.2428	-0.3607	282	284	110	4	3	0.0049	0.225	0	0.0205
0.0103	0.0049	0.1157	0.0725	-0.1133	-0.7779	-0.6082	-0.1583	283	285	110	4	4	0.0078	0.4375	0	0.0103
0.0103	0.0002	0.1167	0.0688	-0.1125	0.3152	-0.0439	-0.948	284	286	110	4	5	0.01	0.05	0	0.01
0.0103	0.0292	0.1174	0.0692	-0.1131	-0.6974	0.5599	-0.4474	285	287	110	4	6	0.01	0.05	0	0.01
0.0103	0.0057	0.0972	0.0846	-0.1265	0.6552	0.4128	-0.6327	286	0	110	4	7	0.01	0.05	0	0.01
0.0114	0.0461	-0.1782	-0.1915	-0.0915	0.377	-0.8881	0.2629	234	289	113	4	1	0.0031	0.375	1	0.0249
0.011	0.0748	-0.1535	-0.234	-0.0701	0.3027	0.9495	-0.0822	288	290	113	4	2	0.0085	0.25	0	0.0249
0.0097	0.0287	-0.1467	-0.1876	-0.0882	-0.388	0.5922	-0.7063	289	291	113	4	3	0.0072	0.3125	0	0.0155
0.0062	0.0308	-0.1598	-0.1705	-0.1054	-0.8389	-0.045	-0.5424	290	292	113	4	4	0.01	0.05	0	0.01
0.0044	0.0383	-0.1789	-0.1698	-0.1295	-0.7387	0.0158	-0.6738	291	0	113	4	5	0.0025	0.15	0	0.01
0.0108	0.0246	0.0271	0.0197	0.0492	0.8407	0.4328	-0.3254	238	294	42	5	1	0.0029	0.4583	1	0.0108
0.0108	0.0461	0.0478	0.0303	0.0411	-0.8372	0.2406	-0.4912	293	295	42	5	2	0.0029	0.4583	0	0.0108
0.0108	0.0008	0.0146	0.0398	0.0122	-0.7681	-0.0978	-0.6328	294	296	42	5	3	0.01	0.05	0	0.01
0.0108	0.0147	0.0065	0.0408	0.0127	-0.0362	0.538	-0.8421	295	297	42	5	4	0.01	0.05	0	0.01
0.0108	0.0186	0.006	0.0487	0.0003	0.2879	-0.3646	-0.8855	296	0	42	5	5	0.01	0.05	0	0.01
0.0172	0.0745	-0.022	0.0787	0.0323	-0.8982	-0.098	-0.4285	259	299	59	5	1	0.0039	0.4167	0	0.0172
0.0172	0.0331	-0.0971	0.0497	-0.013	-0.9305	0.1419	0.3377	298	300	59	5	2	0.0041	0.175	0	0.01
0.0172	0.0379	-0.1033	0.0304	0.0091	-0.6384	-0.3388	0.6911	299	0	59	5	3	0.0042	0.125	0	0.0092
0.0025	0.0372	-0.0726	-0.0154	0.1337	-0.3353	0.9397	-0.0666	262	302	148	5	1	0.0089	0.175	0	0.0126
0.0025	0.0643	-0.0777	0.0234	0.1368	-0.442	0.8959	-0.0447	301	303	148	5	2	0.0073	0.125	0	0.0081
0.0025	0.0365	-0.0939	0.0669	0.1108	-0.2915	0.7426	-0.603	302	304	148	5	3	0.01	0.05	0	0.01
0.0025	0.0332	-0.0756	0.0774	0.135	0.3474	0.9302	0.1182	303	0	148	5	4	0.0045	0.225	0	0.01
0.0123	0.0484	0.1552	0.1361	-0.1368	-0.0374	-0.9836	-0.1764	0	306	122	0	1	0.0038	0.5417	0	0.0123
0.0123	0.0272	0.1491	0.0896	-0.1426	-0.1325	-0.9688	0.2094	305	307	122	0	2	0.0012	0.375	0	0.0115
0.0123	0.0021	0.1532	0.0622	-0.1296	-0.2943	-0.9406	0.1695	306	308	122	0	3	0.01	0.05	0	0.01
0.0123	0.0044	0.1506	0.0592	-0.1282	0.5118	-0.2036	0.8346	307	0	122	0	4	0.01	0.05	0	0.01
