radius (m)	length (m)	start_point	axis_direction	parent	extension	branch	branch_order	position_in_branch	mad	SurfCov	added	UnmodRadius (m)
0.012	0.0526	0.0346	-0.167	-0.3996	0.0742	0.3999	0.9136	0	2	1	0	1	0.0022	0.75	0	0.012
0.0134	0.0564	0.038	-0.1466	-0.351	0.3418	0.444	0.8283	1	3	1	0	2	0.0016	0.875	0	0.0134
0.013	0.056	0.0509	-0.1222	-0.3038	0.1079	-0.5374	0.8364	2	4	1	0	3	0.0015	0.7083	0	0.013
0.013	0.0373	0.0686	-0.1448	-0.2406	-0.103	-0.8766	0.4701	3	5	1	0	4	0.0014	0.7083	0	0.013
0.0152	0.0548	0.0665	-0.1803	-0.224	-0.4471	-0.5262	0.7233	4	6	1	0	5	0.0018	0.75	0	0.0152
0.014	0.0415	0.0433	-0.2085	-0.1809	-0.8508	0.4709	0.2334	5	7	1	0	6	0.0015	0.5833	0	0.0138
0.013	0.0818	0.0064	-0.1893	-0.1658	-0.9612	-0.0004	-0.2759	6	8	1	0	7	0.0023	0.7917	0	0.013
0.0132	0.0525	-0.0706	-0.1919	-0.1928	-0.8465	0.2675	-0.4604	7	9	1	0	8	0.0018	0.8333	0	0.0132
0.0121	0.0694	-0.115	-0.1796	-0.2198	-0.7674	0.5324	-0.3573	8	10	1	0	9	0.0017	0.8333	0	0.0121
0.0117	0.0605	-0.1683	-0.1428	-0.2461	-0.4938	0.8695	-0.0119	9	11	1	0	10	0.0015	0.7083	0	0.0117
0.0113	0.0447	-0.2076	-0.0821	-0.2482	0.3077	0.5001	0.8095	10	12	1	0	11	0.0016	0.5417	0	0.0126
0.0109	0.0646	-0.2028	-0.0562	-0.2075	0.4543	-0.0034	0.8908	11	13	1	0	12	0.0012	0.7917	0	0.0109
0.012	0.0559	-0.1738	-0.0562	-0.1496	0.6999	0.0274	0.7137	12	14	1	0	13	0.0013	0.8333	0	0.012
0.01	0.0842	-0.1349	-0.0542	-0.1094	0.6188	-0.2738	0.7363	13	15	1	0	14	0.0015	0.7083	0	0.01
0.0111	0.0559	-0.0821	-0.0749	-0.0468	0.4897	-0.3735	0.7878	14	16	1	0	15	0.0014	0.75	0	0.0111
0.012	0.0333	-0.064	-0.0966	-0.0006	0.2306	-0.5864	0.7765	15	17	1	0	16	0.0014	0.5	0	0.012
0.0119	0.02	-0.0614	-0.1146	0.0252	-0.1627	-0.5367	0.8279	16	18	1	0	17	0.0012	0.4583	0	0.012
0.0151	0.0658	-0.0672	-0.1235	0.038	-0.8196	0.0034	0.5729	17	19	1	0	18	0.002	0.5	0	0.0165
0.01	0.039	-0.1155	-0.1125	0.0736	-0.8847	0.4661	-0.005	18	20	1	0	19	0.0013	0.4583	0	0.0098
0.01	0.0202	-0.1489	-0.0942	0.0726	-0.3673	0.9009	-0.2312	19	0	1	0	20	0.0025	0.4167	0	0.0089
0.0114	0.1042	-0.2136	-0.0792	-0.2647	-0.0204	0.9479	-0.318	11	22	2	1	1	0.0014	0.6667	0	0.0102
0.0114	0.0418	-0.2135	0.0197	-0.3001	-0.2707	0.9293	-0.2512	21	23	2	1	2	0.0011	0.625	0	0.0097
0.0114	0.0463	-0.2273	0.0601	-0.3052	-0.2182	0.8995	-0.3786	22	24	2	1	3	0.0014	0.5833	0	0.0119
0.0114	0.0737	-0.2326	0.1014	-0.3253	0.4036	0.6138	0.6785	23	25	2	1	4	0.0015	0.5417	0	0.0096
0.0114	0.0482	-0.2085	0.1462	-0.2682	0.7019	0.4105	0.582	24	26	2	1	5	0.0015	0.6667	0	0.0111
0.0114	0.0379	-0.17	0.1624	-0.2419	0.5092	0.2501	0.8235	25	27	2	1	6	0.0012	0.5833	0	0.0101
0.0114	0.0443	-0.1506	0.1699	-0.2097	0.747	0.3417	0.5702	26	28	2	1	7	0.0015	0.625	0	0.0106
0.0114	0.0427	-0.1204	0.1844	-0.1765	0.8737	0.331	0.3565	27	29	2	1	8	0.0015	0.5833	0	0.0112
0.0114	0.0395	-0.0798	0.1959	-0.1661	0.8544	0.2199	0.4708	28	30	2	1	9	0.0013	0.625	0	0.0111
0.0114	0.0389	-0.0481	0.2035	-0.1446	0.7774	0.192	0.599	29	31	2	1	10	0.0016	0.5833	0	0.0115
0.0114	0.0496	-0.0127	0.2066	-0.1224	0.6058	0.5803	0.5443	30	32	2	1	11	0.0016	0.625	0	0.0132
0.0114	0.0681	0.0148	0.2374	-0.0922	0.6827	-0.2628	0.6818	31	33	2	1	12	0.0016	0.5417	0	0.0117
0.0114	0.0744	0.0645	0.2316	-0.0446	0.653	-0.235	0.72	32	34	2	1	13	0.0014	0.5417	0	0.01
0.0114	0.0322	0.1107	0.2147	0.0113	0.6972	-0.0035	0.7168	33	35	2	1	14	0.0011	0.5417	0	0.0091
0.0114	0.0485	0.1292	0.218	0.0382	0.6117	-0.1551	0.7757	34	36	2	1	15	0.0014	0.4167	0	0.0123
0.0114	0.0535	0.1566	0.2022	0.0728	0.0882	-0.3544	0.9309	35	37	2	1	16	0.0011	0.5417	0	0.0096
0.0114	0.0484	0.1712	0.1808	0.1196	0.0975	-0.5882	0.8028	36	38	2	1	17	0.0012	0.5833	0	0.0106
0.0114	0.041	0.1761	0.152	0.1582	0.2479	-0.6287	0.7371	37	39	2	1	18	0.0013	0.4583	0	0.0127
0.0114	0.0411	0.1894	0.1248	0.1839	0.4483	-0.7033	0.5517	38	40	2	1	19	0.0012	0.2083	0	0.0114
0.0114	0.0254	0.1883	0.0966	0.2182	0.1393	-0.9475	0.2877	39	41	2	1	20	0.0052	0.5	0	0.0125
0.0114	0.0575	0.1926	0.0867	0.2188	-0.3288	0.4196	0.8461	40	42	2	1	21	0.0018	0.4583	0	0.0146
0.0114	0.034	0.1867	0.0924	0.2669	0.1494	0.0743	0.986	41	43	2	1	22	0.0015	0.625	0	0.0145
0.0114	0.0665	0.187	0.1007	0.3005	0.0201	0.0083	0.9998	42	44	2	1	23	0.0016	0.5	0	0.0108
0.0114	0.0273	0.1897	0.1059	0.3658	0.1812	0.1941	0.9641	43	45	2	1	24	0.0012	0.5	0	0.0117
0.0114	0.0473	0.2073	0.1099	0.3916	0.0727	0.3423	0.9368	44	46	2	1	25	0.0016	0.7083	0	0.0114
0.0114	0.0649	0.2035	0.1238	0.439	0.2763	0.3266	0.9038	45	47	2	1	26	0.0015	0.5833	0	0.0111
0.0114	0.0628	0.2209	0.1428	0.4982	0.0345	0.216	0.9758	46	48	2	1	27	0.0013	0.6667	0	0.0083
0.0114	0.0354	0.2259	0.155	0.5596	0.0911	0.2798	0.9557	47	49	2	1	28	0.0013	0.625	0	0.0108
0.0114	0.0293	0.2292	0.1665	0.5926	0.1554	0.4	0.9032	48	50	2	1	29	0.0013	0.625	0	0.0112
0.0114	0.0657	0.2326	0.18	0.6184	0.4675	0.6096	0.6402	49	51	2	1	30	0.0013	0.5833	0	0.0109
0.0114	0.0277	0.2594	0.2225	0.6587	0.3761	0.8501	0.3685	50	52	2	1	31	0.001	0.4167	0	0.011
0.0114	0.0108	0.2684	0.2468	0.6636	-0.9475	0.1577	0.2781	51	0	2	1	32	0.01	0.05	0	0.01
0.0101	0.0994	-0.0663	-0.1477	0.0548	-0.1039	-0.9944	0.0179	17	54	13	1	1	0.0012	0.5833	0	0.0101
0.0112	0.0597	-0.0713	-0.245	0.0643	-0.0558	-0.9692	0.2398	53	55	13	1	2	0.0014	0.5417	0	0.012
0.0102	0.0644	-0.0818	-0.3081	0.0782	0.4392	-0.6525	0.6175	54	56	13	1	3	0.0016	0.6667	0	0.0102
0.01	0.031	-0.0549	-0.3575	0.1146	0.2597	-0.4471	0.8559	55	57	13	1	4	0.001	0.5833	0	0.01
0.0107	0.0378	-0.0416	-0.3763	0.1322	0.3925	-0.6791	0.6203	56	58	13	1	5	0.0014	0.4583	0	0.0108
0.01	0.0005	-0.0278	-0.4027	0.1554	-0.1515	-0.1588	0.9756	57	59	13	1	6	0.01	0.05	0	0.01
0.01	0.0051	-0.0208	-0.4042	0.1587	0.0502	0.9411	0.3343	58	0	13	1	7	0.01	0.05	0	0.01
0.0105	0.0906	-0.2221	0.1361	-0.2997	-0.6889	0.5471	-0.4756	24	61	4	2	1	0.0013	0.6667	1	0.0105
0.0105	0.0471	-0.2845	0.1857	-0.3427	-0.9648	0.241	-0.1054	60	62	4	2	2	0.0013	0.6667	0	0.0105
0.0091	0.0886	-0.3294	0.199	-0.3527	-0.8974	0.4327	0.0861	61	63	4	2	3	0.0013	0.5833	0	0.0091
0.0096	0.0023	-0.4063	0.2421	-0.3488	-0.8006	0.5755	0.167	62	64	4	2	4	0.01	0.05	0	0.01
0.0092	0.02	-0.4081	0.2434	-0.3484	-0.7905	-0.2046	-0.5773	63	0	4	2	5	0.01	0.05	0	0.01
0.0108	0.0229	0.0354	0.2401	-0.0828	0.4562	0.7317	-0.5065	32	66	14	2	1	0.0018	0.5417	1	0.0108
0.0108	0.0634	0.0459	0.2569	-0.0944	-0.1691	0.9853	0.024	65	67	14	2	2	0.0018	0.5417	0	0.0108
0.0108	0.0512	0.0349	0.3181	-0.0973	-0.6779	0.7193	-0.152	66	68	14	2	3	0.0014	0.5	0	0.0124
0.0108	0.0338	0.0017	0.3617	-0.1006	-0.876	0.3932	-0.2792	67	69	14	2	4	0.01	0.05	0	0.01
0.0108	0.0293	-0.0102	0.3703	-0.1242	-0.496	0.4221	-0.7588	68	70	14	2	5	0.01	0.05	0	0.01
0.0108	0.0303	-0.0009	0.3698	-0.1114	-0.2606	-0.9505	-0.1693	69	0	14	2	6	0.01	0.05	0	0.01
0.0025	0.0879	0.1683	0.1063	0.2839	-0.3608	-0.8794	0.3106	41	0	10	2	1	0.01	0.05	0	0.01
0.0114	0.0398	0.2387	0.1777	0.6324	-0.3432	-0.2761	0.8978	50	73	11	2	1	0.0038	0.5417	0	0.0114
0.0114	0.034	0.2295	0.1654	0.6712	-0.5313	0.1562	0.8326	72	74	11	2	2	0.0016	0.4167	0	0.0114
0.0114	0.0155	0.2074	0.1715	0.6989	-0.1035	0.2513	0.9624	73	0	11	2	3	0.0036	0.4583	0	0.0128
0.0142	0.0799	0.2129	0.1371	0.4262	-0.8125	0.5723	-0.1111	47	0	12	2	1	0.0023	0.4167	0	0.0142
0.0097	0.096	-0.0913	-0.3074	0.0823	-0.9559	-0.2638	0.1291	55	77	3	2	1	0.0034	0.4583	0	0.0109
0.009	0.0379	-0.1807	-0.3346	0.1002	-0.921	-0.2011	0.3336	76	78	3	2	2	0.0011	0.5	0	0.0089
0.0097	0.0319	-0.2103	-0.3322	0.1144	-0.8782	0.4768	-0.0379	77	79	3	2	3	0.0011	0.25	0	0.0122
0.0097	0.028	-0.2464	-0.3279	0.1203	-0.7352	0.6537	0.1797	78	0	3	2	4	0.01	0.05	0	0.01
0.0045	0.0559	-0.0241	-0.3961	0.1516	-0.2843	0.9173	-0.2788	59	81	15	2	1	0.0056	0.125	1	0.0109
0.0045	0.0306	-0.0292	-0.3396	0.1664	-0.5329	0.8451	0.0425	80	0	15	2	2	0.0052	0.25	0	0.0109
