radius (m)	length (m)	start_point	axis_direction	parent	extension	branch	branch_order	position_in_branch	mad	SurfCov	added	UnmodRadius (m)
0.0169	0.1181	0.0523	-0.1519	-0.2341	-0.839	-0.0496	0.5418	0	2	1	0	1	0.0035	0.5625	0	0.0169
0.0196	0.0724	-0.0524	-0.1583	-0.1747	-0.6327	0.2011	0.7478	1	3	1	0	2	0.0025	0.875	0	0.0196
0.0157	0.0762	-0.0971	-0.1381	-0.1267	0.4682	0.6066	0.6426	2	4	1	0	3	0.0022	0.7083	0	0.0157
0.0152	0.0554	-0.0634	-0.0919	-0.076	0.6369	0.3514	0.6862	3	5	1	0	4	0.002	0.7083	0	0.0152
0.0148	0.0563	-0.0324	-0.0613	-0.0343	0.8982	0.2238	0.3782	4	6	1	0	5	0.0018	0.6667	0	0.0126
0.0148	0.0266	0.0169	-0.0524	-0.009	0.6857	0.4154	0.5977	5	7	1	0	6	0.0014	0.5	0	0.0146
0.0148	0.0146	0.0335	-0.0396	0.0065	0.5225	0.575	0.6296	6	8	1	0	7	0.0057	0.8333	0	0.0148
0.0149	0.0262	0.0375	-0.0345	0.0068	-0.4957	-0.7284	0.473	7	0	1	0	8	0.0019	0.3333	0	0.0151
0.0179	0.0266	0.0412	-0.1557	-0.2071	0.4803	-0.1574	0.8629	1	10	2	1	1	0.0021	0.4167	1	0.0179
0.0179	0.0564	0.054	-0.1599	-0.1842	-0.041	0.9555	-0.2922	9	11	2	1	2	0.0021	0.4167	0	0.0179
0.0179	0.0271	0.0619	-0.1109	-0.1995	0.387	0.8802	0.2748	10	0	2	1	3	0.0014	0.2917	0	0.0156
0.0113	0.0803	0.0216	-0.1646	-0.1984	-0.0353	-0.9583	0.2836	1	13	3	1	1	0.0026	0.4167	0	0.0113
0.0113	0.0003	0.0276	-0.2403	-0.1817	0.1337	-0.991	0.0031	12	14	3	1	2	0.01	0.05	0	0.01
0.0113	0.0055	0.0255	-0.2462	-0.1784	0.3328	-0.5785	-0.7447	13	15	3	1	3	0.01	0.05	0	0.01
0.0113	0.034	0.0273	-0.2493	-0.1825	-0.0305	-0.9603	-0.2774	14	0	3	1	4	0.01	0.05	0	0.01
0.016	0.0544	0.011	-0.1702	-0.1999	0.0501	-0.9129	0.4051	1	17	4	1	1	0.0023	0.375	1	0.0263
0.016	0.0481	0.0055	-0.219	-0.1864	-0.1829	-0.9802	0.0756	16	18	4	1	2	0.0023	0.2	0	0.0263
0.0101	0.0516	0.0015	-0.2613	-0.1991	0.9419	-0.2712	0.1984	17	19	4	1	3	0.0012	0.2083	0	0.0089
0.0111	0.0147	0.0594	-0.2845	-0.1932	0.3225	0.648	-0.69	18	0	4	1	4	0.0012	0.375	0	0.0129
0.0173	0.0371	-0.031	-0.1722	-0.1714	0.33	-0.89	0.3145	1	21	5	1	1	0.0036	0.4583	1	0.0173
0.0173	0.0522	-0.0188	-0.2053	-0.1597	-0.773	-0.2898	-0.5643	20	22	5	1	2	0.0036	0.4583	0	0.0173
0.0173	0.0106	-0.0468	-0.2337	-0.1807	0.2225	-0.3724	-0.901	21	23	5	1	3	0.0013	0.25	0	0.0128
0.0173	0.0208	-0.0591	-0.239	-0.1783	0.5975	-0.4114	0.6883	22	24	5	1	4	0.0046	0.125	0	0.01
0.0173	0.0275	-0.0356	-0.2329	-0.1789	0.5467	-0.7634	-0.344	23	25	5	1	5	0.0013	0.1	0	0.01
0.0173	0.0206	-0.0203	-0.263	-0.1639	0.9959	-0.0804	-0.0404	24	0	5	1	6	0.0038	0.1	0	0.01
0.0149	0.0871	-0.104	-0.1216	-0.1172	-0.3408	0.8159	0.467	3	27	18	1	1	0.0032	0.75	1	0.0196
0.0149	0.0591	-0.1337	-0.0505	-0.0766	0.4658	0.691	0.5528	26	28	18	1	2	0.0032	0.75	0	0.0196
0.0149	0.0591	-0.1035	-0.0215	-0.0327	0.431	0.6679	0.6068	27	29	18	1	3	0.0061	0.675	0	0.0209
0.0155	0.0477	-0.0751	0.0115	0.0113	0.5827	0.728	0.3614	28	30	18	1	4	0.0022	0.7917	0	0.0155
0.0149	0.0503	-0.038	0.0501	0.0204	0.4851	0.4347	0.7588	29	31	18	1	5	0.0017	0.8333	0	0.0149
0.0162	0.0531	-0.0128	0.0688	0.0608	0.5499	0.5713	0.6093	30	32	18	1	6	0.0025	0.9167	0	0.0162
0.0156	0.0537	0.02	0.0988	0.0898	0.6257	0.5061	0.5936	31	33	18	1	7	0.0023	0.9583	0	0.0156
0.0151	0.0322	0.0441	0.1302	0.1313	0.7271	0.4639	0.506	32	34	18	1	8	0.0019	0.7083	0	0.0151
0.0145	0.0416	0.0762	0.1522	0.1368	0.6047	0.3546	0.7132	33	35	18	1	9	0.002	0.6667	0	0.0155
0.014	0.0371	0.0925	0.1691	0.1753	0.6729	0.5021	0.5432	34	36	18	1	10	0.0016	0.7917	0	0.014
0.0152	0.0326	0.1172	0.187	0.1965	0.6222	0.5646	0.5423	35	37	18	1	11	0.0023	0.75	0	0.0152
0.0152	0.0411	0.1387	0.2085	0.2122	0.5478	0.2925	0.7838	36	38	18	1	12	0.0021	0.6667	0	0.0146
0.0153	0.0426	0.1694	0.2242	0.2344	0.4538	0.6525	0.6069	37	39	18	1	13	0.0019	0.75	0	0.0153
0.0157	0.0371	0.1866	0.2585	0.258	0.5923	0.4273	0.6831	38	40	18	1	14	0.0018	0.75	0	0.0157
0.0142	0.0402	0.2105	0.2702	0.286	0.457	0.6191	0.6386	39	41	18	1	15	0.0016	0.8333	0	0.0142
0.0147	0.0365	0.2262	0.2894	0.3131	0.8684	-0.463	-0.1775	40	42	18	1	16	0.002	0.5417	0	0.0178
0.014	0.0649	0.2682	0.2967	0.3129	0.9156	-0.4007	0.0339	41	43	18	1	17	0.0014	0.5	0	0.013
0.014	0.0379	0.3393	0.2791	0.3095	0.4619	-0.837	-0.2934	42	44	18	1	18	0.001	0.375	0	0.0126
0.014	0.015	0.358	0.2532	0.3022	0.9685	-0.0242	-0.2477	43	45	18	1	19	0.01	0.05	0	0.01
0.014	0.0011	0.3733	0.2527	0.298	0.5554	-0.0395	0.8307	44	0	18	1	20	0.01	0.05	0	0.01
0.01	0.0541	0.0692	-0.1762	-0.1899	0.8508	0.4086	-0.3304	10	0	12	2	1	0.01	0.05	0	0.01
0.0121	0.1137	0.3418	0.2488	0.2928	0.2577	-0.2942	-0.9203	44	48	7	2	1	0.0011	0.5	0	0.0123
0.012	0.0481	0.3622	0.2099	0.1941	-0.287	-0.454	-0.8435	47	49	7	2	2	0.0013	0.2083	0	0.0162
0.0091	0.0307	0.3674	0.1897	0.1494	-0.1846	-0.2681	-0.9456	48	50	7	2	3	0.0011	0.4167	0	0.0091
0.0089	0.0277	0.3622	0.1826	0.1197	-0.0098	-0.4962	-0.8681	49	51	7	2	4	0.0009	0.4167	0	0.0089
0.0083	0.018	0.3676	0.1701	0.094	-0.0152	-0.7823	-0.6228	50	52	7	2	5	0.0036	0.625	0	0.0069
0.0107	0.0316	0.3615	0.1446	0.0873	0.3597	-0.4944	-0.7913	51	53	7	2	6	0.0008	0.3333	0	0.0107
0.0115	0.0373	0.3747	0.133	0.0601	-0.0902	-0.4382	-0.8943	52	54	7	2	7	0.0011	0.2917	0	0.0126
0.0099	0.0216	0.3778	0.1106	0.0336	0.3196	-0.5457	-0.7746	53	55	7	2	8	0.0052	0.4063	0	0.0099
0.0096	0.039	0.3886	0.1013	0.0199	0.5173	-0.8553	0.0308	54	56	7	2	9	0.0008	0.3333	0	0.0096
0.0106	0.0408	0.4081	0.0704	0.0159	0.5635	-0.7179	-0.4087	55	57	7	2	10	0.0009	0.25	0	0.0121
0.0112	0.0493	0.4325	0.0416	0.001	0.6663	-0.6581	-0.3506	56	58	7	2	11	0.0011	0.375	0	0.0128
0.0089	0.0381	0.4663	0.0169	-0.0251	0.6308	-0.6174	-0.47	57	59	7	2	12	0.0011	0.2917	0	0.0089
0.0108	0.0366	0.49	-0.0064	-0.0444	0.5133	-0.8293	-0.2209	58	60	7	2	13	0.0014	0.375	0	0.0127
0.0058	0.0256	0.5144	-0.0329	-0.0474	0.7185	-0.6086	-0.3367	59	61	7	2	14	0.0036	0.7083	0	0.0058
0.0077	0.0205	0.5243	-0.043	-0.0631	0.4316	-0.3787	-0.8187	60	62	7	2	15	0.01	0.05	0	0.01
0.0075	0.0077	0.5325	-0.0487	-0.0582	0.8416	-0.5351	0.0731	61	0	7	2	16	0.01	0.05	0	0.01
0.0208	0.1408	-0.12	-0.0476	-0.0717	-0.6856	-0.4499	-0.5723	26	64	21	2	1	0.0116	0.3778	0	0.0308
0.0142	0.0824	-0.2054	-0.12	-0.1435	-0.7465	-0.4223	0.5141	63	65	21	2	2	0.0077	0.7	0	0.0213
0.0208	0.0787	-0.2633	-0.157	-0.0976	-0.7518	-0.4087	0.5174	64	66	21	2	3	0.0017	0.5417	0	0.0208
0.0208	0.046	-0.3214	-0.1767	-0.0612	-0.6121	0.3012	0.7312	65	67	21	2	4	0.0027	0.225	0	0.015
0.0208	0.043	-0.3306	-0.1853	-0.0097	-0.8342	-0.4116	0.3671	66	68	21	2	5	0.0015	0.3333	0	0.0177
0.0208	0.0321	-0.377	-0.2126	-0.0054	0.0149	-0.7758	0.6308	67	69	21	2	6	0.0033	0.15	0	0.0102
0.0208	0.0626	-0.3446	-0.2146	0.0382	-0.4701	-0.2189	0.855	68	70	21	2	7	0.0039	0.25	0	0.0111
0.0208	0.0024	-0.3928	-0.2407	0.0683	-0.8162	0.3157	0.484	69	71	21	2	8	0.0037	0.15	0	0.01
0.0208	0.0169	-0.4028	-0.239	0.0607	-0.3326	-0.9194	0.2098	70	0	21	2	9	0.0012	0.125	0	0.01
0.008	0.0813	0.3713	0.1139	0.0145	-0.1857	-0.7991	-0.5718	55	73	15	3	1	0.001	0.2083	0	0.008
0.0088	0.0249	0.3641	0.0554	-0.0291	0.2505	0.1334	-0.9589	72	74	15	3	2	0.01	0.05	0	0.01
0.0087	0.0584	0.3546	0.0484	-0.031	-0.3938	-0.6884	-0.6091	73	75	15	3	3	0.0014	0.375	0	0.0099
0.0074	0.0357	0.3384	0.0066	-0.0631	0.1929	-0.6933	-0.6944	74	76	15	3	4	0.01	0.05	0	0.01
0.0071	0.0256	0.3311	-0.0138	-0.0841	-0.3396	-0.3414	-0.8764	75	77	15	3	5	0.0014	0.2917	0	0.0084
0.0052	0.0023	0.3178	-0.0191	-0.1033	-0.4773	0.1757	-0.861	76	78	15	3	6	0.01	0.05	0	0.01
0.0044	0.0078	0.3179	-0.0206	-0.1107	-0.8605	-0.5094	0.0027	77	79	15	3	7	0.01	0.05	0	0.01
0.0037	0.0191	0.3111	-0.0246	-0.1107	0.0198	-0.9913	-0.1301	78	0	15	3	8	0.01	0.05	0	0.01
0.0092	0.0433	0.4977	-0.0196	-0.0368	0.4524	-0.7721	0.4463	59	81	17	3	1	0.0029	0.3333	1	0.0172
0.0092	0.0454	0.5126	-0.057	-0.026	0.893	-0.243	-0.3789	80	82	17	3	2	0.0042	0.175	0	0.0172
0.0092	0.0197	0.5432	-0.0653	-0.0401	0.269	0.9631	-0.008	81	0	17	3	3	0.0022	0.4583	0	0.0092
0.0065	0.0344	-0.317	-0.1653	-0.0782	-0.9844	0.0919	0.1499	65	84	14	3	1	0.0038	0.6667	1	0.0065
0.0065	0.0588	-0.3509	-0.1622	-0.0731	-0.9968	-0.0733	0.0332	83	85	14	3	2	0.0038	0.6667	0	0.0065
0.0068	0.0249	-0.4082	-0.1666	-0.0716	-0.3025	-0.4665	-0.8312	84	0	14	3	3	0.01	0.05	0	0.01
