radius (m)	length (m)	start_point	axis_direction	parent	extension	branch	branch_order	position_in_branch	mad	SurfCov	added	UnmodRadius (m)
0.0126	0.0621	0.3959	-0.2017	-0.3177	-0.6899	0.4891	0.5337	0	2	1	0	1	0.0021	0.625	0	0.0126
0.0099	0.0671	0.3513	-0.1748	-0.2841	-0.5118	0.3804	0.7703	1	3	1	0	2	0.0015	0.5833	0	0.0099
0.0117	0.0546	0.3171	-0.1421	-0.2349	-0.6285	0.2684	0.73	2	4	1	0	3	0.0014	0.4583	0	0.0117
0.0092	0.0527	0.2815	-0.1249	-0.1978	-0.8994	0.0048	0.4371	3	5	1	0	4	0.0011	0.4583	0	0.0087
0.0109	0.0252	0.2309	-0.1238	-0.1819	-0.9088	-0.1374	0.394	4	6	1	0	5	0.0011	0.375	0	0.0109
0.0123	0.0401	0.2107	-0.1213	-0.1569	-0.9815	-0.0324	0.1888	5	7	1	0	6	0.0012	0.4167	0	0.0126
0.0125	0.0498	0.1723	-0.1144	-0.1507	-0.5956	0.2024	0.7774	6	8	1	0	7	0.0009	0.4167	0	0.0131
0.012	0.0539	0.144	-0.1029	-0.1116	-0.5739	0.2635	0.7754	7	9	1	0	8	0.0011	0.2917	0	0.0126
0.0133	0.0641	0.1328	-0.0666	-0.0833	-0.189	0.6284	0.7546	8	10	1	0	9	0.0076	0.325	0	0.0178
0.0087	0.022	0.1192	-0.0249	-0.0367	0.2444	0.8605	0.447	9	11	1	0	10	0.0033	0.3542	0	0.0073
0.0091	0.0492	0.119	-0.0047	-0.0286	0.1065	0.9259	0.3624	10	0	1	0	11	0.0027	0.375	0	0.0091
0.0065	0.0572	0.2296	-0.1214	-0.17	-0.142	0.5449	0.8264	5	13	3	1	1	0.0011	0.4167	0	0.0065
0.0065	0.028	0.2247	-0.0949	-0.1225	-0.5865	-0.3555	0.7277	12	14	3	1	2	0.0009	0.25	0	0.0104
0.0065	0.031	0.2099	-0.0966	-0.1013	-0.8597	0.1182	0.497	13	0	3	1	3	0.01	0.05	0	0.01
0.0114	0.046	0.1338	-0.1101	-0.0958	-0.6472	-0.7529	-0.1196	8	16	4	1	1	0.0035	0.5	0	0.0116
0.0114	0.0012	0.1062	-0.1384	-0.094	-0.7993	-0.313	0.5129	15	17	4	1	2	0.01	0.05	0	0.01
0.0114	0.0216	0.1053	-0.1388	-0.0934	-0.9007	-0.194	-0.3887	16	18	4	1	3	0.01	0.05	0	0.01
0.0114	0.0109	0.0864	-0.1429	-0.1015	0.3283	-0.8712	-0.3651	17	0	4	1	4	0.01	0.05	0	0.01
0.0086	0.0161	0.1434	-0.0919	-0.0943	0.583	0.5984	0.5495	8	20	5	1	1	0.0023	0.4583	1	0.0086
0.0086	0.0311	0.1528	-0.0823	-0.0854	0.0496	0.9863	0.157	19	21	5	1	2	0.0023	0.4583	0	0.0086
0.0092	0.0074	0.1594	-0.0603	-0.081	0.5488	0.3601	-0.7544	20	22	5	1	3	0.01	0.05	0	0.01
0.0091	0.0308	0.1634	-0.0576	-0.0865	0.0244	0.9021	0.4308	21	23	5	1	4	0.01	0.05	0	0.01
0.0089	0.0339	0.1642	-0.0299	-0.0733	-0.6529	0.5999	0.4625	22	0	5	1	5	0.01	0.05	0	0.01
0.0125	0.0378	0.1127	-0.0456	-0.0533	-0.9341	-0.3519	-0.0596	9	25	6	1	1	0.0031	0.625	1	0.0133
0.0125	0.0724	0.0774	-0.0589	-0.0555	-0.0459	0.2429	0.969	24	26	6	1	2	0.0031	0.625	0	0.0133
0.0098	0.0563	0.0708	-0.0457	0.0044	-0.9443	0.2739	0.1825	25	27	6	1	3	0.0014	0.5	0	0.0098
0.0121	0.0295	0.0275	-0.0235	0.0261	-0.7971	0.188	0.5738	26	28	6	1	4	0.0023	0.2	0	0.0177
0.0094	0.0433	-0.0009	-0.0179	0.0398	-0.4639	0.5224	0.7155	27	29	6	1	5	0.001	0.3333	0	0.0094
0.0121	0.0427	-0.0176	0.0124	0.0751	-0.9078	0.2133	0.3611	28	30	6	1	6	0.0014	0.3333	0	0.0137
0.0111	0.0603	-0.0448	0.0242	0.1018	-0.6467	0.5592	0.5188	29	31	6	1	7	0.009	0.45	0	0.0111
0.0117	0.0322	-0.0946	0.0577	0.1274	-0.3884	0.5788	0.717	30	32	6	1	8	0.0043	0.375	0	0.0121
0.0082	0.0363	-0.1011	0.0764	0.1558	-0.5949	0.4404	0.6724	31	33	6	1	9	0.0039	0.475	0	0.0082
0.0105	0.0264	-0.1387	0.0826	0.1688	-0.6844	0.4692	0.5581	32	34	6	1	10	0.0066	0.3125	0	0.0106
0.0074	0.028	-0.1519	0.1021	0.1879	-0.8596	0.4057	0.3106	33	35	6	1	11	0.0042	0.2708	0	0.0064
0.007	0.0276	-0.175	0.1156	0.1941	-0.6526	0.6712	0.3516	34	36	6	1	12	0.0039	0.4583	0	0.0055
0.0092	0.0176	-0.1854	0.136	0.1955	-0.3224	0.9427	-0.0856	35	37	6	1	13	0.01	0.05	0	0.01
0.0069	0.0356	-0.1919	0.1287	0.2014	-0.8638	0.1761	0.472	36	38	6	1	14	0.0005	0.4167	0	0.0069
0.0087	0.0012	-0.2213	0.1291	0.2114	-0.9801	-0.198	-0.0101	37	39	6	1	15	0.01	0.05	0	0.01
0.0096	0.0618	-0.2309	0.1237	0.2127	-0.2681	0.6206	0.7369	38	40	6	1	16	0.0009	0.5	0	0.0102
0.0086	0.0352	-0.2474	0.1647	0.2558	-0.8841	0.3257	0.335	39	41	6	1	17	0.0011	0.2917	0	0.0097
0.0092	0.0191	-0.279	0.1742	0.2639	-0.9858	-0.0773	0.1489	40	42	6	1	18	0.0009	0.2917	0	0.0112
0.0079	0.031	-0.2909	0.1744	0.2714	-0.5597	-0.0023	0.8287	41	43	6	1	19	0.0009	0.375	0	0.0082
0.0074	0.009	-0.3048	0.1719	0.2989	-0.5573	-0.2508	0.7916	42	0	6	1	20	0.01	0.05	0	0.01
0.0082	0.0388	0.1578	-0.0673	-0.0906	0.3026	-0.5533	-0.7761	20	45	7	2	1	0.002	0.4583	0	0.0116
0.0082	0.0059	0.1704	-0.089	-0.1213	-0.4203	-0.7575	-0.4995	44	46	7	2	2	0.01	0.05	0	0.01
0.0082	0.0256	0.1643	-0.0921	-0.1198	-0.4203	0.7202	-0.5519	45	47	7	2	3	0.01	0.05	0	0.01
0.0082	0.0287	0.1535	-0.0736	-0.1339	0.1746	-0.6572	-0.7332	46	0	7	2	4	0.01	0.05	0	0.01
0.0089	0.1215	-0.0442	0.0379	0.1004	-0.6743	0.2491	-0.6952	28	49	16	2	1	0.001	0.4167	0	0.0193
0.0088	0.0529	-0.1256	0.061	0.0295	-0.696	0.6236	0.3561	48	50	16	2	2	0.0051	0.35	0	0.0107
0.0063	0.0388	-0.1607	0.0993	0.0441	-0.7476	0.5404	0.3861	49	51	16	2	3	0.0038	0.4	0	0.0062
0.0084	0.0235	-0.172	0.1305	0.0718	-0.6756	0.4211	0.6052	50	52	16	2	4	0.0072	0.3125	0	0.0118
0.0077	0.0339	-0.1885	0.1126	0.0802	-0.167	-0.198	0.9659	51	53	16	2	5	0.01	0.05	0	0.01
0.0081	0.0519	-0.2066	0.118	0.0797	0.0983	0.9462	0.3082	52	54	16	2	6	0.0016	0.3333	0	0.0182
0.0071	0.0304	-0.205	0.1531	0.1047	-0.9327	0.0005	-0.3607	53	55	16	2	7	0.01	0.05	0	0.01
0.0068	0.0228	-0.2334	0.1531	0.0937	-0.5012	0.3411	0.7953	54	0	16	2	8	0.01	0.05	0	0.01
0.0037	0.0366	-0.1109	0.0824	0.1574	-0.8833	-0.0813	-0.4616	32	57	23	2	1	0.0083	0.225	1	0.0112
0.0037	0.0133	-0.1303	0.0746	0.1193	-0.8375	0.1037	-0.5365	56	58	23	2	2	0.0126	0.15	0	0.0112
0.0037	0.0213	-0.1429	0.0817	0.1086	-0.8064	0.152	0.5714	57	0	23	2	3	0.0028	0.3333	0	0.0109
0.006	0.1672	-0.1595	0.0969	0.0498	0.7508	-0.5941	-0.2887	50	60	39	3	1	0.0032	0.4167	0	0.0098
0.006	0.0417	-0.0418	0.0078	-0.0078	0.5971	-0.2471	-0.7631	59	61	39	3	2	0.0058	0.225	0	0.0115
0.006	0.0251	-0.0142	0.0025	-0.0315	0.9597	-0.2142	-0.1818	60	62	39	3	3	0.01	0.05	0	0.01
0.006	0.0118	-0.0077	-0.0091	-0.0435	0.4814	-0.6136	-0.6259	61	0	39	3	4	0.01	0.05	0	0.01
0.0125	0.017	-0.1296	0.0587	0.0382	0.0599	-0.7082	0.7035	49	64	20	3	1	0.0026	0.5417	1	0.0125
0.0125	0.0553	-0.1286	0.0466	0.0501	-0.5093	0.3361	-0.7923	63	65	20	3	2	0.0026	0.5417	0	0.0125
0.0125	0.0227	-0.1643	0.072	0.0214	-0.7911	0.2999	-0.5331	64	66	20	3	3	0.0012	0.3333	0	0.0105
0.0125	0.0413	-0.1782	0.0767	0.0184	-0.8954	-0.3054	0.3241	65	67	20	3	4	0.0011	0.2917	0	0.008
0.0125	0	-0.2122	0.0607	0.0251	-0.6271	-0.7714	0.1085	66	68	20	3	5	0.01	0.05	0	0.01
0.0125	0.0655	-0.2067	0.0649	0.0246	-0.4795	0.6978	0.5321	67	69	20	3	6	0.003	0.275	0	0.0197
0.0125	0.0295	-0.2454	0.1097	0.0512	-0.5153	0.7775	0.3605	68	70	20	3	7	0.01	0.05	0	0.01
0.0125	0.052	-0.241	0.1004	0.0654	0.0488	0.1403	0.9889	69	71	20	3	8	0.0037	0.225	0	0.0071
0.0125	0.0064	-0.2492	0.1127	0.1154	-0.1239	0.0204	0.9921	70	0	20	3	9	0.01	0.05	0	0.01
