radius (m)	length (m)	start_point	axis_direction	parent	extension	branch	branch_order	position_in_branch	mad	SurfCov	added	UnmodRadius (m)
0.0143	0.0881	0.1071	-0.0242	-0.3176	-0.596	-0.3692	0.7131	0	2	1	0	1	0.0023	0.5	0	0.0137
0.0143	0.0627	0.0577	-0.0578	-0.2446	-0.9014	-0.3672	0.2294	1	3	1	0	2	0.0019	0.75	0	0.0143
0.0193	0.0571	-0.0063	-0.0838	-0.2374	-0.2009	-0.8185	0.5383	2	4	1	0	3	0.0029	0.4167	0	0.0213
0.0152	0.0576	-0.0235	-0.1124	-0.2088	-0.7297	-0.1551	0.6659	3	5	1	0	4	0.0028	0.5	0	0.0152
0.0143	0.0346	-0.0683	-0.1178	-0.1752	-0.5704	0.461	0.6799	4	6	1	0	5	0.0014	0.3333	0	0.0112
0.0143	0.0595	-0.0924	-0.1038	-0.1637	-0.7389	0.6528	0.1672	5	7	1	0	6	0.004	0.3	0	0.0093
0.0155	0.041	-0.1277	-0.066	-0.1342	-0.8794	0.2582	0.4	6	8	1	0	7	0.0015	0.3333	0	0.0155
0.0143	0.0269	-0.1616	-0.0712	-0.1275	-0.3606	-0.5256	0.7705	7	9	1	0	8	0.0021	0.375	0	0.0134
0.0143	0.0514	-0.1624	-0.0929	-0.1138	-0.5607	-0.812	0.162	8	10	1	0	9	0.0011	0.3333	0	0.0113
0.0143	0.0112	-0.1883	-0.134	-0.104	0.2545	-0.965	-0.0627	9	11	1	0	10	0.01	0.05	0	0.01
0.0143	0.0267	-0.1854	-0.1447	-0.1047	0.2233	-0.8225	-0.5231	10	0	1	0	11	0.01	0.05	0	0.01
0.0127	0.0739	-0.0808	-0.1289	-0.1587	-0.877	-0.3832	0.2898	6	13	3	1	1	0.0013	0.5417	0	0.0126
0.0136	0.0658	-0.144	-0.1564	-0.1369	-0.0667	-0.4054	0.9117	12	14	3	1	2	0.0013	0.4167	0	0.0148
0.0126	0.0465	-0.1544	-0.1809	-0.0765	-0.0053	-0.1838	0.983	13	15	3	1	3	0.01	0.05	0	0.01
0.013	0.0256	-0.1306	-0.2019	-0.0752	0.5335	-0.6943	0.4831	14	0	3	1	4	0.0024	0.375	0	0.0133
0.0109	0.0791	-0.0707	-0.0974	-0.1616	-0.4018	0.8656	-0.2989	5	17	5	1	1	0.003	0.5417	0	0.0109
0.0109	0.0225	-0.107	-0.0313	-0.1746	-0.0987	0.9789	0.1787	16	18	5	1	2	0.01	0.05	0	0.01
0.0109	0.0254	-0.1092	-0.0093	-0.1706	0.3819	0.8313	-0.4038	17	0	5	1	3	0.01	0.05	0	0.01
0.0136	0.06	-0.1712	-0.0645	-0.1147	-0.3455	0.9027	-0.2565	8	20	7	1	1	0.0028	0.625	0	0.0153
0.0136	0.0519	-0.1774	-0.0082	-0.1237	0.1155	0.8325	-0.5418	19	21	7	1	2	0.0021	0.625	0	0.0143
0.0136	0.06	-0.1978	0.0489	-0.1543	0.4514	0.7775	-0.4378	20	22	7	1	3	0.0022	0.5417	0	0.0186
0.0133	0.032	-0.163	0.0991	-0.1808	-0.4052	0.9038	0.1376	21	23	7	1	4	0.0017	0.5833	0	0.0133
0.0136	0.0483	-0.187	0.1263	-0.1828	0.1318	0.8751	-0.4656	22	24	7	1	5	0.0019	0.5833	0	0.0149
0.0135	0.093	-0.1583	0.1689	-0.2199	0.2238	0.9037	0.3651	23	25	7	1	6	0.0014	0.375	0	0.0173
0.0126	0.0547	-0.1499	0.2495	-0.2033	-0.2583	0.966	-0.0087	24	26	7	1	7	0.0011	0.4167	0	0.0126
0.0131	0.0587	-0.1735	0.2818	-0.1879	-0.8864	0.4585	0.0634	25	27	7	1	8	0.0099	0.275	0	0.0154
0.0126	0.0588	-0.2192	0.3294	-0.187	-0.8483	0.3193	0.4225	26	28	7	1	9	0.01	0.05	0	0.01
0.0126	0.0286	-0.2251	0.3064	-0.1846	-0.5864	-0.7636	0.2705	27	29	7	1	10	0.01	0.05	0	0.01
0.0126	0.0501	-0.2334	0.3001	-0.1659	0.4307	0.3497	-0.832	28	0	7	1	11	0.01	0.05	0	0.01
0.0136	0.0929	-0.1767	-0.1314	-0.0959	-0.32	0.9424	0.0975	10	31	8	1	1	0.0022	0.4167	0	0.0149
0.0134	0.0718	-0.2292	-0.0581	-0.0815	-0.3884	0.7951	0.4658	30	32	8	1	2	0.0045	0.35	0	0.0185
0.0097	0.021	-0.2557	0.0022	-0.0492	-0.5836	0.4765	0.6575	31	33	8	1	3	0.0062	0.4	0	0.0097
0.01	0.0199	-0.26	-0.0016	-0.0386	0.8599	0.4282	0.2779	32	34	8	1	4	0.01	0.05	0	0.01
0.0097	0.006	-0.2569	0.0006	-0.0476	0.5872	0.3585	-0.7257	33	0	8	1	5	0.01	0.05	0	0.01
0.0134	0.087	-0.1989	-0.1264	-0.0778	-0.4065	-0.9116	-0.0611	11	36	14	1	1	0.002	0.5833	0	0.0181
0.0132	0.091	-0.2448	-0.1957	-0.0816	-0.0682	-0.2213	0.9728	35	37	14	1	2	0.002	0.5	0	0.0141
0.0113	0.0475	-0.2607	-0.2237	0.0106	0.1604	0.2501	0.9548	36	38	14	1	3	0.001	0.4167	0	0.0113
0.0131	0.031	-0.2627	-0.2027	0.0528	0.0276	0.3586	0.9331	37	39	14	1	4	0.0017	0.5417	0	0.0134
0.013	0.0331	-0.2606	-0.1931	0.0845	-0.334	0.7586	0.5595	38	40	14	1	5	0.0017	0.5417	0	0.0133
0.0126	0.0409	-0.2609	-0.1704	0.1132	0.4035	0.8876	-0.2221	39	41	14	1	6	0.0018	0.5833	0	0.0127
0.0121	0.0307	-0.2437	-0.1364	0.1005	0.5819	0.7362	-0.3454	40	42	14	1	7	0.0013	0.5	0	0.0122
0.013	0.0376	-0.2224	-0.1339	0.0942	0.9816	0.1376	-0.1322	41	43	14	1	8	0.0015	0.4167	0	0.0184
0.0096	0.0399	-0.1837	-0.1135	0.0968	0.7174	-0.3755	0.5868	42	44	14	1	9	0.0013	0.5	0	0.0096
0.0131	0.0548	-0.149	-0.1291	0.0999	0.5183	0.8458	0.1268	43	45	14	1	10	0.0018	0.4583	0	0.015
0.0103	0.0279	-0.1222	-0.0828	0.1044	0.2069	0.9662	-0.154	44	46	14	1	11	0.001	0.625	0	0.0103
0.0091	0.0393	-0.1156	-0.0563	0.1018	0.2015	0.9696	0.1389	45	47	14	1	12	0.0046	0.8333	0	0.0091
0.0093	0.0233	-0.1018	-0.0335	0.0896	0.5393	0.7173	-0.4412	46	48	14	1	13	0.0014	0.4583	0	0.0093
0.0122	0.0386	-0.086	-0.0179	0.0784	0.3377	0.9308	0.1396	47	49	14	1	14	0.0009	0.3333	0	0.0125
0.0124	0.0329	-0.0726	0.018	0.0833	0.2818	0.9569	0.0709	48	50	14	1	15	0.0009	0.375	0	0.0128
0.0095	0.0312	-0.0697	0.0475	0.0766	0.0413	0.969	-0.2435	49	51	14	1	16	0.0012	0.2917	0	0.0095
0.0089	0.0261	-0.0677	0.0802	0.0803	0.3796	0.8985	-0.2204	50	52	14	1	17	0.0028	0.375	0	0.0037
0.0119	0.0283	-0.0521	0.0928	0.0678	0.6668	0.6101	-0.428	51	53	14	1	18	0.0009	0.3333	0	0.012
0.0089	0.0314	-0.0453	0.0931	0.0697	0.4648	-0.7365	-0.4914	52	54	14	1	19	0.0071	0.4167	0	0.0086
0.01	0.0033	-0.012	0.0836	0.049	0.4944	-0.8045	-0.3291	53	55	14	1	20	0.01	0.05	0	0.01
0.01	0.0053	-0.0195	0.0635	0.053	0.8295	-0.5049	-0.2386	54	56	14	1	21	0.01	0.05	0	0.01
0.0108	0.0486	-0.0205	0.0661	0.0469	0.79	0.5252	-0.3164	55	57	14	1	22	0.0012	0.3333	0	0.0108
0.0125	0.0414	0.0159	0.073	0.0335	0.8597	-0.1468	-0.4892	56	58	14	1	23	0.0075	0.2813	0	0.0178
0.0088	0.0424	0.0453	0.0601	0.02	0.5554	-0.7824	-0.2816	57	59	14	1	24	0.0055	0.375	0	0.007
0.01	0.0482	0.0616	0.025	0.0204	0.3989	-0.9134	0.0817	58	60	14	1	25	0.01	0.05	0	0.01
0.0118	0.0367	0.0614	0.0385	0.0193	0.7094	0.1803	-0.6813	59	61	14	1	26	0.001	0.375	0	0.0119
0.0107	0.055	0.088	0.0443	-0.0055	0.7273	0.6152	0.3041	60	62	14	1	27	0.001	0.4583	0	0.0107
0.0122	0.0282	0.1149	0.0877	0.0125	0.5856	0.7612	0.2786	61	63	14	1	28	0.007	0.35	0	0.0128
0.0128	0.0374	0.1157	0.1009	0.0118	-0.5528	0.7976	0.2412	62	64	14	1	29	0.0068	0.4063	0	0.0139
0.0115	0.04	0.0961	0.1206	0.0359	-0.9686	0.1718	0.1796	63	65	14	1	30	0.0054	0.4	0	0.0116
0.0086	0.0165	0.0745	0.1577	0.0322	-0.7968	0.5461	0.2587	64	66	14	1	31	0.0071	0.3125	0	0.0072
0.0089	0.0319	0.0816	0.161	0.035	0.2751	0.9608	0.0343	65	67	14	1	32	0.0067	0.3	0	0.0089
0.01	0.0244	0.0971	0.1836	0.0334	0.7169	0.6644	-0.2114	66	68	14	1	33	0.01	0.05	0	0.01
0.0085	0.016	0.0794	0.1936	0.0417	-0.0752	0.9655	0.2494	67	69	14	1	34	0.001	0.4583	0	0.0083
0.0084	0.0534	0.0848	0.2089	0.0386	0.3406	0.8938	0.2917	68	70	14	1	35	0.0078	0.4583	0	0.0055
0.0111	0.0082	0.107	0.2188	0.0356	0.8207	0.3179	-0.4747	69	71	14	1	36	0.0104	0.4583	0	0.0111
0.0093	0.0475	0.1077	0.2248	0.0234	0.6852	-0.3578	-0.6344	70	72	14	1	37	0.0045	0.425	0	0.0093
0.0123	0.0016	0.1485	0.2298	0.0026	0.7086	0.0355	-0.7047	71	73	14	1	38	0.0089	0.375	0	0.0134
0.0119	0.0217	0.1336	0.2347	0.0103	0.4723	0.7666	0.4351	72	74	14	1	39	0.0015	0.25	0	0.0199
0.0124	0.0271	0.1382	0.2478	0.0016	0.4982	0.8088	-0.3123	73	75	14	1	40	0.0021	0.375	0	0.0171
0.0126	0.037	0.1677	0.2719	0.0075	0.4123	0.7139	-0.566	74	76	14	1	41	0.0074	0.4375	0	0.0171
0.01	0.0034	0.1633	0.2712	-0.0113	0.7295	-0.4915	0.4757	75	77	14	1	42	0.01	0.05	0	0.01
0.011	0.0683	0.1778	0.2671	-0.0117	0.1814	0.975	-0.1286	76	78	14	1	43	0.0016	0.375	0	0.0111
0.01	0.0186	0.188	0.3291	-0.0262	-0.0116	0.7848	-0.6197	77	79	14	1	44	0.01	0.05	0	0.01
0.0086	0.0438	0.1857	0.3367	-0.0218	-0.3476	0.8749	0.3372	78	80	14	1	45	0.0009	0.4167	0	0.0086
0.01	0.0014	0.1716	0.3679	-0.0022	-0.4708	0.4473	0.7605	79	81	14	1	46	0.01	0.05	0	0.01
0.0121	0.039	0.1824	0.3791	-0.0085	-0.6146	0.7742	0.1511	80	82	14	1	47	0.0015	0.3333	0	0.0141
0.0079	0.0291	0.1526	0.4047	-0.002	-0.4393	0.639	0.6314	81	83	14	1	48	0.0013	0.2917	0	0.0074
0.0116	0.0555	0.1173	0.4083	0.0108	-0.4457	0.3672	0.8164	82	84	14	1	49	0.0007	0.25	0	0.0247
0.0123	0.0224	0.0955	0.4502	0.0265	-0.9068	0.3794	0.1837	83	85	14	1	50	0.0011	0.4167	0	0.0142
0.0078	0.0463	0.0961	0.4609	0.0324	0.0868	-0.0529	-0.9948	84	86	14	1	51	0.0067	0.4583	0	0.0051
0.0088	0.04	0.11	0.4516	-0.0027	0.7809	0.1579	-0.6044	85	87	14	1	52	0.0041	0.425	0	0.0088
0.01	0.0442	0.1439	0.4518	-0.0191	0.8962	-0.1493	-0.4177	86	88	14	1	53	0.01	0.05	0	0.01
0.0106	0.0043	0.1748	0.4787	-0.0224	0.9541	0.2864	-0.0877	87	89	14	1	54	0.0012	0.375	0	0.0111
0.0093	0.026	0.1794	0.4759	-0.0217	0.9895	0.1381	0.0417	88	90	14	1	55	0.0011	0.2917	0	0.0093
0.0091	0.0424	0.2033	0.4787	-0.0235	0.7869	0.2301	-0.5726	89	91	14	1	56	0.0008	0.3333	0	0.0091
0.011	0.0325	0.2379	0.4731	-0.0291	0.7098	-0.5195	-0.4757	90	92	14	1	57	0.0049	0.375	0	0.0118
0.0099	0.0275	0.253	0.4541	-0.0395	0.3732	-0.9023	0.2158	91	93	14	1	58	0.01	0.05	0	0.01
0.0082	0.0048	0.2778	0.4452	-0.0449	0.7202	-0.6926	-0.0409	92	94	14	1	59	0.0013	0.4167	0	0.0082
0.01	0.0203	0.2819	0.4411	-0.0439	0.7927	-0.2602	-0.5512	93	95	14	1	60	0.0011	0.3333	0	0.0102
0.0095	0.0272	0.2885	0.4326	-0.0386	-0.6793	-0.537	-0.5002	94	96	14	1	61	0.0119	0.375	0	0.0095
0.0082	0.0357	0.27	0.4265	-0.0465	-0.5254	-0.4753	0.7057	95	97	14	1	62	0.0038	0.4688	0	0.0082
0.0098	0.0301	0.2528	0.3967	-0.0287	-0.5484	-0.4686	0.6925	96	98	14	1	63	0.0052	0.275	0	0.0102
0.0095	0.0337	0.2283	0.404	-0.011	-0.8856	-0.2741	0.3749	97	99	14	1	64	0.01	0.05	0	0.01
0.0112	0.0127	0.2498	0.3792	-0.0124	-0.1665	-0.9034	0.3951	98	100	14	1	65	0.0008	0.3333	0	0.0131
0.0094	0.0076	0.2454	0.373	-0.0185	0.7167	-0.5629	-0.4118	99	101	14	1	66	0.01	0.05	0	0.01
0.0116	0.0137	0.2501	0.3715	-0.0027	-0.9992	0.0069	-0.0393	100	102	14	1	67	0.0011	0.375	0	0.0141
0.0093	0.0036	0.2384	0.3663	0.0111	-0.9387	0.2617	0.2246	101	103	14	1	68	0.01	0.05	0	0.01
0.0092	0.0148	0.2351	0.3673	0.0119	0.3047	0.8113	-0.499	102	0	14	1	69	0.01	0.05	0	0.01
0.0085	0.0431	-0.1028	-0.0282	-0.174	-0.4144	0.8957	-0.1612	16	105	6	2	1	0.0019	0.5	1	0.013
0.0085	0.0358	-0.1206	0.0104	-0.181	-0.6288	-0.4736	0.6167	104	106	6	2	2	0.0019	0.5	0	0.013
0.0085	0.0461	-0.147	-0.0065	-0.1555	-0.2605	-0.9224	-0.285	105	0	6	2	3	0.004	0.5938	0	0.0085
0.0056	0.096	-0.0725	-0.102	-0.16	-0.2986	0.8448	-0.444	16	0	139	2	1	0.0037	0.18	0	0.0178
0.013	0.0771	-0.1884	-0.0435	-0.1096	-0.2015	0.7437	0.6374	19	109	9	2	1	0.0065	0.275	0	0.0186
0.013	0.0742	-0.201	0.0143	-0.0555	-0.0109	0.9957	-0.0924	108	110	9	2	2	0.0013	0.4167	0	0.013
0.013	0.0055	-0.1951	0.0877	-0.0529	-0.2011	0.9597	0.1961	109	111	9	2	3	0.01	0.05	0	0.01
0.013	0.0109	-0.1962	0.0929	-0.0518	-0.8776	0.4676	-0.1055	110	0	9	2	4	0.01	0.05	0	0.01
0.0127	0.0678	-0.1848	0.0313	-0.1425	-0.8241	-0.1702	0.5402	20	113	10	2	1	0.0038	0.4167	1	0.0127
0.0127	0.061	-0.2407	0.0198	-0.1059	-0.7007	-0.709	0.0799	112	114	10	2	2	0.0038	0.4167	0	0.0127
0.0127	0.0329	-0.2671	-0.0225	-0.1016	0.0674	-0.8107	0.5815	113	115	10	2	3	0.01	0.05	0	0.01
0.0127	0.0215	-0.269	-0.019	-0.0916	0.3621	0.3149	0.8773	114	116	10	2	4	0.01	0.05	0	0.01
0.0127	0.019	-0.2608	-0.029	-0.0831	0.5484	-0.4298	0.7173	115	0	10	2	5	0.01	0.05	0	0.01
0.0046	0.0265	-0.1954	0.0795	-0.1709	-0.0977	-0.1071	0.9894	21	118	11	2	1	0.0099	0.275	1	0.0167
0.0046	0.061	-0.1671	0.0697	-0.1347	-0.3126	-0.0357	0.9492	117	119	11	2	2	0.0073	0.25	0	0.0167
0.0071	0.0159	-0.1836	0.0844	-0.0784	0.9041	-0.0983	0.4159	118	0	11	2	3	0.0018	0.375	0	0.0092
0.0119	0.0857	-0.1642	0.2013	-0.2083	-0.9584	0.1329	0.2528	24	121	140	2	1	0.0032	0.5833	0	0.0132
0.0119	0.0199	-0.2491	0.2041	-0.181	-0.8395	0.4658	0.2797	120	122	140	2	2	0.0012	0.4167	0	0.0119
0.0119	0.0157	-0.2684	0.2165	-0.1742	-0.7387	-0.3929	-0.5477	121	0	140	2	3	0.01	0.05	0	0.01
0.0127	0.023	-0.217	-0.1645	-0.0938	0.0933	0.3892	-0.9164	35	124	17	2	1	0.0023	0.5417	1	0.0143
0.0127	0.0553	-0.2148	-0.1555	-0.1148	-0.2401	0.5608	-0.7923	123	125	17	2	2	0.0023	0.5417	0	0.0143
0.0126	0.0566	-0.2249	-0.1487	-0.1507	0.5096	-0.2068	-0.8352	124	126	17	2	3	0.0082	0.3	0	0.023
0.0125	0.0566	-0.2013	-0.1606	-0.1945	-0.2161	-0.8929	-0.3951	125	127	17	2	4	0.0015	0.4583	0	0.0135
0.0108	0.0528	-0.2233	-0.2038	-0.1952	-0.5713	-0.8205	0.0217	126	128	17	2	5	0.0059	0.7083	0	0.0108
0.0121	0.0645	-0.231	-0.2026	-0.1932	0.6301	-0.3045	-0.7143	127	129	17	2	6	0.0016	0.375	0	0.0131
0.0108	0.015	-0.1832	-0.2214	-0.2364	-0.0056	-0.9473	0.3202	128	130	17	2	7	0.01	0.05	0	0.01
0.0108	0.0251	-0.1833	-0.2356	-0.2315	0.0583	-0.3855	-0.9208	129	0	17	2	8	0.01	0.05	0	0.01
0.0117	0.0854	-0.2375	-0.2034	-0.0959	-0.9259	0.3743	-0.0507	35	132	18	2	1	0.0017	0.375	0	0.0125
0.0112	0.0542	-0.3179	-0.1787	-0.092	-0.9824	-0.0331	-0.1836	131	133	18	2	2	0.0016	0.4583	0	0.0117
0.009	0.0429	-0.3636	-0.1751	-0.1048	-0.5676	0.8215	0.0542	132	134	18	2	3	0.0055	0.5833	0	0.0089
0.009	0.0263	-0.3877	-0.1399	-0.1018	-0.51	0.8267	0.2377	133	0	18	2	4	0.01	0.05	0	0.01
0.008	0.055	-0.2664	-0.2169	0.0444	-0.0827	-0.8186	0.5684	37	136	19	2	1	0.0023	0.5417	0	0.008
0.01	0.0624	-0.2661	-0.2589	0.0777	0.3974	-0.036	-0.9169	135	137	19	2	2	0.0014	0.5	0	0.0101
0.0102	0.019	-0.2411	-0.2649	0.0214	0.4185	-0.1966	-0.8867	136	138	19	2	3	0.001	0.2917	0	0.0141
0.0101	0.0332	-0.2334	-0.2699	0.0044	0.8732	-0.2056	-0.4419	137	139	19	2	4	0.001	0.4167	0	0.0104
0.0081	0.0374	-0.2218	-0.2903	0.0007	0.3319	-0.8108	-0.4821	138	140	19	2	5	0.0093	0.375	0	0.0081
0.0092	0.0306	-0.2077	-0.318	-0.0127	0.4246	-0.8473	0.319	139	141	19	2	6	0.01	0.05	0	0.01
0.0086	0.0286	-0.1963	-0.3344	-0.0297	0.3642	-0.8699	-0.3326	140	142	19	2	7	0.0012	0.2917	0	0.0086
0.0088	0.0201	-0.1888	-0.361	-0.0364	0.1819	-0.9032	-0.3887	141	143	19	2	8	0.01	0.05	0	0.01
0.0086	0.0334	-0.2049	-0.3626	-0.0183	-0.4239	-0.8748	0.2347	142	0	19	2	9	0.01	0.05	0	0.01
0.0143	0.0499	-0.2513	-0.2277	0.0337	0.5248	-0.6184	0.5849	37	145	21	2	1	0.0014	0.4583	1	0.0143
0.0143	0.0495	-0.2252	-0.2585	0.0629	0.455	-0.6516	0.607	144	146	21	2	2	0.0014	0.4583	0	0.0143
0.0143	0.0283	-0.2203	-0.2887	0.0956	-0.0375	-0.8996	0.4351	145	147	21	2	3	0.0018	0.2917	0	0.0159
0.0143	0.0467	-0.2239	-0.3005	0.1136	-0.8266	-0.3416	0.4472	146	148	21	2	4	0.0012	0.2917	0	0.0105
0.0143	0.0149	-0.2652	-0.3058	0.1325	-0.5793	0.0029	0.8151	147	149	21	2	5	0	0.05	0	0.0082
0.0143	0.0014	-0.2661	-0.308	0.1484	-0.1701	0.6456	0.7445	148	0	21	2	6	0.01	0.05	0	0.01
0.0086	0.1164	-0.1211	-0.0562	0.1091	-0.2774	-0.959	-0.0586	46	151	22	2	1	0.0028	0.5	0	0.0118
0.0086	0.0687	-0.1531	-0.1747	0.1035	-0.9837	-0.063	-0.1683	150	152	22	2	2	0.0016	0.4583	0	0.0103
0.0086	0.0109	-0.217	-0.1791	0.0861	-0.5778	-0.7283	-0.3684	151	153	22	2	3	0.01	0.05	0	0.01
0.0086	0.0196	-0.2232	-0.187	0.0821	0.1439	-0.8229	0.5496	152	0	22	2	4	0.01	0.05	0	0.01
0.0104	0.0418	-0.2612	-0.1416	0.1105	-0.0111	0.9954	-0.0951	40	155	28	2	1	0.0014	0.375	1	0.0104
0.0104	0.0387	-0.2617	-0.1001	0.1065	0.4478	0.8193	-0.358	154	156	28	2	2	0.0014	0.375	0	0.0104
0.0085	0.0294	-0.2445	-0.0674	0.0984	0.391	0.9094	-0.1421	155	157	28	2	3	0.0011	0.2917	0	0.0085
0.0087	0.02	-0.2325	-0.0563	0.076	0.0804	0.7581	-0.6472	156	158	28	2	4	0.0056	0.3333	0	0.0089
0.0072	0.0178	-0.2317	-0.0291	0.0646	0.0933	0.133	-0.9867	157	159	28	2	5	0.01	0.05	0	0.01
0.006	0.0226	-0.2336	-0.0439	0.0515	-0.2181	-0.1997	-0.9553	158	160	28	2	6	0.01	0.05	0	0.01
0.0045	0.0278	-0.2348	-0.0462	0.064	0.6247	0.7719	-0.1177	159	0	28	2	7	0.0015	0.1	0	0.01
0.0124	0.0702	-0.1129	-0.0917	0.1131	0.5971	-0.7454	-0.2963	44	162	32	2	1	0.0024	0.5417	0	0.015
0.0123	0.0655	-0.0636	-0.1401	0.0861	0.2119	-0.92	-0.3297	161	163	32	2	2	0.0012	0.375	0	0.0136
0.0117	0.0513	-0.0498	-0.2001	0.0635	0.7382	-0.6425	-0.2057	162	164	32	2	3	0.0012	0.3333	0	0.0117
0.0119	0.0277	-0.0235	-0.234	0.0711	0.7381	-0.51	0.4417	163	165	32	2	4	0.001	0.25	0	0.0119
0.0117	0.0382	-0.0047	-0.2561	0.0692	0.1354	-0.8724	0.4696	164	166	32	2	5	0.0015	0.4167	0	0.0117
0.009	0.0475	0.0055	-0.2865	0.0917	0.278	-0.9174	0.2847	165	167	32	2	6	0.0009	0.3333	0	0.0083
0.0107	0.0195	0.0268	-0.3289	0.0988	0.508	-0.6881	0.5182	166	168	32	2	7	0.001	0.2917	0	0.0107
0.0094	0.0338	0.0348	-0.3474	0.1077	0.9362	-0.3505	-0.0258	167	169	32	2	8	0.0009	0.3333	0	0.0094
0.0097	0.02	0.0666	-0.3452	0.0916	0.9804	-0.151	-0.1267	168	170	32	2	9	0.0065	0.5417	0	0.0097
0.012	0.0288	0.0855	-0.3628	0.0836	0.9378	-0.1591	0.3086	169	171	32	2	10	0.0011	0.375	0	0.0143
0.0121	0.0429	0.1021	-0.3727	0.0845	0.4693	-0.8828	-0.0208	170	172	32	2	11	0.0028	0.125	0	0.0177
0.0082	0.0087	0.1283	-0.409	0.0818	0.2851	-0.9528	0.1046	171	173	32	2	12	0.0067	0.625	0	0.0067
0.0115	0.0339	0.1266	-0.4181	0.075	0.3617	-0.9285	-0.0841	172	174	32	2	13	0.0014	0.3333	0	0.016
0.011	0.0312	0.1391	-0.4496	0.0727	-0.3073	-0.9376	0.1624	173	175	32	2	14	0.0009	0.3333	0	0.0116
0.0113	0.0189	0.1577	-0.4798	0.077	-0.0273	-0.9709	0.2381	174	176	32	2	15	0.0058	0.325	0	0.0175
0.0113	0.0421	0.1579	-0.4996	0.0818	0.7601	0.1988	-0.6187	175	177	32	2	16	0.0013	0.4167	0	0.0122
0.0101	0.0335	0.1902	-0.4935	0.0582	0.8774	-0.2924	-0.3804	176	178	32	2	17	0.0008	0.375	0	0.0104
0.0092	0.0326	0.2227	-0.4965	0.048	0.8145	-0.1574	-0.5584	177	179	32	2	18	0.0044	0.4063	0	0.0092
0.0091	0.019	0.2369	-0.4993	0.0195	0.6093	-0.175	-0.7734	178	180	32	2	19	0.01	0.05	0	0.01
0.009	0.0172	0.2315	-0.5049	0.0098	-0.3004	0.2278	-0.9262	179	181	32	2	20	0.01	0.05	0	0.01
0.0088	0.0211	0.2345	-0.5126	0.023	-0.3613	-0.8965	-0.2563	180	182	32	2	21	0.01	0.05	0	0.01
0.0086	0.0104	0.2276	-0.5219	0.033	-0.4681	-0.7401	0.4829	181	0	32	2	22	0.01	0.05	0	0.01
0.0094	0.0212	-0.0898	-0.0249	0.0736	0.0436	-0.7155	-0.6973	47	184	33	2	1	0.0026	0.5	1	0.0103
0.0094	0.053	-0.0889	-0.0401	0.0588	0.8626	0.2154	0.4578	183	185	33	2	2	0.0026	0.5	0	0.0103
0.0094	0.0464	-0.048	-0.0318	0.0775	0.787	-0.1398	-0.6009	184	186	33	2	3	0.0014	0.4583	0	0.0097
0.0094	0.0195	-0.0114	-0.0332	0.0495	0.7212	-0.0215	-0.6924	185	187	33	2	4	0.0036	0.4688	0	0.0094
0.0094	0.0154	0.0005	-0.0386	0.0386	0.7835	-0.518	-0.3431	186	0	33	2	5	0.01	0.05	0	0.01
0.0084	0.063	-0.043	0.0833	0.0548	-0.1809	0.9835	0.0046	53	189	54	2	1	0.0061	0.375	0	0.0149
0.0084	0.0351	-0.0474	0.1439	0.0547	0.2017	0.963	0.1786	188	190	54	2	2	0.0013	0.4167	0	0.0113
0.0072	0.0256	-0.0411	0.1763	0.0503	-0.0299	0.9912	-0.1287	189	191	54	2	3	0.0051	0.5833	0	0.0072
0.0084	0.002	-0.0419	0.202	0.0473	-0.0848	0.5999	-0.7956	190	0	54	2	4	0.01	0.05	0	0.01
0.0088	0.0439	-0.0306	0.0631	0.0603	0.0223	-0.9967	0.078	53	193	56	2	1	0.0025	0.4167	0	0.0088
0.0088	0.035	-0.0162	0.0349	0.0574	0.5957	-0.6855	-0.4186	192	194	56	2	2	0.0026	0.225	0	0.0331
0.0088	0.0112	-0.0008	0.0149	0.0434	0.4982	0.7576	-0.4217	193	0	56	2	3	0.01	0.05	0	0.01
0.0089	0.0984	0.1194	0.1171	0.0183	0.4534	0.5858	0.6718	63	196	57	2	1	0.0026	0.4583	0	0.0077
0.0119	0.0149	0.1704	0.1675	0.069	0.8864	-0.1539	0.4365	195	197	57	2	2	0.0016	0.25	0	0.0141
0.012	0.0513	0.1731	0.1629	0.084	-0	-0.9664	-0.2572	196	198	57	2	3	0.0014	0.4167	0	0.0158
0.0118	0.0352	0.1767	0.1066	0.0683	0.672	0.0729	0.737	197	199	57	2	4	0.0057	0.2	0	0.0216
0.0108	0.0343	0.202	0.1038	0.0769	0.9914	0.1172	0.058	198	200	57	2	5	0.001	0.375	0	0.0108
0.009	0.0426	0.2346	0.1083	0.073	0.7488	0.6502	-0.1291	199	201	57	2	6	0.001	0.375	0	0.009
0.0083	0.0212	0.2692	0.1295	0.0684	0.9162	0.363	-0.1697	200	202	57	2	7	0.0042	0.625	0	0.0081
0.0114	0.046	0.2721	0.1405	0.0573	-0.0017	-0.9162	-0.4008	201	203	57	2	8	0.001	0.2917	0	0.0138
0.0113	0.0322	0.2717	0.1027	0.055	-0.4786	-0.8503	0.2189	202	204	57	2	9	0.0014	0.3333	0	0.0132
0.0115	0.0283	0.2611	0.0718	0.0625	-0.5329	-0.6835	0.4988	203	205	57	2	10	0.0051	0.4583	0	0.0143
0.0112	0.0323	0.2595	0.0824	0.0858	0.4121	-0.4328	0.8018	204	206	57	2	11	0.0082	0.5	0	0.0118
0.0101	0.0424	0.2754	0.0546	0.1101	0.7198	0.0565	0.6919	205	207	57	2	12	0.0041	0.4688	0	0.0105
0.008	0.0186	0.3054	0.0466	0.1317	0.7524	-0.4179	0.5092	206	208	57	2	13	0.0039	0.5	0	0.008
0.006	0.0138	0.3155	0.0365	0.1367	0.5166	-0.8562	-0.0034	207	209	57	2	14	0.003	0.5417	0	0.0045
0.0103	0.0175	0.3213	0.0486	0.1451	0.9464	-0.0599	0.3173	208	210	57	2	15	0.0079	0.5	0	0.0114
0.0073	0.0002	0.3381	0.0474	0.1507	0.5003	0.8627	0.0732	209	211	57	2	16	0.01	0.05	0	0.01
0.0069	0.0194	0.3379	0.045	0.1518	0.8167	-0.3022	-0.4916	210	0	57	2	17	0.01	0.05	0	0.01
0.0094	0.0325	0.0801	0.2155	0.0452	-0.7189	0.3067	0.6238	69	213	61	2	1	0.0022	0.4583	1	0.0129
0.0094	0.0332	0.0568	0.2255	0.0655	-0.482	-0.5689	-0.6664	212	214	61	2	2	0.0022	0.4583	0	0.0129
0.0094	0.0169	0.0332	0.2201	0.0477	0.4089	0.4799	-0.7762	213	215	61	2	3	0.0013	0.375	0	0.0088
0.0094	0.0609	0.0501	0.2323	0.065	0.5018	0.8202	-0.2746	214	216	61	2	4	0.0009	0.4167	0	0.0094
0.0094	0.0233	0.0914	0.2697	0.05	0.7613	0.6382	-0.1144	215	217	61	2	5	0.0012	0.25	0	0.0092
0.0094	0.0138	0.0955	0.2985	0.0482	0.6939	0.6528	0.3039	216	218	61	2	6	0.005	0.6667	0	0.0104
0.0094	0.0197	0.1053	0.3068	0.0482	-0.7184	0.6791	-0.1507	217	219	61	2	7	0.0009	0.2917	0	0.0115
0.0094	0.0268	0.0984	0.3184	0.0485	0.1134	0.952	0.2843	218	220	61	2	8	0.0009	0.3333	0	0.0087
0.0094	0.0628	0.1096	0.3318	0.0455	0.7563	0.6374	-0.1471	219	221	61	2	9	0.0051	0.2813	0	0.0107
0.0094	0.0256	0.1423	0.384	0.0338	0.6298	0.6936	-0.3498	220	222	61	2	10	0.01	0.05	0	0.01
0.0094	0.0326	0.1645	0.3684	0.0342	0.966	0.1116	-0.2332	221	223	61	2	11	0.01	0.05	0	0.01
0.0094	0.0101	0.1711	0.3731	0.0548	0.7323	0.2308	0.6407	222	0	61	2	12	0.01	0.05	0	0.01
0.0118	0.0359	0.1612	0.267	-0.0161	0.7227	-0.1168	-0.6812	74	225	75	2	1	0.0019	0.2917	1	0.0143
0.0117	0.0439	0.1872	0.2628	-0.0405	0.2348	0.2508	-0.9391	224	226	75	2	2	0.0019	0.2917	0	0.0143
0.0099	0.0206	0.1912	0.2693	-0.0842	0.04	0.4392	-0.8975	225	227	75	2	3	0.007	0.5	0	0.0099
0.01	0.0002	0.1842	0.2795	-0.0919	-0.7554	0.2988	-0.5832	226	228	75	2	4	0.01	0.05	0	0.01
0.0099	0.0117	0.1855	0.2784	-0.0906	0.5908	-0.168	-0.7891	227	0	75	2	5	0.01	0.05	0	0.01
0.0095	0.0906	0.163	0.4418	-0.0204	-0.3777	-0.9015	0.2112	87	230	86	2	1	0.0036	0.22	0	0.0183
0.0095	0.0568	0.1285	0.3793	-0.0064	-0.8514	0.1243	0.5096	229	231	86	2	2	0.0013	0.2917	0	0.0118
0.0095	0.0265	0.0882	0.3878	0.0265	-0.4646	0.3023	0.8323	230	232	86	2	3	0.0012	0.3333	0	0.0131
0.0095	0.0365	0.0665	0.394	0.0387	-0.538	0.7553	0.3742	231	233	86	2	4	0.0056	0.325	0	0.0187
0.0095	0.0234	0.0607	0.426	0.0457	-0.4034	0.8774	-0.2598	232	234	86	2	5	0.0068	0.5417	0	0.0095
0.0095	0.0314	0.0287	0.4448	0.0509	0.0693	0.9568	0.2822	233	235	86	2	6	0.01	0.05	0	0.01
0.0095	0.036	0.0197	0.4581	0.0584	-0.7592	0.4705	0.4498	234	236	86	2	7	0.01	0.05	0	0.01
0.0095	0.017	-0.0011	0.4322	0.0595	-0.9185	-0.2477	0.3083	235	237	86	2	8	0.01	0.05	0	0.01
0.0095	0.0184	-0	0.4574	0.0523	-0.8513	0.5181	0.0829	236	238	86	2	9	0.01	0.05	0	0.01
0.0095	0.0122	0.0128	0.4473	0.052	-0.0034	-0.0983	0.9952	237	0	86	2	10	0.01	0.05	0	0.01
0.0089	0.0567	0.1473	0.414	0.0168	0.0407	-0.9681	-0.2471	82	240	102	2	1	0.0027	0.4583	0	0.0089
0.0089	0.0515	0.151	0.3749	0.012	0.828	-0.3336	0.4507	239	241	102	2	2	0.0052	0.175	0	0.0145
0.0089	0.0262	0.1893	0.3548	0.0414	0.6513	0.4029	0.643	240	242	102	2	3	0.0046	0.225	0	0.0169
0.0089	0.0408	0.2117	0.3592	0.0459	-0.2381	-0.9062	0.3494	241	243	102	2	4	0.0017	0.3333	0	0.0133
0.0089	0.0313	0.2076	0.3278	0.0588	0.6743	-0.7254	-0.138	242	244	102	2	5	0.001	0.3333	0	0.0108
0.0089	0.0294	0.2326	0.3111	0.0621	0.8839	-0.4605	-0.0814	243	245	102	2	6	0.01	0.05	0	0.01
0.0089	0.016	0.2319	0.3113	0.0619	-0.3026	-0.4538	-0.8382	244	0	102	2	7	0.01	0.05	0	0.01
0.0095	0.0422	0.1525	0.4481	-0.0125	0.9163	-0.097	-0.3887	87	247	112	2	1	0.002	0.5	0	0.0131
0.0095	0.0194	0.1984	0.4393	-0.024	0.4643	-0.2023	-0.8623	246	248	112	2	2	0.0052	0.4063	0	0.0137
0.0095	0.0174	0.2073	0.4334	-0.0367	0.3061	-0.8558	-0.417	247	249	112	2	3	0.01	0.05	0	0.01
0.0095	0.0303	0.2126	0.4186	-0.044	0.9452	-0.3083	0.1077	248	0	112	2	4	0.01	0.05	0	0.01
0.0076	0.0811	0.2911	0.4483	-0.0453	0.0828	0.5488	-0.8318	94	251	126	2	1	0.0018	0.5	0	0.0076
0.0076	0.0216	0.301	0.4837	-0.1086	0.6648	-0.1094	-0.739	250	252	126	2	2	0.01	0.05	0	0.01
0.0076	0.0246	0.3154	0.4814	-0.1246	0.2546	-0.7582	-0.6003	251	0	126	2	3	0.01	0.05	0	0.01
0.009	0.1129	0.3031	0.4452	-0.0383	0.6338	0.0423	-0.7723	95	254	128	2	1	0.001	0.2917	0	0.0094
0.0074	0.0741	0.384	0.4507	-0.119	0.5503	0.2016	-0.8103	253	255	128	2	2	0.001	0.375	0	0.0075
0.0075	0.0253	0.4297	0.4696	-0.1725	0.5611	0.4485	-0.6957	254	256	128	2	3	0.0011	0.375	0	0.0113
0.0053	0.004	0.4383	0.4721	-0.1745	0.778	0.3861	0.4956	255	257	128	2	4	0.01	0.05	0	0.01
0.0041	0.0371	0.4414	0.4737	-0.1726	-0.0862	0.7017	-0.7072	256	0	128	2	5	0.01	0.05	0	0.01
0.0125	0.0397	-0.1997	0.0065	-0.0507	-0.4611	0.8714	0.1673	108	259	142	3	1	0.0037	0.5833	0	0.0125
0.0125	0.0369	-0.2176	0.0415	-0.0413	-0.5816	0.8125	-0.0388	258	260	142	3	2	0.0045	0.5833	0	0.0131
0.0125	0.0773	-0.239	0.0714	-0.0427	-0.2408	-0.7725	0.5876	259	0	142	3	3	0.01	0.05	0	0.01
0.005	0.0536	-0.2051	-0.1633	-0.1171	-0.8815	-0.1215	-0.4562	123	262	143	3	1	0.0093	0.375	1	0.0126
0.005	0.0277	-0.2506	-0.1682	-0.119	-0.7625	0.6468	0.0129	261	263	143	3	2	0.0061	0.225	0	0.0126
0.0025	0.1541	-0.2687	-0.151	-0.1171	0.3207	-0.4288	-0.8446	262	0	143	3	3	0.01	0.05	0	0.01
0.0106	0.1105	-0.2137	-0.1259	-0.1504	-0.0525	0.8889	-0.4552	124	265	24	3	1	0.0033	0.4167	0	0.0106
0.0106	0.0291	-0.234	-0.0309	-0.1919	-0.2584	0.9636	-0.0679	264	266	24	3	2	0.0015	0.2917	0	0.0152
0.0106	0.0203	-0.2366	-0.0097	-0.1905	-0.8343	-0.5217	0.1785	265	0	24	3	3	0.01	0.05	0	0.01
0.0106	0.0558	-0.3708	-0.1802	-0.103	0.6247	-0.7801	-0.0339	133	268	36	3	1	0.0013	0.5	0	0.0106
0.0106	0.0108	-0.3369	-0.2237	-0.1052	0.338	0.6376	-0.6922	267	0	36	3	2	0.0028	0.4167	0	0.0107
0.0077	0.0445	-0.269	-0.2515	0.0771	0.0454	0.8114	0.5828	135	270	23	3	1	0.0057	0.35	0	0.0139
0.0077	0.0357	-0.2735	-0.2206	0.1027	-0.4795	0.5568	0.6783	269	271	23	3	2	0.0046	0.35	0	0.0149
0.0077	0.0543	-0.2824	-0.1969	0.1323	-0.4184	0.9083	-0.007	270	272	23	3	3	0.0067	0.225	0	0.0144
0.0077	0.0538	-0.2999	-0.1482	0.125	-0.0352	0.9928	-0.1146	271	273	23	3	4	0.0011	0.5417	0	0.0078
0.0077	0.0054	-0.3003	-0.0951	0.1155	0.0604	0.9967	-0.055	272	274	23	3	5	0.0034	0.4688	0	0.0077
0.0077	0.0198	-0.3026	-0.0869	0.1192	0.6247	0.7701	-0.1291	273	0	23	3	6	0.01	0.05	0	0.01
0.0124	0.0476	-0.2304	-0.2694	0.0551	0.3273	-0.645	0.6905	145	276	26	3	1	0.0033	0.4583	0	0.0124
0.0124	0.0309	-0.2091	-0.2917	0.0878	0.2374	-0.149	0.9599	275	277	26	3	2	0.01	0.05	0	0.01
0.0124	0.0255	-0.2057	-0.2919	0.0784	0.799	-0.583	-0.1477	276	0	26	3	3	0.01	0.05	0	0.01
0.0107	0.0247	-0.1985	-0.2717	0.0813	0.6034	0.7411	-0.2944	145	279	144	3	1	0.0033	0.4583	1	0.0107
0.0107	0.0539	-0.1836	-0.2534	0.074	-0.1917	0.9769	0.0942	278	280	144	3	2	0.0033	0.4583	0	0.0107
0.0107	0.0142	-0.1949	-0.2013	0.076	0.6696	0.675	-0.3097	279	0	144	3	3	0.01	0.05	0	0.01
0.0104	0.1354	-0.0451	-0.1655	0.0753	0.6743	-0.5974	-0.4341	162	282	38	3	1	0.0023	0.5417	0	0.0104
0.0116	0.036	0.0494	-0.2427	0.0256	0.6982	-0.7146	0.0432	281	283	38	3	2	0.002	0.375	0	0.0121
0.0116	0.0353	0.0755	-0.2662	0.0408	0.8692	-0.4944	0.0107	282	284	38	3	3	0.0012	0.4167	0	0.0132
0.0108	0.0324	0.1015	-0.287	0.0373	0.1899	-0.8511	0.4895	283	285	38	3	4	0.001	0.4167	0	0.0108
0.0114	0.0095	0.1223	-0.2979	0.0367	0.841	-0.2819	0.4618	284	286	38	3	5	0.0077	0.4167	0	0.0127
0.0104	0.0356	0.1164	-0.3052	0.0338	0.4119	0.1698	-0.8953	285	0	38	3	6	0.01	0.05	0	0.01
0.0111	0.037	-0.0063	-0.2663	0.0872	-0.957	-0.005	0.2901	165	288	145	3	1	0.002	0.5833	0	0.0118
0.011	0.0404	-0.0435	-0.2736	0.0907	-0.9825	0.0606	0.1764	287	289	145	3	2	0.0018	0.5417	0	0.011
0.0111	0.0567	-0.0857	-0.2568	0.0977	-0.9857	-0.1685	-0.0044	288	290	145	3	3	0.0014	0.4167	0	0.0149
0.011	0.0298	-0.1289	-0.2744	0.1011	-0.5522	-0.8303	0.0753	289	291	145	3	4	0.0014	0.2917	0	0.0127
0.011	0.0039	-0.1478	-0.2965	0.1072	0.0818	-0.7924	0.6045	290	0	145	3	5	0.01	0.05	0	0.01
0.0096	0.0335	0.0197	-0.3024	0.0972	0.7538	-0.6279	-0.1938	166	0	44	3	1	0.0022	0.5	0	0.0096
0.0106	0.0808	0.0089	-0.3061	0.0885	-0.3641	-0.925	0.109	166	294	45	3	1	0.0033	0.5833	0	0.0119
0.0106	0.0125	-0.028	-0.3779	0.1047	-0.5346	-0.818	-0.2124	293	295	45	3	2	0.0048	0.5625	0	0.0106
0.0106	0.0038	-0.0341	-0.3847	0.1034	-0.958	0.0357	0.2845	294	0	45	3	3	0.01	0.05	0	0.01
0.0095	0.061	0.1431	-0.4292	0.0753	0.8917	-0.2296	-0.3901	173	297	72	3	1	0.0016	0.5	0	0.0095
0.0108	0.0532	0.1839	-0.4415	0.0498	0.1647	0.8657	-0.4727	296	298	72	3	2	0.001	0.375	0	0.0118
0.0107	0.0398	0.2075	-0.4036	0.0269	0.4283	0.5839	-0.6897	297	299	72	3	3	0.0043	0.05	0	0.0177
0.0076	0.0542	0.2259	-0.3943	0.009	0.8656	-0.225	-0.4474	298	300	72	3	4	0.003	0.4	0	0.0053
0.0103	0.0022	0.2671	-0.3756	-0.0237	0.9449	0.0874	-0.3154	299	301	72	3	5	0.0076	0.3333	0	0.012
0.0087	0.0099	0.2733	-0.3953	-0.0344	0.2961	0.4808	-0.8253	300	302	72	3	6	0.0043	0.5	0	0.0087
0.0101	0.0312	0.28	-0.3785	-0.0467	0.6883	-0.4126	-0.5967	301	303	72	3	7	0.0011	0.4167	0	0.012
0.0096	0.0318	0.2857	-0.3672	-0.0627	0.5736	0.4503	-0.6843	302	304	72	3	8	0.0064	0.3125	0	0.0123
0.0081	0.0281	0.3075	-0.3537	-0.0834	0.3208	0.7907	-0.5214	303	305	72	3	9	0.01	0.05	0	0.01
0.0078	0.0364	0.3063	-0.3278	-0.0912	0.0837	0.923	-0.3756	304	306	72	3	10	0.01	0.05	0	0.01
0.0074	0.0285	0.3043	-0.3253	-0.1182	0.0778	0.385	-0.9196	305	307	72	3	11	0.01	0.05	0	0.01
0.0071	0.0222	0.307	-0.3048	-0.1113	0.1385	0.9512	-0.2758	306	0	72	3	12	0.01	0.05	0	0.01
0.0089	0.0301	-0.0753	-0.0383	0.0762	-0.592	-0.3116	0.7433	184	309	146	3	1	0.0027	0.5833	1	0.0119
0.0089	0.0523	-0.0931	-0.0477	0.0986	0.7666	-0.424	-0.4823	308	310	146	3	2	0.0027	0.5833	0	0.0119
0.0088	0.022	-0.0439	-0.0604	0.0767	0.62	-0.3466	-0.7039	309	311	146	3	3	0.0033	0.225	0	0.0141
0.0081	0.0024	-0.0332	-0.0739	0.0624	0.2841	-0.3192	-0.9041	310	312	146	3	4	0.004	0.5417	0	0.0081
0.0083	0.0309	-0.032	-0.0671	0.0619	0.9333	0.0186	-0.3586	311	0	146	3	5	0.0013	0.2083	0	0.0117
0.008	0.0375	-0.0475	0.1538	0.0566	0.8612	0.4801	0.1669	188	314	62	3	1	0.0031	0.4583	1	0.01
0.008	0.0529	-0.0152	0.1718	0.0629	0.1099	-0.8055	-0.5823	313	315	62	3	2	0.0031	0.4583	0	0.01
0.008	0.0293	-0.006	0.1296	0.0309	-0.0278	-0.9184	-0.3948	314	316	62	3	3	0.01	0.05	0	0.01
0.008	0.0234	-0.0059	0.1314	0.0327	0.9964	0.0073	-0.0848	315	0	62	3	4	0.0033	0.3333	0	0.0104
0.0112	0.0261	0.1694	0.108	0.0777	-0.743	0.1027	0.6614	198	318	74	3	1	0.0037	0.5833	1	0.0159
0.0112	0.0491	0.15	0.1107	0.0949	0.4815	-0.8032	-0.3508	317	319	74	3	2	0.0037	0.5833	0	0.0159
0.0109	0.0354	0.1758	0.075	0.0776	0.859	-0.4905	-0.1468	318	320	74	3	3	0.0013	0.4167	0	0.0115
0.0074	0.0145	0.2118	0.0657	0.0788	0.8672	-0.4731	-0.1553	319	321	74	3	4	0.0054	0.5	0	0.0074
0.0088	0.0263	0.2243	0.0588	0.0766	0.824	0.2263	0.5194	320	322	74	3	5	0.01	0.05	0	0.01
0.0079	0.0116	0.2347	0.0506	0.0903	0.5438	-0.433	0.7189	321	0	74	3	6	0.01	0.05	0	0.01
0.0081	0.1091	0.2833	0.1222	0.0514	0.8782	0.39	-0.2767	202	324	91	3	1	0.003	0.5417	0	0.0081
0.0081	0.0397	0.3756	0.1699	0.0298	0.741	0.6639	-0.1002	323	325	91	3	2	0.01	0.05	0	0.01
0.0081	0.0279	0.3987	0.1669	0.0152	0.8686	-0.0088	-0.4954	324	0	91	3	3	0.01	0.05	0	0.01
0.0025	0.0177	0.2799	0.0968	0.05	0.7557	0.1383	-0.6401	203	327	92	3	1	0.0102	0.25	1	0.01
0.0025	0.0392	0.2787	0.0803	0.0406	0.7909	-0.5917	0.1564	326	0	92	3	2	0.0082	0.15	0	0.01
0.0084	0.0282	0.297	0.0623	0.1425	-0.5361	0.5563	0.6349	206	329	108	3	1	0.0016	0.5833	1	0.0084
0.0084	0.0789	0.2819	0.078	0.1604	0.4285	0.4856	-0.762	328	330	108	3	2	0.0016	0.5833	0	0.0084
0.0084	0.0034	0.3082	0.1111	0.0965	0.4184	0.0674	-0.9058	329	0	108	3	3	0.01	0.05	0	0.01
0.0076	0.0309	0.3082	0.0538	0.1286	-0.0355	0.8623	-0.5052	207	332	117	3	1	0.0015	0.4167	1	0.0092
0.0076	0.0312	0.3071	0.0804	0.113	0.4899	-0.8646	0.1112	331	333	117	3	2	0.0015	0.4167	0	0.0092
0.0076	0.0188	0.334	0.0636	0.1112	0.5865	-0.2742	0.7621	332	334	117	3	3	0.0011	0.3333	0	0.0125
0.0076	0.0064	0.3544	0.0616	0.1165	0.6719	-0.5308	0.5165	333	0	117	3	4	0.01	0.05	0	0.01
0.009	0.0163	0.3151	0.0292	0.1411	-0.7395	0.0192	0.6728	208	336	121	3	1	0.0039	0.4583	1	0.009
0.009	0.0557	0.303	0.0295	0.152	-0.8471	0.475	-0.2383	335	337	121	3	2	0.0039	0.4583	0	0.009
0.009	0.0248	0.2615	0.0501	0.1283	-0.4724	0.6359	-0.6103	336	338	121	3	3	0.01	0.05	0	0.01
0.009	0.009	0.25	0.0475	0.1284	-0.9353	0.2196	0.2774	337	339	121	3	4	0.01	0.05	0	0.01
0.009	0.0177	0.2416	0.0502	0.1306	-0.466	-0.3372	-0.818	338	0	121	3	5	0.01	0.05	0	0.01
0.0069	0.0524	0.0692	0.2107	0.0473	-0.9009	-0.4007	0.1666	212	341	70	3	1	0.0024	0.4583	1	0.0069
0.0069	0.0506	0.022	0.1897	0.056	-0.7583	0.6486	-0.0655	340	342	70	3	2	0.0024	0.4583	0	0.0069
0.0086	0.0401	-0.0187	0.2276	0.0515	0.9006	0.4245	0.0932	341	343	70	3	3	0.0009	0.375	0	0.0106
0.0085	0.0482	0.0144	0.2416	0.0632	-0.0552	0.9386	0.3406	342	344	70	3	4	0.0011	0.2917	0	0.0125
0.0085	0.0255	0.0038	0.2797	0.0727	-0.5853	0.7979	-0.1444	343	345	70	3	5	0.0008	0.375	0	0.0096
0.0073	0.0224	-0.0114	0.2895	0.0737	-0.9958	0.0607	0.0687	344	346	70	3	6	0.0048	0.5417	0	0.0073
0.0082	0.0196	-0.0189	0.2936	0.0728	0.2382	-0.62	0.7476	345	0	70	3	7	0.0029	0.2917	0	0.0103
0.0106	0.0301	0.1069	0.2977	0.0416	0.133	-0.803	-0.5809	218	348	77	3	1	0.0035	0.5	1	0.0106
0.0106	0.0572	0.1109	0.2736	0.0242	-0.2965	-0.8985	-0.3236	347	349	77	3	2	0.0035	0.5	0	0.0106
0.0106	0.0266	0.0966	0.2244	0.0104	-0.2332	-0.8293	0.5079	348	0	77	3	3	0.01	0.05	0	0.01
0.009	0.022	0.0828	0.3194	0.0514	-0.8944	0.1954	0.4022	218	351	89	3	1	0.0013	0.25	1	0.0121
0.0087	0.043	0.0632	0.3237	0.0603	-0.917	0.1645	0.3634	350	352	89	3	2	0.0013	0.25	0	0.0121
0.0076	0.0412	0.0263	0.3426	0.0753	-0.9548	0.2106	0.2096	351	353	89	3	3	0.01	0.05	0	0.01
0.0064	0.0262	-0.0046	0.3631	0.072	-0.8432	0.533	-0.0702	352	354	89	3	4	0.01	0.05	0	0.01
0.0051	0.0251	-0.0245	0.3787	0.0774	-0.8055	0.5837	0.1027	353	355	89	3	5	0.01	0.05	0	0.01
0.0038	0.022	-0.0481	0.3813	0.0843	-0.9209	0.3289	0.2093	354	0	89	3	6	0.0019	0.1	0	0.01
0.0087	0.0182	0.1266	0.3571	0.0369	-0.9191	0.2432	-0.31	220	357	98	3	1	0.0013	0.375	1	0.0087
0.0087	0.0253	0.1099	0.3615	0.0313	0.9462	-0.2892	-0.1455	356	358	98	3	2	0.0013	0.375	0	0.0087
0.0084	0.0117	0.1314	0.3572	0.0184	0.7946	-0.4808	-0.3708	357	359	98	3	3	0.01	0.05	0	0.01
0.008	0.0034	0.132	0.3445	0.0061	0.2059	0.6155	-0.7607	358	360	98	3	4	0.01	0.05	0	0.01
0.0079	0.0435	0.1307	0.3448	0.0046	0.6464	-0.2491	0.7212	359	361	98	3	5	0.0049	0.25	0	0.0154
0.0054	0.0169	0.1556	0.3332	0.0323	0.2151	-0.9764	0.021	360	362	98	3	6	0.01	0.05	0	0.01
0.0039	0.0184	0.1591	0.3171	0.033	0.7587	-0.2811	0.5877	361	0	98	3	7	0.0023	0.15	0	0.01
0.0128	0.0272	0.2908	0.4731	-0.0936	-0.6244	-0.6622	-0.4143	250	364	149	3	1	0.003	0.5	1	0.0128
0.0128	0.0511	0.2738	0.455	-0.1049	-0.1749	0.8829	0.4358	363	365	149	3	2	0.003	0.5	0	0.0128
0.0128	0.0145	0.2668	0.4965	-0.0894	-0.8223	-0.5654	0.0639	364	0	149	3	3	0.01	0.05	0	0.01
0.0102	0.024	0.3574	0.4457	-0.0909	0.8215	-0.2883	0.492	253	367	130	3	1	0.0021	0.5	1	0.0102
0.0102	0.0567	0.3771	0.4388	-0.0791	0.2783	-0.897	-0.3434	366	368	130	3	2	0.0021	0.5	0	0.0102
0.0102	0.0277	0.4022	0.3912	-0.0854	0.7572	0.2544	-0.6017	367	0	130	3	3	0.0011	0.375	0	0.0124
0.0112	0.0489	0.0593	-0.2585	0.0363	-0.0417	-0.6055	0.7948	282	370	153	4	1	0.0087	0.3	0	0.0198
0.0112	0.0287	0.0515	-0.2842	0.0705	-0.4855	-0.8664	-0.1166	369	0	153	4	2	0.0031	0.5417	0	0.0112
0.0025	0.0732	-0.0352	-0.2851	0.0887	-0.0071	-0.9171	0.3986	288	372	40	4	1	0.01	0.05	0	0.01
0.0045	0.0222	-0.0385	-0.3511	0.1203	-0.6897	-0.4532	-0.5648	371	0	40	4	2	0.0016	0.3333	0	0.0094
0.0081	0.0694	-0.0544	-0.2778	0.0968	-0.366	-0.9121	0.1849	288	374	41	4	1	0.0037	0.325	0	0.0132
0.0078	0.0254	-0.0659	-0.321	0.1145	-0.3864	0.0431	0.9213	373	375	41	4	2	0.0065	0.4167	0	0.0078
0.0078	0.0007	-0.0753	-0.3195	0.1374	0.0521	0.7122	0.7	374	0	41	4	3	0.01	0.05	0	0.01
0.0106	0.0408	0.1035	-0.3699	0.093	-0.5278	-0.8233	0.2088	0	377	53	0	1	0.0024	0.5417	0	0.0105
0.0106	0.0196	0.1024	-0.4032	0.1027	-0.003	-0.9475	0.3198	376	378	53	0	2	0.0008	0.375	0	0.0106
0.0115	0.0058	0.1037	-0.4192	0.112	0.8305	-0.5474	0.1029	377	0	53	0	3	0.0025	0.1	0	0.0215
0.0091	0.0954	0.1824	-0.4328	0.0667	-0.1652	0.9184	-0.3596	296	380	79	4	1	0.0025	0.5833	0	0.0103
0.0082	0.0233	0.155	-0.3458	0.0386	-0.1812	0.9531	-0.2426	379	381	79	4	2	0.0008	0.375	0	0.0085
0.0069	0.0424	0.1498	-0.329	0.039	-0.6309	0.623	0.4624	380	382	79	4	3	0.003	0.5313	0	0.0068
0.0091	0.0328	0.1277	-0.2965	0.0515	-0.3191	0.813	0.4871	381	0	79	4	4	0.01	0.05	0	0.01
0.0091	0.0576	0.2957	-0.3564	-0.089	-0.8553	0.5029	-0.1248	303	384	123	4	1	0.0025	0.375	0	0.0091
0.0091	0.0177	0.2477	-0.3304	-0.1026	-0.6562	0.6211	-0.4286	383	385	123	4	2	0.01	0.05	0	0.01
0.0091	0.0196	0.2502	-0.3384	-0.1059	-0.6601	-0.5906	-0.4642	384	386	123	4	3	0.01	0.05	0	0.01
0.0091	0.0202	0.2494	-0.3327	-0.0931	0.2355	-0.8227	0.5175	385	0	123	4	4	0.01	0.05	0	0.01
0.0093	0.0587	0.1694	0.0968	0.0739	0.0005	-0.9474	-0.32	317	388	81	4	1	0.0021	0.5417	1	0.0093
0.0093	0.0512	0.1694	0.0412	0.0551	0.8089	-0.397	0.4337	387	389	81	4	2	0.0021	0.5417	0	0.0093
0.0094	0.0059	0.2089	0.0236	0.0725	0.9388	0.2544	-0.2323	388	390	81	4	3	0.01	0.05	0	0.01
0.0093	0.0262	0.2168	0.0245	0.0735	0.6813	-0.1795	-0.7096	389	0	81	4	4	0.01	0.05	0	0.01
0.0077	0.0086	0.3182	0.1326	0.034	0.2845	-0.9031	-0.3215	323	392	99	4	1	0.0025	0.4167	0	0.0117
0.0077	0.0092	0.3233	0.1276	0.0372	-0.2294	-0.8415	0.4891	391	393	99	4	2	0.01	0.05	0	0.01
0.0077	0.0273	0.3212	0.1198	0.0417	0.0968	-0.8785	-0.4679	392	394	99	4	3	0.01	0.05	0	0.01
0.0077	0.017	0.3238	0.0959	0.029	0.1006	0.0115	-0.9949	393	0	99	4	4	0.01	0.05	0	0.01
0.0083	0.0165	0.1182	0.3625	0.0424	-0.7375	0.4762	0.4788	356	396	104	4	1	0.0024	0.5	1	0.0101
0.0083	0.0591	0.1061	0.3703	0.0502	-0.6794	-0.6573	-0.3262	395	397	104	4	2	0.0024	0.5	0	0.0101
0.0083	0.0052	0.0743	0.3305	0.0392	-0.0643	-0.9967	-0.05	396	398	104	4	3	0.01	0.05	0	0.01
0.0083	0.0151	0.074	0.3254	0.039	-0.1616	-0.831	-0.5322	397	0	104	4	4	0.01	0.05	0	0.01
