radius (m)	length (m)	start_point	axis_direction	parent	extension	branch	branch_order	position_in_branch	mad	SurfCov	added	UnmodRadius (m)
0.0193	0.0786	-0.4374	0.4452	-0.8789	0.4321	-0.5117	0.7426	0	2	1	0	1	0.0034	0.7917	0	0.0193
0.0203	0.071	-0.4105	0.4036	-0.8169	0.4838	-0.3198	0.8147	1	3	1	0	2	0.0024	0.8333	0	0.0203
0.0248	0.0794	-0.3764	0.3794	-0.7599	0.4471	-0.4638	0.7649	2	4	1	0	3	0.0034	0.9583	0	0.0248
0.0194	0.0479	-0.355	0.3453	-0.6845	0.5344	-0.5675	0.6264	3	5	1	0	4	0.0026	0.7917	0	0.0194
0.0194	0.0687	-0.3237	0.318	-0.6568	0.3352	-0.4246	0.8411	4	6	1	0	5	0.0027	0.9583	0	0.0194
0.0201	0.0685	-0.3088	0.2894	-0.5939	0.454	-0.4459	0.7714	5	7	1	0	6	0.0028	0.75	0	0.0201
0.0229	0.0642	-0.2775	0.2597	-0.5406	0.4096	-0.521	0.7489	6	8	1	0	7	0.0028	0.7917	0	0.0229
0.0211	0.0579	-0.2617	0.2209	-0.4885	0.4837	-0.3585	0.7984	7	9	1	0	8	0.0025	0.75	0	0.0211
0.02	0.0436	-0.243	0.1938	-0.4417	0.3071	-0.3719	0.876	8	10	1	0	9	0.0028	0.75	0	0.02
0.0225	0.0655	-0.2283	0.1782	-0.404	0.4696	-0.3223	0.8219	9	11	1	0	10	0.0029	0.875	0	0.0225
0.0197	0.0592	-0.2042	0.149	-0.3498	0.4683	-0.3365	0.817	10	12	1	0	11	0.0023	0.8333	0	0.0197
0.0226	0.0473	-0.1734	0.1276	-0.3037	0.3807	-0.4519	0.8068	11	13	1	0	12	0.0022	0.875	0	0.0226
0.0207	0.0584	-0.1533	0.1116	-0.262	0.2443	-0.6031	0.7594	12	14	1	0	13	0.0023	0.875	0	0.0207
0.0247	0.0521	-0.1345	0.0758	-0.2205	0.3891	-0.5735	0.7209	13	15	1	0	14	0.0034	0.75	0	0.0247
0.0202	0.0564	-0.1135	0.0542	-0.1736	0.1517	-0.7421	0.6529	14	16	1	0	15	0.0023	0.8333	0	0.0202
0.0206	0.0537	-0.1	0.0146	-0.1389	0.4989	-0.4088	0.7642	15	17	1	0	16	0.0032	0.7083	0	0.0206
0.0215	0.0675	-0.0725	-0.0086	-0.098	0.544	0.1964	0.8158	16	18	1	0	17	0.0032	0.875	0	0.0215
0.0176	0.0419	-0.0364	-0.01	-0.0433	0.4462	-0.0427	0.8939	17	19	1	0	18	0.0023	0.75	0	0.0176
0.0187	0.0446	-0.0208	-0.0081	0.0002	0.7201	-0.3651	0.59	18	20	1	0	19	0.0024	0.7917	0	0.0187
0.0186	0.0463	0.019	-0.0149	0.0274	0.5426	-0.5	0.675	19	21	1	0	20	0.0022	0.875	0	0.0186
0.0193	0.0506	0.0417	-0.0492	0.0578	0.4507	-0.1677	0.8768	20	22	1	0	21	0.0024	0.875	0	0.0193
0.0167	0.0462	0.0675	-0.0509	0.1044	0.5342	-0.4675	0.7043	21	23	1	0	22	0.002	0.8333	0	0.0167
0.0167	0.0539	0.0951	-0.0893	0.1308	0.5485	-0.2033	0.8111	22	24	1	0	23	0.0026	0.7917	0	0.0167
0.0156	0.0518	0.1234	-0.089	0.1812	0.4626	-0.4096	0.7863	23	25	1	0	24	0.0021	0.875	0	0.0156
0.016	0.055	0.1513	-0.1129	0.2203	0.2694	-0.174	0.9472	24	26	1	0	25	0.0024	0.9167	0	0.016
0.0162	0.0549	0.1712	-0.1293	0.2691	0.3695	-0.1679	0.9139	25	27	1	0	26	0.0027	0.875	0	0.0162
0.0168	0.0498	0.1972	-0.1367	0.3183	0.2569	-0.2934	0.9208	26	28	1	0	27	0.002	0.7917	0	0.0168
0.0175	0.0582	0.2117	-0.1503	0.3641	0.363	-0.4958	0.7889	27	29	1	0	28	0.0027	0.9167	0	0.0175
0.0157	0.0489	0.234	-0.1707	0.4119	0.3709	-0.2507	0.8942	28	30	1	0	29	0.0023	0.75	0	0.0157
0.0153	0.0502	0.2513	-0.1859	0.454	0.411	-0.515	0.7522	29	31	1	0	30	0.0018	0.9167	0	0.0153
0.0168	0.0452	0.278	-0.207	0.4925	0.057	-0.2076	0.9766	30	32	1	0	31	0.0023	0.7917	0	0.0168
0.014	0.0304	0.2889	-0.2245	0.5383	-0.2765	-0.0966	0.9561	31	33	1	0	32	0.0017	0.75	0	0.014
0.0174	0.0319	0.3012	-0.2389	0.5742	-0.4806	-0.3979	0.7815	32	0	1	0	33	0.0024	0.2083	0	0.0222
0.016	0.0844	0.2786	-0.2333	0.5344	0.5851	-0.119	0.8022	32	35	3	1	1	0.0112	0.48	0	0.0234
0.0133	0.0481	0.3302	-0.2574	0.6035	0.3693	0.1509	0.917	34	36	3	1	2	0.0022	0.8333	0	0.0174
0.0133	0.0503	0.3437	-0.2583	0.6466	0.4563	-0.3363	0.8238	35	37	3	1	3	0.007	0.875	0	0.019
0.0133	0.0351	0.3606	-0.2744	0.6902	0.2888	-0.2371	0.9276	36	38	3	1	4	0.0027	0.8333	0	0.0183
0.0133	0.0333	0.3733	-0.2862	0.7212	0.325	-0.1769	0.929	37	39	3	1	5	0.0021	0.875	0	0.0163
0.0133	0.0484	0.3818	-0.2882	0.753	0.3186	-0.0239	0.9476	38	40	3	1	6	0.0023	0.8333	0	0.0174
0.016	0.047	0.3906	-0.2982	0.7937	0.4032	-0.6662	0.6273	39	41	3	1	7	0.0022	0.9167	0	0.016
0.016	0.0304	0.4055	-0.33	0.8218	0.1731	-0.962	-0.2111	40	0	3	1	8	0.0047	0.2	0	0.0568
