radius (m)	length (m)	start_point	axis_direction	parent	extension	branch	branch_order	position_in_branch	mad	SurfCov	added	UnmodRadius (m)
0.0244	0.1028	-0.4657	-0.1099	-0.1052	0.8427	-0.014	0.5382	0	2	1	0	1	0.0036	0.4688	0	0.0249
0.0177	0.0698	-0.3616	-0.1338	-0.0514	0.7403	0.5541	0.3807	1	3	1	0	2	0.0023	0.4583	0	0.0177
0.019	0.0547	-0.3004	-0.1033	-0.0309	0.7157	0.6544	0.2441	2	4	1	0	3	0.0014	0.375	0	0.019
0.0174	0.041	-0.2708	-0.079	-0.0083	0.59	0.1442	0.7944	3	5	1	0	4	0.0024	0.3333	0	0.0174
0.013	0.0192	-0.2472	-0.0715	0.0241	0.079	0.1699	0.9823	4	0	1	0	5	0.0062	0.8125	0	0.013
0.0165	0.0212	-0.4245	-0.0982	-0.0541	0.5998	0.7517	0.2743	1	7	27	1	1	0.0022	0.625	0	0.0168
0.014	0.0195	-0.4315	-0.0619	-0.05	0.6983	0.6919	0.1837	6	8	27	1	2	0.0017	0.4167	0	0.0151
0.0108	0.0174	-0.4153	-0.0535	-0.038	-0.7411	0.4484	0.4997	7	0	27	1	3	0.0044	0.625	0	0.0108
0.0169	0.0698	-0.3328	-0.1322	-0.0499	0.9127	-0.0406	-0.4066	2	10	2	1	1	0.0028	0.5	0	0.0176
0.0169	0.0046	-0.2868	-0.1134	-0.0719	0.7369	0.6525	-0.1767	9	11	2	1	2	0.0032	0.15	0	0.01
0.0169	0.0356	-0.2919	-0.1184	-0.0704	0.7001	-0.6392	0.3183	10	12	2	1	3	0.0021	0.125	0	0.01
0.0169	0.0287	-0.2665	-0.1418	-0.058	0.0583	0.8718	0.4864	11	0	2	1	4	0.0022	0.125	0	0.01
0.0142	0.0628	-0.3136	-0.09	-0.0276	0.7404	0.6696	0.0597	3	14	3	1	1	0.0037	0.5417	0	0.0137
0.0142	0.0845	-0.2589	-0.0589	-0.0171	0.6353	0.6893	0.3482	13	15	3	1	2	0.0015	0.625	0	0.011
0.015	0.0358	-0.2092	0.0008	0.0131	0.3863	0.8757	0.2896	14	16	3	1	3	0.0013	0.3333	0	0.015
0.0142	0.0274	-0.1824	0.0029	0.02	0.8933	0.3646	0.2628	15	17	3	1	4	0.0063	0.5417	0	0.0099
0.0142	0.0433	-0.1761	0.0044	0.0432	0.5294	-0.8334	0.1586	16	18	3	1	5	0.0055	0.375	0	0.0123
0.0142	0.0042	-0.148	-0.0322	0.0458	0.2615	-0.8674	0.4233	17	19	3	1	6	0.0043	0.4375	0	0.0105
0.0142	0.017	-0.1528	-0.0265	0.0296	0.517	-0.6789	-0.5213	18	20	3	1	7	0.003	0.075	0	0.0086
0.0164	0.0632	-0.1519	-0.0335	0.0173	0.585	0.5647	-0.5822	19	21	3	1	8	0.0015	0.4167	0	0.0169
0.0167	0.0361	-0.1128	-0.0125	-0.0363	0.894	0.386	-0.2274	20	22	3	1	9	0.0058	0.325	0	0.0245
0.0146	0.071	-0.0785	-0.002	-0.0424	0.8931	0.3913	-0.2218	21	23	3	1	10	0.0017	0.5417	0	0.0146
0.0158	0.0267	-0.0205	0.0335	-0.0317	0.8463	0.5324	0.0176	22	24	3	1	11	0.0019	0.4167	0	0.016
0.0142	0.0482	0.0148	0.0389	-0.0361	0.6006	0.5303	0.5984	23	25	3	1	12	0.0018	0.8333	0	0.0142
0.0172	0.0788	0.0491	0.0592	-0.0334	0.9798	0.0218	0.1989	24	26	3	1	13	0.0024	0.4583	0	0.0214
0.0142	0.0103	0.1168	0.0487	-0.0285	0.8598	-0.3332	-0.387	25	27	3	1	14	0.0076	0.5469	0	0.0094
0.0142	0.0459	0.1349	0.0373	-0.0295	0.6092	0.7735	0.1749	26	28	3	1	15	0.0009	0.5	0	0.0138
0.0142	0.0549	0.1628	0.0798	-0.0137	0.5322	-0.623	0.5733	27	29	3	1	16	0.0014	0.4583	0	0.0126
0.0142	0.0279	0.2012	0.0484	0.0071	0.7136	-0.4989	0.4918	28	30	3	1	17	0.0054	0.4688	0	0.0115
0.0142	0.0394	0.2307	0.0536	0.0214	0.8926	-0.4477	-0.0532	29	31	3	1	18	0.0065	0.5	0	0.0109
0.0142	0.0124	0.2667	0.039	0.0152	0.8783	0.2898	0.3803	30	32	3	1	19	0.0079	0.4375	0	0.0078
0.0142	0.0525	0.2703	0.0431	0.0104	0.7912	0.09	-0.605	31	33	3	1	20	0.001	0.3333	0	0.0098
0.0142	0.0434	0.3096	0.0345	-0.0171	0.9452	-0.2313	-0.2306	32	34	3	1	21	0.009	0.4063	0	0.0106
0.0142	0.0262	0.3582	0.0437	-0.0293	0.9189	-0.3784	-0.1112	33	35	3	1	22	0.0044	0.5	0	0.0095
0.0171	0.0409	0.3708	0.0115	-0.0318	0.8824	-0.4524	0.129	34	36	3	1	23	0.0064	0.4583	0	0.018
0.0142	0.0345	0.3697	0.0122	-0.0423	-0.2121	-0.8318	-0.5129	35	37	3	1	24	0.01	0.05	0	0.01
0.0161	0.0417	0.3761	-0.0091	-0.0361	-0.2359	-0.8799	0.4125	36	38	3	1	25	0.0012	0.4583	0	0.0164
0.0142	0.0162	0.3872	0.0009	-0.0355	0.4303	0.1237	0.8942	37	39	3	1	26	0.0008	0.2917	0	0.0123
0.0142	0.0304	0.3989	0.0067	-0.0259	0.7887	-0.4773	0.3874	38	0	3	1	27	0.01	0.05	0	0.01
0.0094	0.021	-0.2802	-0.0911	-0.0061	-0.1756	-0.4827	0.858	3	41	4	1	1	0.006	0.5938	1	0.009
0.0093	0.0732	-0.2839	-0.1013	0.012	-0.2187	0.8703	-0.4412	40	42	4	1	2	0.006	0.5938	0	0.009
0.018	0.052	-0.2925	-0.0436	-0.0134	0.7448	0.6078	-0.2754	41	43	4	1	3	0.0013	0.4167	0	0.0184
0.0109	0.0177	-0.2549	-0.0184	-0.0303	0.8446	-0.3188	0.4301	42	0	4	1	4	0.0036	0.3333	0	0.0129
0.0098	0.0463	-0.1642	-0.0349	0.0293	0.5723	-0.5155	-0.6377	19	45	5	2	1	0.0023	0.4167	0	0.0097
0.0098	0.0376	-0.1446	-0.0467	-0.0049	0.5429	-0.0173	-0.8396	44	46	5	2	2	0.01	0.05	0	0.01
0.0098	0.0076	-0.1396	-0.0643	-0.0032	0.4479	-0.8636	-0.2314	45	0	5	2	3	0.01	0.05	0	0.01
0.0114	0.0227	-0.1457	-0.0502	0.0241	0.3221	-0.8775	0.3552	20	48	8	2	1	0.0013	0.4583	1	0.0114
0.0114	0.036	-0.1384	-0.0701	0.0322	-0.863	-0.4697	0.186	47	49	8	2	2	0.0013	0.4583	0	0.0114
0.0114	0.0173	-0.1653	-0.0862	0.0342	0.1052	0.9546	0.2788	48	0	8	2	3	0.01	0.05	0	0.01
0.0115	0.1127	-0.1128	-0.0287	-0.027	0.4297	-0.9	0.0732	21	51	9	2	1	0.0012	0.2917	0	0.011
0.0104	0.0511	-0.0698	-0.133	-0.0078	0.2117	-0.9663	-0.1466	50	52	9	2	2	0.0082	0.35	0	0.0104
0.01	0.0257	-0.0496	-0.1769	-0.0352	0.0284	-0.9672	-0.2523	51	53	9	2	3	0.01	0.05	0	0.01
0.0129	0.0197	-0.0684	-0.1713	-0.0254	-0.2803	-0.5847	0.7613	52	54	9	2	4	0.0012	0.375	0	0.0149
0.0123	0.0248	-0.0743	-0.1859	-0.0121	0.3459	0.4109	-0.8435	53	55	9	2	5	0.0014	0.375	0	0.015
0.009	0.0223	-0.0697	-0.1831	-0.0399	0.9102	-0.4024	-0.0979	54	0	9	2	6	0.0019	0.3333	0	0.0109
0.0133	0.1167	-0.1297	-0.037	-0.0247	0.7939	-0.5872	0.1575	21	57	10	2	1	0.0012	0.2917	0	0.0141
0.0117	0.0156	-0.0366	-0.0958	-0.0036	-0.2994	-0.2382	0.9239	56	58	10	2	2	0.01	0.05	0	0.01
0.0108	0.0216	-0.0326	-0.0925	-0.0116	0.0136	-0.9551	-0.2961	57	59	10	2	3	0.01	0.05	0	0.01
0.01	0.0159	-0.0333	-0.1131	-0.0173	0.4366	-0.6888	0.5787	58	0	10	2	4	0.01	0.05	0	0.01
0.0123	0.0291	0.1292	0.0284	-0.017	-0.1398	-0.2903	0.9467	27	61	11	2	1	0.002	0.4583	1	0.0123
0.0123	0.0464	0.1251	0.0199	0.0105	0.7662	-0.1735	-0.6188	60	62	11	2	2	0.002	0.4583	0	0.0123
0.0123	0.0203	0.1665	0.0027	-0.017	-0.2627	-0.2906	-0.9201	61	0	11	2	3	0.01	0.05	0	0.01
0.0119	0.0855	0.2306	0.0298	0.0429	0.1774	0.8504	0.4954	29	64	17	2	1	0.0016	0.5417	0	0.0127
0.0092	0.0434	0.2495	0.1013	0.082	0.5133	0.8125	0.2763	63	65	17	2	2	0.0014	0.5833	0	0.0094
0.006	0.0132	0.2733	0.1333	0.0991	0.7155	0.6711	0.1942	64	66	17	2	3	0.0049	0.625	0	0.0059
0.0062	0.0305	0.2828	0.1422	0.1017	-0.1516	-0.1259	0.9804	65	0	17	2	4	0.01	0.05	0	0.01
0.0123	0.0555	-0.1256	0.0288	0.0069	-0.8548	-0.4565	-0.2468	0	68	7	0	1	0.0042	0.5	0	0.0123
0.0123	0.012	-0.1617	0.0041	-0.0039	-0.0601	-0.9069	0.4172	67	0	7	0	2	0.01	0.05	0	0.01
0.0047	0.0178	-0.0658	-0.1339	0.0017	0.3593	0.0327	0.9326	51	70	13	3	1	0.0029	0.3333	1	0.0133
0.0047	0.0504	-0.0626	-0.1306	0.0083	0.7941	0.6024	-0.0811	69	0	13	3	2	0.0029	0.175	0	0.0133
0.0093	0.0491	0.1563	0.0094	-0.0162	-0.2182	0.4923	0.8426	62	72	15	3	1	0.0032	0.5	0	0.0093
0.0093	0.0256	0.1436	0.0402	0.0278	0.8356	0.0275	0.5486	71	0	15	3	2	0.01	0.05	0	0.01
0.0122	0.0524	0.2134	0.0544	-0.04	-0.0447	0.7447	0.6659	0	74	30	0	1	0.0041	0.4167	0	0.0122
0.0122	0.0191	0.2137	0.0923	-0.0014	-0.8091	0.0263	0.5871	73	0	30	0	2	0.01	0.05	0	0.01
