radius (m)	length (m)	start_point	axis_direction	parent	extension	branch	branch_order	position_in_branch	mad	SurfCov	added	UnmodRadius (m)
0.0099	0.1162	-0.2416	0.1309	-0.0512	0.8762	-0.3583	0.3224	0	2	1	0	1	0.0022	0.5	0	0.01
0.0094	0.0723	-0.151	0.0828	-0.017	0.4756	-0.8755	0.0853	1	3	1	0	2	0.0013	0.5	0	0.0094
0.0071	0.02	-0.1102	0.0237	-0.0124	0.5579	-0.8204	0.125	2	4	1	0	3	0.0028	0.5	0	0.0058
0.0085	0.0727	-0.0982	0.0145	-0.0101	0.993	-0.118	0.0093	3	5	1	0	4	0.001	0.4167	0	0.0085
0.0069	0.0341	-0.0262	0.004	-0.0066	0.9513	-0.2764	-0.1368	4	6	1	0	5	0.0037	0.4	0	0.0067
0.0091	0.0281	0.0062	-0.0055	-0.0113	0.7871	-0.5116	-0.3445	5	7	1	0	6	0.01	0.05	0	0.01
0.0105	0.0492	0.025	-0.0145	-0.0079	0.9728	0.106	0.2058	6	8	1	0	7	0.001	0.375	0	0.0118
0.0095	0.0844	0.0514	-0.026	0.0052	0.6081	-0.7902	-0.0757	7	9	1	0	8	0.0148	0.25	0	0.0109
0.0095	0.0151	0.0852	-0.0953	-0.0014	0.1458	-0.989	-0.0239	8	10	1	0	9	0.0104	0.2917	0	0.0112
0.0086	0.0373	0.0827	-0.1069	-0.0022	-0.5859	-0.7859	0.1975	9	11	1	0	10	0.0011	0.25	0	0.0096
0.008	0.001	0.057	-0.1274	0.0036	-0.9085	-0.3687	0.1966	10	12	1	0	11	0.01	0.05	0	0.01
0.0079	0.026	0.0561	-0.1278	0.0038	-0.5569	-0.8181	0.1436	11	0	1	0	12	0.01	0.05	0	0.01
0.009	0.1369	-0.1246	0.015	-0.0132	0.3287	-0.9444	0.0045	2	14	2	1	1	0.0025	0.4688	0	0.0096
0.0081	0.0374	-0.0854	-0.1172	-0.0066	0.665	-0.6752	0.3191	13	15	2	1	2	0.0025	0.4375	0	0.0081
0.0087	0.0252	-0.0559	-0.1305	-0.0073	0.9602	-0.255	0.1136	14	16	2	1	3	0.01	0.05	0	0.01
0.0087	0.0362	-0.0726	-0.1532	0.0022	0.3652	-0.9304	-0.0328	15	17	2	1	4	0.0068	0.2	0	0.0178
0.0084	0.0076	-0.0582	-0.1786	0.009	0.8661	-0.4053	0.2925	16	18	2	1	5	0.01	0.05	0	0.01
0.0083	0.0297	-0.0516	-0.1817	0.0112	0.5485	-0.8161	-0.1821	17	19	2	1	6	0.01	0.05	0	0.01
0.0081	0.0321	-0.0353	-0.2059	0.0058	0.833	-0.5331	-0.148	18	0	2	1	7	0.01	0.05	0	0.01
0.008	0.0789	-0.136	0.0649	-0.0068	-0.3582	-0.8235	-0.4399	2	21	3	1	1	0.0067	0.22	0	0.0158
0.008	0.0226	-0.1654	-0.0007	-0.0354	0.607	-0.7939	0.0362	20	22	3	1	2	0.0045	0.4375	0	0.008
0.008	0.0068	-0.1524	-0.0197	-0.035	0.442	0.0719	-0.8941	21	0	3	1	3	0.01	0.05	0	0.01
0.0088	0.0405	-0.1498	0.0939	-0.0176	0.7402	0.5671	0.3612	2	24	15	1	1	0.001	0.05	1	0.0173
0.0088	0.0681	-0.1034	0.099	0.0042	0.7574	0.551	-0.3503	23	25	15	1	2	0.0058	0.225	0	0.0173
0.0077	0.0752	-0.051	0.143	-0.0102	0.9916	-0.1293	0.0019	24	26	15	1	3	0.0007	0.5	0	0.0077
0.0079	0.0654	0.0221	0.1293	-0.0089	0.9368	-0.3139	0.1547	25	27	15	1	4	0.0031	0.375	0	0.0079
0.0088	0.0521	0.0777	0.1031	0.0005	0.6953	-0.7087	0.1191	26	28	15	1	5	0.001	0.2917	0	0.009
0.0079	0.0478	0.1172	0.0685	0.0051	0.5918	-0.8054	0.0333	27	29	15	1	6	0.001	0.4583	0	0.0079
0.0076	0.0015	0.1425	0.028	0.0024	0.5622	-0.8268	-0.0193	28	30	15	1	7	0.0028	0.7083	0	0.0076
0.0082	0.0477	0.1507	0.0244	0.0027	0.2161	0.764	0.6079	29	31	15	1	8	0.0012	0.375	0	0.0082
0.0085	0.0568	0.1678	0.066	0.0248	0.787	-0.4157	0.4558	30	32	15	1	9	0.0027	0.175	0	0.0491
0.0083	0.0006	0.2097	0.0497	0.0486	0.8357	0.4241	0.3488	31	33	15	1	10	0.01	0.05	0	0.01
0.0085	0.0812	0.2218	0.0585	0.0533	0.6228	-0.7698	-0.14	32	34	15	1	11	0.0035	0.2	0	0.0193
0.0081	0.006	0.2658	-0.0053	0.0377	0.3288	-0.914	-0.2378	33	35	15	1	12	0.01	0.05	0	0.01
0.008	0.0112	0.2678	-0.0108	0.0363	-0.3775	-0.9133	-0.1531	34	0	15	1	13	0.01	0.05	0	0.01
0.0076	0.0581	0.0114	-0.0174	-0.0092	-0.7745	-0.6273	-0.0812	6	37	6	1	1	0.0021	0.4583	0	0.0076
0.0076	0.0046	-0.0329	-0.059	-0.0127	-0.9756	-0.1795	-0.1263	36	38	6	1	2	0.01	0.05	0	0.01
0.0076	0.0227	-0.039	-0.0591	-0.013	0.3885	0.9214	0.0103	37	0	6	1	3	0.0028	0.25	0	0.0066
0.0075	0.0683	0.0616	-0.1321	0.0003	0.863	-0.4281	0.2685	12	40	8	1	1	0.0031	0.275	1	0.0189
0.0073	0.0774	0.1194	-0.1613	0.0139	0.5098	0.8541	-0.1031	39	41	8	1	2	0.0024	0.28	0	0.0189
0.007	0.0556	0.1587	-0.0963	0.0134	0.7901	0.6028	0.1113	40	42	8	1	3	0.0012	0.375	0	0.0119
0.0059	0.0412	0.1939	-0.0502	0.023	0.7791	0.4173	0.4678	41	43	8	1	4	0.01	0.05	0	0.01
0.0062	0.0041	0.2336	-0.0425	0.0305	0.8739	0.4337	0.2196	42	44	8	1	5	0.003	0.175	0	0.017
0.0047	0.0332	0.2335	-0.0335	0.0301	0.8577	0.475	0.1967	43	45	8	1	6	0.0019	0.1	0	0.01
0.004	0.0335	0.2596	-0.0327	0.0476	0.8646	0.1976	0.462	44	46	8	1	7	0.0025	0.15	0	0.01
0.0033	0.0117	0.2492	-0.0371	0.0467	-0.1447	-0.6262	0.7661	45	0	8	1	8	0.0022	0.175	0	0.01
0.009	0.1052	0.0774	-0.1072	-0.0021	-0.3612	-0.9214	0.1432	9	48	9	1	1	0.0057	0.22	0	0.0593
0.0085	0.0622	0.0116	-0.2055	-0.0059	0.0195	-0.9988	0.0442	47	49	9	1	2	0.0011	0.2917	0	0.0129
0.0079	0.0382	-0.0039	-0.2459	0.0091	-0.7675	-0.6358	0.082	48	50	9	1	3	0.0125	0.3438	0	0.0112
0.0053	0.051	-0.0329	-0.2669	0.0127	-0.9316	0.0403	0.3611	49	51	9	1	4	0.01	0.05	0	0.01
0.0041	0.0219	-0.0703	-0.2622	-0.0007	-0.9386	0.1988	-0.2818	50	52	9	1	5	0.0008	0.125	0	0.01
0.0034	0.0054	-0.044	-0.2611	0.0046	0.2056	0.7535	-0.6244	51	0	9	1	6	0.0009	0.125	0	0.01
0.0025	0.0376	-0.1203	0.0086	-0.0219	-0.2492	-0.9633	-0.1	13	54	16	2	1	0.0064	0.15	1	0.01
0.0025	0.031	-0.1455	-0.0228	-0.015	0.2506	0.9656	-0.0693	53	0	16	2	2	0.0046	0.2	0	0.01
0.0084	0.0401	-0.1043	0.0979	0.0093	0.3415	0.823	-0.454	24	56	17	2	1	0.0028	0.225	0	0.0147
0.008	0.0804	-0.0824	0.1305	-0.0018	0.0701	0.9973	-0.0233	55	57	17	2	2	0.0011	0.4583	0	0.008
0.0084	0.0084	-0.0818	0.208	-0.0023	-0.3968	0.8751	0.277	56	58	17	2	3	0.01	0.05	0	0.01
0.0084	0.0254	-0.0851	0.2153	-0	0.7861	0.2738	0.5542	57	0	17	2	4	0.01	0.05	0	0.01
0.0092	0.0191	0.0648	0.1233	-0.0029	0.7369	0.676	0.0078	26	60	11	2	1	0.002	0.625	1	0.0092
0.0092	0.0488	0.0789	0.1362	-0.0027	0.6877	0.5661	0.4546	59	61	11	2	2	0.002	0.625	0	0.0092
0.0092	0.0112	0.1144	0.1595	0.0237	0.1362	0.7213	0.6791	60	0	11	2	3	0.01	0.05	0	0.01
0.0073	0.0717	-0.0856	0.1731	-0.008	-0.8723	0.4267	-0.2388	56	63	19	3	1	0.0022	0.5	0	0.0073
0.0073	0.0075	-0.1422	0.1959	-0.0223	-0.402	-0.5634	-0.7218	62	0	19	3	2	0.01	0.05	0	0.01
