radius (m)	length (m)	start_point	axis_direction	parent	extension	branch	branch_order	position_in_branch	mad	SurfCov	added	UnmodRadius (m)
0.0233	0.1282	0.3165	0.4337	-0.2034	-0.5219	-0.121	0.8444	0	2	1	0	1	0.0115	0.1	0	0.0363
0.0127	0.0404	0.2415	0.3846	-0.1099	0.083	-0.416	0.9056	1	3	1	0	2	0.0014	0.4167	0	0.0117
0.0124	0.0444	0.2326	0.3564	-0.1015	-0.0595	-0.9159	0.3969	2	4	1	0	3	0.0113	0.375	0	0.0121
0.0119	0.0438	0.2278	0.3197	-0.0699	-0.471	-0.8644	0.1759	3	5	1	0	4	0.0057	0.375	0	0.0102
0.0117	0.0421	0.2197	0.2734	-0.0678	-0.479	-0.8484	0.2254	4	6	1	0	5	0.0075	0.3	0	0.0077
0.0117	0.0327	0.1957	0.2467	-0.0408	-0.1591	-0.8912	0.4249	5	7	1	0	6	0.0046	0.35	0	0.0097
0.0117	0.0364	0.1753	0.2285	-0.0409	-0.7421	-0.5585	0.3706	6	8	1	0	7	0.01	0.05	0	0.01
0.0119	0.0132	0.1801	0.2121	-0.036	0.149	-0.9836	0.1019	7	9	1	0	8	0.0011	0.2917	0	0.012
0.0117	0.0121	0.1837	0.1988	-0.0352	-0.3206	-0.0116	-0.9471	8	0	1	0	9	0.01	0.05	0	0.01
0.0145	0.0465	0.3138	0.4355	-0.1567	0.8403	0.2432	-0.4846	1	11	142	1	1	0.0048	0.5	1	0.0145
0.0145	0.0749	0.3529	0.4468	-0.1793	-0.7042	0.0684	0.7067	10	12	142	1	2	0.0048	0.5	0	0.0145
0.0145	0.0102	0.3012	0.4509	-0.1227	-0.8585	-0.5022	0.1044	11	13	142	1	3	0.01	0.05	0	0.01
0.0145	0.0417	0.2924	0.4458	-0.1216	0.0767	0.623	0.7785	12	0	142	1	4	0.01	0.05	0	0.01
0.019	0.0385	0.2695	0.4187	-0.1055	-0.2503	0.9328	-0.2595	1	15	2	1	1	0.0016	0.175	0	0.0256
0.0118	0.0732	0.2564	0.4572	-0.1268	-0.5016	-0.864	-0.0433	14	16	2	1	2	0.0011	0.3333	0	0.0091
0.01	0.0005	0.2198	0.3951	-0.12	-0.5377	-0.8372	0.1003	15	17	2	1	3	0.01	0.05	0	0.01
0.0092	0.0365	0.2195	0.3946	-0.1199	0.0219	-0.1341	-0.9907	16	18	2	1	4	0.01	0.05	0	0.01
0.0053	0.0337	0.2203	0.3897	-0.1561	-0.481	-0.7734	-0.413	17	0	2	1	5	0.01	0.05	0	0.01
0.0194	0.0657	0.2343	0.375	-0.1139	-0.2606	-0.7909	-0.5537	2	20	3	1	1	0.0042	0.5417	0	0.0194
0.0194	0.0229	0.215	0.3452	-0.1415	-0.8381	0.1243	-0.5311	19	0	3	1	2	0.004	0.175	0	0.01
0.0079	0.0442	0.2163	0.2485	-0.0549	0.8484	-0.0414	0.5278	5	22	7	1	1	0.001	0.25	1	0.0079
0.0079	0.0227	0.2538	0.2467	-0.0315	0.9547	-0.1589	0.2518	21	23	7	1	2	0.001	0.25	0	0.0079
0.0082	0.0163	0.2756	0.2416	-0.0285	0.855	-0.4258	0.2962	22	24	7	1	3	0.01	0.05	0	0.01
0.0071	0.0233	0.2883	0.247	-0.0254	0.9859	0.1237	0.1129	23	25	7	1	4	0.0007	0.375	0	0.0077
0.0044	0.0093	0.3119	0.2504	-0.0209	0.9068	-0.3557	-0.2263	24	0	7	1	5	0.0015	0.15	0	0.01
0.0112	0.0501	0.1655	0.2175	-0.027	-0.2114	-0.0481	0.9762	7	27	10	1	1	0.0067	0.225	0	0.0179
0.0112	0.0506	0.1518	0.2073	0.0049	-0.2421	-0.8655	0.4385	26	28	10	1	2	0.0013	0.2917	0	0.0144
0.0112	0.0541	0.1412	0.1848	0.0323	-0.0394	-0.2387	0.9703	27	29	10	1	3	0.0014	0.2917	0	0.0128
0.0111	0.0522	0.1468	0.1566	0.0728	0.3449	-0.4645	0.8156	28	30	10	1	4	0.0048	0.2	0	0.0182
0.01	0.0067	0.1655	0.1268	0.1067	-0.062	-0.8411	0.5373	29	31	10	1	5	0.01	0.05	0	0.01
0.0111	0.0548	0.1623	0.1287	0.1064	-0.9072	-0.1294	0.4004	30	32	10	1	6	0.0013	0.375	0	0.0136
0.0106	0.0283	0.1142	0.1222	0.1294	-0.542	0.0413	0.8394	31	33	10	1	7	0.0009	0.3333	0	0.0106
0.01	0.004	0.1061	0.13	0.1478	-0.1818	0.729	0.6599	32	34	10	1	8	0.01	0.05	0	0.01
0.0111	0.0495	0.1081	0.1234	0.1557	-0.7762	-0.4601	-0.4311	33	35	10	1	9	0.0009	0.4167	0	0.0119
0.0111	0.053	0.0726	0.0984	0.116	-0.398	-0.9161	0.0474	34	36	10	1	10	0.0008	0.2917	0	0.0156
0.0082	0.0345	0.067	0.0483	0.1153	-0.1628	-0.9332	-0.3204	35	37	10	1	11	0.006	0.4	0	0.0065
0.0105	0.0405	0.0528	0.0161	0.1049	-0.0493	-0.7573	-0.6512	36	38	10	1	12	0.005	0.35	0	0.0105
0.0108	0.034	0.0665	-0.014	0.0784	0.0306	-0.874	-0.4849	37	39	10	1	13	0.0046	0.35	0	0.0108
0.009	0.06	0.0405	-0.0288	0.0767	-0.5351	-0.8324	-0.1439	38	40	10	1	14	0.0086	0.35	0	0.009
0.01	0.0307	0.0199	-0.0887	0.0631	-0.646	-0.7628	0.0286	39	41	10	1	15	0.01	0.05	0	0.01
0.0108	0.0212	-0.0062	-0.1034	0.0576	-0.7788	-0.6216	-0.0847	40	42	10	1	16	0.0017	0.375	0	0.0146
0.01	0.0012	-0.0174	-0.1139	0.0505	-0.143	-0.8224	-0.5506	41	43	10	1	17	0.01	0.05	0	0.01
0.0107	0.0513	-0.0199	-0.1161	0.0692	-0.6957	-0.7074	-0.1249	42	44	10	1	18	0.0041	0.3	0	0.0188
0.0106	0.0363	-0.0528	-0.1551	0.0634	-0.6306	-0.7021	-0.3308	43	45	10	1	19	0.0012	0.3333	0	0.0123
0.0085	0.0427	-0.0492	-0.1858	0.0496	-0.2045	-0.9562	-0.2093	44	46	10	1	20	0.0054	0.4063	0	0.0085
0.0105	0.0274	-0.0941	-0.2086	0.0381	-0.4103	-0.8618	-0.2983	45	47	10	1	21	0.0036	0.3438	0	0.0128
0.0102	0.0497	-0.0971	-0.2522	0.0468	-0.9138	-0.4051	-0.0295	46	48	10	1	22	0.007	0.2708	0	0.0138
0.0091	0.0206	-0.1379	-0.2766	0.0338	-0.5882	-0.8057	0.0695	47	49	10	1	23	0.0042	0.4688	0	0.0091
0.0105	0.0303	-0.1343	-0.2917	0.03	-0.0865	-0.8532	-0.5143	48	50	10	1	24	0.0052	0.4688	0	0.0117
0.01	0.0392	-0.1495	-0.3219	0.0219	0.0399	-0.8885	-0.4571	49	51	10	1	25	0.0046	0.3125	0	0.0117
0.0089	0.0387	-0.1348	-0.3429	0.027	0.1974	-0.8853	0.4211	50	52	10	1	26	0.01	0.05	0	0.01
0.0089	0.0404	-0.1298	-0.3538	0.0356	-0.5366	-0.3191	-0.7812	51	53	10	1	27	0.0011	0.3333	0	0.0091
0.0087	0.0256	-0.1558	-0.3613	0.0088	-0.1368	-0.7156	0.685	52	0	10	1	28	0.01	0.05	0	0.01
0.0149	0.0549	0.1726	0.2202	-0.0266	0.6816	-0.0428	0.7304	7	55	11	1	1	0.0023	0.5	0	0.0162
0.0149	0.0393	0.2018	0.2092	0.0076	0.4234	-0.7525	0.5045	54	0	11	1	2	0.0028	0.4167	0	0.0149
0.0105	0.0151	0.2506	0.2509	-0.0257	-0.7167	0.5142	0.4711	21	57	13	2	1	0.0027	0.4167	1	0.0105
0.0105	0.064	0.2398	0.2587	-0.0186	0.4839	-0.834	0.2653	56	58	13	2	2	0.0027	0.4167	0	0.0105
0.0105	0.0114	0.2739	0.2126	0.0031	0.3593	-0.6109	0.7055	57	0	13	2	3	0.01	0.05	0	0.01
0.0105	0.0658	0.2656	0.2486	-0.0215	0.0655	0.9366	-0.3443	22	60	34	2	1	0.0025	0.5	0	0.0105
0.0105	0.0342	0.2757	0.3047	-0.0465	0.4745	0.7138	-0.5151	59	61	34	2	2	0.01	0.05	0	0.01
0.0105	0.01	0.2627	0.2958	-0.0474	-0.5977	0.1277	-0.7915	60	0	34	2	3	0.01	0.05	0	0.01
0.0081	0.0762	0.165	0.2059	-0.0174	-0.0659	-0.7855	0.6153	26	63	15	2	1	0.0028	0.4583	0	0.0081
0.0065	0.058	0.1714	0.1456	0.0146	0.2306	-0.9517	0.203	62	64	15	2	2	0.004	0.4688	0	0.0065
0.0092	0.0406	0.1828	0.09	0.0217	0.4412	-0.8917	-0.101	63	65	15	2	3	0.0056	0.375	0	0.0099
0.0082	0.0025	0.2006	0.0538	0.0176	0.2887	-0.9524	-0.0984	64	66	15	2	4	0.01	0.05	0	0.01
0.0089	0.0305	0.1961	0.0552	0.0166	0.5763	0.7289	-0.3694	65	0	15	2	5	0.0022	0.2917	0	0.012
0.01	0.0452	0.1617	0.1194	0.1004	-0.4371	-0.8351	-0.334	31	68	18	2	1	0.01	0.05	1	0.01
0.01	0.0388	0.1419	0.0816	0.0853	-0.7266	-0.3386	-0.5979	67	69	18	2	2	0.01	0.05	0	0.01
0.009	0.0565	0.1191	0.0622	0.0657	-0.3589	-0.6779	-0.6416	68	70	18	2	3	0.0013	0.3333	0	0.009
0.0083	0.026	0.0969	0.0242	0.0315	-0.5121	-0.7684	-0.3838	69	71	18	2	4	0.01	0.05	0	0.01
0.0074	0.03	0.084	0.0209	0.0164	-0.6717	-0.2039	-0.7122	70	72	18	2	5	0.01	0.05	0	0.01
0.0064	0.0109	0.0749	0.022	0.0233	-0.933	0.0303	0.3585	71	73	18	2	6	0.01	0.05	0	0.01
0.0046	0.0536	0.065	0.0232	0.0257	0.5835	-0.7382	-0.3385	72	0	18	2	7	0.0016	0.125	0	0.01
0.0104	0.0718	0.0976	0.1285	0.1468	0.1224	0.8878	-0.4436	34	75	29	2	1	0.0035	0.4167	0	0.0104
0.0104	0.0765	0.1104	0.19	0.112	-0.1893	0.6249	-0.7574	74	76	29	2	2	0.0009	0.3333	0	0.0078
0.0104	0.0307	0.099	0.243	0.0604	-0.0534	0.7808	-0.6225	75	77	29	2	3	0.01	0.05	0	0.01
0.0105	0.0019	0.0957	0.2577	0.0297	-0.1913	0.7802	-0.5956	76	78	29	2	4	0.0011	0.3333	0	0.0145
0.0105	0.0142	0.1065	0.2574	0.0317	0.2421	0.9033	-0.3542	77	79	29	2	5	0.0035	0.25	0	0.0158
0.0104	0.0049	0.1159	0.2693	0.0181	0.375	0.9121	0.1654	78	80	29	2	6	0.01	0.05	0	0.01
0.0105	0.0399	0.1034	0.2787	0.0018	0.3267	0.9451	-0.0007	79	81	29	2	7	0.0064	0.225	0	0.0341
0.0104	0.0769	0.1303	0.3186	-0.0208	-0.3467	0.9299	-0.1228	80	82	29	2	8	0.0114	0.225	0	0.0255
0.0104	0.0295	0.1242	0.3859	-0.0338	0.017	0.686	-0.7274	81	83	29	2	9	0.01	0.05	0	0.01
0.0104	0.0432	0.1095	0.3904	-0.0422	-0.7851	0.3184	-0.5313	82	84	29	2	10	0.01	0.05	0	0.01
0.0104	0.0276	0.0756	0.4042	-0.0652	-0.7008	0.3762	0.6061	83	0	29	2	11	0.01	0.05	0	0.01
0.0105	0.0601	0.0921	0.1266	0.1523	-0.9606	0.1891	-0.2035	34	86	37	2	1	0.0011	0.2917	1	0.0142
0.0105	0.0358	0.0343	0.1379	0.1401	-0.771	-0.2032	-0.6036	85	87	37	2	2	0.0011	0.2917	0	0.0142
0.0101	0.0298	0.0033	0.1246	0.1315	-0.5657	-0.6804	-0.4658	86	88	37	2	3	0.01	0.05	0	0.01
0.01	0.0249	-0.0224	0.1172	0.1194	-0.7546	-0.4601	-0.4679	87	0	37	2	4	0.01	0.05	0	0.01
0.0099	0.0304	0.04	0.0502	0.1157	-0.4457	0.7994	-0.4029	35	90	42	2	1	0.0021	0.375	0	0.0099
0.0099	0.0103	0.028	0.0735	0.1078	-0.8486	0.3653	0.3826	89	91	42	2	2	0.01	0.05	0	0.01
0.0099	0.0337	0.0193	0.0772	0.1117	-0.7564	0.1435	-0.6382	90	92	42	2	3	0.01	0.05	0	0.01
0.0099	0.038	-0.0062	0.0821	0.0902	-0.8246	0.4202	-0.3788	91	0	42	2	4	0.01	0.05	0	0.01
0.008	0.0664	0.0478	0.0473	0.1079	-0.2976	-0.7451	-0.5969	35	94	46	2	1	0.0027	0.375	0	0.0079
0.0078	0.0657	0.0222	0.0046	0.0735	-0.7774	-0.6272	-0.0468	93	95	46	2	2	0.001	0.25	0	0.0076
0.0079	0.018	-0.0278	-0.0372	0.07	-0.595	-0.6621	-0.4557	94	96	46	2	3	0.01	0.05	0	0.01
0.0077	0.021	-0.0385	-0.0491	0.0617	-0.803	0.2087	0.5582	95	0	46	2	4	0.01	0.05	0	0.01
0.0107	0.0592	-0.0233	-0.1299	0.0597	-0.0793	-0.8896	-0.4498	43	98	56	2	1	0.0018	0.4583	0	0.0107
0.0107	0.0196	-0.0313	-0.1832	0.0358	0.0708	-0.987	-0.1446	97	99	56	2	2	0.01	0.05	0	0.01
0.0107	0.0282	-0.03	-0.2025	0.0329	-0.6036	-0.4018	-0.6886	98	0	56	2	3	0.01	0.05	0	0.01
0.0086	0.1066	0.029	-0.0596	0.0663	0.7596	-0.2485	-0.601	39	101	57	2	1	0.0053	0.15	0	0.0137
0.0086	0.0351	0.11	-0.091	0.0093	0.8342	-0.453	-0.3147	100	102	57	2	2	0.0011	0.25	0	0.0114
0.007	0.0513	0.1312	-0.1059	-0.007	0.3606	-0.6443	-0.6744	101	103	57	2	3	0.0027	0.3	0	0.007
0.0084	0.0359	0.1344	-0.1386	-0.0403	-0.0781	-0.6474	-0.7582	102	104	57	2	4	0.01	0.05	0	0.01
0.0084	0.041	0.1395	-0.1717	-0.0584	-0.1911	-0.7445	-0.6397	103	105	57	2	5	0.0062	0.25	0	0.0165
0.0084	0.0308	0.1426	-0.2089	-0.0599	-0.3441	-0.9334	-0.1015	104	106	57	2	6	0.0009	0.3333	0	0.0118
0.0084	0.0251	0.1661	-0.1931	-0.0557	0.7271	-0.4745	-0.4962	105	107	57	2	7	0.0088	0.4583	0	0.0097
0.007	0.0339	0.1852	-0.2051	-0.0647	0.9615	0.1527	-0.2283	106	108	57	2	8	0.0052	0.5313	0	0.007
0.0083	0.0133	0.211	-0.2061	-0.0593	0.8997	-0.2716	0.3416	107	109	57	2	9	0.0035	0.4583	0	0.013
0.008	0.0456	0.213	-0.2136	-0.0559	0.3812	-0.8922	-0.2421	108	110	57	2	10	0.0025	0.2	0	0.0169
0.0076	0.0019	0.2247	-0.2548	-0.0597	0.0309	-0.9981	-0.0524	109	111	57	2	11	0.01	0.05	0	0.01
0.0074	0.0358	0.2247	-0.2567	-0.0598	0.346	-0.9321	-0.1072	110	112	57	2	12	0.01	0.05	0	0.01
0.0073	0.0354	0.2371	-0.2901	-0.0637	0.3314	-0.5129	-0.7919	111	0	57	2	13	0.01	0.05	0	0.01
0.0097	0.0858	-0.0883	-0.2584	0.0426	0.2997	-0.3581	-0.8843	47	114	66	2	1	0.0015	0.2917	0	0.0129
0.0089	0.0356	-0.0709	-0.288	-0.0391	0.309	-0.7513	-0.5831	113	115	66	2	2	0.01	0.05	0	0.01
0.0075	0.0237	-0.0513	-0.304	-0.042	0.8468	-0.5245	-0.0883	114	116	66	2	3	0.0011	0.25	0	0.0075
0.0082	0.0365	-0.0319	-0.3172	-0.0454	0.9049	-0.0656	-0.4205	115	117	66	2	4	0.0013	0.375	0	0.0105
0.0052	0.0042	-0.0001	-0.3133	-0.0521	0.822	0.5077	-0.258	116	118	66	2	5	0.01	0.05	0	0.01
0.0039	0.0211	0.0033	-0.3111	-0.0532	0.4945	-0.814	-0.3048	117	0	66	2	6	0.01	0.05	0	0.01
0.0093	0.073	-0.1338	-0.2556	0.0316	-0.9242	0.3749	-0.0735	48	120	67	2	1	0.0009	0.3333	0	0.0086
0.0093	0.0725	-0.1959	-0.2249	0.0364	-0.5071	0.8616	-0.022	119	121	67	2	2	0.0015	0.375	0	0.0099
0.0093	0.0452	-0.2259	-0.1641	0.0468	-0.2331	0.934	0.2707	120	122	67	2	3	0.01	0.05	0	0.01
0.0093	0.0643	-0.2262	-0.1549	0.032	-0.8584	0.139	-0.4938	121	123	67	2	4	0.0012	0.4583	0	0.0112
0.0093	0.0369	-0.2728	-0.1278	0.0042	-0.7202	0.4552	-0.5235	122	124	67	2	5	0.0068	0.3438	0	0.0151
0.0093	0.0455	-0.2959	-0.1095	-0.0078	-0.3272	0.9443	-0.0368	123	125	67	2	6	0.0051	0.45	0	0.0093
0.0093	0.0385	-0.2874	-0.0778	-0.0169	0.335	0.8918	-0.3041	124	126	67	2	7	0.01	0.05	0	0.01
0.0093	0.0363	-0.2988	-0.0805	-0.0126	-0.8391	0.3879	-0.3815	125	127	67	2	8	0.0009	0.375	0	0.0113
0.0093	0.005	-0.3206	-0.0655	-0.0272	-0.129	0.7201	-0.6818	126	128	67	2	9	0.01	0.05	0	0.01
0.0093	0.0592	-0.3201	-0.0493	-0.027	-0.7234	0.2458	-0.6452	127	129	67	2	10	0.0007	0.4167	0	0.0105
0.0093	0.0015	-0.3548	-0.0357	-0.0668	-0.0967	0.5781	-0.8102	128	130	67	2	11	0.01	0.05	0	0.01
0.0093	0.0371	-0.3538	-0.048	-0.0528	-0.4603	-0.6867	-0.5626	129	131	67	2	12	0.0007	0.4167	0	0.0191
0.0093	0.0205	-0.3839	-0.0706	-0.0648	-0.3121	-0.9362	-0.1615	130	132	67	2	13	0.01	0.05	0	0.01
0.0093	0.0435	-0.3631	-0.0381	-0.1011	-0.3516	-0.3642	-0.8624	131	133	67	2	14	0.0019	0.2222	0	0.0425
0.0093	0.0167	-0.3978	-0.0757	-0.1056	-0.7397	0.6729	0.0104	132	134	67	2	15	0.01	0.05	0	0.01
0.0093	0.0297	-0.4101	-0.0644	-0.1054	-0.5947	0.7261	-0.3452	133	135	67	2	16	0.01	0.05	0	0.01
0.0093	0.0399	-0.4278	-0.0429	-0.1156	0.11	0.9617	-0.2512	134	0	67	2	17	0.01	0.05	0	0.01
0.01	0.1167	-0.1362	-0.2774	0.05	-0.5915	-0.5193	-0.6168	49	137	70	2	1	0.0009	0.2917	0	0.0105
0.0084	0.0323	-0.1993	-0.3422	-0.0128	0.5034	-0.6172	-0.6047	136	138	70	2	2	0.01	0.05	0	0.01
0.0087	0.0014	-0.1975	-0.3467	-0.0359	0.2675	0.0291	-0.9631	137	139	70	2	3	0.0016	0.375	0	0.0114
0.0066	0.0066	-0.2004	-0.3492	-0.0327	-0.8401	0.1419	-0.5236	138	140	70	2	4	0.01	0.05	0	0.01
0.0055	0.0264	-0.2059	-0.3483	-0.0362	-0.8565	-0.0177	-0.5158	139	141	70	2	5	0.01	0.05	0	0.01
0.004	0.0277	-0.2285	-0.3487	-0.0498	-0.0264	-0.9281	-0.3713	140	0	70	2	6	0.01	0.05	0	0.01
0.0213	0.0618	0.1775	0.1352	0.0114	0.4345	-0.0005	-0.9007	63	143	144	3	1	0.0044	0.4167	0	0.0213
0.0213	0.0378	0.2211	0.1461	-0.0103	0.3191	0.8455	-0.4282	142	144	144	3	2	0.0061	0.2	0	0.012
0.0213	0.0359	0.2429	0.1498	-0.038	0.6044	0.4695	-0.6437	143	145	144	3	3	0.0009	0.2917	0	0.0178
0.0213	0.025	0.2488	0.1756	-0.0361	0.0728	0.9524	-0.2961	144	146	144	3	4	0.004	0.2	0	0.0149
0.0213	0.0122	0.2494	0.1751	-0.0471	0.4025	-0.155	0.9022	145	147	144	3	5	0.0027	0.15	0	0.01
0.0213	0.0304	0.2569	0.1637	-0.0416	-0.9054	-0.3683	0.2111	146	0	144	3	6	0.0007	0.05	0	0.0101
0.0099	0.0635	0.0992	0.1421	0.1284	-0.6959	0.582	-0.4207	74	149	145	3	1	0.0059	0.3	0	0.0171
0.0099	0.0145	0.0619	0.1726	0.1163	-0.3599	0.7774	0.5158	148	150	145	3	2	0.01	0.05	0	0.01
0.0099	0.0201	0.0567	0.1838	0.1238	-0.7313	0.6673	-0.1411	149	151	145	3	3	0.01	0.05	0	0.01
0.0099	0.0209	0.042	0.1972	0.1209	-0.3292	0.8003	-0.5011	150	0	145	3	4	0.01	0.05	0	0.01
0.0099	0.071	0.106	0.3179	0.0025	-0.9754	-0.0697	0.209	80	153	61	3	1	0.0038	0.4167	0	0.0146
0.0099	0.0076	0.0434	0.311	0.0213	-0.533	-0.591	0.6055	152	154	61	3	2	0.01	0.05	0	0.01
0.0099	0.0214	0.0424	0.3022	0.0278	-0.4993	-0.6122	-0.6131	153	155	61	3	3	0.01	0.05	0	0.01
0.0099	0.0127	0.0301	0.2903	0.0145	-0.3856	-0.4083	0.8274	154	0	61	3	4	0.01	0.05	0	0.01
0.0099	0.0407	0.101	0.3684	-0.0253	-0.7451	-0.6587	-0.1048	81	157	63	3	1	0.0034	0.375	0	0.0119
0.0099	0.0092	0.08	0.3439	-0.0259	-0.4048	0.2264	0.8859	156	158	63	3	2	0.01	0.05	0	0.01
0.0099	0.0317	0.0762	0.346	-0.0177	-0.988	-0.1429	-0.0584	157	159	63	3	3	0.01	0.05	0	0.01
0.0099	0.0241	0.045	0.3414	-0.0195	-0.5238	0.0621	-0.8496	158	0	63	3	4	0.01	0.05	0	0.01
0.0127	0.0469	0.0498	0.1242	0.1428	-0.6342	-0.7524	-0.1779	85	161	39	3	1	0.0029	0.4583	1	0.0127
0.0127	0.0536	0.02	0.0889	0.1345	0.5964	0.3486	0.723	160	162	39	3	2	0.0029	0.4583	0	0.0127
0.0127	0.0156	0.0461	0.111	0.1689	-0.467	0.2671	0.8429	161	0	39	3	3	0.01	0.05	0	0.01
0.004	0.0888	-0.0005	-0.0041	0.07	-0.5184	0.8179	-0.2495	94	164	52	3	1	0.0044	0.22	0	0.0115
0.0025	0.0134	-0.0456	0.066	0.0607	-0.6599	0.7272	0.1888	163	165	52	3	2	0.0055	0.2	0	0.01
0.0035	0.0368	-0.0557	0.0792	0.0642	0.6093	0.4204	-0.6723	164	0	52	3	3	0.0024	0.125	0	0.0096
0.0102	0.0312	-0.0175	-0.1156	0.0563	0.3683	0.9033	-0.2201	97	167	147	3	1	0.0037	0.4167	1	0.019
0.0102	0.0521	-0.0017	-0.0897	0.0564	0.6271	-0.538	-0.5633	166	168	147	3	2	0.0069	0.25	0	0.019
0.0102	0.0296	0.0347	-0.0976	0.0239	0.4157	-0.2159	-0.8835	167	169	147	3	3	0.01	0.05	0	0.01
0.0102	0.0167	0.0255	-0.1074	0.0113	-0.3967	-0.5197	-0.7567	168	0	147	3	4	0.01	0.05	0	0.01
0.0082	0.0465	0.0556	-0.0696	0.0556	0.907	-0.2899	0.3054	100	171	59	3	1	0.0026	0.375	0	0.0102
0.0076	0.0092	0.0946	-0.0862	0.0718	0.6511	-0.7477	-0.1306	170	172	59	3	2	0.01	0.05	0	0.01
0.0071	0.0502	0.1034	-0.0999	0.071	0.8519	0.3433	-0.3954	171	173	59	3	3	0.0012	0.25	0	0.0099
0.005	0.0093	0.141	-0.0807	0.0501	0.3932	0.7865	-0.4763	172	174	59	3	4	0.0018	0.125	0	0.01
0.0036	0.0189	0.1458	-0.0743	0.0444	0.7812	0.185	0.5962	173	0	59	3	5	0.0004	0.1	0	0.01
0.0067	0.0682	0.1318	-0.1181	-0.0109	-0.9961	-0.0246	-0.0842	102	176	86	3	1	0.0085	0.25	0	0.017
0.0067	0.0132	0.0727	-0.1239	-0.0213	-0.2239	-0.9047	0.3626	175	177	86	3	2	0.01	0.05	0	0.01
0.0067	0.0256	0.0679	-0.1361	-0.0179	-0.5688	-0.2495	0.7837	176	178	86	3	3	0.01	0.05	0	0.01
0.0067	0.0157	0.0575	-0.1448	0.0019	-0.3881	-0.6249	-0.6775	177	0	86	3	4	0.01	0.05	0	0.01
0.0094	0.0467	0.1358	-0.1637	-0.0582	0.4426	-0.3948	0.8051	103	180	98	3	1	0.0018	0.5	1	0.0094
0.0094	0.0811	0.1565	-0.1821	-0.0206	-0.8487	-0.2116	-0.4846	179	181	98	3	2	0.0018	0.5	0	0.0094
0.0094	0.0049	0.0955	-0.2065	-0.0623	-0.6712	-0.5815	-0.4597	180	182	98	3	3	0.01	0.05	0	0.01
0.0094	0.0419	0.0922	-0.2093	-0.0645	-0.6642	0.4484	0.5981	181	183	98	3	4	0.01	0.05	0	0.01
0.0094	0.0263	0.0644	-0.1905	-0.0395	-0.6567	-0.4669	0.5922	182	0	98	3	5	0.01	0.05	0	0.01
0.008	0.0789	0.1622	-0.1935	-0.0632	-0.2395	-0.8994	-0.3658	106	185	103	3	1	0.0023	0.375	0	0.009
0.007	0.0218	0.1407	-0.2659	-0.0862	0.0861	-0.9749	-0.2051	184	186	103	3	2	0.01	0.05	0	0.01
0.0062	0.0219	0.1421	-0.2642	-0.0856	0.9884	-0.0149	0.1509	185	187	103	3	3	0.01	0.05	0	0.01
0.0053	0.0191	0.1638	-0.2645	-0.0823	0.8155	0.3671	-0.4474	186	188	103	3	4	0.01	0.05	0	0.01
0.0039	0.032	0.1768	-0.2593	-0.09	0.1543	-0.6067	-0.7798	187	0	103	3	5	0.0025	0.1	0	0.01
0.008	0.0166	0.1855	-0.1965	-0.0622	0.7725	0.5801	0.2581	106	190	114	3	1	0.01	0.05	1	0.01
0.008	0.0298	0.1983	-0.1869	-0.058	0.5707	0.7677	-0.2914	189	191	114	3	2	0.01	0.05	0	0.01
0.008	0.0238	0.2157	-0.1637	-0.0658	0.899	-0.0634	-0.4334	190	192	114	3	3	0.01	0.05	0	0.01
0.008	0.0325	0.2371	-0.1652	-0.0761	0.7306	0.2267	0.644	191	0	114	3	4	0.01	0.05	0	0.01
0.008	0.0638	0.1847	-0.2105	-0.0617	0.3965	-0.7532	-0.5249	106	194	119	3	1	0.0027	0.4167	0	0.011
0.008	0.0284	0.2198	-0.2501	-0.0909	0.6138	-0.3433	-0.7109	193	195	119	3	2	0.01	0.05	0	0.01
0.008	0.0063	0.2129	-0.2653	-0.0987	-0.1157	-0.8039	-0.5834	194	196	119	3	3	0.01	0.05	0	0.01
0.008	0.022	0.2122	-0.2703	-0.1023	-0.286	-0.8088	-0.5139	195	0	119	3	4	0.01	0.05	0	0.01
0.0027	0.1103	0.194	-0.1652	-0.0511	0.9631	-0.2256	-0.147	109	0	121	3	1	0.005	0.25	0	0.0092
0.0025	0.0939	-0.0336	-0.3107	-0.0501	-0.9093	0.122	0.3979	116	199	82	3	1	0.0067	0.35	1	0.01
0.0025	0.0338	-0.1153	-0.3017	-0.0118	0.4951	0.8382	0.2287	198	200	82	3	2	0.0013	0.125	0	0.01
0.0025	0.0362	-0.0996	-0.2749	-0.0008	-0.7322	0.676	0.0829	199	0	82	3	3	0.0036	0.125	0	0.01
0.0139	0.0419	-0.1973	-0.2193	0.0454	-0.5471	0.7339	-0.4025	120	202	83	3	1	0.0034	0.5	0	0.0154
0.0139	0.0659	-0.1945	-0.1805	0.0189	-0.2359	0.9577	0.1648	201	203	83	3	2	0.0013	0.4167	0	0.0139
0.0139	0.1168	-0.1969	-0.1239	-0.0074	-0.2114	0.9477	-0.2392	202	204	83	3	3	0.0107	0.1875	0	0.0167
0.0139	0.0824	-0.2254	-0.0094	-0.0277	-0.1386	0.8583	-0.4941	203	205	83	3	4	0.01	0.05	0	0.01
0.0139	0.0073	-0.2119	-0.0362	-0.0285	0.7117	-0.1023	-0.695	204	206	83	3	5	0.01	0.05	0	0.01
0.0139	0.0258	-0.2065	-0.0362	-0.0303	-0.7762	0.6215	-0.1058	205	0	83	3	6	0.01	0.05	0	0.01
0.0088	0.1132	-0.3207	-0.0789	-0.0154	0.0565	-0.9898	-0.1308	126	208	110	3	1	0.0075	0.2	1	0.0165
0.0078	0.0387	-0.3246	-0.188	-0.0432	0.373	-0.7955	-0.4776	207	209	110	3	2	0.0035	0.225	0	0.0165
0.0065	0.0248	-0.3143	-0.2216	-0.0603	0.4032	-0.7988	-0.4464	208	210	110	3	3	0.01	0.05	0	0.01
0.0054	0.0161	-0.3019	-0.2223	-0.055	0.9325	-0.2949	0.2084	209	211	110	3	4	0.01	0.05	0	0.01
0.0038	0.032	-0.284	-0.2244	-0.0533	0.7276	-0.6308	0.2698	210	0	110	3	5	0.0016	0.125	0	0.01
0.0047	0.0953	-0.3275	-0.0384	-0.0418	-0.1228	-0.806	-0.579	128	213	123	3	1	0.0075	0.22	0	0.014
0.0025	0.0471	-0.3552	-0.0949	-0.0756	-0.8606	-0.4709	-0.1938	212	214	123	3	2	0.01	0.05	0	0.01
0.0025	0.0407	-0.3956	-0.117	-0.0847	-0.4595	-0.7916	0.4029	213	0	123	3	3	0.0117	0.14	0	0.01
0.0132	0.0726	-0.1974	-0.1174	0.0053	0.0019	0.3129	0.9498	203	216	102	4	1	0.0032	0.375	1	0.0253
0.0128	0.0863	-0.2005	-0.0878	0.0615	0.9504	-0.0979	-0.2953	215	217	102	4	2	0.0044	0.26	0	0.0253
0.0106	0.0644	-0.1247	-0.0993	0.0472	0.7511	-0.6085	0.256	216	218	102	4	3	0.0078	0.325	0	0.0113
0.0081	0.0147	-0.0964	-0.1318	0.0863	0.2581	-0.8399	0.4774	217	219	102	4	4	0.01	0.05	0	0.01
0.0085	0.0074	-0.0762	-0.1306	0.0706	0.6878	-0.723	0.0652	218	220	102	4	5	0.0007	0.3333	0	0.0105
0.0056	0.007	-0.0736	-0.1322	0.0716	0.5143	0.2394	0.8235	219	221	102	4	6	0.01	0.05	0	0.01
0.0045	0.0271	-0.0699	-0.1288	0.0765	0.6342	-0.3699	-0.6789	220	0	102	4	7	0.001	0.15	0	0.01
0.0045	0.0286	-0.3267	-0.0462	-0.0526	0.4806	0.5098	-0.7135	212	223	131	4	1	0.002	0.375	1	0.0099
0.0044	0.0589	-0.3128	-0.032	-0.075	-0.6927	0.6979	-0.1819	222	224	131	4	2	0.0052	0.25	0	0.0099
0.0042	0.0444	-0.3531	0.0133	-0.0723	-0.9615	0.2707	-0.0478	223	225	131	4	3	0.0059	0.2	0	0.013
0.0037	0.0367	-0.3944	0.0181	-0.0693	-0.9695	-0.0223	0.2441	224	226	131	4	4	0.0042	0.2	0	0.01
0.0032	0.0439	-0.4158	0.0113	-0.0876	-0.8901	-0.1459	-0.4318	225	227	131	4	5	0.0059	0.175	0	0.01
0.0027	0.0146	-0.4395	0.0127	-0.1195	-0.6445	0.0156	-0.7644	226	0	131	4	6	0.0044	0.125	0	0.01
0.0077	0.0623	-0.1015	-0.1406	0.0865	-0.7544	0.3106	-0.5784	218	229	117	5	1	0.001	0.2917	1	0.0092
0.0072	0.0363	-0.1485	-0.1212	0.0505	-0.6992	0.2885	-0.6542	228	230	117	5	2	0.001	0.2917	0	0.0092
0.006	0.0033	-0.1699	-0.1162	0.0239	-0.5683	0.0161	-0.8227	229	231	117	5	3	0.01	0.05	0	0.01
0.0046	0.0334	-0.1703	-0.1148	0.022	-0.5177	0.761	-0.391	230	232	117	5	4	0.0026	0.125	0	0.01
0.0034	0.0173	-0.1894	-0.0902	0.0087	-0.3992	0.6585	0.638	231	0	117	5	5	0.0017	0.1	0	0.01
0.0094	0.1023	-0.0993	-0.149	0.0925	-0.931	-0.2795	-0.2347	218	234	118	5	1	0.0049	0.4063	0	0.0094
0.0094	0.0007	-0.1915	-0.176	0.0635	-0.8566	0.0155	-0.5157	233	0	118	5	2	0.01	0.05	0	0.01
0.004	0.027	-0.3572	0.0136	-0.0766	0.4686	-0.2987	-0.8314	224	236	137	5	1	0.01	0.05	1	0.01
0.0039	0.0214	-0.3454	0.004	-0.0991	-0.8574	0.5118	-0.0546	235	237	137	5	2	0.0008	0.075	0	0.01
0.0039	0.0228	-0.3618	0.0445	-0.0905	0.6253	0.2079	-0.7522	236	238	137	5	3	0.0123	0.3	0	0.0185
0.0037	0.0671	-0.339	0.0614	-0.0952	0.7751	-0.6269	0.079	237	239	137	5	4	0.0077	0.225	0	0.0132
0.0032	0.0441	-0.2827	0.0291	-0.0892	0.8719	-0.4021	0.2796	238	240	137	5	5	0.0047	0.15	0	0.01
0.0027	0.0124	-0.2847	0.0097	-0.0877	0.0308	-0.9989	0.0364	239	0	137	5	6	0.0052	0.2	0	0.01
