radius (m)	length (m)	start_point	axis_direction	parent	extension	branch	branch_order	position_in_branch	mad	SurfCov	added	UnmodRadius (m)
0.0096	0.0943	-0.3785	-0.0434	-0.1362	0.0736	0.2945	0.9528	0	2	1	0	1	0.0017	0.3438	0	0.0096
0.01	0.0241	-0.379	-0.0166	-0.0461	-0.0291	0.53	0.8475	1	3	1	0	2	0.01	0.05	0	0.01
0.0107	0.0455	-0.3678	-0.0079	-0.0356	0.5366	-0.3268	0.778	2	4	1	0	3	0.0015	0.3333	0	0.0107
0.01	0.0019	-0.3595	-0.0168	-0.0013	-0.2468	-0.4986	0.831	3	5	1	0	4	0.01	0.05	0	0.01
0.0091	0.0503	-0.3551	-0.0165	-0.0038	0.2213	-0.9736	-0.056	4	6	1	0	5	0.001	0.3333	0	0.0091
0.0116	0.0464	-0.3451	-0.0656	-0.0106	0.7318	-0.6589	-0.1741	5	7	1	0	6	0.0006	0.3333	0	0.0134
0.0096	0.03	-0.3239	-0.1008	-0.0083	0.1554	-0.9597	-0.2343	6	8	1	0	7	0.01	0.05	0	0.01
0.0078	0.0751	-0.3258	-0.1154	-0.0231	0.6866	0.5675	0.4544	7	9	1	0	8	0.0011	0.375	0	0.0078
0.0063	0.0365	-0.2764	-0.07	0.009	0.6775	0.6925	0.248	8	10	1	0	9	0.0008	0.2083	0	0.0058
0.0056	0.0482	-0.2499	-0.0466	0.0103	0.8592	0.5079	0.0619	9	11	1	0	10	0.0024	0.3	0	0.0042
0.0068	0.0267	-0.2089	-0.0215	0.0137	0.8524	0.5025	-0.1449	10	12	1	0	11	0.01	0.05	0	0.01
0.0065	0.0199	-0.1836	-0.0278	0.0127	0.9728	0.0879	-0.2144	11	13	1	0	12	0.0006	0.3333	0	0.0074
0.0051	0.024	-0.1663	-0.0188	0.0129	0.9717	0.2261	0.0691	12	14	1	0	13	0.01	0.05	0	0.01
0.0047	0.0151	-0.1674	-0.0231	0.014	0.3661	-0.8935	-0.2601	13	15	1	0	14	0.002	0.15	0	0.01
0.0042	0.0197	-0.1611	-0.0364	0.0088	-0.7294	-0.4052	-0.5511	14	0	1	0	15	0.001	0.15	0	0.01
0.0083	0.0558	-0.3596	-0.0006	-0.0343	0.1428	0.9362	0.3211	3	17	3	1	1	0.0019	0.3333	0	0.0083
0.0097	0.0025	-0.3529	0.0503	-0.0195	-0.1741	0.9235	-0.3419	16	18	3	1	2	0.01	0.05	0	0.01
0.0089	0.0512	-0.3508	0.0546	-0.0155	0.5628	0.6251	-0.5409	17	19	3	1	3	0.001	0.2917	0	0.0089
0.0096	0.0009	-0.322	0.0797	-0.0431	0.6412	-0.0083	-0.7673	18	20	3	1	4	0.01	0.05	0	0.01
0.007	0.0812	-0.3203	0.0777	-0.0427	0.6715	-0.0077	-0.741	19	21	3	1	5	0.0003	0.4167	0	0.0051
0.0092	0.0377	-0.2628	0.0724	-0.0999	0.6939	-0.0315	-0.7194	20	22	3	1	6	0.01	0.05	0	0.01
0.0092	0.0081	-0.2394	0.0681	-0.1037	0.9516	-0.2989	0.0713	21	23	3	1	7	0.0008	0.3333	0	0.0094
0.0093	0.0178	-0.2246	0.0765	-0.0976	0.8543	-0.5135	-0.0808	22	24	3	1	8	0.0039	0.175	0	0.0223
0.0093	0.0403	-0.2137	0.0725	-0.1094	0.6891	0.7213	0.0696	23	25	3	1	9	0.0011	0.2917	0	0.0141
0.0087	0.0054	-0.1882	0.0845	-0.1071	0.914	-0.1124	-0.3898	24	26	3	1	10	0.01	0.05	0	0.01
0.0093	0.058	-0.1916	0.0863	-0.1108	0.2612	0.9619	0.0807	25	27	3	1	11	0.0007	0.375	0	0.0106
0.0082	0.0227	-0.1708	0.1341	-0.1136	0.8498	0.5193	0.09	26	28	3	1	12	0.01	0.05	0	0.01
0.0091	0.032	-0.1678	0.1573	-0.1018	0.6493	0.7201	0.2449	27	29	3	1	13	0.0012	0.375	0	0.012
0.0077	0.0195	-0.1554	0.1857	-0.0929	0.5461	0.8124	0.2044	28	30	3	1	14	0.01	0.05	0	0.01
0.0075	0.0035	-0.141	0.1902	-0.0958	0.9138	0.383	-0.135	29	31	3	1	15	0.01	0.05	0	0.01
0.0073	0.0135	-0.1412	0.1902	-0.0973	-0.4456	0.5544	0.7029	30	0	3	1	16	0.01	0.05	0	0.01
0.0087	0.031	-0.3609	-0.0184	-0.0106	-0.7013	-0.7108	0.0536	5	33	71	1	1	0.0025	0.2	0	0.015
0.0086	0.0555	-0.3807	-0.0442	-0.0126	-0.9402	-0.2666	-0.212	32	34	71	1	2	0.0008	0.4167	0	0.0091
0.0076	0.056	-0.4239	-0.0609	-0.0248	-0.2125	-0.9672	-0.139	33	35	71	1	3	0.0007	0.4583	0	0.0076
0.0085	0.0272	-0.4525	-0.1044	-0.0325	-0.5379	-0.843	-0.0072	34	36	71	1	4	0.0044	0.2813	0	0.0098
0.0083	0.0251	-0.469	-0.1214	-0.0396	-0.9411	-0.3365	-0.0327	35	37	71	1	5	0.0034	0.3438	0	0.0097
0.0078	0.026	-0.4928	-0.1346	-0.0381	-0.9771	-0.0626	-0.2036	36	38	71	1	6	0.01	0.05	0	0.01
0.0077	0.0139	-0.5031	-0.1185	-0.049	-0.7485	0.4965	-0.4397	37	0	71	1	7	0.01	0.05	0	0.01
0.0091	0.0336	-0.3505	-0.0626	-0.0135	-0.9244	-0.3471	-0.1583	5	40	9	1	1	0.002	0.375	0	0.0092
0.0091	0.0159	-0.3818	-0.074	-0.0169	-0.9936	0.0066	-0.113	39	41	9	1	2	0.01	0.05	0	0.01
0.0091	0.0311	-0.3838	-0.0813	-0.016	-0.4955	-0.8208	0.2842	40	42	9	1	3	0.0007	0.4167	0	0.0091
0.0091	0.0355	-0.4031	-0.1044	-0.0104	-0.5302	-0.8478	-0.0112	41	43	9	1	4	0.01	0.05	0	0.01
0.0091	0.0187	-0.4158	-0.1034	-0.0111	-0.9738	0.1905	-0.124	42	44	9	1	5	0.01	0.05	0	0.01
0.0091	0.0265	-0.409	-0.0996	-0.005	0.2285	-0.7202	-0.6551	43	0	9	1	6	0.01	0.05	0	0.01
0.006	0.0337	-0.2722	-0.0746	0.0104	0.6187	-0.4448	0.6476	9	46	11	1	1	0.005	0.3	0	0.0178
0.006	0.0155	-0.2539	-0.0894	0.0225	0.8305	0.517	-0.2072	45	47	11	1	2	0.01	0.05	0	0.01
0.006	0.0187	-0.241	-0.0813	0.0193	0.7486	0.5989	0.2845	46	48	11	1	3	0.01	0.05	0	0.01
0.006	0.0271	-0.227	-0.0701	0.0246	0.2134	0.5984	-0.7723	47	0	11	1	4	0.01	0.05	0	0.01
0.006	0.0498	-0.2546	-0.043	0.0123	-0.2098	0.9769	-0.0398	9	50	19	1	1	0.0018	0.375	0	0.0085
0.006	0.0244	-0.2739	-0.0019	0.0064	-0.4094	0.7527	-0.5155	49	51	19	1	2	0.01	0.05	0	0.01
0.006	0.0234	-0.28	-0.0024	0.0008	-0.7376	-0.3638	-0.5689	50	52	19	1	3	0.01	0.05	0	0.01
0.006	0.0061	-0.2916	-0.0014	0.0074	-0.9644	0.1938	0.18	51	0	19	1	4	0.01	0.05	0	0.01
0.0121	0.0216	-0.1511	-0.0173	0.0187	-0.2641	-0.4552	0.8503	13	54	22	1	1	0.0022	0.4167	1	0.0121
0.0121	0.046	-0.1568	-0.0272	0.0371	0.6946	-0.3626	-0.6213	53	55	22	1	2	0.0022	0.4167	0	0.0121
0.0121	0.0047	-0.1259	-0.0394	0.0207	0.8055	0.5759	-0.1398	54	56	22	1	3	0.01	0.05	0	0.01
0.0121	0.0312	-0.1179	-0.0264	0.0248	0.8535	-0.4614	0.2422	55	57	22	1	4	0.0011	0.3333	0	0.0122
0.0121	0.0015	-0.0888	-0.0382	0.0203	0.6724	0.683	0.2852	56	58	22	1	5	0.01	0.05	0	0.01
0.0121	0.0268	-0.0902	-0.0255	0.0227	0.3893	0.229	-0.8922	57	59	22	1	6	0.01	0.05	0	0.01
0.0121	0.0424	-0.0926	-0.0186	0.0119	0.4949	-0.6961	0.5201	58	60	22	1	7	0.0014	0.3333	0	0.0101
0.0121	0.0303	-0.0741	-0.0353	0.0247	0.76	0.4719	0.4469	59	61	22	1	8	0.0011	0.3333	0	0.013
0.0121	0.0187	-0.0435	-0.0222	0.0324	0.4707	0.7523	0.461	60	62	22	1	9	0.01	0.05	0	0.01
0.0121	0.0202	-0.0346	-0.0229	0.0405	1	0.0071	-0.003	61	63	22	1	10	0.0004	0.3333	0	0.0105
0.0121	0.0114	-0.0146	-0.0182	0.0367	0.7509	0.431	0.5004	62	64	22	1	11	0.01	0.05	0	0.01
0.0121	0.0235	-0.0056	-0.0137	0.043	0.8775	0.0155	-0.4793	63	65	22	1	12	0.01	0.05	0	0.01
0.0121	0.0666	0.0067	-0.0077	0.0399	0.6383	0.7583	0.1321	64	66	22	1	13	0.0009	0.375	0	0.0145
0.0121	0.001	0.0548	0.0374	0.0384	0.5173	0.8402	-0.1628	65	67	22	1	14	0.01	0.05	0	0.01
0.0121	0.0504	0.0456	0.0442	0.0409	0.3039	0.7515	-0.5855	66	68	22	1	15	0.0008	0.3333	0	0.0084
0.0121	0.0425	0.0647	0.075	0.0071	0.871	0.4894	-0.0432	67	69	22	1	16	0.0024	0.175	0	0.0065
0.0121	0.0438	0.0832	0.1069	0.016	0.5966	0.767	0.2362	68	70	22	1	17	0.0047	0.175	0	0.006
0.0121	0.0258	0.1003	0.1399	0.0277	-0.0159	0.9623	0.2715	69	71	22	1	18	0.01	0.05	0	0.01
0.0121	0.0534	0.094	0.132	0.0196	0.9127	-0.2936	0.2844	70	72	22	1	19	0.001	0.375	0	0.0094
0.0121	0.032	0.144	0.1212	0.0342	0.861	-0.2815	-0.4237	71	73	22	1	20	0.0012	0.3333	0	0.0155
0.0121	0.0439	0.1731	0.1102	0.0253	-0.6625	-0.7415	-0.1057	72	74	22	1	21	0.0039	0.25	0	0.0177
0.0121	0.0081	0.1534	0.0761	0.0202	-0.0591	-0.6171	0.7847	73	75	22	1	22	0.001	0.2917	0	0.0138
0.0121	0.0506	0.1538	0.0705	0.0197	0.5673	-0.8098	0.1496	74	76	22	1	23	0.0008	0.25	0	0.0083
0.0121	0.0327	0.1806	0.0314	0.017	0.3667	-0.9009	-0.2323	75	77	22	1	24	0.01	0.05	0	0.01
0.0121	0.0321	0.1966	0.003	0.0274	0.4425	-0.8956	-0.0452	76	78	22	1	25	0.0013	0.3333	0	0.0111
0.0121	0.0193	0.2167	-0.0156	0.0157	0.6597	-0.6898	-0.2982	77	79	22	1	26	0.0008	0.3333	0	0.0082
0.0121	0.0062	0.2386	-0.0204	0.006	0.5783	-0.7612	-0.2934	78	80	22	1	27	0.0009	0.2917	0	0.0104
0.0121	0.0185	0.2412	-0.0199	-0.0032	0.8128	-0.4193	-0.4044	79	81	22	1	28	0.01	0.05	0	0.01
0.0121	0.0287	0.2517	-0.0256	0.0083	0.9525	-0.1738	0.25	80	82	22	1	29	0.001	0.375	0	0.0108
0.0121	0.0316	0.2802	-0.0296	0.0136	0.6469	-0.7626	0.0056	81	83	22	1	30	0.0011	0.2083	0	0.0084
0.0121	0.036	0.2999	-0.0537	0.0162	0.7678	-0.5913	0.2466	82	84	22	1	31	0.0007	0.3333	0	0.0075
0.0121	0.0287	0.3141	-0.0793	0.0244	0.3033	-0.9505	0.0672	83	85	22	1	32	0.01	0.05	0	0.01
0.0121	0.0835	0.3069	-0.0892	0.0345	0.6134	0.7158	-0.3337	84	86	22	1	33	0.0012	0.3333	0	0.0081
0.0121	0.0415	0.362	-0.0325	0.016	0.7173	0.6939	-0.0629	85	87	22	1	34	0.01	0.05	0	0.01
0.0121	0.0448	0.381	-0.0387	0.0103	0.949	-0.2788	-0.147	86	88	22	1	35	0.001	0.2917	0	0.0087
0.0121	0.0038	0.4195	-0.0504	0.0097	0.7996	-0.2221	0.5579	87	89	22	1	36	0.01	0.05	0	0.01
0.0121	0.0145	0.4206	-0.0532	0.0108	0.752	-0.5819	-0.3097	88	90	22	1	37	0.01	0.05	0	0.01
0.0121	0.0137	0.4314	-0.0616	0.0063	0.1913	-0.7672	0.6122	89	0	22	1	38	0.01	0.05	0	0.01
0.0084	0.0248	-0.3191	0.0837	-0.0336	0.7121	0.6984	-0.0722	18	92	10	2	1	0.0027	0.4167	0	0.0117
0.0084	0.0019	-0.3087	0.11	-0.034	0.2552	0.3535	-0.9	91	93	10	2	2	0.01	0.05	0	0.01
0.0084	0.0216	-0.3118	0.1141	-0.0376	0.124	-0.3786	-0.9172	92	94	10	2	3	0.01	0.05	0	0.01
0.0084	0.0162	-0.3091	0.106	-0.0574	0.4169	0.5092	-0.753	93	0	10	2	4	0.01	0.05	0	0.01
0.0088	0.0434	-0.2547	0.0813	-0.108	-0.1667	0.9627	0.213	21	96	18	2	1	0.01	0.05	1	0.01
0.0088	0.0162	-0.2619	0.1231	-0.0987	-0.2632	0.9568	0.1239	95	97	18	2	2	0.01	0.05	0	0.01
0.0088	0.0147	-0.2668	0.1339	-0.0903	-0.9918	0.1275	-0.0034	96	98	18	2	3	0.01	0.05	0	0.01
0.0088	0.0077	-0.2814	0.1381	-0.0967	-0.15	-0.9307	-0.3337	97	0	18	2	4	0.01	0.05	0	0.01
0.0076	0.0413	-0.2867	0.0843	-0.08	0.3551	0.9062	0.2298	20	100	21	2	1	0.002	0.5	0	0.0076
0.0076	0.0201	-0.2685	0.1205	-0.0762	0.6416	0.7319	0.2296	99	101	21	2	2	0.01	0.05	0	0.01
0.0076	0.0304	-0.2766	0.1194	-0.0686	-0.5986	0.801	0.008	100	102	21	2	3	0.001	0.375	0	0.01
0.0076	0.0234	-0.2908	0.1446	-0.066	0.09	0.8835	-0.4597	101	103	21	2	4	0.0009	0.25	0	0.0071
0.0076	0.0161	-0.2863	0.157	-0.081	-0.11	0.4281	-0.897	102	104	21	2	5	0.01	0.05	0	0.01
0.0076	0.0075	-0.288	0.1724	-0.079	0.3609	0.8292	-0.4269	103	0	21	2	6	0.002	0.2917	0	0.01
0.0068	0.0634	-0.3989	-0.0417	-0.0115	-0.8551	0.5177	-0.0286	33	106	5	2	1	0.0018	0.5	0	0.0068
0.0079	0.0439	-0.4332	-0.0074	-0.0109	-0.0968	0.9783	0.1833	105	107	5	2	2	0.0053	0.3333	0	0.012
0.0075	0.0253	-0.4445	0.0361	-0.0095	0.1803	0.9771	-0.1127	106	108	5	2	3	0.01	0.05	0	0.01
0.0074	0.0323	-0.4371	0.0293	-0.0082	0.979	0.1108	0.171	107	109	5	2	4	0.01	0.05	0	0.01
0.0072	0.0021	-0.4353	0.0411	-0.0024	0.2425	0.864	0.4412	108	0	5	2	5	0.01	0.05	0	0.01
0.0086	0.0271	-0.3796	-0.0887	-0.0094	0.902	0.3968	0.1702	41	111	13	2	1	0.0032	0.375	1	0.011
0.0084	0.0498	-0.3551	-0.078	-0.0048	-0.7629	-0.5632	-0.3175	110	112	13	2	2	0.0032	0.375	0	0.011
0.007	0.0324	-0.3853	-0.1125	-0.024	-0.624	-0.3987	-0.672	111	113	13	2	3	0.01	0.05	0	0.01
0.0064	0.0391	-0.377	-0.1075	-0.0287	-0.4676	0.8729	-0.1389	112	114	13	2	4	0.0006	0.25	0	0.0103
0.0038	0.0108	-0.4014	-0.0747	-0.0351	-0.0117	0.6119	-0.7909	113	0	13	2	5	0.0026	0.175	0	0.01
0.0094	0.016	-0.1356	-0.0514	0.0177	-0.2846	-0.9319	0.2248	54	116	25	2	1	0.0021	0.4583	1	0.0094
0.0094	0.0431	-0.1401	-0.0663	0.0213	-0.4641	-0.0736	-0.8827	115	117	25	2	2	0.0021	0.4583	0	0.0094
0.0095	0.0153	-0.1612	-0.0732	-0.0144	-0.6163	-0.2798	-0.7361	116	118	25	2	3	0.01	0.05	0	0.01
0.0094	0.0203	-0.1706	-0.0775	-0.0257	-0.3379	-0.3557	-0.8714	117	0	25	2	4	0.01	0.05	0	0.01
0.0121	0.0371	-0.1412	-0.0243	0.0186	0.9461	0.1543	0.2848	53	120	74	2	1	0.0017	0.4167	0	0.0121
0.0121	0.0029	-0.1143	-0.0148	0.0354	0.4648	-0.3366	0.819	119	121	74	2	2	0.01	0.05	0	0.01
0.0121	0.0245	-0.113	-0.0158	0.0378	0.765	-0.1734	0.6202	120	122	74	2	3	0.01	0.05	0	0.01
0.0121	0.0201	-0.0942	-0.02	0.053	0.7787	0.112	-0.6173	121	123	74	2	4	0.01	0.05	0	0.01
0.0121	0.0133	-0.0786	-0.0178	0.0406	0.9927	0.1187	0.0194	122	0	74	2	5	0.01	0.05	0	0.01
0.0075	0.0487	0.0075	-0.0087	0.0521	0.4516	-0.8906	0.0531	65	125	29	2	1	0.0018	0.375	0	0.0073
0.01	0.0163	0.0277	-0.0517	0.0553	-0.1661	-0.9778	0.128	124	126	29	2	2	0.01	0.05	0	0.01
0.0078	0.032	0.0322	-0.0614	0.0494	0.161	-0.8439	-0.5118	125	127	29	2	3	0.0005	0.375	0	0.0078
0.0103	0.0422	0.0399	-0.0869	0.0356	0.6606	-0.7064	-0.2541	126	128	29	2	4	0.001	0.3333	0	0.0108
0.0074	0.0369	0.0708	-0.1103	0.0229	0.8673	-0.461	-0.1877	127	129	29	2	5	0.0008	0.2083	0	0.0069
0.0103	0.0434	0.0797	-0.1346	0.0163	0.3035	-0.9522	0.0339	128	130	29	2	6	0.0086	0.3438	0	0.0107
0.0107	0.0223	0.11	-0.1713	0.0039	0.1032	-0.9733	-0.2052	129	131	29	2	7	0.0059	0.375	0	0.0122
0.0108	0.0065	0.1252	-0.1852	0.0027	0.5416	-0.7196	-0.4346	130	132	29	2	8	0.0058	0.4167	0	0.0164
0.0072	0.0179	0.1305	-0.2007	0.0177	0.9592	-0.1892	-0.2102	131	133	29	2	9	0.0099	0.4167	0	0.0066
0.0095	0.0346	0.1406	-0.2058	0.0147	0.2392	-0.966	0.0987	132	134	29	2	10	0.01	0.05	0	0.01
0.0077	0.0216	0.1459	-0.2271	0.0038	-0.0378	-0.7662	-0.6415	133	135	29	2	11	0.0009	0.5417	0	0.0077
0.009	0.0327	0.1339	-0.2443	0.0103	-0.3097	-0.9299	-0.1985	134	136	29	2	12	0.0054	0.375	0	0.009
0.0092	0.0285	0.1323	-0.2788	-0.0099	-0.4538	-0.8909	-0.018	135	137	29	2	13	0.0056	0.3125	0	0.0095
0.0089	0.0285	0.1035	-0.2851	-0.0051	-0.7491	-0.5025	-0.4317	136	138	29	2	14	0.01	0.05	0	0.01
0.01	0.0719	0.1099	-0.315	0.0004	0.0005	-0.7528	-0.6583	137	139	29	2	15	0.0109	0.2	0	0.0214
0.0084	0.0011	0.1074	-0.3745	-0.0257	0.1191	-0.9653	-0.2323	138	140	29	2	16	0.01	0.05	0	0.01
0.0081	0.0324	0.1073	-0.3771	-0.0255	0.9573	-0.229	-0.1763	139	141	29	2	17	0.01	0.05	0	0.01
0.008	0.0184	0.1393	-0.3866	-0.036	0.0012	-0.9141	0.4055	140	0	29	2	18	0.01	0.05	0	0.01
0.0115	0.0567	0.0167	-0.0142	0.0373	0.7448	0.6666	-0.0303	65	143	30	2	1	0.002	0.4167	0	0.0145
0.01	0.0035	0.0552	0.0079	0.0407	0.8561	-0.0395	0.5153	142	144	30	2	2	0.01	0.05	0	0.01
0.011	0.0249	0.0564	0.0005	0.0374	0.7464	-0.4895	0.451	143	145	30	2	3	0.0061	0.5833	0	0.0111
0.01	0.0016	0.0627	-0.0146	0.0515	0.0503	-0.7949	-0.6046	144	146	30	2	4	0.01	0.05	0	0.01
0.008	0.0475	0.0552	-0.02	0.0493	0.3817	-0.8227	0.4212	145	147	30	2	5	0.0056	0.5	0	0.008
0.0088	0.0162	0.0561	-0.0512	0.0643	-0.4599	-0.5804	0.672	146	148	30	2	6	0.01	0.05	0	0.01
0.0082	0.0273	0.0712	-0.0546	0.0723	0.2497	-0.551	0.7962	147	0	30	2	7	0.01	0.05	0	0.01
0.0095	0.0658	0.0586	0.094	0.0166	-0.6873	0.0125	0.7263	67	150	35	2	1	0.0012	0.3333	0	0.0095
0.01	0.0318	0.0208	0.097	0.0694	-0.5817	0.4592	0.6714	149	151	35	2	2	0.01	0.05	0	0.01
0.0097	0.0473	0.0211	0.1007	0.0777	-0.6669	-0.5261	-0.5277	150	152	35	2	3	0.0009	0.375	0	0.0103
0.0074	0.0048	-0.0074	0.0733	0.0622	-0.9025	-0.3945	0.1728	151	153	35	2	4	0.01	0.05	0	0.01
0.0061	0.0172	-0.0118	0.0714	0.063	-0.7051	0.5186	0.4836	152	154	35	2	5	0.01	0.05	0	0.01
0.0046	0.0229	-0.0239	0.0803	0.0713	-0.1825	0.8647	0.468	153	0	35	2	6	0.01	0.05	0	0.01
0.0097	0.0372	0.1122	0.147	0.0313	0.9525	0.2286	-0.2013	70	156	42	2	1	0.0031	0.4583	0	0.0097
0.0097	0.0445	0.1444	0.149	0.0276	0.8745	-0.4798	-0.0718	155	157	42	2	2	0.001	0.375	0	0.0077
0.01	0.0264	0.1876	0.139	0.0262	0.9226	-0.3264	-0.2056	156	158	42	2	3	0.01	0.05	0	0.01
0.01	0.0093	0.1884	0.1218	0.0193	0.3344	-0.8654	-0.3733	157	159	42	2	4	0.01	0.05	0	0.01
0.0098	0.0269	0.1915	0.1138	0.0158	0.3202	-0.8961	-0.3073	158	0	42	2	5	0.01	0.05	0	0.01
0.01	0.0539	0.22	-0.0195	-0.0032	-0.1709	-0.9814	0.0873	80	161	54	2	1	0.01	0.05	0	0.01
0.01	0.0209	0.2116	-0.0731	0.0018	-0.5972	-0.7685	-0.2298	160	162	54	2	2	0.01	0.05	0	0.01
0.01	0.0236	0.1991	-0.0892	-0.003	-0.4514	-0.8879	-0.089	161	163	54	2	3	0.01	0.05	0	0.01
0.01	0.0093	0.1884	-0.1101	-0.0051	0.1786	-0.7576	-0.6278	162	0	54	2	4	0.01	0.05	0	0.01
0.0104	0.0383	0.2575	-0.0156	0.0037	0.8652	0.5001	-0.0359	81	165	58	2	1	0.0023	0.375	0	0.0126
0.0091	0.0309	0.2876	0.0044	0.0081	0.8608	0.3083	0.4048	164	166	58	2	2	0.001	0.2917	0	0.0091
0.0076	0.0487	0.3142	0.0125	0.0094	0.779	0.6217	-0.081	165	167	58	2	3	0.0046	0.5	0	0.0076
0.0091	0.0285	0.3612	0.0293	0.0123	0.8437	0.5309	-0.0794	166	168	58	2	4	0.01	0.05	0	0.01
0.0097	0.036	0.3465	0.0301	0.0075	-0.3466	0.8812	0.3216	167	169	58	2	5	0.0007	0.375	0	0.0104
0.009	0.0067	0.3307	0.0596	0.0138	-0.8619	0.2993	0.4094	168	170	58	2	6	0.01	0.05	0	0.01
0.0067	0.0421	0.3233	0.0599	0.0154	-0.6981	0.7144	-0.0482	169	171	58	2	7	0.0006	0.375	0	0.006
0.0089	0.024	0.2927	0.0887	0.0196	-0.7481	0.6636	-0.0023	170	172	58	2	8	0.01	0.05	0	0.01
0.0071	0.0351	0.2828	0.102	0.0089	-0.33	0.8289	-0.4516	171	173	58	2	9	0.001	0.4167	0	0.0071
0.0065	0.0512	0.2758	0.1319	0.0019	-0.1218	0.9923	-0.0212	172	174	58	2	10	0.0038	0.45	0	0.0047
0.0098	0.04	0.2556	0.1807	-0.004	-0.164	0.9839	0.0711	173	175	58	2	11	0.0042	0.3	0	0.0119
0.0073	0.0112	0.2719	0.2203	0.0005	-0.0086	0.9996	-0.0253	174	176	58	2	12	0.0044	0.4	0	0.0073
0.0067	0.0315	0.2744	0.2301	-0.0002	0.4702	0.8744	-0.1194	175	177	58	2	13	0.0037	0.5938	0	0.0067
0.0074	0.0065	0.2926	0.2537	0.0063	0.6512	0.7558	0.0689	176	178	58	2	14	0.0042	0.4583	0	0.0074
0.0092	0.0426	0.3013	0.2631	-0.0051	0.7766	0.4377	0.4532	177	179	58	2	15	0.0056	0.3438	0	0.0111
0.0075	0.0235	0.3287	0.283	0.0277	0.7616	0.5892	0.2699	178	180	58	2	16	0.01	0.05	0	0.01
0.0078	0.0084	0.3292	0.3023	0.0275	0.0733	0.8511	0.5198	179	181	58	2	17	0.0011	0.2917	0	0.0086
0.0075	0.0228	0.3297	0.3088	0.0324	0.2009	0.5768	0.7918	180	182	58	2	18	0.0006	0.25	0	0.0083
0.0071	0.0032	0.336	0.3213	0.0494	0.4202	0.9023	0.0965	181	183	58	2	19	0.01	0.05	0	0.01
0.0071	0.0092	0.338	0.3248	0.0467	0.8896	-0.4456	0.1005	182	184	58	2	20	0.01	0.05	0	0.01
0.007	0.0157	0.3444	0.3237	0.051	0.7294	0.6534	-0.2029	183	0	58	2	21	0.01	0.05	0	0.01
0.0124	0.0745	-0.4376	0.0346	-0.0118	-0.3604	-0.9269	0.1048	107	186	6	3	1	0.0022	0.4167	0	0.0124
0.0124	0.0302	-0.463	-0.0354	-0.0141	-0.389	-0.9205	0.0371	185	187	6	3	2	0.01	0.05	0	0.01
0.0124	0.0254	-0.4748	-0.0632	-0.013	-0.7404	-0.393	-0.5453	186	0	6	3	3	0.01	0.05	0	0.01
0.0042	0.1282	0.0321	-0.0782	0.0634	0.8553	0.2761	-0.4385	125	189	38	3	1	0.0009	0.3333	0	0.0088
0.0051	0.0345	0.1316	-0.0651	0.0163	0.6329	-0.5213	-0.5724	188	190	38	3	2	0.0076	0.375	0	0.0095
0.0025	0.0297	0.1531	-0.0823	0.0059	0.2588	-0.9615	0.0926	189	0	38	3	3	0.01	0.05	0	0.01
0.0095	0.0716	0.0618	-0.1222	0.0315	-0.5032	-0.7657	-0.4005	127	192	43	3	1	0.002	0.225	0	0.0151
0.0084	0.0438	0.0254	-0.1703	0.0085	-0.9606	-0.2114	0.1806	191	193	43	3	2	0.0008	0.375	0	0.0084
0.007	0.036	-0.0169	-0.1766	0.0169	-0.9968	-0.0789	0.0112	192	194	43	3	3	0.003	0.5	0	0.007
0.0081	0.0492	-0.0482	-0.1837	0.0249	-0.8854	-0.1598	0.4366	193	195	43	3	4	0.01	0.05	0	0.01
0.0077	0.0191	-0.0793	-0.2015	0.0172	-0.8525	-0.4826	-0.2011	194	196	43	3	5	0.01	0.05	0	0.01
0.0074	0.0142	-0.0737	-0.1959	-0.0006	-0.4529	-0.1577	-0.8775	195	0	43	3	6	0.01	0.05	0	0.01
0.0082	0.0162	0.1449	-0.2139	0.0063	0.2809	-0.1504	-0.9479	133	198	48	3	1	0.0013	0.5	1	0.0082
0.0082	0.0379	0.1495	-0.2163	-0.0091	-0.9316	0.0091	0.3634	197	199	48	3	2	0.0013	0.5	0	0.0082
0.0079	0.0522	0.114	-0.2164	0.0045	-0.8741	0.4775	0.0889	198	200	48	3	3	0.0008	0.5	0	0.0079
0.0085	0.0297	0.0733	-0.1884	0.0085	-0.5033	0.841	0.1987	199	201	48	3	4	0.0007	0.3333	0	0.0103
0.006	0.032	0.0664	-0.1656	0.0247	0.0914	0.9863	0.1372	200	202	48	3	5	0.0038	0.4063	0	0.006
0.0068	0.0208	0.076	-0.1423	0.0179	0.6178	0.7627	-0.1917	201	203	48	3	6	0.01	0.05	0	0.01
0.0065	0.0093	0.0702	-0.1416	0.0247	-0.2002	0.72	0.6645	202	0	48	3	7	0.01	0.05	0	0.01
0.009	0.0618	0.1527	-0.2154	0.0151	0.9833	0.1663	-0.0743	133	205	50	3	1	0.0007	0.25	1	0.0101
0.0085	0.0263	0.2135	-0.2051	0.0105	0.9569	0.1402	-0.2543	204	206	50	3	2	0.0007	0.25	0	0.0101
0.0076	0.0406	0.2392	-0.2028	0.006	0.6987	0.6681	0.256	205	207	50	3	3	0.0051	0.3438	0	0.0084
0.0052	0.0287	0.2534	-0.1671	0.0226	0.5551	0.8202	0.1383	206	208	50	3	4	0.01	0.05	0	0.01
0.0038	0.0113	0.2599	-0.1744	0.0166	0.936	-0.1874	-0.2978	207	0	50	3	5	0.0016	0.2	0	0.01
0.0095	0.0383	0.0287	0.0845	0.0684	-0.2002	-0.6336	-0.7473	150	210	36	3	1	0.01	0.05	0	0.01
0.0091	0.0223	0.017	0.0493	0.0432	0.2183	-0.3617	-0.9064	209	211	36	3	2	0.0008	0.375	0	0.0115
0.0077	0.0066	0.0164	0.0404	0.0212	0.0563	-0.9456	0.3205	210	212	36	3	3	0.01	0.05	0	0.01
0.0062	0.0061	0.0112	0.0326	0.0249	-0.0544	-0.5958	-0.8013	211	213	36	3	4	0.01	0.05	0	0.01
0.004	0.0138	0.0118	0.0288	0.0197	-0.1187	-0.9695	0.2143	212	0	36	3	5	0.01	0.05	0	0.01
0.006	0.045	-0.0036	0.0936	0.0635	0.4215	0.8985	0.1227	151	215	39	3	1	0.0032	0.375	0	0.0099
0.006	0.0207	0.0202	0.1265	0.0684	0.6216	0.347	0.7023	214	216	39	3	2	0.005	0.5417	0	0.006
0.006	0.0071	0.029	0.1341	0.0726	0.9281	-0.0592	-0.3676	215	0	39	3	3	0.0009	0.375	0	0.007
0.0086	0.0556	0.3122	0.0038	0.0201	0.3016	-0.9528	-0.0335	165	218	60	3	1	0.0032	0.4167	0	0.0104
0.0086	0.0215	0.3143	-0.0224	0.0076	-0.6372	-0.5596	-0.5299	217	219	60	3	2	0.0073	0.4583	0	0.0096
0.0086	0.0311	0.3041	-0.0289	0.018	-0.8511	0.5249	0.0047	218	220	60	3	3	0.01	0.05	0	0.01
0.0086	0.0163	0.3097	-0.0315	0.0145	-0.3061	-0.3504	-0.8851	219	0	60	3	4	0.01	0.05	0	0.01
0.0064	0.0568	0.3063	0.0679	0.0159	-0.6521	-0.7573	0.0356	170	222	61	3	1	0.0017	0.5417	0	0.0068
0.0058	0.0303	0.2639	0.0327	0.01	-0.7728	-0.629	-0.084	221	223	61	3	2	0.0044	0.5417	0	0.0058
0.0063	0.0257	0.2391	0.0236	0.0088	-0.9667	-0.0943	-0.2378	222	224	61	3	3	0.0031	0.5417	0	0.0064
0.006	0.0314	0.2243	0.0111	0.0185	-0.8757	-0.1631	0.4546	223	225	61	3	4	0.01	0.05	0	0.01
0.0061	0.0313	0.2246	0.0081	0.0217	-0.3681	0.3577	-0.8583	224	0	61	3	5	0.0012	0.3333	0	0.0074
0.007	0.0319	0.338	0.0663	0.0114	-0.5112	0.7899	0.3386	168	227	62	3	1	0.0015	0.4167	0	0.007
0.0086	0.0607	0.3214	0.0898	0.0179	0.3571	0.8588	-0.3675	226	228	62	3	2	0.0015	0.2083	0	0.0101
0.0082	0.0428	0.355	0.1332	0.0012	0.6371	0.7521	-0.1684	227	229	62	3	3	0.01	0.05	0	0.01
0.008	0.0165	0.3474	0.152	-0.0158	-0.1299	0.7829	-0.6084	228	230	62	3	4	0.01	0.05	0	0.01
0.0077	0.0325	0.3452	0.1649	-0.0259	0.8589	0.4603	0.2244	229	231	62	3	5	0.01	0.05	0	0.01
0.0075	0.0105	0.373	0.1818	-0.0194	0.7811	-0.2105	-0.5878	230	0	62	3	6	0.01	0.05	0	0.01
0.0088	0.0418	0.3157	0.2606	0.0004	0.6622	-0.4188	-0.6214	178	233	66	3	1	0.0015	0.3333	0	0.01
0.0086	0.004	0.3389	0.2427	-0.0261	0.1059	-0.9507	-0.2914	232	234	66	3	2	0.01	0.05	0	0.01
0.0086	0.003	0.3498	0.2327	-0.0324	0.5478	0.2621	0.7945	233	235	66	3	3	0.0011	0.3333	0	0.0121
0.0081	0.0033	0.36	0.2259	-0.0386	0.5833	-0.2255	0.7803	234	236	66	3	4	0.01	0.05	0	0.01
0.008	0.0592	0.3681	0.2133	-0.0279	0.8839	0.4677	0.0054	235	237	66	3	5	0.0038	0.25	0	0.0201
0.0067	0.0099	0.4166	0.2339	-0.022	0.9094	-0.3965	0.1259	236	238	66	3	6	0.01	0.05	0	0.01
0.0066	0.0598	0.4214	0.2279	-0.0228	0.5703	-0.536	-0.6225	237	239	66	3	7	0.0008	0.3333	0	0.0078
0.0045	0.0007	0.4544	0.1906	-0.0582	0.8095	-0.3322	-0.4841	238	240	66	3	8	0.0019	0.15	0	0.01
0.0037	0.0161	0.4553	0.1943	-0.0617	0.4487	0.5286	0.7206	239	0	66	3	9	0.003	0.15	0	0.01
0.005	0.0109	0.261	-0.1497	0.0212	-0.1851	0.9827	-0.0031	207	242	56	4	1	0.0022	0.4167	0	0.0082
0.005	0.0692	0.2574	-0.1355	0.0226	-0.9129	-0.3943	-0.106	241	243	56	4	2	0.001	0.4167	0	0.0078
0.005	0.0014	0.1931	-0.1627	0.0197	-0.8287	-0.5278	-0.1865	242	244	56	4	3	0.0006	0.125	0	0.01
0.005	0.0179	0.1932	-0.1646	0.0168	-0.8815	-0.3835	-0.2753	243	0	56	4	4	0.0004	0.1	0	0.01
0.0082	0.0127	0.323	0.2531	0.0032	0.4762	-0.6206	0.623	232	246	80	4	1	0.0018	0.5833	1	0.0082
0.0082	0.047	0.329	0.2453	0.011	0.9783	0.2068	-0.009	245	247	80	4	2	0.0018	0.5833	0	0.0082
0.0082	0.0277	0.3737	0.2542	0.0078	0.8987	0.0579	-0.4348	246	248	80	4	3	0.0006	0.375	0	0.0077
0.0082	0.0264	0.3913	0.2551	-0.0081	0.4651	0.0678	-0.8826	247	249	80	4	4	0.01	0.05	0	0.01
0.0082	0.0049	0.4022	0.2612	-0.0085	0.8725	0.4871	-0.0391	248	250	80	4	5	0.01	0.05	0	0.01
0.0082	0.019	0.4036	0.2608	-0.0131	0.8418	-0.0185	-0.5394	249	0	80	4	6	0.0013	0.375	0	0.007
