radius (m)	length (m)	start_point	axis_direction	parent	extension	branch	branch_order	position_in_branch	mad	SurfCov	added	UnmodRadius (m)
0.0086	0.0603	-0.14	-0.2261	-0.1094	0.758	0.4225	0.4969	0	2	1	0	1	0.0024	0.4583	0	0.0086
0.0136	0.0377	-0.084	-0.1923	-0.0858	0.1622	0.4688	0.8683	1	3	1	0	2	0.001	0.3333	0	0.016
0.01	0.0397	-0.0641	-0.1769	-0.0644	0.5208	0.6964	0.4939	2	4	1	0	3	0.01	0.05	0	0.01
0.0089	0.0613	-0.0771	-0.1673	-0.0539	-0.5147	0.7834	0.3485	3	5	1	0	4	0.001	0.3333	0	0.0089
0.0103	0.0259	-0.1048	-0.1179	-0.0351	-0.253	0.9621	0.1016	4	6	1	0	5	0.0012	0.3333	0	0.0103
0.0109	0.0436	-0.0964	-0.0978	-0.0244	-0.0115	0.8517	0.5239	5	7	1	0	6	0.0063	0.4583	0	0.0109
0.0097	0.019	-0.098	-0.0569	-0.0159	0.2211	0.9472	0.2322	6	8	1	0	7	0.0038	0.4375	0	0.0097
0.01	0.0274	-0.0844	-0.0443	-0.0103	0.504	0.8319	-0.2324	7	9	1	0	8	0.01	0.05	0	0.01
0.0106	0.0421	-0.0725	-0.0408	-0.0087	-0.6475	0.3426	0.6807	8	10	1	0	9	0.0011	0.25	0	0.0106
0.0096	0.0403	-0.0939	-0.0351	0.0117	0.7608	0.6358	-0.1303	9	11	1	0	10	0.0009	0.2917	0	0.0096
0.0105	0.0468	-0.0658	-0.0099	0.0125	0.0628	0.9926	0.1036	10	12	1	0	11	0.0012	0.2083	0	0.0111
0.01	0.0325	-0.0518	0.0326	0.0135	0.3881	0.8956	0.2172	11	13	1	0	12	0.01	0.05	0	0.01
0.0101	0.0636	-0.0486	0.0282	0.0221	-0.9486	0.2603	-0.1801	12	14	1	0	13	0.0013	0.3333	0	0.0105
0.0086	0.0304	-0.109	0.0423	0.0173	-0.9954	0.092	0.0277	13	15	1	0	14	0.001	0.2917	0	0.008
0.0095	0.023	-0.1357	0.0424	0.0123	-0.8275	0.0959	-0.5532	14	16	1	0	15	0.01	0.05	0	0.01
0.0093	0.007	-0.1471	0.0552	0.0085	-0.5246	0.7365	-0.427	15	17	1	0	16	0.01	0.05	0	0.01
0.0091	0.0256	-0.1508	0.0604	0.0055	-0.0181	-0.6696	-0.7425	16	0	1	0	17	0.01	0.05	0	0.01
0.0074	0.0762	-0.1248	-0.2077	-0.0968	0.0937	0.3474	0.933	1	19	2	1	1	0.0021	0.4583	0	0.0074
0.0074	0.0052	-0.1188	-0.1776	-0.0306	0.0732	0.8097	0.5822	18	0	2	1	2	0.01	0.05	0	0.01
0.0095	0.0556	-0.0548	-0.1783	-0.0555	0.9078	-0.3852	-0.1663	3	21	3	1	1	0.0022	0.375	0	0.013
0.0088	0.0375	-0.0133	-0.211	-0.0645	0.7501	-0.5924	0.294	20	22	3	1	2	0.0011	0.2917	0	0.0088
0.0071	0.0475	0.0139	-0.2342	-0.0549	0.6321	-0.7717	0.0706	21	23	3	1	3	0.0024	0.5	0	0.0065
0.0094	0.0194	0.0486	-0.2531	-0.0427	0.5825	-0.4805	0.6556	22	24	3	1	4	0.0035	0.2	0	0.0153
0.0094	0.0338	0.0554	-0.2514	-0.0414	0.8631	0.4887	0.1276	23	25	3	1	5	0.0011	0.25	0	0.0134
0.0093	0.0434	0.0802	-0.2448	-0.0337	0.896	-0.2819	0.343	24	26	3	1	6	0.0026	0.275	0	0.0145
0.0093	0.034	0.1125	-0.2681	-0.0289	0.4459	-0.7312	0.5163	25	27	3	1	7	0.0015	0.2083	0	0.0121
0.0088	0.0234	0.1345	-0.2803	-0.0061	0.6606	-0.5623	0.4975	26	28	3	1	8	0.0044	0.5417	0	0.0088
0.0092	0.0282	0.1459	-0.3002	0.0027	0.7124	-0.5885	0.3824	27	29	3	1	9	0.0029	0.125	0	0.0143
0.0088	0.0187	0.1581	-0.3224	0.0005	0.652	-0.7552	-0.0678	28	30	3	1	10	0.01	0.05	0	0.01
0.0091	0.0155	0.1646	-0.3335	0.0169	0.3122	-0.9132	0.262	29	31	3	1	11	0.0036	0.275	0	0.0151
0.0086	0.0073	0.1625	-0.3333	0.0269	0.5288	-0.0932	0.8436	30	32	3	1	12	0.01	0.05	0	0.01
0.009	0.0532	0.1683	-0.3323	0.039	0.8948	0.2563	-0.3655	31	33	3	1	13	0.0039	0.35	0	0.0152
0.0087	0.0276	0.2106	-0.335	0.0262	0.9213	-0.1546	0.3567	32	34	3	1	14	0.0074	0.375	0	0.0092
0.0081	0.0337	0.2166	-0.3414	0.0294	0.1351	-0.9866	-0.0918	33	35	3	1	15	0.01	0.05	0	0.01
0.0079	0.0074	0.2386	-0.3405	0.0336	0.8762	-0.4695	0.1091	34	0	3	1	16	0.01	0.05	0	0.01
0.0025	0.0391	-0.0952	-0.0756	-0.0271	0.8931	-0.4496	0.0124	7	37	11	1	1	0.01	0.05	0	0.01
0.0025	0.0288	-0.0604	-0.0931	-0.0266	0.7818	-0.4659	0.4144	36	0	11	1	2	0.01	0.05	0	0.01
0.0115	0.0641	-0.0755	-0.0148	-0.0008	-0.9349	-0.3075	-0.1773	10	39	21	1	1	0.0027	0.4167	0	0.0115
0.0115	0.0672	-0.1267	-0.0177	-0.0185	-0.8969	0.3859	-0.2158	38	40	21	1	2	0.0019	0.25	0	0.0145
0.0115	0.0435	-0.1764	0.0118	-0.048	-0.6187	0.7416	-0.2594	39	41	21	1	3	0.01	0.05	0	0.01
0.0115	0.0184	-0.1757	0.0041	-0.0324	-0.8424	-0.269	0.4669	40	42	21	1	4	0.01	0.05	0	0.01
0.0115	0.0206	-0.1911	-0.0008	-0.0239	-0.8744	0.4299	-0.2248	41	0	21	1	5	0.01	0.05	0	0.01
0.0137	0.0432	-0.0722	-0.031	0.0033	0.8019	-0.3824	0.459	9	44	29	1	1	0.0032	0.4167	0	0.014
0.0137	0.0343	-0.0514	-0.0447	0.0074	0.4804	-0.6836	-0.5495	43	45	29	1	2	0.0016	0.3333	0	0.0162
0.0137	0.0077	-0.0214	-0.0532	-0.0029	0.7586	-0.3935	-0.5193	44	46	29	1	3	0.01	0.05	0	0.01
0.0137	0.0057	-0.0185	-0.0558	0.0007	0.5214	0.839	0.1554	45	47	29	1	4	0.01	0.05	0	0.01
0.0137	0.061	0.003	-0.0653	0.0026	0.5872	0.7389	-0.3305	46	48	29	1	5	0.0038	0.175	0	0.0302
0.0137	0.0461	0.0541	-0.0231	-0.0061	0.6053	0.0634	-0.7935	47	49	29	1	6	0.0008	0.3333	0	0.0129
0.0137	0.0198	0.0821	-0.0308	-0.0389	0.9519	-0.0915	-0.2925	48	50	29	1	7	0.01	0.05	0	0.01
0.0137	0.0194	0.1009	-0.0312	-0.0367	0.8756	-0.4744	0.0912	49	51	29	1	8	0.0007	0.4583	0	0.0137
0.0137	0.0051	0.1033	-0.0355	-0.0465	-0.0725	-0.9467	-0.3138	50	52	29	1	9	0.01	0.05	0	0.01
0.0137	0.053	0.1095	-0.046	-0.0273	0.9349	0.2797	-0.2183	51	53	29	1	10	0.0051	0.275	0	0.0201
0.0137	0.0131	0.1449	-0.0351	-0.0226	0.3267	0.8122	0.4833	52	54	29	1	11	0.01	0.05	0	0.01
0.0137	0.0679	0.1474	-0.0321	-0.0281	0.9725	0.1009	-0.2099	53	55	29	1	12	0.0012	0.3333	0	0.0153
0.0137	0.0045	0.2157	-0.0192	-0.038	0.6097	0.2931	-0.7364	54	56	29	1	13	0.01	0.05	0	0.01
0.0137	0.0178	0.2185	-0.0178	-0.0413	0.0832	-0.0206	-0.9963	55	0	29	1	14	0.01	0.05	0	0.01
0.0086	0.0983	-0.1085	0.0493	0.0125	0.9827	-0.1822	-0.0338	14	58	39	1	1	0.0019	0.4583	0	0.0086
0.0086	0.0019	-0.0084	0.0348	0.0004	0.7587	-0.6492	0.0545	57	59	39	1	2	0.01	0.05	0	0.01
0.0086	0.0675	-0.0047	0.0408	0.0023	0.8704	-0.1514	-0.4686	58	60	39	1	3	0.0012	0.3333	0	0.0109
0.0086	0.0388	0.0548	0.0412	-0.0305	0.941	-0.097	-0.3242	59	61	39	1	4	0.01	0.05	0	0.01
0.0086	0.0216	0.0514	0.045	-0.0287	0.2243	0.9682	0.1107	60	62	39	1	5	0.01	0.05	0	0.01
0.0086	0.0096	0.0543	0.0389	-0.0294	-0.0346	0.1192	-0.9923	61	0	39	1	6	0.01	0.05	0	0.01
0.0079	0.0564	-0.1208	0.0512	0.0141	0.8287	0.5499	-0.1039	14	64	42	1	1	0.002	0.4583	0	0.0079
0.0081	0.0313	-0.0726	0.0739	0.0135	0.9892	0.1368	-0.0521	63	65	42	1	2	0.01	0.05	0	0.01
0.0081	0.0421	-0.0584	0.0706	0.0184	-0.5051	0.7465	-0.4332	64	66	42	1	3	0.0008	0.375	0	0.0106
0.0081	0.0083	-0.0801	0.0958	0.0077	-0.9931	0.1128	0.0313	65	67	42	1	4	0.01	0.05	0	0.01
0.0081	0.0717	-0.0908	0.0972	-0.0055	0.1759	0.9844	0.004	66	68	42	1	5	0.0008	0.3333	0	0.011
0.0081	0.0238	-0.0666	0.1473	-0.0144	0.8034	0.5525	-0.2221	67	69	42	1	6	0.0092	0.375	0	0.0086
0.0081	0.0263	-0.0588	0.1475	-0.015	0.6713	-0.6847	-0.2837	68	70	42	1	7	0.01	0.05	0	0.01
0.0081	0.0551	-0.059	0.131	-0.0247	0.0285	0.9099	0.4139	69	71	42	1	8	0.001	0.4167	0	0.0085
0.0081	0.0242	-0.0555	0.184	-0.0041	-0.4789	0.6982	0.532	70	72	42	1	9	0.0007	0.4167	0	0.0088
0.008	0.0058	-0.0662	0.1995	0.0015	-0.7372	0.6358	-0.2286	71	73	42	1	10	0.01	0.05	0	0.01
0.0081	0.0346	-0.0756	0.2013	-0.009	0.06	0.9703	-0.2344	72	74	42	1	11	0.0009	0.375	0	0.0103
0.008	0.0051	-0.0675	0.227	-0.0173	0.7628	0.569	0.3073	73	75	42	1	12	0.01	0.05	0	0.01
0.008	0.0541	-0.0594	0.2331	-0.0094	-0.7155	0.6861	0.1315	74	76	42	1	13	0.001	0.3333	0	0.0092
0.0079	0.008	-0.0811	0.2764	0.0017	-0.3975	0.8002	0.449	75	77	42	1	14	0.01	0.05	0	0.01
0.0079	0.0484	-0.0925	0.2876	0.0008	0.4849	0.8726	0.0587	76	78	42	1	15	0.0005	0.3333	0	0.008
0.0079	0.0233	-0.0724	0.328	0.0093	-0.8549	0.3199	-0.4084	77	79	42	1	16	0.0009	0.3333	0	0.0091
0.0075	0.0604	-0.0919	0.3362	0.0041	-0.928	0.3709	0.0366	78	80	42	1	17	0.0009	0.2917	0	0.0075
0.0077	0.0692	-0.146	0.3544	-0.0035	-0.9295	0.2407	-0.2794	79	81	42	1	18	0.01	0.05	0	0.01
0.0078	0.0461	-0.1932	0.3846	0.0121	-0.8836	0.3661	0.2921	80	82	42	1	19	0.0036	0.25	0	0.0143
0.0078	0.0384	-0.2265	0.4025	-0.0035	-0.8493	0.489	-0.1992	81	83	42	1	20	0.0009	0.3333	0	0.0113
0.0078	0.0028	-0.2175	0.4289	-0.0164	-0.2124	0.8966	-0.3887	82	84	42	1	21	0.0012	0.4167	0	0.0086
0.0072	0.0147	-0.2269	0.4321	-0.0084	-0.2565	0.9106	-0.3239	83	85	42	1	22	0.0037	0.5	0	0.0072
0.0073	0.0014	-0.231	0.4432	-0.0123	-0.9895	0.1392	0.0392	84	0	42	1	23	0.01	0.05	0	0.01
0.0088	0.0241	-0.1429	0.0614	0.0141	-0.8952	0.1469	-0.4208	16	87	48	1	1	0.0017	0.4583	0	0.0097
0.0088	0.0585	-0.1594	0.0791	0.0027	-0.5695	0.1364	-0.8106	86	88	48	1	2	0.0011	0.375	0	0.0103
0.0088	0.0313	-0.1753	0.09	-0.0472	-0.154	0.071	-0.9855	87	89	48	1	3	0.01	0.05	0	0.01
0.0088	0.0274	-0.186	0.0834	-0.0455	-0.8463	-0.4557	-0.2757	88	0	48	1	4	0.01	0.05	0	0.01
0.0086	0.024	-0.1587	0.0549	-0.0055	-0.9917	0.0981	0.0832	17	91	50	1	1	0.0063	0.25	1	0.0148
0.0086	0.0618	-0.1761	0.0578	-0.0129	-0.6128	0.6925	-0.3806	90	92	50	1	2	0.0034	0.125	0	0.0148
0.0083	0.0233	-0.2126	0.0948	-0.0169	-0.9964	0.0269	0.0802	91	93	50	1	3	0.0069	0.4583	0	0.0083
0.0083	0.0265	-0.2361	0.1014	-0.0181	-0.7062	0.2882	0.6467	92	94	50	1	4	0.01	0.05	0	0.01
0.0083	0.0152	-0.2292	0.0985	-0.0236	0.5391	-0.3393	0.7709	93	0	50	1	5	0.01	0.05	0	0.01
0.01	0.0543	0.06	-0.2522	-0.0288	-0.398	0.8919	-0.2147	23	96	6	2	1	0.0012	0.5417	0	0.0103
0.01	0.0325	0.0533	-0.1953	-0.0392	-0.4556	0.7218	0.5209	95	97	6	2	2	0.004	0.275	0	0.0163
0.01	0.0271	0.0361	-0.1668	-0.0359	-0.0914	0.9302	0.3555	96	98	6	2	3	0.001	0.3333	0	0.0101
0.01	0.0612	0.0275	-0.1605	-0.0191	-0.5403	0.446	0.7136	97	99	6	2	4	0.0063	0.475	0	0.0142
0.01	0.029	0.0109	-0.1152	0.0231	-0.4399	0.4672	0.767	98	100	6	2	5	0.0061	0.325	0	0.0133
0.01	0.0588	0.0102	-0.1082	0.0423	0.4895	0.6126	0.6206	99	101	6	2	6	0.0016	0.0667	0	0.0153
0.01	0.0311	0.0443	-0.0765	0.0451	0.8346	0.5475	0.0608	100	102	6	2	7	0.0112	0.325	0	0.0099
0.01	0.015	0.07	-0.0556	0.0658	0.7251	0.6758	-0.1322	101	103	6	2	8	0.0072	0.4375	0	0.01
0.01	0.0003	0.0814	-0.0456	0.064	0.3572	0.8715	-0.3359	102	104	6	2	9	0.01	0.05	0	0.01
0.01	0.0304	0.0814	-0.0485	0.0634	0.2327	-0.1568	0.9598	103	0	6	2	10	0.01	0.05	0	0.01
0.0105	0.0978	0.1377	-0.2933	-0.0124	0.522	0.8256	-0.2142	26	106	14	2	1	0.0012	0.2917	0	0.0118
0.0105	0.027	0.174	-0.2059	-0.0338	0.4123	0.9097	0.05	105	107	14	2	2	0.01	0.05	0	0.01
0.0105	0.0061	0.1854	-0.1834	-0.0277	0.3525	0.8634	0.3608	106	0	14	2	3	0.0019	0.4167	0	0.0105
0.0078	0.0703	0.1254	-0.2612	-0.0065	-0.9716	-0.2354	0.0244	25	109	15	2	1	0.0051	0.5417	0	0.0078
0.0078	0.025	0.0579	-0.2758	-0.0026	-0.891	0.4525	-0.0385	108	110	15	2	2	0.01	0.05	0	0.01
0.0078	0.0306	0.0519	-0.2657	-0.0212	-0.6366	0.4603	-0.6188	109	0	15	2	3	0.01	0.05	0	0.01
0.0083	0.0338	0.1383	-0.2946	0.0034	-0.9082	-0.417	0.0347	27	112	16	2	1	0.0024	0.4583	1	0.0097
0.0083	0.0478	0.1076	-0.3087	0.0046	-0.6661	-0.4945	-0.5584	111	113	16	2	2	0.0024	0.4583	0	0.0097
0.0083	0.0538	0.0797	-0.3106	-0.016	-0.463	0.3139	-0.8289	112	114	16	2	3	0.006	0.4375	0	0.0097
0.0083	0.0054	0.0552	-0.2928	-0.054	-0.701	0.7114	-0.0498	113	0	16	2	4	0.01	0.05	0	0.01
0.0083	0.0305	0.1568	-0.2913	0.0004	0.9599	-0.2786	0.0302	27	116	19	2	1	0.001	0.25	1	0.009
0.008	0.0313	0.1861	-0.2998	0.0014	0.8009	-0.5988	-0.0086	115	117	19	2	2	0.001	0.25	0	0.009
0.007	0.0197	0.2064	-0.3045	-0.007	0.9421	0.1495	-0.3	116	118	19	2	3	0.01	0.05	0	0.01
0.0057	0.0088	0.22	-0.3096	-0.0016	0.939	-0.2498	0.2362	117	119	19	2	4	0.01	0.05	0	0.01
0.0037	0.0208	0.2276	-0.3129	0.0003	0.8381	-0.5051	0.206	118	0	19	2	5	0.0017	0.075	0	0.01
0.0059	0.0248	0.1939	-0.3156	0.0281	0.0932	0.9673	-0.236	32	121	20	2	1	0.001	0.4167	0	0.0059
0.0077	0.0522	0.1997	-0.3007	0.0156	-0.0895	0.5645	-0.8206	120	122	20	2	2	0.0011	0.25	0	0.0087
0.0071	0.0397	0.1908	-0.2729	-0.0263	-0.3437	0.4009	-0.8492	121	123	20	2	3	0.01	0.05	0	0.01
0.0068	0.0237	0.1841	-0.249	-0.0311	-0.2642	0.9444	-0.1957	122	124	20	2	4	0.01	0.05	0	0.01
0.0065	0.0034	0.1911	-0.234	-0.0417	0.2436	0.8361	-0.4915	123	0	20	2	5	0.01	0.05	0	0.01
0.0076	0.089	0.0466	-0.0283	-0.0172	-0.6864	0.0644	0.7244	48	126	54	2	1	0.0016	0.4167	0	0.0074
0.0104	0.0485	-0.019	-0.0221	0.0473	-0.0465	-0.5652	0.8236	125	127	54	2	2	0.0013	0.375	0	0.011
0.0097	0.0331	-0.0205	-0.05	0.0843	0.6561	-0.7089	0.2588	126	128	54	2	3	0.001	0.375	0	0.0101
0.009	0.009	-0.0065	-0.0731	0.095	0.0818	-0.8978	0.4328	127	129	54	2	4	0.01	0.05	0	0.01
0.0084	0.043	-0.0057	-0.0812	0.0989	0.1736	-0.2209	0.9597	128	0	54	2	5	0.01	0.05	0	0.01
0.0081	0.0649	0.0481	0.0674	-0.0241	-0.5688	-0.514	0.6421	61	131	41	2	1	0.0026	0.4167	0	0.0106
0.0081	0.0051	0.0121	0.0294	0.0138	-0.7812	-0.4724	0.4081	130	132	41	2	2	0.01	0.05	0	0.01
0.0081	0.0259	0.0081	0.027	0.0159	0.0058	-0.3699	0.929	131	133	41	2	3	0.01	0.05	0	0.01
0.0081	0.0204	0.0082	0.0174	0.0399	0.8238	-0.1102	0.5561	132	0	41	2	4	0.01	0.05	0	0.01
0.0118	0.0191	-0.0668	0.1556	-0.0197	-0.6417	0.5973	-0.4811	68	135	61	2	1	0.0025	0.4583	1	0.0118
0.0118	0.0336	-0.079	0.167	-0.0289	-0.7832	-0.6093	0.1235	134	136	61	2	2	0.0025	0.4583	0	0.0118
0.0118	0.0127	-0.1125	0.1489	-0.0296	-0.5285	-0.7281	0.4365	135	137	61	2	3	0.0011	0.3333	0	0.0124
0.0118	0.0012	-0.1202	0.1551	-0.0336	-0.6593	-0.4253	-0.62	136	138	61	2	4	0.01	0.05	0	0.01
0.0118	0.0149	-0.1188	0.1535	-0.033	-0.637	-0.3934	0.6629	137	139	61	2	5	0.01	0.05	0	0.01
0.0118	0.0243	-0.1365	0.1447	-0.0217	0.1701	-0.7657	-0.6203	138	0	61	2	6	0.003	0.25	0	0.0102
0.0076	0.0227	-0.0762	0.198	0.0023	-0.9869	-0.1433	0.0743	72	141	66	2	1	0.0033	0.4583	1	0.0112
0.0076	0.0315	-0.0987	0.1947	0.004	-0.4938	0.1032	-0.8634	140	142	66	2	2	0.0033	0.4583	0	0.0112
0.0076	0.0082	-0.1155	0.1907	-0.0203	0.0409	-0.3768	-0.9254	141	143	66	2	3	0.01	0.05	0	0.01
0.0076	0.0304	-0.1152	0.1876	-0.0279	-0.8138	0.1895	-0.5494	142	0	66	2	4	0.01	0.05	0	0.01
0.0077	0.055	-0.0466	0.1513	-0.0173	0.7117	-0.6322	0.3063	68	145	67	2	1	0.0015	0.4167	0	0.0077
0.0077	0.0365	-0.0065	0.1189	-0.0023	0.9447	-0.2919	0.1497	144	146	67	2	2	0.0013	0.25	0	0.0084
0.0077	0.0381	0.0226	0.1117	-0.0085	0.151	-0.9273	-0.3426	145	147	67	2	3	0.0014	0.25	0	0.0121
0.0077	0.0003	0.0173	0.0881	-0.0276	-0.1412	-0.5587	-0.8173	146	148	67	2	4	0.01	0.05	0	0.01
0.0077	0.0239	0.0173	0.0879	-0.0279	0.9825	-0.1089	-0.1513	147	149	67	2	5	0.01	0.05	0	0.01
0.0077	0.0395	0.0407	0.0853	-0.0315	0.7936	-0.5773	0.1924	148	0	67	2	6	0.01	0.05	0	0.01
0.0067	0.0594	-0.0551	0.1892	-0.0113	0.595	0.5425	0.593	71	151	71	2	1	0.002	0.4583	0	0.0067
0.0072	0.016	-0.0178	0.2213	0.0223	0.6082	0.368	0.7033	150	152	71	2	2	0.0027	0.5417	0	0.0072
0.0076	0.0338	-0.0087	0.2262	0.0252	-0.1174	-0.985	0.1265	151	153	71	2	3	0.0009	0.3333	0	0.0082
0.0076	0.042	-0.004	0.2005	0.022	0.4352	-0.8309	-0.3467	152	154	71	2	4	0.0014	0.375	0	0.0103
0.0064	0.0261	0.0153	0.1639	0.0175	0.6297	-0.7506	-0.2001	153	155	71	2	5	0.0057	0.425	0	0.0064
0.007	0.0287	0.0329	0.1483	0.0046	0.8686	-0.479	-0.1266	154	156	71	2	6	0.005	0.5417	0	0.007
0.0075	0.0431	0.0567	0.1438	0.0129	0.9869	0.1587	-0.0301	155	157	71	2	7	0.01	0.05	0	0.01
0.0075	0.0372	0.0515	0.118	-0.0091	0.4244	-0.8374	0.3445	156	158	71	2	8	0.0122	0.2	0	0.0213
0.0075	0.0643	0.0607	0.0855	-0.0038	-0.396	-0.7743	0.4936	157	159	71	2	9	0.0009	0.375	0	0.0102
0.0076	0.0393	0.0516	0.0375	0.0316	0.1259	-0.9884	-0.0848	158	160	71	2	10	0.0075	0.35	0	0.0164
0.0075	0.0352	0.0625	0.004	0.0246	0.639	-0.764	-0.0891	159	0	71	2	11	0.0044	0.4688	0	0.0127
0.0073	0.0613	-0.1463	0.3612	0.0002	0.8925	0.3567	0.276	80	162	90	2	1	0.0029	0.5	0	0.0116
0.0073	0.0151	-0.0908	0.3828	0.019	0.8737	-0.3056	-0.3784	161	163	90	2	2	0.01	0.05	0	0.01
0.0073	0.0232	-0.0731	0.3827	0.0141	0.1506	-0.3174	0.9363	162	164	90	2	3	0.01	0.05	0	0.01
0.0073	0.0265	-0.0696	0.3753	0.0359	0.0635	-0.9791	0.1934	163	0	90	2	4	0.01	0.05	0	0.01
0.0073	0.0369	-0.1636	0.3638	-0.0028	-0.1928	0.6779	0.7094	80	166	95	2	1	0.01	0.05	1	0.01
0.0073	0.0178	-0.1707	0.3889	0.0234	0.8746	0.3064	-0.3756	165	167	95	2	2	0.01	0.05	0	0.01
0.0073	0.0132	-0.1552	0.3946	0.0167	0.7124	0.1276	0.6901	166	168	95	2	3	0.01	0.05	0	0.01
0.0073	0.0169	-0.1435	0.3955	0.0291	0.2567	0.9653	0.048	167	0	95	2	4	0.01	0.05	0	0.01
0.023	0.0565	-0.2171	0.3905	0.0123	-0.08	-0.6003	-0.7957	81	170	96	2	1	0.0019	0.4583	0	0.023
0.023	0.0346	-0.2067	0.3668	-0.0233	-0.6788	0.5201	0.5184	169	171	96	2	2	0.0059	0.2	0	0.0115
0.023	0.0059	-0.233	0.3584	0.0064	0.9818	-0.0217	0.1887	170	0	96	2	3	0.0024	0.15	0	0.01
0.0126	0.0241	-0.1736	0.3546	-0.015	0.8373	-0.473	0.2744	80	173	97	2	1	0.0022	0.5417	0	0.0126
0.0126	0.0022	-0.1604	0.3368	-0.0112	0.5461	-0.7643	0.343	172	0	97	2	2	0.01	0.05	0	0.01
0.0025	0.0623	0.0748	-0.2214	-0.0491	0.9399	-0.0433	0.3386	96	175	26	3	1	0.01	0.05	0	0.01
0.0025	0.0232	0.1333	-0.2241	-0.028	0.68	0.7302	0.066	174	0	26	3	2	0.01	0.05	0	0.01
0.01	0.0329	0.1528	-0.2582	-0.0119	-0.4059	0.4349	0.8038	105	177	102	3	1	0.0033	0.5417	1	0.0181
0.01	0.0366	0.1412	-0.2433	0.0136	-0.5089	0.1808	-0.8417	176	178	102	3	2	0.0073	0.325	0	0.0181
0.01	0.0033	0.1154	-0.2368	0.0071	-0.8317	-0.4966	-0.2481	177	179	102	3	3	0.01	0.05	0	0.01
0.01	0.0123	0.1126	-0.2385	0.0063	-0.7752	-0.5985	-0.202	178	0	102	3	4	0.01	0.05	0	0.01
0.0081	0.0485	0.2105	-0.0488	-0.032	-0.1246	0.5707	-0.8116	0	181	105	0	1	0.0018	0.4583	0	0.0081
0.0081	0.0232	0.2052	-0.0221	-0.069	-0.852	0.3274	0.4084	180	182	105	0	2	0.01	0.05	0	0.01
0.0081	0.0229	0.1854	-0.0145	-0.0595	-0.3629	-0.6303	0.6864	181	0	105	0	3	0.01	0.05	0	0.01
0.0025	0.0713	-0.1458	0.1971	-0.0403	0.599	0.6829	0.4181	143	0	75	3	1	0.01	0.05	0	0.01
0.0112	0.033	-0.0462	0.2056	-0.0015	-0.6007	0.6521	-0.4626	150	185	77	3	1	0.0034	0.3333	1	0.0224
0.0112	0.0544	-0.057	0.2207	-0.0165	0.2078	0.3417	0.9165	184	186	77	3	2	0.0053	0.3	0	0.0224
0.0112	0.0476	-0.0432	0.2379	0.0224	-0.8537	-0.5055	-0.125	185	187	77	3	3	0.0038	0.4063	0	0.0112
0.0112	0.0133	-0.0767	0.2183	0.0046	-0.5612	-0.6018	-0.5683	186	188	77	3	4	0.01	0.05	0	0.01
0.0112	0.0113	-0.0759	0.2194	0.0111	-0.6094	-0.4515	0.6517	187	0	77	3	5	0.01	0.05	0	0.01
0.0073	0.0484	-0.007	0.2065	0.0342	0.9863	-0.0422	0.1597	152	190	81	3	1	0.0021	0.5417	0	0.0103
0.0073	0.0007	0.04	0.2105	0.0318	0.9802	-0.1335	-0.1464	189	191	81	3	2	0.01	0.05	0	0.01
0.0073	0.001	0.0432	0.2101	0.0322	0.2246	0.0134	-0.9743	190	192	81	3	3	0.01	0.05	0	0.01
0.0073	0.0293	0.045	0.2085	0.0314	0.5133	0.4469	-0.7327	191	0	81	3	4	0.01	0.05	0	0.01
0.0072	0.0416	0.0614	0.0829	0.0058	0.4731	0.877	0.0837	158	194	88	3	1	0.0019	0.4583	0	0.0116
0.0072	0.0179	0.0912	0.1119	0.0095	0.5824	0.7759	-0.2424	193	195	88	3	2	0.01	0.05	0	0.01
0.0072	0.0267	0.1016	0.1257	0.0052	-0.374	0.7148	-0.591	194	196	88	3	3	0.01	0.05	0	0.01
0.0072	0.0166	0.0974	0.1474	-0.0085	0.4574	-0.3271	-0.827	195	0	88	3	4	0.01	0.05	0	0.01
