radius (m)	length (m)	start_point	axis_direction	parent	extension	branch	branch_order	position_in_branch	mad	SurfCov	added	UnmodRadius (m)
0.012	0.0539	-0.4099	0.109	-0.1602	0.8672	-0.4177	0.271	0	2	1	0	1	0.0021	0.375	0	0.012
0.0093	0.094	-0.3611	0.0855	-0.1478	0.2813	-0.7339	0.6183	1	3	1	0	2	0.0011	0.4167	0	0.0081
0.0126	0.0374	-0.3386	0.0138	-0.0922	0.3738	-0.8646	0.3357	2	4	1	0	3	0.001	0.375	0	0.0129
0.015	0.0284	-0.3171	-0.0078	-0.0741	0.7376	-0.6371	0.2239	3	5	1	0	4	0.0122	0.5	0	0.0189
0.0117	0.063	-0.3016	-0.0446	-0.0652	0.9538	-0.2563	0.1566	4	6	1	0	5	0.0011	0.3333	0	0.0117
0.0087	0.0187	-0.2453	-0.0582	-0.0456	0.8396	-0.3444	0.4201	5	7	1	0	6	0.0043	0.4688	0	0.0071
0.0118	0.0594	-0.2249	-0.0657	-0.0401	-0.0444	-0.9438	0.3275	6	8	1	0	7	0.0016	0.3333	0	0.0124
0.0083	0.0309	-0.2401	-0.1117	-0.0218	-0.6193	-0.7528	0.2231	7	9	1	0	8	0.0059	0.4	0	0.0083
0.0088	0.0449	-0.2595	-0.1312	-0.0128	-0.9809	-0.1396	0.1357	8	10	1	0	9	0.0011	0.2917	0	0.0088
0.0124	0.0301	-0.2963	-0.1453	-0.0016	-0.7744	-0.6099	0.1683	9	11	1	0	10	0.0013	0.2917	0	0.0158
0.0073	0.0299	-0.3123	-0.162	0.0066	-0.0565	-0.8175	0.5731	10	12	1	0	11	0.0034	0.5938	0	0.0073
0.0116	0.0248	-0.3064	-0.1784	0.0183	0.671	-0.147	0.7268	11	0	1	0	12	0.0025	0.075	0	0.0237
0.0114	0.1515	-0.4046	0.0943	-0.1518	0.2997	-0.8282	0.4736	1	14	2	1	1	0.0011	0.3333	1	0.013
0.0102	0.0524	-0.3592	-0.0311	-0.0801	0.7811	-0.5893	0.2066	13	15	2	1	2	0.0011	0.3333	0	0.013
0.0076	0.0069	-0.3401	-0.0586	-0.0591	0.4046	-0.1057	0.9084	14	16	2	1	3	0.01	0.05	0	0.01
0.0082	0.0367	-0.3268	-0.0664	-0.0629	0.7367	0.5683	0.3666	15	17	2	1	4	0.0036	0.225	0	0.0137
0.0044	0.0169	-0.3	-0.0461	-0.0497	0.535	-0.4642	0.7059	16	0	2	1	5	0.0027	0.125	0	0.01
0.012	0.086	-0.328	0.0159	-0.0987	-0.5297	0.7882	-0.3133	3	19	3	1	1	0.0026	0.5	0	0.0124
0.012	0.0369	-0.3733	0.0837	-0.1268	-0.8991	-0.4106	-0.1514	18	20	3	1	2	0.0011	0.3333	0	0.0099
0.012	0.0029	-0.4052	0.0692	-0.1269	-0.8539	-0.4496	0.2622	19	21	3	1	3	0.01	0.05	0	0.01
0.012	0.0413	-0.4096	0.0621	-0.1287	-0.9549	0.2892	0.0676	20	0	3	1	4	0.002	0.3333	0	0.0096
0.0125	0.0403	-0.3015	-0.0358	-0.0736	0.7784	0.62	0.098	5	23	6	1	1	0.0037	0.5417	0	0.0125
0.0125	0.043	-0.2697	-0.0149	-0.0713	0.9841	0.0238	0.1761	22	24	6	1	2	0.0012	0.4167	0	0.0139
0.0125	0.0507	-0.2202	-0.0065	-0.0681	0.2383	0.3129	0.9194	23	25	6	1	3	0.0018	0.2917	0	0.0161
0.0125	0.0365	-0.2002	0.0273	-0.0409	-0.0251	0.739	0.6732	24	26	6	1	4	0.0013	0.3333	0	0.0124
0.0125	0.0268	-0.2006	0.0587	-0.0107	-0.5884	0.659	-0.4685	25	27	6	1	5	0.0012	0.375	0	0.0127
0.0125	0.0086	-0.211	0.0682	-0.0161	-0.2875	0.5127	0.809	26	28	6	1	6	0.01	0.05	0	0.01
0.0125	0.0156	-0.2149	0.0732	-0.0105	0.5759	0.7523	-0.32	27	29	6	1	7	0.01	0.05	0	0.01
0.0125	0.0206	-0.206	0.085	-0.0155	-0.6294	-0.2639	-0.7309	28	0	6	1	8	0.01	0.05	0	0.01
0.005	0.0719	-0.3214	-0.0483	-0.076	0.1971	-0.9297	-0.3112	5	0	8	1	1	0.0028	0.3333	0	0.0104
0.0106	0.0302	-0.2775	-0.0628	-0.0637	-0.7788	-0.4067	0.4775	5	32	11	1	1	0.0024	0.5	0	0.0106
0.0111	0.0504	-0.2857	-0.0863	-0.0603	-0.531	-0.8395	0.1155	31	33	11	1	2	0.0015	0.3333	0	0.0145
0.0103	0.0636	-0.3194	-0.1226	-0.0539	-0.4961	-0.6111	0.6168	32	34	11	1	3	0.0012	0.4167	0	0.0103
0.0108	0.027	-0.3558	-0.1597	-0.0207	-0.7677	-0.3963	0.5037	33	35	11	1	4	0.0046	0.5625	0	0.0108
0.0108	0.0442	-0.3679	-0.1745	-0.0284	-0.8479	-0.4679	-0.249	34	0	11	1	5	0.003	0.3333	0	0.0195
0.0081	0.053	-0.227	-0.0575	-0.0426	0.9586	0.2837	-0.0261	6	37	13	1	1	0.0054	0.375	1	0.0081
0.0081	0.0618	-0.1762	-0.0424	-0.044	0.8902	-0.4315	0.1463	36	38	13	1	2	0.0054	0.375	0	0.0081
0.0083	0.0279	-0.1409	-0.0585	-0.0448	0.5861	0.6815	-0.4381	37	39	13	1	3	0.01	0.05	0	0.01
0.0083	0.0188	-0.1143	-0.048	-0.0474	0.722	0.6679	-0.1808	38	40	13	1	4	0.0014	0.375	0	0.0096
0.0083	0.0393	-0.1025	-0.0339	-0.0444	0.282	0.9483	-0.1457	39	41	13	1	5	0.0011	0.25	0	0.0103
0.0083	0.036	-0.091	-0.0015	-0.0456	0.8798	0.3644	0.3053	40	42	13	1	6	0.001	0.3333	0	0.0098
0.0083	0.0306	-0.0589	0.0111	-0.0378	0.984	0.1436	0.1058	41	43	13	1	7	0.0012	0.4167	0	0.0101
0.0083	0.035	-0.0302	0.0091	-0.04	0.8215	-0.4627	0.3334	42	44	13	1	8	0.0038	0.35	0	0.0147
0.0083	0.0209	0.0056	0.0046	-0.029	0.8134	-0.4624	0.3529	43	45	13	1	9	0.0074	0.5417	0	0.0102
0.0083	0.0469	0.0229	-0.0066	-0.0202	0.4928	0.6425	0.5868	44	46	13	1	10	0.0056	0.25	0	0.0159
0.0083	0.0212	0.0432	0.0317	0.001	0.5371	0.6274	0.5638	45	47	13	1	11	0.0041	0.5	0	0.0124
0.0082	0.0446	0.0596	0.0346	0.0265	0.5479	0.7466	0.3773	46	48	13	1	12	0.0072	0.175	0	0.0194
0.0082	0.0491	0.0879	0.0623	0.0416	0.8266	0.5359	0.1718	47	49	13	1	13	0.0006	0.25	0	0.0126
0.0082	0.0308	0.1344	0.0771	0.0543	0.8798	0.4729	0.0476	48	50	13	1	14	0.0013	0.375	0	0.0092
0.0073	0.0468	0.1616	0.0905	0.05	0.9958	0.0913	-0.0021	49	51	13	1	15	0.0011	0.25	0	0.0073
0.0082	0.0292	0.2087	0.1011	0.0539	0.9943	-0.0065	-0.1063	50	52	13	1	16	0.0032	0.2	0	0.0133
0.0082	0.0437	0.2376	0.1036	0.0465	0.9718	0.2019	0.1218	51	53	13	1	17	0.0042	0.4063	0	0.0108
0.0068	0.0352	0.2736	0.118	0.0625	0.7601	0.6364	0.1312	52	54	13	1	18	0.0041	0.4	0	0.0068
0.0081	0.0092	0.3091	0.1258	0.0632	0.8392	0.4121	0.3548	53	55	13	1	19	0.0036	0.6667	0	0.0081
0.0082	0.0368	0.316	0.1471	0.0731	0.9339	0.166	-0.3166	54	56	13	1	20	0.0015	0.4583	0	0.0108
0.0081	0.0334	0.3538	0.1487	0.0566	0.8795	0.2901	0.3774	55	57	13	1	21	0.0035	0.2	0	0.019
0.0081	0.0465	0.3839	0.157	0.0772	0.9764	0.209	-0.0542	56	58	13	1	22	0.0028	0.275	0	0.0133
0.0081	0.0404	0.428	0.1707	0.078	0.9597	0.2702	0.0772	57	59	13	1	23	0.0012	0.25	0	0.0083
0.0075	0.0572	0.4618	0.1888	0.0879	0.8855	0.4259	0.1857	58	60	13	1	24	0.0034	0.425	0	0.0075
0.0068	0.0363	0.5157	0.2083	0.093	0.8634	0.5016	0.054	59	61	13	1	25	0.0051	0.35	0	0.0058
0.0082	0.0087	0.5412	0.2224	0.1127	0.865	0.3409	0.3682	60	62	13	1	26	0.0037	0.5	0	0.0099
0.0079	0.0392	0.5507	0.2294	0.1064	-0.6951	0.7028	0.1515	61	63	13	1	27	0.004	0.225	0	0.0134
0.0068	0.0371	0.5344	0.2586	0.1236	-0.3403	0.9201	0.1938	62	64	13	1	28	0.003	0.45	0	0.0068
0.0082	0.0185	0.5187	0.2889	0.1337	-0.4026	0.7369	0.543	63	65	13	1	29	0.0029	0.625	0	0.0095
0.008	0.0246	0.5412	0.2903	0.1425	0.2801	0.6021	0.7476	64	66	13	1	30	0.006	0.15	0	0.0134
0.0079	0.0363	0.5467	0.3065	0.1621	0.7531	0.2595	0.6045	65	67	13	1	31	0.0013	0.25	0	0.0112
0.0078	0.0406	0.5732	0.3136	0.186	0.7189	0.2865	0.6333	66	68	13	1	32	0.0014	0.25	0	0.0104
0.0079	0.0366	0.6011	0.3254	0.2133	0.7246	0.3223	0.6092	67	69	13	1	33	0.0009	0.3333	0	0.0084
0.0076	0.0002	0.6301	0.3319	0.236	0.7651	0.4114	0.4953	68	70	13	1	34	0.01	0.05	0	0.01
0.0078	0.0165	0.6334	0.3355	0.2404	-0.8719	0.356	0.3362	69	0	13	1	35	0.0021	0.2917	0	0.0094
0.0069	0.069	-0.306	-0.1658	0.0051	0.7702	0.1848	-0.6105	11	72	14	1	1	0.003	0.4583	1	0.0111
0.0069	0.0544	-0.2529	-0.153	-0.037	-0.1707	-0.1904	0.9667	71	73	14	1	2	0.003	0.4583	0	0.0111
0.0069	0.0256	-0.2613	-0.1641	0.0095	-0.4678	-0.8831	0.0353	72	74	14	1	3	0.0015	0.375	0	0.0106
0.0069	0.0243	-0.2693	-0.1877	0.0171	-0.1876	-0.9816	-0.0359	73	0	14	1	4	0.01	0.05	0	0.01
0.0107	0.0144	-0.3072	-0.1691	-0.001	0.4428	-0.8646	-0.2374	10	76	18	1	1	0.0024	0.5417	1	0.0107
0.0107	0.0332	-0.3008	-0.1816	-0.0044	0.1373	-0.584	0.8001	75	77	18	1	2	0.0024	0.5417	0	0.0107
0.0107	0.0102	-0.2924	-0.2078	0.0131	-0.0323	-0.8031	0.5949	76	78	18	1	3	0.01	0.05	0	0.01
0.0107	0.0262	-0.2928	-0.216	0.0192	0.0725	-0.0153	0.9973	77	0	18	1	4	0.01	0.05	0	0.01
0.0082	0.0181	-0.3168	-0.1805	0.0237	-0.6344	-0.2288	0.7384	12	80	23	1	1	0.0034	0.5417	1	0.0082
0.0082	0.0493	-0.3283	-0.1846	0.0371	-0.3035	-0.5958	-0.7436	79	81	23	1	2	0.0034	0.5417	0	0.0082
0.0082	0.0052	-0.3437	-0.2143	0.0015	-0.1267	-0.9174	-0.3772	80	0	23	1	3	0.0033	0.2917	0	0.0086
0.0132	0.0451	-0.1365	-0.0694	-0.0412	-0.5696	-0.6251	-0.5336	37	83	17	2	1	0.0032	0.4167	1	0.0132
0.0132	0.047	-0.1622	-0.0976	-0.0653	0.6376	-0.5005	0.5857	82	84	17	2	2	0.0032	0.4167	0	0.0132
0.0132	0.0387	-0.1334	-0.1227	-0.037	0.8102	-0.4683	0.3526	83	85	17	2	3	0.0012	0.2917	0	0.014
0.0132	0.0359	-0.0887	-0.1382	-0.0215	0.0492	-0.7457	0.6644	84	86	17	2	4	0.0057	0.2	0	0.0238
0.0132	0.0337	-0.0824	-0.1729	-0.0071	0.302	-0.6582	0.6896	85	87	17	2	5	0.008	0.375	0	0.0148
0.0132	0.0189	-0.0356	-0.1848	0.019	0.2241	-0.8998	0.3744	86	88	17	2	6	0.0077	0.3438	0	0.0114
0.0132	0.0285	-0.0305	-0.1989	0.0212	0.9878	-0.0945	0.1237	87	89	17	2	7	0.01	0.05	0	0.01
0.0132	0.019	-0.0152	-0.1787	0.0239	0.8612	0.4912	0.1309	88	0	17	2	8	0.01	0.05	0	0.01
0.0077	0.1121	-0.1595	-0.0591	-0.038	0.0461	-0.9335	0.3555	37	91	19	2	1	0.0011	0.4167	1	0.0099
0.0077	0.0353	-0.1543	-0.1637	0.0019	0.0461	-0.9452	0.3233	90	92	19	2	2	0.0011	0.4167	0	0.0099
0.0077	0.0067	-0.1525	-0.196	0.0148	0.1745	-0.7993	0.5751	91	93	19	2	3	0.0048	0.5833	0	0.0098
0.0077	0.0518	-0.1524	-0.1986	0.0069	-0.9749	-0.2195	0.0377	92	0	19	2	4	0.0045	0.35	0	0.0081
0.0079	0.0664	-0.096	-0.0392	-0.0409	0.7146	-0.5849	0.3837	40	95	27	2	1	0.0017	0.3333	1	0.0119
0.0078	0.032	-0.0486	-0.0781	-0.0154	0.3421	-0.8915	0.2969	94	96	27	2	2	0.0017	0.3333	0	0.0119
0.0078	0.0059	-0.0376	-0.1068	-0.0175	0.0196	-0.9997	0.0177	95	97	27	2	3	0.004	0.5833	0	0.0111
0.0076	0.0613	-0.0391	-0.1134	-0.006	0.9892	-0.0528	0.1368	96	98	27	2	4	0.0041	0.35	0	0.0131
0.0071	0.0589	0.021	-0.1121	0.0122	0.9983	0.0464	0.0351	97	99	27	2	5	0.0025	0.25	0	0.0123
0.0068	0.0403	0.0766	-0.1024	0.0132	0.9085	0.3941	-0.1391	98	100	27	2	6	0.001	0.25	0	0.0093
0.0067	0.0242	0.1124	-0.0905	0.0111	0.9824	-0.1838	0.0319	99	101	27	2	7	0.0038	0.2	0	0.0123
0.0042	0.028	0.1334	-0.1032	0.009	0.8949	-0.3799	0.234	100	102	27	2	8	0.0047	0.5417	0	0.0042
0.0049	0.031	0.1584	-0.1137	0.0155	0.9456	-0.2661	0.1874	101	103	27	2	9	0.01	0.05	0	0.01
0.0045	0.0062	0.1571	-0.106	0.0142	0.4445	0.8915	0.0879	102	0	27	2	10	0.0002	0.075	0	0.01
0.0084	0.0132	-0.0742	0.0144	-0.0379	-0.0112	0.9804	0.1968	41	105	32	2	1	0.0018	0.4583	1	0.0084
0.0084	0.0535	-0.0744	0.0273	-0.0353	0.888	0.4589	-0.0305	104	106	32	2	2	0.0018	0.4583	0	0.0084
0.0084	0.0429	-0.028	0.0525	-0.041	0.7886	0.5968	-0.1482	105	107	32	2	3	0.006	0.3	0	0.0143
0.0084	0.0401	0.0109	0.0811	-0.0566	0.4104	0.7769	0.4775	106	108	32	2	4	0.0052	0.325	0	0.016
0.0084	0.0602	0.0279	0.11	-0.0355	0.5852	0.5953	0.5506	107	109	32	2	5	0.0013	0.375	0	0.0116
0.0084	0.033	0.0618	0.148	-0.004	0.5257	0.69	0.4976	108	110	32	2	6	0.0041	0.675	0	0.0103
0.0084	0.039	0.0771	0.1726	0.0122	0.5992	0.7303	0.328	109	0	32	2	7	0.0018	0.5417	0	0.0099
0.018	0.0466	0.0186	-0.002	-0.0262	-0.3834	0.7371	-0.5565	45	112	33	2	1	0.0018	0.4167	1	0.018
0.018	0.043	0.0008	0.0323	-0.0521	0.6654	-0.693	0.2776	111	113	33	2	2	0.0018	0.4167	0	0.018
0.018	0.0628	0.0282	0.0069	-0.0364	0.7138	-0.3334	0.6159	112	114	33	2	3	0.0016	0.2917	0	0.0147
0.018	0.0464	0.0853	-0.0052	-0.0149	0.824	-0.0504	0.5644	113	115	33	2	4	0.0015	0.2917	0	0.0132
0.018	0.0563	0.119	-0.0149	-0.0155	0.9074	-0.4186	-0.0388	114	116	33	2	5	0.0032	0.08	0	0.008
0.018	0.0324	0.1496	-0.048	0.011	0.2725	-0.9541	-0.124	115	117	33	2	6	0.0021	0.125	0	0.01
0.018	0.0287	0.1709	-0.0308	-0.0117	0.9681	-0.2505	0.0018	116	0	33	2	7	0.0021	0.125	0	0.01
0.0079	0.0189	0.0556	0.0481	0.0202	-0.3638	-0.5072	0.7813	46	119	48	2	1	0.0035	0.125	1	0.0167
0.0078	0.0903	0.0445	0.023	0.0442	-0.9575	0.286	0.0386	118	120	48	2	2	0.0029	0.24	0	0.0167
0.0072	0.0415	-0.0402	0.0493	0.0567	-0.9598	0.2177	0.177	119	121	48	2	3	0.01	0.05	0	0.01
0.0072	0.0063	-0.0776	0.0263	0.0606	-0.9911	-0.0838	0.1036	120	122	48	2	4	0.006	0.35	0	0.0131
0.006	0.0166	-0.078	0.03	0.0717	-0.8393	-0.1428	0.5245	121	123	48	2	5	0.01	0.05	0	0.01
0.0066	0.0264	-0.0902	0.0244	0.0627	-0.9753	-0.2122	-0.061	122	124	48	2	6	0.0046	0.3	0	0.0141
0.005	0.0016	-0.1146	0.0201	0.0661	-0.9676	0.0028	0.2526	123	125	48	2	7	0.0053	0.15	0	0.01
0.0044	0.0144	-0.116	0.0192	0.0631	-0.7435	-0.6518	0.1494	124	126	48	2	8	0.0044	0.125	0	0.01
0.0036	0.0242	-0.1296	0.0127	0.0658	-0.1455	-0.3318	0.9321	125	0	48	2	9	0.0036	0.175	0	0.01
0.0075	0.0398	0.5673	0.2236	0.1058	0.9434	-0.3297	-0.0346	62	128	57	2	1	0.0011	0.375	1	0.0102
0.0072	0.0449	0.6048	0.2104	0.1044	0.7327	-0.2051	0.6489	127	129	57	2	2	0.0011	0.375	0	0.0102
0.0059	0.0062	0.6337	0.2082	0.1327	0.7259	0.4845	0.4882	128	130	57	2	3	0.01	0.05	0	0.01
0.0046	0.0291	0.6388	0.2084	0.1335	0.936	-0.0773	0.3435	129	131	57	2	4	0.0011	0.125	0	0.01
0.0034	0.013	0.6671	0.2064	0.1448	0.5783	-0.7684	-0.2742	130	0	57	2	5	0.0014	0.075	0	0.01
0.0074	0.0847	0.4959	0.3144	0.1522	-0.7897	-0.1698	-0.5896	64	133	59	2	1	0.0014	0.4583	0	0.0119
0.0074	0.0344	0.4313	0.3053	0.0975	-0.7394	-0.2451	-0.6271	132	134	59	2	2	0.0046	0.5313	0	0.0074
0.0074	0.0421	0.4057	0.2962	0.0767	-0.7647	-0.3227	-0.5578	133	0	59	2	3	0.01	0.05	0	0.01
0.0097	0.0684	-0.2662	-0.1904	0.0111	0.9421	0.2919	-0.1649	74	136	25	2	1	0.0023	0.5417	0	0.0097
0.0097	0.0009	-0.2053	-0.1739	-0.0084	0.9279	-0.0684	-0.3665	135	137	25	2	2	0.01	0.05	0	0.01
0.0097	0.023	-0.1996	-0.176	-0.0076	0.3852	0.4537	-0.8036	136	0	25	2	3	0.01	0.05	0	0.01
0.0113	0.0363	-0.288	-0.2062	0.0339	0.9108	0.3501	0.219	78	139	24	2	1	0.0027	0.4583	0	0.0113
0.0113	0.0161	-0.2621	-0.1941	0.0399	0.1248	-0.9757	-0.1801	138	140	24	2	2	0.01	0.05	0	0.01
0.0113	0.0164	-0.2601	-0.2098	0.037	0.3482	-0.294	0.8901	139	0	24	2	3	0.01	0.05	0	0.01
0.0124	0.0421	-0.2358	-0.0212	-0.0899	-0.4711	0.7968	0.3783	0	0	61	0	1	0.0035	0.4167	0	0.0124
0.0116	0.0654	-0.1006	-0.135	-0.017	0.1255	0.7538	-0.645	85	143	62	3	1	0.0024	0.4167	0	0.0146
0.0116	0.0177	-0.0924	-0.0864	-0.0621	-0.0656	0.9701	-0.2336	142	0	62	3	2	0.003	0.5417	0	0.0116
0.0085	0.0349	-0.1004	-0.1348	-0.0167	0.1234	-0.9336	0.3362	85	145	28	3	1	0.0021	0.5833	0	0.0085
0.0085	0.0156	-0.0941	-0.1675	-0.0007	0.2053	-0.9693	-0.1354	144	0	28	3	2	0.01	0.05	0	0.01
0.0025	0.0349	-0.1569	-0.1568	-0.0026	-0.9385	0.2982	-0.1739	91	147	26	3	1	0.0122	0.275	1	0.01
0.0025	0.0353	-0.199	-0.1593	-0.0072	0.5069	-0.2726	0.8178	146	0	26	3	2	0.0049	0.15	0	0.01
0.0072	0.0944	-0.0149	-0.112	0.0046	0.9021	-0.3608	0.2368	97	149	31	3	1	0.0025	0.22	1	0.0134
0.0072	0.0345	0.071	-0.1593	0.0199	0.9944	-0.0072	0.1057	148	150	31	3	2	0.0028	0.225	0	0.0134
0.0072	0.0239	0.1063	-0.1639	0.0246	0.9679	0.194	-0.16	149	151	31	3	3	0.01	0.05	0	0.01
0.0072	0.028	0.1295	-0.1593	0.0207	0.319	0.0679	-0.9453	150	0	31	3	4	0.01	0.05	0	0.01
0.0075	0.08	-0.0886	-0.0524	-0.0411	0.85	-0.4427	-0.2857	94	153	63	3	1	0.0051	0.25	1	0.0173
0.0074	0.034	-0.0135	-0.0696	-0.0606	0.8557	-0.3944	0.3351	152	154	63	3	2	0.008	0.3	0	0.0173
0.0074	0.0132	0.0075	-0.0769	-0.0522	-0.6029	-0.4856	0.633	153	155	63	3	3	0.01	0.05	0	0.01
0.0074	0.0461	0.0091	-0.0913	-0.0325	0.0521	0.8371	0.5445	154	156	63	3	4	0.0064	0.275	0	0.0143
0.0073	0.0443	0.0112	-0.0508	-0.0141	0.8151	0.5648	0.1289	155	157	63	3	5	0.0032	0.325	0	0.0137
0.007	0.0381	0.0431	-0.0315	0.0009	0.9189	-0.031	0.3934	156	158	63	3	6	0.005	0.4375	0	0.007
0.007	0.0112	0.0765	-0.0338	0.0179	0.7321	0.0809	0.6764	157	0	63	3	7	0.01	0.05	0	0.01
0.0154	0.0442	0.005	0.0872	-0.0578	-0.9176	-0.3019	-0.2586	107	160	64	3	1	0.0028	0.4583	0	0.0154
0.0154	0.0256	-0.0356	0.0735	-0.0874	-0.821	-0.5708	0.008	159	0	64	3	2	0.0021	0.1	0	0.0085
0.0157	0.0515	0.069	-0.0027	-0.0244	0.66	0.7409	-0.1242	113	162	39	3	1	0.0034	0.4583	0	0.016
0.0108	0.041	0.1029	0.0215	-0.0198	0.7626	-0.4033	-0.5058	161	163	39	3	2	0.0078	0.4583	0	0.0096
0.015	0.0498	0.127	0.0295	-0.0401	0.9015	0.2565	0.3485	162	164	39	3	3	0.0013	0.3333	0	0.0172
0.01	0.012	0.1634	0.0378	-0.0107	0.2904	0.8107	0.5084	163	165	39	3	4	0.01	0.05	0	0.01
0.01	0.0164	0.1669	0.0475	-0.0047	0.3807	0.6934	-0.6118	164	0	39	3	5	0.01	0.05	0	0.01
0.0066	0.0199	0.0655	-0.0352	0.0036	0.3277	-0.4247	-0.844	157	167	35	4	1	0.0029	0.4167	1	0.0165
0.0066	0.0373	0.0715	-0.0446	-0.0179	-0.3215	-0.9206	0.2216	166	168	35	4	2	0.0075	0.3	0	0.0165
0.0066	0.0109	0.0713	-0.0774	-0.0124	0.2342	-0.8026	0.5487	167	169	35	4	3	0.01	0.05	0	0.01
0.0066	0.0325	0.0739	-0.0862	-0.0065	-0.6129	-0.7262	-0.3115	168	0	35	4	4	0.01	0.05	0	0.01
0.016	0.0421	-0.0417	0.0565	0.0624	0.776	0.4966	-0.3889	0	171	68	0	1	0.0042	0.4167	0	0.016
0.016	0.0072	-0.011	0.0826	0.0492	0.8793	0.0383	0.4747	170	172	68	0	2	0.0034	0.1	0	0.01
0.016	0.025	0.0054	0.0892	0.0474	0.3827	-0.8694	-0.3126	171	173	68	0	3	0.004	0.175	0	0.01
0.016	0.0337	0.004	0.0623	0.0278	-0.4574	-0.576	0.6775	172	0	68	0	4	0.0008	0.1	0	0.01
