radius (m)	length (m)	start_point	axis_direction	parent	extension	branch	branch_order	position_in_branch	mad	SurfCov	added	UnmodRadius (m)
0.0139	0.0783	-0.1719	-0.1298	-0.0522	0.9305	0.3662	0.007	0	2	1	0	1	0.0022	0.375	0	0.011
0.0264	0.039	-0.1286	-0.0756	-0.0639	0.6285	0.7727	0.0889	1	3	1	0	2	0.0014	0.15	0	0.0504
0.013	0.0277	-0.1065	-0.0391	-0.0278	0.9831	0.1795	0.0372	2	4	1	0	3	0.0026	0.2	0	0.0079
0.0215	0.0347	-0.076	-0.0276	-0.0549	0.9156	0.3549	0.189	3	5	1	0	4	0.0022	0.175	0	0.0301
0.0118	0.034	-0.0542	-0.037	-0.0331	0.8759	-0.4721	-0.0996	4	6	1	0	5	0.0036	0.1	0	0.0063
0.0106	0.0554	-0.0257	-0.0446	-0.0377	0.9513	0.1795	0.2506	5	7	1	0	6	0.0015	0.2917	0	0.0096
0.0095	0.0391	0.0286	-0.0407	-0.0236	0.9275	0.2534	0.2748	6	8	1	0	7	0.0012	0.25	0	0.0073
0.0102	0.022	0.0643	-0.024	-0.0198	0.9405	0.2764	0.1978	7	9	1	0	8	0.0048	0.4688	0	0.0102
0.0078	0.0337	0.0862	-0.0226	-0.0103	0.8829	0.4293	0.1904	8	10	1	0	9	0.0008	0.3333	0	0.0078
0.0075	0.0032	0.1153	-0.0119	-0.0019	0.9841	-0.0833	0.157	9	11	1	0	10	0.01	0.05	0	0.01
0.0066	0.0198	0.1184	-0.0122	-0.0014	0.8494	0.5167	0.1072	10	0	1	0	11	0.01	0.05	0	0.01
0.0074	0.0713	-0.1378	-0.071	-0.0396	0.0509	0.1114	0.9925	2	13	3	1	1	0.0008	0.5	0	0.0071
0.0097	0.0255	-0.1363	-0.0666	0.0317	-0.0739	0.1826	0.9804	12	14	3	1	2	0.01	0.05	0	0.01
0.0107	0.0137	-0.138	-0.0576	0.0523	0.3225	0.6681	0.6705	13	15	3	1	3	0.0018	0.2917	0	0.0126
0.0092	0.0331	-0.1435	-0.0525	0.069	0.6151	-0.0277	0.788	14	16	3	1	4	0.0014	0.25	0	0.0094
0.0089	0.004	-0.1254	-0.0507	0.0859	0.4134	0.8966	0.1589	15	17	3	1	5	0.01	0.05	0	0.01
0.0087	0.0142	-0.1303	-0.0463	0.085	-0.2549	-0.2991	0.9195	16	18	3	1	6	0.01	0.05	0	0.01
0.0082	0.0499	-0.1339	-0.0505	0.098	-0.0106	0.5329	0.8461	17	0	3	1	7	0.01	0.05	0	0.01
0.0123	0.0759	-0.1079	-0.0297	-0.0368	-0.9289	-0.287	0.2338	3	20	15	1	1	0.0031	0.4583	0	0.0156
0.0104	0.0386	-0.162	-0.0601	-0.0137	-0.5167	-0.7988	0.3081	19	21	15	1	2	0.0053	0.375	0	0.0087
0.0104	0.0077	-0.1884	-0.0969	-0.0122	0.0024	-0.8671	0.4981	20	22	15	1	3	0.0057	0.4583	0	0.0104
0.0104	0.0323	-0.188	-0.1041	-0.0074	-0.3927	-0.8587	-0.3292	21	23	15	1	4	0.01	0.05	0	0.01
0.0104	0.0064	-0.1783	-0.1094	-0.0073	0.2027	-0.5808	0.7884	22	0	15	1	5	0.01	0.05	0	0.01
0.0074	0.0613	0.0922	-0.011	-0.0085	-0.3004	0.9538	-0.0022	9	25	6	1	1	0.0017	0.4583	0	0.0082
0.0073	0.0221	0.0631	0.0541	-0.0138	0.1912	0.7746	0.6028	24	26	6	1	2	0.0087	0.25	0	0.0202
0.0073	0.0535	0.0653	0.0672	-0.0084	-0.9751	0.0792	0.2072	25	27	6	1	3	0.001	0.2917	0	0.0096
0.0073	0.0287	0.014	0.0555	-0.0065	-0.9759	-0.1437	0.164	26	28	6	1	4	0.0044	0.4375	0	0.0077
0.0071	0.0445	-0.0215	0.0701	0.0026	-0.9328	-0.3449	-0.105	27	29	6	1	5	0.007	0.3438	0	0.0115
0.0058	0.0249	-0.0616	0.0465	-0.0042	-0.9875	-0.1553	-0.0259	28	30	6	1	6	0.0031	0.475	0	0.0058
0.0062	0.0243	-0.0797	0.0341	0.0044	-0.8781	-0.415	0.2379	29	31	6	1	7	0.01	0.05	0	0.01
0.0061	0.0245	-0.096	0.0432	-0.0071	-0.9739	0.0526	-0.2209	30	32	6	1	8	0.01	0.05	0	0.01
0.0058	0.0105	-0.1138	0.0525	0.0015	-0.9218	0.3261	0.2094	31	0	6	1	9	0.01	0.05	0	0.01
0.0081	0.0159	0.1088	-0.0116	0.0025	-0.0531	-0.0401	0.9978	9	34	7	1	1	0.0019	0.5	1	0.0096
0.0081	0.0632	0.108	-0.0123	0.0183	-0.129	-0.9556	-0.2649	33	35	7	1	2	0.0019	0.5	0	0.0096
0.0081	0.043	0.0934	-0.0702	0.0046	-0.4828	-0.8053	-0.3441	34	36	7	1	3	0.0028	0.5938	0	0.0081
0.0081	0.016	0.076	-0.0891	0.0076	-0.6904	-0.4727	0.5477	35	37	7	1	4	0.01	0.05	0	0.01
0.0081	0.0088	0.0766	-0.0862	-0.0064	0.1677	-0.9266	-0.3366	36	0	7	1	5	0.01	0.05	0	0.01
0.0069	0.0687	0.0847	0.0664	-0.0051	0.985	-0.0377	0.1685	26	39	9	2	1	0.0009	0.375	1	0.0089
0.0067	0.0318	0.1524	0.0638	0.0065	0.671	-0.4896	0.5568	38	40	9	2	2	0.0009	0.375	0	0.0089
0.0061	0.0009	0.1749	0.0553	0.0174	0.9843	-0.1764	-0.0052	39	41	9	2	3	0.01	0.05	0	0.01
0.0062	0.0407	0.1773	0.0516	0.0137	0.8718	-0.1199	0.475	40	42	9	2	4	0.0008	0.375	0	0.0084
0.0046	0.0296	0.2124	0.0387	0.0325	0.9015	-0.0734	0.4265	41	43	9	2	5	0.0018	0.125	0	0.01
0.0039	0.0062	0.2211	0.0485	0.0294	0.6851	0.677	-0.2689	42	44	9	2	6	0.0012	0.15	0	0.01
0.0032	0.0146	0.2261	0.051	0.0333	0.9885	0.1089	-0.1048	43	0	9	2	7	0.0006	0.1	0	0.01
0.0091	0.035	0.0559	0.0736	-0.011	0.7843	0.4044	0.4705	26	46	10	2	1	0.0032	0.4583	0	0.0106
0.0091	0.0559	0.0866	0.0911	-0.0061	-0.3356	0.9261	0.172	45	47	10	2	2	0.0059	0.175	0	0.0272
0.0091	0.0324	0.068	0.1463	0.0084	-0.9022	-0.3401	0.2653	46	48	10	2	3	0.0011	0.4167	0	0.0099
0.0091	0.0159	0.0372	0.1415	0.0093	-0.6661	0.5107	0.5436	47	49	10	2	4	0.0012	0.2917	0	0.0111
0.0091	0.0232	0.0214	0.1415	0.0223	-0.8281	0.5588	0.0455	48	50	10	2	5	0.0068	0.4167	0	0.0091
0.0091	0.0307	0.0029	0.1522	0.0247	-0.8633	0.0011	0.5046	49	0	10	2	6	0.01	0.05	0	0.01
0.0088	0.0468	0.1603	0.0659	0.0128	0.5089	0.8555	0.0952	39	52	11	3	1	0.0026	0.4167	0	0.0088
0.0088	0.0149	0.1693	0.1013	0.013	-0.3878	0.7515	0.5337	51	0	11	3	2	0.01	0.05	0	0.01
0.0087	0.0588	0.1569	0.0524	0.0119	0.2045	-0.7928	0.5742	39	54	13	3	1	0.0029	0.5	0	0.0087
0.0087	0.0094	0.164	0.0078	0.0375	-0.6122	-0.7716	0.1731	53	0	13	3	2	0.01	0.05	0	0.01
