radius (m)	length (m)	start_point	axis_direction	parent	extension	branch	branch_order	position_in_branch	mad	SurfCov	added	UnmodRadius (m)
0.0111	0.0396	-0.2589	-0.2291	-0.0622	0.8218	-0.0769	0.5646	0	2	1	0	1	0.0029	0.5	0	0.0115
0.0083	0.0225	-0.2241	-0.229	-0.0442	-0.6867	0.7068	0.1699	1	3	1	0	2	0.0013	0.25	0	0.0083
0.0095	0.0771	-0.235	-0.2177	-0.0471	0.8563	0.4402	0.2699	2	4	1	0	3	0.0009	0.3333	0	0.0095
0.0084	0.0624	-0.1677	-0.1837	-0.023	-0.1443	0.9892	0.0275	3	5	1	0	4	0.0009	0.625	0	0.0084
0.0092	0.0677	-0.1632	-0.1238	-0.0205	0.1384	0.9902	-0.0156	4	6	1	0	5	0.0051	0.2708	0	0.0092
0.0091	0.0378	-0.1623	-0.0563	-0.0321	0.2966	0.9338	-0.1999	5	7	1	0	6	0.01	0.05	0	0.01
0.0082	0.0589	-0.1425	-0.0237	-0.0313	0.4526	0.8721	-0.1858	6	8	1	0	7	0.0009	0.4167	0	0.0082
0.007	0.0566	-0.0978	-0.0247	-0.0152	0.8874	0.4129	0.205	7	9	1	0	8	0.003	0.5	0	0.007
0.0063	0.0908	-0.0528	-0.0415	-0.0056	0.9628	-0.1362	0.2333	8	10	1	0	9	0.0024	0.5	0	0.0063
0.0072	0.0234	0.0299	-0.0208	0.0212	0.96	0.0931	0.264	9	11	1	0	10	0.01	0.05	0	0.01
0.0069	0.045	0.0397	-0.0734	0.0118	0.947	-0.2689	0.1759	10	12	1	0	11	0.01	0.05	0	0.01
0.0066	0.0925	-0.006	0.0139	0.0068	-0.7216	-0.6664	-0.1875	11	0	1	0	12	0.01	0.05	0	0.01
0.0073	0.089	-0.1895	-0.204	-0.0381	0.9205	0.1841	0.3445	3	14	2	1	1	0.0013	0.4583	0	0.0073
0.0073	0.0574	-0.1068	-0.1869	0.0022	0.2573	0.9613	-0.0983	13	15	2	1	2	0.0047	0.225	0	0.0123
0.0073	0.0193	-0.0928	-0.1298	0.0057	-0.1048	0.9724	-0.2085	14	0	2	1	3	0.01	0.05	0	0.01
0.0105	0.0879	-0.2499	-0.22	-0.0626	0.0061	0.9891	0.147	1	17	3	1	1	0.0021	0.14	1	0.0242
0.0105	0.0719	-0.2675	-0.1357	-0.0372	0.1564	0.8965	0.4145	16	18	3	1	2	0.0064	0.1	0	0.0242
0.0101	0.0587	-0.264	-0.0638	-0.015	0.761	0.6272	-0.1659	17	19	3	1	3	0.01	0.05	0	0.01
0.01	0.0112	-0.2194	-0.027	-0.0247	0.9021	0.394	0.1763	18	0	3	1	4	0.01	0.05	0	0.01
0.008	0.0824	-0.1747	-0.1846	-0.0276	-0.1021	-0.9839	-0.1465	4	21	5	1	1	0.0014	0.3333	0	0.0082
0.008	0.0904	-0.1582	-0.2584	-0.054	0.4066	-0.8769	0.2563	20	22	5	1	2	0.0061	0.16	0	0.0157
0.0051	0.0243	-0.1239	-0.3374	-0.0414	-0.3827	-0.9213	0.0689	21	23	5	1	3	0.0044	0.5	0	0.0049
0.008	0.0217	-0.1339	-0.3592	-0.039	-0.5094	-0.8378	0.1964	22	0	5	1	4	0.01	0.05	0	0.01
0.0065	0.0394	-0.1448	-0.0102	-0.0332	-0.8426	0.0752	0.5332	7	25	13	1	1	0.0011	0.4583	0	0.0065
0.0077	0.0638	-0.1848	-0.0131	-0.013	-0.6017	0.742	-0.2955	24	26	13	1	2	0.0043	0.25	0	0.0131
0.0073	0.0559	-0.2288	0.024	-0.0328	-0.8337	0.4866	-0.2611	25	27	13	1	3	0.01	0.05	0	0.01
0.0071	0.0595	-0.2351	0.0155	-0.0328	0.6504	0.7576	0.0545	26	28	13	1	4	0.01	0.05	0	0.01
0.0068	0.0193	-0.1957	0.0595	-0.0294	-0.7162	-0.4655	0.5199	27	0	13	1	5	0.01	0.05	0	0.01
0.0078	0.037	-0.1404	-0.0133	-0.0254	0.925	0.3607	-0.1192	7	30	14	1	1	0.0013	0.3333	0	0.0103
0.0078	0.0649	-0.1154	0.0056	-0.0159	0.3529	0.9253	-0.1388	29	31	14	1	2	0.0013	0.4583	0	0.0092
0.0078	0.039	-0.0866	0.0467	-0.028	0.9551	0.2926	0.046	30	32	14	1	3	0.0043	0.375	0	0.0097
0.0078	0.0386	-0.0721	0.0451	-0.0372	0.5921	-0.7053	-0.3897	31	33	14	1	4	0.01	0.05	0	0.01
0.0078	0.0675	-0.0623	0.0577	-0.0284	0.9581	0.2808	0.057	32	34	14	1	5	0.0044	0.18	0	0.0209
0.0078	0.0876	0.002	0.0752	-0.0154	0.9882	-0.1519	0.0212	33	35	14	1	6	0.0011	0.2083	0	0.0127
0.0078	0.0673	0.0862	0.0674	-0.008	0.9596	0.2163	0.1801	34	36	14	1	7	0.0018	0.0875	0	0.0139
0.0077	0.056	0.1403	0.0942	-0.0034	0.7336	0.6746	0.0818	35	37	14	1	8	0.01	0.05	0	0.01
0.0068	0.0618	0.1797	0.1321	0.0077	0.7401	0.6478	0.1807	36	38	14	1	9	0.0005	0.4167	0	0.0068
0.0076	0.0257	0.2266	0.1464	0.0398	0.8374	0.3674	0.4047	37	39	14	1	10	0.01	0.05	0	0.01
0.0077	0.0038	0.1774	0.1682	0.0209	0.133	0.9865	0.0955	38	40	14	1	11	0.0037	0.2	0	0.0185
0.0077	0.0361	0.1748	0.1722	0.0201	0.0376	0.9861	0.1618	39	41	14	1	12	0.0011	0.2917	0	0.0094
0.0076	0.1254	0.1578	0.2033	0.0256	-0.2399	0.9705	0.0249	40	42	14	1	13	0.0091	0.05	0	0.0131
0.0074	0.1152	0.1111	0.3122	0.0202	-0.5847	0.8079	-0.0732	41	43	14	1	14	0.01	0.05	0	0.01
0.0076	0.0482	0.142	0.3628	0.0115	0.37	0.8576	-0.3573	42	44	14	1	15	0.0013	0.4583	0	0.0119
0.0073	0.0298	0.156	0.3942	0.032	0.3814	0.8837	0.2714	43	45	14	1	16	0.01	0.05	0	0.01
0.0075	0.0393	0.1887	0.3883	0.0517	0.6847	0.6028	0.4097	44	46	14	1	17	0.0011	0.3333	0	0.0085
0.0074	0.03	0.1731	0.4029	0.0184	0.4114	0.7648	-0.4958	45	47	14	1	18	0.0036	0.225	0	0.0148
0.0071	0.0325	0.1538	0.4189	0.0184	-0.3417	0.8836	-0.3201	46	48	14	1	19	0.01	0.05	0	0.01
0.0071	0.0328	0.1744	0.4354	0.0202	0.3949	0.9118	-0.1125	47	0	14	1	20	0.01	0.05	0	0.01
0.0081	0.0565	-0.0984	-0.0289	-0.0095	0.0417	-0.9851	0.1669	8	50	15	1	1	0.0021	0.375	0	0.0111
0.0081	0.0679	-0.0885	-0.0745	-0.0102	0.8829	-0.3104	0.3524	49	51	15	1	2	0.001	0.4167	0	0.0081
0.0081	0.0851	-0.0027	-0.0919	0.03	0.1432	-0.9897	-0.0039	50	52	15	1	3	0.0118	0.16	0	0.0587
0.0081	0.0464	0.0128	-0.1759	0.0263	-0.0581	-0.991	-0.1205	51	53	15	1	4	0.01	0.05	0	0.01
0.0081	0.0563	-0.0186	-0.1886	0.0161	-0.7108	-0.6499	-0.269	52	54	15	1	5	0.01	0.05	0	0.01
0.0081	0.0162	-0.0182	-0.2058	0.0385	-0.262	-0.7132	0.6501	53	0	15	1	6	0.01	0.05	0	0.01
0.0066	0.056	-0.0785	-0.0209	-0.0164	0.9135	0.3811	0.1422	8	56	16	1	1	0.0012	0.4583	0	0.0075
0.0066	0.0373	-0.0319	-0.0105	-0.0089	0.7947	-0.3559	0.4917	55	57	16	1	2	0.001	0.25	0	0.0072
0.0062	0.0437	0.0004	-0.0226	0.0048	0.7716	-0.5715	0.2795	56	58	16	1	3	0.0012	0.2083	0	0.0062
0.0055	0.0387	0.0236	-0.0522	0.0212	0.5092	-0.7221	0.4683	57	59	16	1	4	0.0054	0.375	0	0.0055
0.0066	0.0085	0.0527	-0.077	0.0317	0.5357	-0.7699	0.3467	58	60	16	1	5	0.0041	0.5417	0	0.0089
0.0049	0.0321	0.0585	-0.0846	0.0425	0.394	-0.9	-0.1867	59	61	16	1	6	0.0026	0.5	0	0.0049
0.0064	0.0216	0.0692	-0.1142	0.0381	0.2979	-0.9545	-0.014	60	62	16	1	7	0.01	0.05	0	0.01
0.0064	0.016	0.0649	-0.1302	0.0423	-0.3655	-0.9274	0.0798	61	63	16	1	8	0.0014	0.25	0	0.0194
0.0063	0.1014	0.0691	-0.1418	0.0258	0.0583	-0.9877	-0.1453	62	64	16	1	9	0.001	0.1875	0	0.0112
0.0061	0.037	0.0692	-0.2371	0.0029	-0.3793	-0.8887	-0.2574	63	65	16	1	10	0.01	0.05	0	0.01
0.0059	0.007	0.0524	-0.2669	-0.0088	-0.539	-0.7399	-0.4025	64	66	16	1	11	0.0005	0.375	0	0.0059
0.0049	0.0384	0.0487	-0.2721	-0.0094	0.7627	-0.6463	-0.0243	65	67	16	1	12	0.001	0.375	0	0.0046
0.0058	0.031	0.0788	-0.2943	-0.0067	0.8124	-0.5453	0.2068	66	68	16	1	13	0.01	0.05	0	0.01
0.0061	0.0391	0.0923	-0.3127	-0.008	0.2735	-0.9347	-0.227	67	69	16	1	14	0.0014	0.3333	0	0.0092
0.0055	0.0026	0.0951	-0.3481	-0.0107	-0.1477	-0.989	0.0019	68	70	16	1	15	0.01	0.05	0	0.01
0.0055	0.0102	0.0966	-0.3486	-0.0126	-0.8215	0.3761	-0.4286	69	0	16	1	16	0.01	0.05	0	0.01
0.0081	0.028	-0.2507	-0.0683	-0.0159	-0.5419	-0.8145	-0.207	17	72	7	2	1	0.0017	0.375	0	0.0081
0.0079	0.0234	-0.2707	-0.0895	-0.0239	-0.4257	-0.8688	0.2529	71	73	7	2	2	0.01	0.05	0	0.01
0.0052	0.0298	-0.2783	-0.0873	-0.0052	-0.5571	-0.3672	0.7448	72	74	7	2	3	0.0005	0.2917	0	0.0052
0.005	0.0026	-0.2908	-0.1011	0.018	-0.5359	-0.5882	0.6057	73	75	7	2	4	0.01	0.05	0	0.01
0.0039	0.0126	-0.2915	-0.1028	0.0209	-0.8832	0.0104	0.4689	74	0	7	2	5	0.0007	0.125	0	0.01
0.0077	0.0112	-0.1011	0.0635	-0.0272	-0.8862	0.2692	-0.3771	30	77	19	2	1	0.0022	0.4583	1	0.0077
0.0077	0.0382	-0.111	0.0665	-0.0314	-0.6168	0.3095	0.7237	76	78	19	2	2	0.0022	0.4583	0	0.0077
0.0077	0.0385	-0.1331	0.0751	-0.0055	0.7391	0.548	-0.3917	77	79	19	2	3	0.0004	0.375	0	0.0084
0.0077	0.0414	-0.1021	0.1055	-0.0105	0.5019	0.5709	-0.6497	78	80	19	2	4	0.001	0.2917	0	0.0111
0.0077	0.0014	-0.0837	0.1135	-0.039	0.8082	-0.0653	-0.5853	79	81	19	2	5	0.01	0.05	0	0.01
0.0077	0.082	-0.0828	0.1127	-0.0344	0.5869	0.7987	0.1332	80	82	19	2	6	0.0004	0.2917	0	0.0062
0.0077	0.0214	-0.0337	0.1775	-0.0247	0.6231	0.7735	0.1156	81	0	19	2	7	0.01	0.05	0	0.01
0.0071	0.0907	-0.0384	0.0693	-0.0333	0.7163	0.6904	-0.1009	33	84	21	2	1	0.0021	0.4583	0	0.0071
0.0074	0.0135	0.0276	0.1326	-0.0411	0.3538	0.7056	-0.614	83	85	21	2	2	0.0014	0.3333	0	0.0094
0.0074	0.0384	0.0232	0.1395	-0.0453	-0.0648	0.905	0.4203	84	86	21	2	3	0.001	0.3333	0	0.0082
0.0073	0.0645	0.0223	0.1724	-0.027	0.5883	0.7682	0.2527	85	87	21	2	4	0.0009	0.3333	0	0.0101
0.0072	0.0554	0.0498	0.228	-0.0155	0.3701	0.8781	0.3032	86	88	21	2	5	0.01	0.05	0	0.01
0.0072	0.0411	0.0355	0.2383	-0.0107	0.746	-0.6641	-0.0488	87	0	21	2	6	0.0014	0.375	0	0.0085
0.0073	0.0214	0.1725	0.123	0.0079	0.0364	-0.0818	0.996	36	90	24	2	1	0.002	0.375	1	0.0114
0.0073	0.0358	0.1733	0.1212	0.0292	0.5043	-0.6268	-0.5939	89	91	24	2	2	0.002	0.375	0	0.0114
0.0073	0.0355	0.1911	0.0968	0.0143	0.9054	0.3929	0.161	90	92	24	2	3	0.0008	0.3333	0	0.008
0.0073	0	0.223	0.1044	0.0254	0.9628	0.1559	0.2208	91	93	24	2	4	0.01	0.05	0	0.01
0.0069	0.058	0.2221	0.1043	0.0236	0.1893	-0.9816	-0.0257	92	94	24	2	5	0.0008	0.4167	0	0.0069
0.0072	0.0257	0.24	0.0601	0.0156	0.7592	-0.5709	-0.3125	93	95	24	2	6	0.01	0.05	0	0.01
0.0073	0.0481	0.2388	0.0591	0.0231	-0.4488	-0.8766	0.1735	94	96	24	2	7	0.0011	0.4583	0	0.008
0.0072	0.0361	0.2143	0.0196	0.0312	-0.6435	-0.7457	-0.1729	95	97	24	2	8	0.0011	0.2917	0	0.0085
0.0072	0.0616	0.1937	-0.0077	0.026	-0.193	-0.9728	0.128	96	98	24	2	9	0.0017	0.14	0	0.0162
0.007	0.0457	0.179	-0.0677	0.0316	-0.1132	-0.9816	0.1539	97	99	24	2	10	0.01	0.05	0	0.01
0.0071	0.0009	0.2063	-0.0924	0.0293	0.481	-0.8568	-0.1859	98	100	24	2	11	0.0011	0.2917	0	0.0102
0.0069	0.0187	0.2081	-0.0941	0.0373	-0.1622	-0.9833	-0.0821	99	101	24	2	12	0.01	0.05	0	0.01
0.0069	0.0111	0.205	-0.1124	0.0358	-0.9926	-0.0508	-0.1106	100	0	24	2	13	0.01	0.05	0	0.01
0.0065	0.0309	0.2081	0.1482	0.0151	-0.0506	0.7294	0.6822	37	103	29	2	1	0.0076	0.225	0	0.0173
0.0053	0.0565	0.2244	0.1705	0.0338	0.0356	0.9813	0.1891	102	104	29	2	2	0.0008	0.2083	0	0.0048
0.0065	0.0234	0.2295	0.2256	0.0419	0.1483	0.9887	0.0238	103	105	29	2	3	0.01	0.05	0	0.01
0.0065	0.0237	0.2262	0.2468	0.0494	-0.043	0.9724	0.2291	104	0	29	2	4	0.01	0.05	0	0.01
0.0087	0.0182	0.1298	0.2852	0.0267	-0.9897	-0.0373	-0.1383	41	107	30	2	1	0.0022	0.4583	1	0.0087
0.0087	0.0523	0.1118	0.2845	0.0241	-0.8443	0.0293	-0.535	106	108	30	2	2	0.0022	0.4583	0	0.0087
0.0087	0.0617	0.0777	0.301	0.0047	-0.8575	0.3756	0.3515	107	109	30	2	3	0.006	0.2	0	0.0262
0.0087	0.0189	0.0225	0.3271	0.0225	-0.8302	-0.553	0.0703	108	110	30	2	4	0.0013	0.2917	0	0.0098
0.0087	0.0806	0.0087	0.3175	0.0251	-0.4675	0.8711	0.1504	109	111	30	2	5	0.0041	0.16	0	0.024
0.0087	0.0216	-0.0475	0.3473	0.0383	-0.8653	0.4034	0.2974	110	112	30	2	6	0.01	0.05	0	0.01
0.0087	0.0567	-0.0216	0.3683	0.0281	-0.2657	0.9641	0.0024	111	113	30	2	7	0.0013	0.2917	0	0.013
0.0087	0.0114	-0.0322	0.4246	0.0312	-0.208	0.9553	-0.2103	112	114	30	2	8	0.01	0.05	0	0.01
0.0087	0.0172	-0.0323	0.4382	0.0252	-0.7835	0.6201	-0.0394	113	0	30	2	9	0.01	0.05	0	0.01
0.0121	0.0475	0.1644	0.2078	0.0262	0.4044	0.8502	0.3372	41	116	32	2	1	0.0025	0.4167	0	0.0121
0.0121	0.048	0.1889	0.2449	0.0353	0.5863	0.8082	0.056	115	117	32	2	2	0.0008	0.2917	0	0.0082
0.0121	0.0289	0.2104	0.2848	0.0442	0.2817	0.9518	0.1214	116	118	32	2	3	0.01	0.05	0	0.01
0.0121	0.0035	0.2216	0.31	0.0458	0.4	0.8325	-0.3832	117	119	32	2	4	0.0009	0.25	0	0.0101
0.0121	0.01	0.2177	0.3052	0.0512	0.8847	-0.2958	0.3603	118	0	32	2	5	0.01	0.05	0	0.01
0.0052	0.0269	0.0405	-0.0667	0.0327	0.661	0.742	-0.1121	58	121	20	2	1	0.0013	0.3333	1	0.0092
0.0051	0.0341	0.0583	-0.0467	0.0297	0.6963	0.647	-0.3106	120	122	20	2	2	0.0013	0.3333	0	0.0092
0.005	0.0251	0.0932	-0.0367	0.0279	0.7844	0.5946	-0.1767	121	123	20	2	3	0.0013	0.375	0	0.0094
0.0043	0.0242	0.1126	-0.0208	0.0255	0.3417	0.8624	-0.3735	122	124	20	2	4	0.0026	0.2	0	0.01
0.0033	0.0274	0.123	-0.0019	0.0168	0.6635	0.746	-0.0566	123	0	20	2	5	0.0026	0.15	0	0.01
0.0061	0.0133	0.0774	-0.1217	0.0348	0.7903	0.3676	-0.4901	61	126	25	2	1	0.01	0.05	1	0.01
0.006	0.0282	0.0878	-0.1168	0.0283	0.4534	-0.4802	0.7509	125	127	25	2	2	0.01	0.05	0	0.01
0.0059	0.069	0.0989	-0.1325	0.0423	0.972	-0.117	-0.2036	126	128	25	2	3	0.004	0.275	0	0.011
0.0055	0.0646	0.1631	-0.1439	0.0298	0.7778	-0.6073	0.1618	127	129	25	2	4	0.0008	0.2917	0	0.0084
0.0044	0.0361	0.2041	-0.1917	0.0399	0.6675	-0.7308	0.1426	128	130	25	2	5	0.0016	0.15	0	0.01
0.0036	0.009	0.2297	-0.1763	0.0393	0.9808	-0.0082	0.1948	129	131	25	2	6	0.0009	0.125	0	0.01
0.0029	0.0145	0.2382	-0.176	0.0407	-0.0684	0.6124	0.7876	130	0	25	2	7	0.0026	0.125	0	0.01
0.0025	0.0528	0.059	-0.2466	-0.0007	-0.9108	0.4004	0.1005	64	133	37	2	1	0.0077	0.225	1	0.01
0.0025	0.0228	0.0053	-0.2363	0.004	-0.8653	0.4657	-0.1853	132	134	37	2	2	0.0009	0.125	0	0.01
0.0025	0.0201	-0.0139	-0.2258	-0.0014	-0.5575	-0.8171	-0.1469	133	0	37	2	3	0.0008	0.15	0	0.01
0.0135	0.055	0.0573	-0.2497	-0.002	-0.6619	-0.6973	-0.2751	64	136	38	2	1	0.002	0.4167	1	0.0135
0.0135	0.0489	0.0209	-0.288	-0.0172	0.4417	-0.777	0.4485	135	137	38	2	2	0.002	0.4167	0	0.0135
0.0135	0.0713	0.0249	-0.32	-0.0038	-0.1844	-0.941	-0.2838	136	138	38	2	3	0.001	0.2917	0	0.0134
0.0135	0.048	0.0207	-0.3911	-0.0107	-0.2001	-0.9667	-0.1596	137	139	38	2	4	0.01	0.05	0	0.01
0.0135	0.0243	-0.0035	-0.4243	-0.0275	-0.499	-0.793	-0.3495	138	140	38	2	5	0.01	0.05	0	0.01
0.0135	0.0177	-0.0058	-0.4242	0.0007	-0.4415	-0.7393	0.5084	139	0	38	2	6	0.01	0.05	0	0.01
0.004	0.0161	-0.2756	-0.0999	-0.0204	0.3728	-0.733	-0.569	72	142	12	3	1	0.002	0.15	0	0.0158
0.0025	0.0321	-0.2684	-0.1198	-0.0293	0.955	0.1251	-0.2691	141	143	12	3	2	0.01	0.05	0	0.01
0.0025	0.0248	-0.2378	-0.1155	-0.0365	0.7097	0.6928	-0.128	142	0	12	3	3	0.0056	0.125	0	0.01
0.0073	0.0662	-0.1499	0.0636	-0.0051	-0.4857	0.7506	-0.4481	78	145	47	3	1	0.0011	0.5	0	0.0092
0.0073	0.0087	-0.1762	0.1036	-0.024	0.9034	0.4111	-0.1217	144	146	47	3	2	0.01	0.05	0	0.01
0.0073	0.0244	-0.1684	0.1072	-0.0251	-0.515	0.7499	-0.4153	145	147	47	3	3	0.01	0.05	0	0.01
0.0073	0.0116	-0.18	0.1247	-0.0382	-0.8907	-0.4144	-0.1871	146	0	47	3	4	0.01	0.05	0	0.01
0.0063	0.0978	0.0312	0.1233	-0.0359	0.7218	0.6613	0.2043	84	149	27	3	1	0.001	0.4583	0	0.0063
0.0063	0.0017	0.101	0.1872	-0.0148	0.5202	0.4578	0.721	148	150	27	3	2	0.01	0.05	0	0.01
0.0063	0.0303	0.1019	0.188	-0.0136	0.6846	-0.7003	0.202	149	0	27	3	3	0.01	0.05	0	0.01
0.0068	0.0461	0.2041	0.017	0.0337	-0.7383	0.5301	-0.4171	96	152	41	3	1	0.0015	0.3333	0	0.0068
0.0068	0.0317	0.1702	0.0426	0.0116	-0.996	-0.0365	-0.0812	151	153	41	3	2	0.0009	0.3333	0	0.0074
0.0068	0.023	0.1412	0.0383	0.005	-0.8511	-0.0195	-0.5246	152	154	41	3	3	0.01	0.05	0	0.01
0.0068	0.0024	0.1294	0.0462	0.0106	-0.8884	0.4173	0.1916	153	0	41	3	4	0.0012	0.4167	0	0.008
0.0071	0.0569	0.0247	0.3313	0.0214	0.3737	0.9064	0.1968	108	156	35	3	1	0.0018	0.4583	0	0.0071
0.0071	0.0365	0.0445	0.3839	0.0313	0.688	0.665	-0.2907	155	157	35	3	2	0.0007	0.375	0	0.0071
0.0075	0.0197	0.0578	0.411	0.0198	0.2393	0.9681	-0.0745	156	158	35	3	3	0.01	0.05	0	0.01
0.0072	0.0377	0.06	0.402	0.0173	0.9812	-0.0947	0.1685	157	159	35	3	4	0.0007	0.4583	0	0.0072
0.0064	0.0363	0.0982	0.3975	0.017	0.8586	0.5054	0.0862	158	160	35	3	5	0.0007	0.4167	0	0.0064
0.007	0.0326	0.1282	0.4176	0.0198	0.8225	0.5611	-0.0937	159	161	35	3	6	0.01	0.05	0	0.01
0.0068	0.0286	0.1277	0.4349	0.0236	-0.0012	-0.9881	-0.1537	160	0	35	3	7	0.01	0.05	0	0.01
0.0048	0.0385	0.1106	-0.0296	0.0232	-0.2669	-0.7952	0.5444	122	163	23	3	1	0.0068	0.275	0	0.0169
0.0048	0.0412	0.0983	-0.0613	0.0367	0.3265	-0.9438	0.0517	162	164	23	3	2	0.0009	0.375	0	0.0072
0.0048	0.0033	0.1106	-0.098	0.0345	-0.0285	-0.8921	-0.451	163	165	23	3	3	0.0018	0.15	0	0.01
0.0048	0.0232	0.1062	-0.1009	0.0347	-0.0611	-0.9863	-0.153	164	0	23	3	4	0.0014	0.15	0	0.01
0.0052	0.0391	0.1723	-0.1441	0.0309	0.5556	0.3674	0.7459	128	167	31	3	1	0.0016	0.5	0	0.0071
0.0052	0.0009	0.1964	-0.1245	0.0545	0.4672	0.5373	0.7021	166	168	31	3	2	0.01	0.05	0	0.01
0.0052	0.0147	0.1928	-0.1216	0.0555	-0.3584	-0.689	0.6299	167	169	31	3	3	0.01	0.05	0	0.01
0.0052	0.028	0.1875	-0.1317	0.0648	-0.6713	0.2783	0.6869	168	0	31	3	4	0.01	0.05	0	0.01
