radius (m)	length (m)	start_point	axis_direction	parent	extension	branch	branch_order	position_in_branch	mad	SurfCov	added	UnmodRadius (m)
0.0134	0.0394	-0.1329	0.048	-0.2009	0.5198	-0.0359	0.8535	0	2	1	0	1	0.0021	0.2917	0	0.0144
0.0095	0.072	-0.1131	0.0411	-0.1653	0.4192	0.2575	0.8706	1	3	1	0	2	0.0016	0.4583	0	0.0095
0.0129	0.0577	-0.0982	0.0624	-0.0954	0.1776	-0.7322	0.6575	2	4	1	0	3	0.0013	0.3333	0	0.0136
0.0128	0.0408	-0.0758	0.0509	-0.0553	0.3945	-0.2195	0.8923	3	5	1	0	4	0.0065	0.4375	0	0.0134
0.0101	0.024	-0.0521	0.0431	-0.0333	0.5406	0.7661	0.3476	4	6	1	0	5	0.001	0.375	0	0.0101
0.0089	0.033	-0.0388	0.0468	-0.0208	0.8921	0.1377	0.4303	5	7	1	0	6	0.0051	0.7917	0	0.0089
0.0089	0.022	-0.015	0.0483	-0.003	0.6376	-0.5889	0.4966	6	8	1	0	7	0.0009	0.2917	0	0.0088
0.0116	0.0089	0.002	0.0296	0.0022	0.6317	-0.3577	0.6878	7	9	1	0	8	0.0045	0.4688	0	0.0124
0.0089	0.021	0.0065	0.0297	0.0073	0.3949	0.3848	0.8343	8	0	1	0	9	0.0016	0.3333	0	0.007
0.0096	0.1768	-0.0867	0.0694	-0.1001	0.8085	0.4909	-0.3246	3	11	2	1	1	0.0026	0.4167	1	0.0096
0.0096	0.0781	0.0562	0.1562	-0.1575	0.8809	0.4705	0.0513	10	12	2	1	2	0.0026	0.4167	0	0.0096
0.0113	0.0772	0.1129	0.1713	-0.1307	0.7775	0.1919	0.5989	11	13	2	1	3	0.0071	0.25	0	0.0121
0.0112	0.0166	0.1836	0.1992	-0.0989	0.7007	0.1887	0.688	12	14	2	1	4	0.0059	0.275	0	0.0127
0.0083	0.0272	0.1964	0.2032	-0.0972	0.8381	0.5258	0.1449	13	15	2	1	5	0.0037	0.5	0	0.0083
0.0114	0.0109	0.2214	0.1993	-0.1077	0.8974	0.3366	-0.2852	14	16	2	1	6	0.0072	0.4583	0	0.0139
0.0083	0.0396	0.2352	0.2121	-0.092	0.9652	-0.2461	-0.0881	15	17	2	1	7	0.0051	0.3438	0	0.0064
0.0093	0.0278	0.2729	0.2128	-0.0994	0.934	0.1686	0.315	16	18	2	1	8	0.01	0.05	0	0.01
0.0091	0.0253	0.2785	0.1965	-0.085	0.6393	-0.4519	0.6221	17	0	2	1	9	0.01	0.05	0	0.01
0.009	0.0969	-0.0979	0.0397	-0.1489	0.4297	-0.1762	0.8856	2	20	3	1	1	0.0028	0.4167	0	0.0095
0.0089	0.0493	-0.0505	0.0219	-0.0736	0.5659	-0.7438	0.3556	19	21	3	1	2	0.0011	0.4583	0	0.0123
0.0087	0.0374	-0.03	-0.0142	-0.061	0.09	-0.9695	-0.228	20	22	3	1	3	0.0009	0.3333	0	0.0098
0.0075	0.0127	-0.0229	-0.0521	-0.0635	-0.1661	-0.9748	-0.1491	21	23	3	1	4	0.0048	0.375	0	0.0064
0.0075	0.0124	-0.0227	-0.0626	-0.0657	0.5652	-0.5902	0.5764	22	0	3	1	5	0.0017	0.4167	0	0.0075
0.0123	0.0556	-0.106	0.0712	-0.0889	-0.5858	-0.6611	0.4689	3	25	5	1	1	0.0036	0.3333	0	0.0125
0.011	0.006	-0.1292	0.0354	-0.0654	0.2358	-0.7964	0.5569	24	26	5	1	2	0.01	0.05	0	0.01
0.0105	0.0206	-0.1278	0.0306	-0.0621	-0.7648	-0.6361	0.102	25	27	5	1	3	0.01	0.05	0	0.01
0.01	0.0359	-0.1436	0.0175	-0.06	-0.7374	-0.5352	-0.412	26	0	5	1	4	0.01	0.05	0	0.01
0.0068	0.0311	-0.0316	0.0523	-0.0085	-0.534	0.4134	0.7375	6	29	6	1	1	0.0031	0.4583	1	0.0068
0.0068	0.0589	-0.0482	0.0652	0.0144	0.3569	-0.9323	-0.0581	28	30	6	1	2	0.0031	0.4583	0	0.0068
0.0084	0.076	-0.0217	-0.0007	0.0116	-0.5753	-0.2479	0.7795	29	31	6	1	3	0.0079	0.375	0	0.0164
0.0067	0.0176	-0.0611	-0.0351	0.0654	-0.5029	-0.4077	0.7622	30	32	6	1	4	0.0074	0.4167	0	0.0067
0.0083	0.037	-0.0709	-0.0337	0.0775	0.9069	0.1551	0.3917	31	33	6	1	5	0.001	0.375	0	0.0124
0.0083	0.038	-0.0414	-0.041	0.0905	0.9288	-0.313	0.1982	32	34	6	1	6	0.0011	0.4167	0	0.0125
0.0082	0.0329	-0.0109	-0.0507	0.1015	0.5342	-0.1527	0.8314	33	35	6	1	7	0.0008	0.25	0	0.0124
0.0083	0.0363	0.0008	-0.0696	0.1019	0.083	-0.8934	0.4415	34	36	6	1	8	0.0057	0.5417	0	0.0088
0.0081	0.0334	0.0019	-0.1032	0.1276	0.0872	-0.9911	-0.101	35	37	6	1	9	0.01	0.05	0	0.01
0.0082	0.0383	0.0011	-0.1038	0.1277	0.8857	0.0514	0.4614	36	38	6	1	10	0.0006	0.375	0	0.0118
0.008	0.0037	0.0323	-0.1087	0.1461	0.428	-0.0687	0.9011	37	39	6	1	11	0.01	0.05	0	0.01
0.0078	0.0359	0.0352	-0.1032	0.1588	-0.9923	0.061	0.1082	38	40	6	1	12	0.0009	0.25	0	0.0078
0.0081	0.039	0.0006	-0.104	0.1602	0.1844	-0.5779	0.795	39	41	6	1	13	0.0014	0.25	0	0.0091
0.0079	0.0359	0.0067	-0.1194	0.1955	0.1726	-0.4863	0.8566	40	42	6	1	14	0.01	0.05	0	0.01
0.0081	0.0147	0.0096	-0.1295	0.1922	-0.0408	-0.9777	-0.2061	41	43	6	1	15	0.001	0.3333	0	0.0086
0.0078	0.0174	0.0069	-0.1434	0.1898	0.2253	-0.2842	0.9319	42	0	6	1	16	0.01	0.05	0	0.01
0.0116	0.0229	-0.0957	0.0621	-0.0778	-0.0112	0.8181	0.575	3	45	9	1	1	0.0062	0.5833	1	0.0116
0.0116	0.0576	-0.0959	0.0808	-0.0646	0.6446	0.745	0.1719	44	46	9	1	2	0.0062	0.5833	0	0.0116
0.0116	0.0268	-0.0755	0.128	-0.0485	0.4097	0.5722	0.7105	45	47	9	1	3	0.01	0.05	0	0.01
0.0116	0.0103	-0.0812	0.1077	-0.0584	-0.3653	0.6846	-0.6307	46	0	9	1	4	0.01	0.05	0	0.01
0.0025	0.0594	-0.072	0.0448	-0.0449	0.3599	0.9323	0.0364	4	49	11	1	1	0.0032	0.225	1	0.01
0.0025	0.013	-0.054	0.1008	-0.0438	0.1226	0.9808	0.1519	48	50	11	1	2	0.0036	0.125	0	0.01
0.0025	0.0149	-0.0502	0.1107	-0.0379	-0.8324	0.1124	0.5426	49	0	11	1	3	0.0067	0.15	0	0.01
0.0091	0.0721	0.0583	0.1657	-0.1633	-0.3783	-0.8962	0.2317	11	52	28	2	1	0.0036	0.2	1	0.019
0.0086	0.0776	0.0534	0.0931	-0.1387	-0.4374	-0.7703	0.464	51	53	28	2	2	0.004	0.225	0	0.019
0.0078	0.0262	0.0232	0.0305	-0.1001	-0.2385	-0.8033	-0.5457	52	54	28	2	3	0.0012	0.25	0	0.0122
0.0077	0.0323	0.023	0.005	-0.1015	-0.4879	-0.8697	-0.0741	53	55	28	2	4	0.0041	0.3	0	0.0134
0.0052	0.0075	0.0117	-0.0226	-0.1012	0.014	-0.988	0.1539	54	56	28	2	5	0.01	0.05	0	0.01
0.0038	0.0322	0.0125	-0.0273	-0.0996	0.8458	-0.3181	0.4282	55	0	28	2	6	0.0027	0.175	0	0.01
0.0087	0.0243	-0.0445	0.0374	0.0109	-0.8965	-0.3308	-0.2947	29	58	12	2	1	0.0031	0.5	1	0.0127
0.0087	0.0381	-0.0663	0.0293	0.0037	-0.1563	-0.0735	0.985	57	59	12	2	2	0.0031	0.5	0	0.0127
0.0087	0.0575	-0.0615	0.0257	0.0296	0.5574	0.6827	0.4725	58	60	12	2	3	0.0056	0.3	0	0.0143
0.0087	0.0122	-0.0384	0.059	0.0549	-0.5645	0.8122	0.1471	59	61	12	2	4	0.0038	0.5833	0	0.0087
0.0087	0.0147	-0.0437	0.0661	0.0537	-0.717	-0.6557	0.2365	60	0	12	2	5	0.01	0.05	0	0.01
0.0086	0.0411	-0.0151	0.0045	0.0144	0.7732	0.3335	0.5394	30	63	29	2	1	0.0034	0.4583	0	0.0097
0.0086	0.0356	0.0165	0.0162	0.034	0.4097	-0.7303	0.5466	62	64	29	2	2	0.001	0.375	0	0.0091
0.0086	0.0218	0.0384	-0.0119	0.0391	0.5973	-0.6925	0.4046	63	65	29	2	3	0.0071	0.375	0	0.009
0.0086	0.0344	0.0493	-0.0284	0.0484	0.5681	-0.7792	0.2648	64	66	29	2	4	0.0071	0.5	0	0.0086
0.0086	0.0462	0.0592	-0.0321	0.0579	0.9227	0.3853	-0.0136	65	67	29	2	5	0.0011	0.3333	0	0.0113
0.0086	0.0552	0.0999	-0.0168	0.0675	0.6136	0.7337	0.2918	66	68	29	2	6	0.01	0.05	0	0.01
0.0086	0.0252	0.1006	-0.0001	0.047	0.1704	0.7488	-0.6405	67	69	29	2	7	0.01	0.05	0	0.01
0.0086	0.0167	0.1032	-0.0046	0.0534	0.7006	0.4683	0.5384	68	0	29	2	8	0.01	0.05	0	0.01
0.0025	0.0701	-0.1005	-0.0467	0.0612	0.9396	-0.2715	0.2085	32	71	16	2	1	0.01	0.05	0	0.01
0.0025	0.0203	-0.0346	-0.0657	0.0758	0.1871	0.6721	0.7164	70	72	16	2	2	0.01	0.05	0	0.01
0.0025	0.0213	-0.0308	-0.0521	0.0903	0.3913	0.0821	0.9166	71	0	16	2	3	0.01	0.05	0	0.01
0.0079	0.0645	-0.0103	-0.0475	0.0893	0.5237	-0.2474	-0.8152	33	74	17	2	1	0.0028	0.5417	0	0.0104
0.0079	0.038	0.0184	-0.0582	0.0234	-0.089	-0.9392	-0.3316	73	75	17	2	2	0.0034	0.2	0	0.0153
0.0077	0.0357	0.0071	-0.0915	0.0218	-0.149	-0.9833	0.1048	74	76	17	2	3	0.01	0.05	0	0.01
0.0073	0.0542	0.0232	-0.0969	0.0152	0.5915	-0.6109	-0.5263	75	77	17	2	4	0.0008	0.4583	0	0.0073
0.0073	0.0014	0.0535	-0.1207	-0.0155	0.718	-0.0329	-0.6952	76	78	17	2	5	0.01	0.05	0	0.01
0.0073	0.0066	0.0538	-0.1222	-0.0138	-0.2628	0.8701	0.4169	77	0	17	2	6	0.01	0.05	0	0.01
0.0079	0.0634	-0.0335	-0.0279	0.0847	0.3654	-0.2234	-0.9037	32	80	18	2	1	0.0026	0.5	0	0.0109
0.0079	0.0031	-0.0118	-0.0348	0.03	0.1047	0.3569	-0.9283	79	81	18	2	2	0.01	0.05	0	0.01
0.0079	0.0351	-0.0115	-0.0337	0.0272	-0.1337	-0.7024	-0.6991	80	82	18	2	3	0.01	0.05	0	0.01
0.0079	0.0186	-0.0162	-0.0584	0.0026	0.1089	-0.7734	-0.6245	81	0	18	2	4	0.01	0.05	0	0.01
0.0131	0.0428	0.0092	-0.097	0.1264	0.8457	0.5091	-0.1602	36	84	20	2	1	0.0019	0.4167	1	0.0131
0.0131	0.0373	0.0454	-0.0752	0.1195	0.0716	-0.9227	0.3789	83	85	20	2	2	0.0019	0.4167	0	0.0131
0.0131	0.0369	0.065	-0.0968	0.129	0.5171	-0.7977	-0.3103	84	86	20	2	3	0.0008	0.3333	0	0.0098
0.0131	0.0051	0.0837	-0.1281	0.1222	0.8141	-0.5569	-0.1646	85	87	20	2	4	0.01	0.05	0	0.01
0.0131	0.022	0.0892	-0.1343	0.1224	0.9002	0.3988	0.1749	86	88	20	2	5	0.01	0.05	0	0.01
0.0131	0.011	0.1105	-0.1248	0.1272	0.5418	-0.7918	-0.2819	87	0	20	2	6	0.01	0.05	0	0.01
0.0072	0.0434	0.001	-0.0518	0.1333	-0.5314	-0.1555	0.8327	34	90	22	2	1	0.0018	0.375	0	0.007
0.0078	0.0268	-0.0269	-0.0636	0.1677	-0.1406	0.4368	-0.8885	89	91	22	2	2	0.0037	0.25	0	0.0128
0.0073	0.0258	-0.0338	-0.0432	0.1485	0.3432	0.5392	-0.7691	90	92	22	2	3	0.0009	0.25	0	0.0076
0.0078	0.0095	-0.022	-0.0298	0.1245	-0.367	0.8572	-0.3614	91	0	22	2	4	0.01	0.05	0	0.01
0.0074	0.0795	0.0294	0.0245	-0.1049	0.9725	0.0758	0.2201	53	94	4	3	1	0.0026	0.4583	0	0.0099
0.0074	0.0371	0.1058	0.0398	-0.089	0.9632	0.132	0.2341	93	95	4	3	2	0.01	0.05	0	0.01
0.0074	0.0222	0.1138	0.0387	-0.1019	0.6192	-0.0513	-0.7835	94	96	4	3	3	0.01	0.05	0	0.01
0.0074	0.021	0.1275	0.0376	-0.1193	0.4536	-0.7257	0.5173	95	0	4	3	4	0.01	0.05	0	0.01
0.0085	0.04	-0.0562	-0.0561	0.1077	0.1838	-0.8888	-0.4198	0	98	30	0	1	0.0024	0.5	0	0.0085
0.0085	0.0327	-0.046	-0.091	0.0899	0.2731	0.1904	0.943	97	0	30	0	2	0.0017	0.2917	0	0.0086
0.0188	0.0446	0.0492	-0.0792	0.1072	-0.7636	-0.6371	-0.1048	83	100	32	3	1	0.0021	0.4167	0	0.0188
0.0188	0.0396	0.036	-0.1122	0.1002	0.2155	0.9762	0.0249	99	101	32	3	2	0.0032	0.225	0	0.0099
0.0188	0.0271	0.0435	-0.0682	0.0955	0.2637	0.7297	0.6309	100	102	32	3	3	0.0014	0.15	0	0.01
0.0188	0.0009	0.0428	-0.0462	0.1049	0.6537	0.5707	-0.4969	101	103	32	3	4	0.0039	0.15	0	0.01
0.0188	0.0341	0.0362	-0.0419	0.0983	0.7006	0.4642	-0.5419	102	0	32	3	5	0.0026	0.125	0	0.01
0.011	0.0352	0.0113	-0.0667	-0.0018	0.2651	-0.9285	-0.2599	0	105	26	0	1	0.0028	0.4167	0	0.011
0.012	0.0244	0.0223	-0.0992	-0.0204	-0.1253	-0.9914	-0.0383	104	106	26	0	2	0.0012	0.3333	0	0.0121
0.011	0.0211	0.0152	-0.1202	-0.0057	-0.2302	-0.9633	0.138	105	107	26	0	3	0.01	0.05	0	0.01
0.011	0.0217	0.0166	-0.124	-0.0014	0.0938	-0.1172	0.9887	106	108	26	0	4	0.01	0.05	0	0.01
0.011	0.0072	0.0089	-0.1174	-0.0041	-0.6773	0.5526	0.4857	107	0	26	0	5	0.01	0.05	0	0.01
