radius (m)	length (m)	start_point	axis_direction	parent	extension	branch	branch_order	position_in_branch	mad	SurfCov	added	UnmodRadius (m)
0.0171	0.0658	0.3544	-0.0265	-0.2753	0.3451	0.3542	0.8692	0	2	1	0	1	0.0042	0.625	0	0.0173
0.0117	0.0544	0.3668	-0.0021	-0.2294	-0.5141	0.6704	0.5351	1	3	1	0	2	0.0011	0.5417	0	0.01
0.0151	0.0544	0.3373	0.0301	-0.2023	-0.9451	0.3214	0.059	2	4	1	0	3	0.0014	0.2917	0	0.0154
0.0167	0.04	0.2895	0.0639	-0.1741	-0.3855	-0.7461	0.5429	3	5	1	0	4	0.0039	0.175	0	0.0286
0.0104	0.0355	0.2632	0.0456	-0.1603	-0.5841	0.0061	0.8117	4	6	1	0	5	0.0006	0.3333	0	0.0104
0.01	0.0046	0.2421	0.0429	-0.1351	-0.9656	-0.1362	0.2216	5	7	1	0	6	0.01	0.05	0	0.01
0.01	0.0274	0.2377	0.0423	-0.1341	-0.772	-0.4383	0.4604	6	0	1	0	7	0.01	0.05	0	0.01
0.0117	0.0739	0.3216	0.0507	-0.2054	0.606	0.7747	0.1807	3	9	2	1	1	0.003	0.5833	0	0.0117
0.0117	0.0262	0.3644	0.1011	-0.1977	0.5638	0.4188	-0.7119	8	10	2	1	2	0.0007	0.3333	0	0.0108
0.0117	0.016	0.3849	0.1147	-0.2136	-0.265	0.9042	-0.3348	9	0	2	1	3	0.01	0.05	0	0.01
0.01	0.0359	0.3515	-0.0297	-0.2482	-0.6818	-0.7082	0.1833	1	12	145	1	1	0.01	0.05	1	0.01
0.01	0.0471	0.327	-0.0551	-0.2417	-0.9918	-0.0814	-0.0984	11	0	145	1	2	0.01	0.05	0	0.01
0.0095	0.118	0.2454	0.0555	-0.1337	-0.4822	-0.6335	0.6051	7	14	4	1	1	0.001	0.2917	0	0.0118
0.0095	0.0369	0.1889	-0.019	-0.0613	-0.4639	-0.7894	0.402	13	15	4	1	2	0.0008	0.2917	0	0.0121
0.0079	0.0566	0.1623	-0.0408	-0.051	-0.6538	-0.4741	0.5898	14	16	4	1	3	0.0063	0.425	0	0.0079
0.0094	0.0284	0.1377	-0.0492	0.0037	-0.7684	-0.1887	0.6115	15	17	4	1	4	0.0077	0.25	0	0.0145
0.0094	0.0229	0.1317	-0.0457	0.0107	0.1769	0.6044	0.7768	16	18	4	1	5	0.01	0.05	0	0.01
0.0089	0.0282	0.1147	-0.0402	0.027	-0.2284	0.4303	0.8733	17	19	4	1	6	0.0014	0.4167	0	0.0089
0.0083	0.0529	0.116	-0.0223	0.0446	-0.4773	0.8589	0.1859	18	20	4	1	7	0.0009	0.25	0	0.0083
0.0093	0.0248	0.0732	-0.0028	0.0567	-0.7935	0.5581	0.2427	19	21	4	1	8	0.0059	0.2813	0	0.0097
0.0094	0.0365	0.0564	0.0172	0.0684	-0.8269	-0.1094	0.5516	20	22	4	1	9	0.0033	0.5	0	0.0107
0.0087	0.0086	0.0251	0.0067	0.0832	-0.9518	-0.0785	0.2966	21	23	4	1	10	0.004	0.4063	0	0.0087
0.0092	0.0253	0.0167	0.0031	0.0763	-0.9409	-0.315	0.1243	22	24	4	1	11	0.0009	0.3333	0	0.0101
0.0091	0.0344	-0.0037	-0.0187	0.0885	-0.5403	0.3622	0.7595	23	25	4	1	12	0.0013	0.2083	0	0.0252
0.0093	0.0244	-0.0275	0.0098	0.0864	-0.6226	0.6248	0.4712	24	26	4	1	13	0.0012	0.4583	0	0.0126
0.0091	0.0461	-0.0513	0.0125	0.1096	-0.8563	0.5104	-0.0789	25	27	4	1	14	0.0071	0.3333	0	0.011
0.0065	0.0133	-0.089	0.027	0.111	-0.9716	-0.0598	0.229	26	28	4	1	15	0.0033	0.4688	0	0.0063
0.0087	0.0359	-0.1017	0.0298	0.1069	-0.9921	-0.0955	-0.0815	27	29	4	1	16	0.001	0.3333	0	0.0087
0.0089	0.0143	-0.1396	0.0359	0.0974	-0.6909	-0.5181	-0.5043	28	30	4	1	17	0.0014	0.2917	0	0.0165
0.0086	0.0106	-0.1526	0.0314	0.1049	-0.6436	0.7129	-0.2783	29	31	4	1	18	0.01	0.05	0	0.01
0.0064	0.0649	-0.1576	0.0412	0.0964	-0.9522	0.0132	-0.3053	30	32	4	1	19	0.0006	0.4167	0	0.0064
0.0084	0.0351	-0.2167	0.0374	0.0743	-0.8491	-0.2591	-0.4604	31	33	4	1	20	0.01	0.05	0	0.01
0.008	0.0392	-0.2373	0.03	0.0782	-0.8032	-0.4377	0.4041	32	34	4	1	21	0.0011	0.2083	0	0.008
0.0087	0.0505	-0.2671	0.0208	0.1008	-0.8195	-0.2543	0.5135	33	35	4	1	22	0.0011	0.2917	0	0.0099
0.0079	0.023	-0.3065	0.0055	0.1259	-0.6988	-0.643	0.3133	34	36	4	1	23	0.001	0.2917	0	0.0079
0.0087	0.0261	-0.3239	-0.0092	0.1279	-0.4266	-0.9004	0.0853	35	37	4	1	24	0.0012	0.3333	0	0.0108
0.0078	0.0317	-0.3376	-0.0264	0.1326	-0.7301	-0.4852	0.4812	36	38	4	1	25	0.0012	0.25	0	0.0078
0.0085	0.0305	-0.3609	-0.0472	0.1383	-0.3949	-0.8014	0.4492	37	39	4	1	26	0.001	0.2917	0	0.0102
0.0078	0.0024	-0.3685	-0.0683	0.1603	-0.2129	-0.8655	0.4533	38	40	4	1	27	0.01	0.05	0	0.01
0.0077	0.0246	-0.369	-0.0704	0.1614	-0.7166	-0.4472	-0.5353	39	0	4	1	28	0.01	0.05	0	0.01
0.0093	0.0587	0.2048	-0.0119	-0.0796	0.8487	-0.1502	-0.5071	13	42	5	2	1	0.0024	0.4167	0	0.0093
0.0093	0.0278	0.247	-0.0067	-0.0935	0.8487	0.5256	-0.0586	41	43	5	2	2	0.0062	0.375	0	0.0092
0.0093	0.0245	0.2678	0.0086	-0.0986	0.3412	0.9353	-0.0934	42	44	5	2	3	0.0058	0.5417	0	0.0096
0.0093	0.0351	0.2863	0.0258	-0.1028	0.5163	0.8241	0.2331	43	45	5	2	4	0.0039	0.125	0	0.0161
0.0093	0.0332	0.3065	0.0505	-0.0784	0.8159	0.5764	0.0456	44	46	5	2	5	0.005	0.3	0	0.0094
0.0093	0.0456	0.3304	0.0636	-0.0681	0.811	0.3001	0.5022	45	47	5	2	6	0.01	0.05	0	0.01
0.0093	0.0636	0.344	0.0556	-0.0397	-0.3115	0.0943	-0.9455	46	48	5	2	7	0.0009	0.3333	0	0.0135
0.0093	0.0233	0.3395	0.0514	-0.1064	-0.4396	-0.0836	-0.8943	47	49	5	2	8	0.001	0.375	0	0.01
0.0093	0.0173	0.3328	0.0563	-0.1122	0.9659	-0.2277	-0.1236	48	50	5	2	9	0.01	0.05	0	0.01
0.0093	0.0284	0.3505	0.0502	-0.1175	0.9311	-0.119	0.3449	49	0	5	2	10	0.01	0.05	0	0.01
0.0097	0.0145	0.1835	-0.023	-0.0685	-0.4712	-0.2661	-0.8409	14	52	8	2	1	0.0026	0.4167	1	0.0097
0.0097	0.0713	0.1766	-0.0269	-0.0807	-0.9634	0.1988	0.1796	51	53	8	2	2	0.0026	0.4167	0	0.0097
0.0097	0.005	0.1137	-0.0074	-0.0607	-0.7824	0.0042	0.6228	52	54	8	2	3	0.01	0.05	0	0.01
0.0097	0.0319	0.1094	-0.0079	-0.0571	-0.5654	0.7143	0.4123	53	55	8	2	4	0.01	0.05	0	0.01
0.0097	0.0179	0.0951	0.0169	-0.0426	0.0446	-0.6011	0.798	54	0	8	2	5	0.01	0.05	0	0.01
0.008	0.046	0.1383	-0.0506	-0.0012	0.316	0.8243	0.4698	17	57	10	2	1	0.0031	0.4167	0	0.008
0.0089	0.0468	0.1672	-0.0018	0.0347	-0.6182	0.7857	0.0205	56	58	10	2	2	0.0013	0.2917	0	0.0152
0.0089	0.0203	0.1359	0.0307	0.0437	-0.7141	0.6828	0.1542	57	59	10	2	3	0.0056	0.4688	0	0.0118
0.0089	0.0483	0.1359	0.0418	0.0361	0.0775	0.9858	-0.1488	58	60	10	2	4	0.0013	0.2917	0	0.0139
0.0084	0.0416	0.1463	0.0898	0.0301	0.0387	0.9024	-0.4291	59	61	10	2	5	0.0007	0.3333	0	0.0084
0.008	0.0537	0.1463	0.1261	0.0275	-0.182	0.9813	0.0621	60	62	10	2	6	0.0053	0.275	0	0.0065
0.0086	0.0335	0.134	0.1771	0.0333	-0.1756	0.8924	0.4156	61	63	10	2	7	0.01	0.05	0	0.01
0.0087	0.0428	0.128	0.2071	0.0144	0.0596	0.9982	0.0017	62	64	10	2	8	0.0013	0.3333	0	0.0171
0.0086	0.0028	0.1576	0.2292	0.0163	0.5863	0.7411	-0.3271	63	65	10	2	9	0.0008	0.3333	0	0.0087
0.0084	0.0066	0.1613	0.2275	0.0156	0.8623	0.459	-0.2141	64	66	10	2	10	0.01	0.05	0	0.01
0.0083	0.0287	0.167	0.2306	0.0142	0.9337	0.242	0.264	65	67	10	2	11	0.01	0.05	0	0.01
0.0082	0.0293	0.1939	0.2375	0.0217	0.3347	0.6436	0.6883	66	0	10	2	12	0.01	0.05	0	0.01
0.0133	0.0709	0.139	-0.0583	0.0014	0.3973	-0.8049	-0.4407	16	69	15	2	1	0.0013	0.375	1	0.0134
0.0133	0.0372	0.1671	-0.1153	-0.0298	-0.2006	0.6901	0.6953	68	70	15	2	2	0.0013	0.375	0	0.0134
0.0133	0.0487	0.1709	-0.0938	-0.0135	0.6745	0.1983	0.7112	69	71	15	2	3	0.0013	0.2917	0	0.0181
0.0133	0.0574	0.1893	-0.0858	0.0303	0.4932	-0.5448	0.6782	70	72	15	2	4	0.0014	0.375	0	0.0115
0.0133	0.0195	0.1937	-0.1226	0.062	-0.1263	-0.5407	0.8317	71	73	15	2	5	0.0102	0.4063	0	0.0133
0.0133	0.0268	0.2121	-0.1318	0.0903	-0.3807	-0.5764	0.723	72	74	15	2	6	0.01	0.05	0	0.01
0.0133	0.0262	0.1989	-0.1425	0.0908	-0.9867	-0.0896	0.1353	73	75	15	2	7	0.0033	0.225	0	0.0074
0.0133	0.0394	0.177	-0.1402	0.0955	0.6833	-0.6603	0.3115	74	76	15	2	8	0.0013	0.375	0	0.0087
0.0133	0.006	0.2084	-0.1627	0.1047	0.7165	-0.4605	0.524	75	77	15	2	9	0.01	0.05	0	0.01
0.0133	0.0234	0.2127	-0.1655	0.1078	-0.5783	-0.2012	0.7906	76	0	15	2	10	0.01	0.05	0	0.01
0.0089	0.0623	0.0732	0.0079	0.0614	0.0001	0.9146	0.4043	20	79	21	2	1	0.0019	0.3333	1	0.0137
0.0088	0.045	0.0732	0.0649	0.0866	-0.2223	0.9311	0.289	78	80	21	2	2	0.0019	0.3333	0	0.0137
0.0088	0.0924	0.0598	0.1064	0.0943	0.0713	0.9915	-0.109	79	81	21	2	3	0.0011	0.375	0	0.0137
0.0085	0.0342	0.0706	0.1961	0.0848	0.4207	0.8883	-0.1845	80	82	21	2	4	0.0042	0.1	0	0.0152
0.0085	0.0228	0.0957	0.2117	0.0691	0.7711	0.6278	-0.1063	81	83	21	2	5	0.0055	0.4583	0	0.0129
0.0081	0.0212	0.1105	0.2317	0.0705	0.7582	0.5788	-0.3002	82	84	21	2	6	0.0008	0.25	0	0.0104
0.0059	0.0315	0.1252	0.2446	0.0548	0.654	0.7549	-0.0491	83	85	21	2	7	0.0061	0.5	0	0.0059
0.0072	0.0229	0.1456	0.2637	0.0496	0.7821	0.3555	-0.5119	84	86	21	2	8	0.01	0.05	0	0.01
0.008	0.0194	0.1573	0.2585	0.0495	0.7723	-0.5801	-0.2588	85	87	21	2	9	0.0009	0.4583	0	0.0087
0.0068	0.0076	0.1695	0.2488	0.0456	-0.4699	-0.2384	-0.8499	86	88	21	2	10	0.01	0.05	0	0.01
0.0066	0.0144	0.1667	0.244	0.0418	0.9826	0.1431	-0.1188	87	89	21	2	11	0.01	0.05	0	0.01
0.0064	0.0302	0.1808	0.2461	0.0401	0.3913	0.5789	0.7153	88	0	21	2	12	0.01	0.05	0	0.01
0.0088	0.1316	0.0127	-0.0016	0.0822	-0.7605	-0.6338	-0.1411	22	91	32	2	1	0.0039	0.275	0	0.0093
0.0088	0.0249	-0.0582	-0.0802	0.0718	0.1018	-0.974	0.2022	90	92	32	2	2	0.01	0.05	0	0.01
0.0088	0.0536	-0.0711	-0.0808	0.0478	0.1575	-0.7242	-0.6714	91	93	32	2	3	0.0009	0.375	0	0.0185
0.0088	0.0541	-0.0659	-0.1276	0.0243	0.403	-0.8156	-0.4153	92	94	32	2	4	0.003	0.3958	0	0.0077
0.0088	0.0343	-0.0445	-0.1749	0.0076	0.2906	-0.8499	-0.4396	93	95	32	2	5	0.006	0.35	0	0.0087
0.0088	0.019	-0.0454	-0.2017	0.0188	0.1099	-0.9844	0.1373	94	96	32	2	6	0.0099	0.5	0	0.0149
0.0088	0.0128	-0.0513	-0.2252	0.0051	-0.4332	-0.7867	0.4397	95	97	32	2	7	0.0052	0.4375	0	0.0088
0.0088	0.0167	-0.0572	-0.2349	0.0102	-0.7112	-0.6788	0.1829	96	98	32	2	8	0.01	0.05	0	0.01
0.0088	0.0124	-0.0766	-0.2083	0.0115	-0.6617	-0.0969	0.7435	97	99	32	2	9	0.0015	0.2917	0	0.0323
0.0088	0.0044	-0.0819	-0.2405	0.0064	0.2822	-0.3809	0.8805	98	100	32	2	10	0.01	0.05	0	0.01
0.0088	0.0692	-0.0786	-0.243	0.0136	-0.8326	0.0707	0.5493	99	101	32	2	11	0.0015	0.4167	0	0.0115
0.0088	0.0278	-0.125	-0.2429	0.0581	-0.5897	-0.484	0.6466	100	102	32	2	12	0.01	0.05	0	0.01
0.0088	0.0009	-0.1499	-0.2549	0.0528	-0.6925	-0.6899	0.2109	101	103	32	2	13	0.0016	0.4167	0	0.0134
0.0088	0.0908	-0.1469	-0.2585	0.0603	-0.6899	-0.7215	0.0587	102	104	32	2	14	0.0013	0.25	0	0.0095
0.0088	0.0292	-0.208	-0.325	0.0658	-0.349	-0.448	0.8231	103	0	32	2	15	0.0015	0.3333	0	0.0088
0.0093	0.0576	0.0119	0	0.0678	0.5157	-0.8079	-0.2851	23	106	33	2	1	0.0021	0.5	0	0.0093
0.0093	0.022	0.0367	-0.0431	0.0431	0.5846	-0.5626	-0.5846	105	107	33	2	2	0.01	0.05	0	0.01
0.0093	0.0266	0.0381	-0.0532	0.0501	-0.6584	-0.6897	-0.3015	106	108	33	2	3	0.0008	0.4167	0	0.013
0.0093	0.0121	0.0229	-0.0673	0.0448	-0.7094	0.618	-0.3389	107	109	33	2	4	0.01	0.05	0	0.01
0.0093	0.015	0.0162	-0.0657	0.0355	0.9554	0.2949	0.0123	108	0	33	2	5	0.01	0.05	0	0.01
0.0031	0.0581	-0.0553	0.0247	0.1126	0.5725	0.8197	0.0182	26	111	41	2	1	0.0069	0.125	1	0.0091
0.0031	0.0288	-0.0097	0.0615	0.1159	0.4464	0.343	-0.8265	110	112	41	2	2	0.0062	0.2	0	0.0091
0.0025	0.0055	0.0047	0.0748	0.0931	0.2629	0.158	-0.9518	111	0	41	2	3	0.0027	0.15	0	0.01
0.0082	0.0811	-0.106	0.0237	0.1	0.0202	-0.9998	0.0029	28	114	42	2	1	0.0028	0.4583	0	0.0089
0.0082	0.0415	-0.1166	-0.0567	0.0994	-0.0298	-0.9191	-0.393	113	115	42	2	2	0.0018	0.3333	0	0.0116
0.0074	0.005	-0.1305	-0.0825	0.0933	-0.7519	-0.6403	-0.1571	114	116	42	2	3	0.0046	0.5	0	0.0074
0.0074	0.0394	-0.1265	-0.0776	0.0968	-0.7595	0.5009	0.4151	115	117	42	2	4	0.0051	0.3125	0	0.0069
0.008	0.0171	-0.1458	-0.055	0.1143	-0.2683	0.7895	0.552	116	118	42	2	5	0.01	0.05	0	0.01
0.0081	0.01	-0.1518	-0.0682	0.1113	-0.9376	-0.1052	0.3314	117	119	42	2	6	0.0008	0.375	0	0.0099
0.0081	0.0486	-0.1599	-0.0715	0.1232	-0.637	-0.7642	-0.1012	118	120	42	2	7	0.0011	0.4167	0	0.0094
0.008	0.0226	-0.1792	-0.1143	0.1109	-0.4727	-0.8781	-0.0741	119	121	42	2	8	0.0048	0.375	0	0.0127
0.0074	0.0083	-0.1877	-0.1337	0.1084	0.2079	-0.9781	-0.0081	120	0	42	2	9	0.0016	0.2917	0	0.0059
0.0082	0.0753	-0.1194	0.0338	0.112	-0.286	0.9544	0.0861	28	123	68	2	1	0.0023	0.5	0	0.0085
0.0069	0.0341	-0.14	0.1065	0.1156	-0.4467	0.8894	0.0968	122	124	68	2	2	0.0031	0.5625	0	0.0068
0.0082	0.0293	-0.1374	0.1287	0.1177	0.4162	0.9046	0.0923	123	125	68	2	3	0.01	0.05	0	0.01
0.0082	0.0141	-0.1474	0.1292	0.1179	-0.7609	0.6434	0.0845	124	0	68	2	4	0.01	0.05	0	0.01
0.0099	0.0225	-0.2194	0.0464	0.0815	-0.6547	0.599	0.461	31	127	99	2	1	0.0026	0.3333	1	0.018
0.0099	0.0579	-0.231	0.0605	0.0807	-0.5869	0.8016	-0.1141	126	128	99	2	2	0.0043	0.25	0	0.018
0.0099	0.022	-0.2525	0.1057	0.0826	-0.5283	0.2383	0.8149	127	129	99	2	3	0.01	0.05	0	0.01
0.0099	0.0514	-0.2634	0.1117	0.1046	-0.954	0.2721	0.1259	128	130	99	2	4	0.0006	0.3333	0	0.0062
0.0099	0.0265	-0.3111	0.1299	0.106	-0.9398	0.3396	0.0381	129	131	99	2	5	0.01	0.05	0	0.01
0.0099	0.0295	-0.3216	0.1398	0.1102	-0.1408	0.92	0.3657	130	132	99	2	6	0.001	0.5	0	0.0099
0.0099	0.0474	-0.3113	0.1632	0.1322	-0.3503	0.6577	0.6668	131	133	99	2	7	0.001	0.375	0	0.0122
0.0099	0.0305	-0.3422	0.1957	0.1506	-0.3711	0.7918	0.4851	132	134	99	2	8	0.0071	0.375	0	0.0117
0.0099	0.0217	-0.353	0.2207	0.1649	-0.8521	0.5232	-0.0146	133	135	99	2	9	0.01	0.05	0	0.01
0.0099	0.0283	-0.3491	0.2322	0.1503	-0.482	0.4515	-0.7509	134	0	99	2	10	0.0022	0.2917	0	0.013
0.0075	0.012	-0.326	-0.0039	0.1277	-0.1837	0.7338	-0.6541	35	137	112	2	1	0.0033	0.3333	1	0.0078
0.0074	0.043	-0.3282	0.0049	0.1198	-0.4924	-0.3297	0.8055	136	138	112	2	2	0.0033	0.3333	0	0.0078
0.0069	0.0352	-0.3595	-0.007	0.1398	-0.7147	-0.5721	0.4025	137	139	112	2	3	0.0012	0.2	0	0.0121
0.0048	0.0303	-0.3826	-0.0221	0.1619	-0.7538	-0.4544	0.4747	138	140	112	2	4	0.0029	0.175	0	0.01
0.0035	0.0238	-0.4014	-0.0442	0.173	-0.6167	-0.5347	0.5778	139	0	112	2	5	0.0058	0.125	0	0.01
0.0073	0.0439	-0.3792	-0.0842	0.146	0.9428	-0.186	-0.2767	40	142	124	2	1	0.0024	0.4167	0	0.0107
0.0073	0.029	-0.3345	-0.0953	0.1286	0.3071	0.9001	-0.3091	141	143	124	2	2	0.001	0.2917	0	0.0101
0.0073	0.0113	-0.3216	-0.0673	0.1284	-0.153	0.9786	-0.1376	142	144	124	2	3	0.01	0.05	0	0.01
0.0073	0.0178	-0.3224	-0.056	0.1259	0.6512	-0.569	0.5022	143	0	124	2	4	0.01	0.05	0	0.01
0.0089	0.0634	0.2885	0.0432	-0.0846	0.9791	0.0181	0.2026	45	146	18	3	1	0.006	0.275	0	0.0161
0.0082	0.0321	0.3451	0.0495	-0.0689	0.7143	0.6836	0.15	145	147	18	3	2	0.0055	0.4375	0	0.0081
0.0089	0.0181	0.3758	0.0655	-0.0697	0.7011	0.3132	0.6406	146	148	18	3	3	0.01	0.05	0	0.01
0.0083	0.0164	0.3637	0.0651	-0.0717	-0.4659	-0.0742	0.8817	147	0	18	3	4	0.0025	0.25	0	0.0086
0.0025	0.0445	0.1378	-0.0406	-0.0033	-0.4819	-0.7202	0.4991	56	150	148	3	1	0.0144	0.275	1	0.01
0.0025	0.0283	0.1151	-0.0738	0.0191	-0.6838	0.7172	0.1345	149	0	148	3	2	0.01	0.05	0	0.01
0.0085	0.0191	0.1615	0.0189	0.0384	0.3049	0.8969	0.3204	57	152	28	3	1	0.0024	0.5417	1	0.0108
0.0085	0.0614	0.1673	0.036	0.0445	0.1591	-0.6911	-0.705	151	153	28	3	2	0.0024	0.5417	0	0.0108
0.0085	0.0281	0.1855	-0.0003	-0.0017	0.1234	-0.5561	-0.8219	152	154	28	3	3	0.01	0.05	0	0.01
0.0085	0.0009	0.1762	-0.0182	-0.0049	-0.3571	-0.8747	-0.3277	153	0	28	3	4	0.01	0.05	0	0.01
0.008	0.086	0.1529	0.0587	0.0417	0.7798	0.4268	-0.4579	60	156	36	3	1	0.0011	0.375	0	0.0092
0.0069	0.0474	0.2226	0.093	0.0056	0.7938	0.5681	-0.2172	155	157	36	3	2	0.0052	0.375	0	0.007
0.0058	0.0306	0.2493	0.1016	-0.0315	0.757	0.351	-0.5511	156	158	36	3	3	0.01	0.05	0	0.01
0.0064	0.0109	0.254	0.1298	-0.0152	0.7354	0.6754	0.0552	157	159	36	3	4	0.0004	0.375	0	0.017
0.0038	0.0082	0.2631	0.1311	-0.0287	-0.9011	0.3661	-0.2324	158	0	36	3	5	0.01	0.05	0	0.01
0.0076	0.045	0.1475	0.1439	0.0219	0.3541	0.3722	-0.8579	61	161	37	3	1	0.0015	0.4167	0	0.0094
0.0076	0.0318	0.1699	0.162	-0.0031	0.0675	0.989	-0.1316	160	162	37	3	2	0.0017	0.375	0	0.0109
0.0076	0.0136	0.1659	0.1972	-0.0025	0.6953	0.3351	0.6358	161	163	37	3	3	0.0052	0.6667	0	0.0104
0.0067	0.0239	0.1819	0.1816	0.0139	0.7458	0.4373	0.5026	162	164	37	3	4	0.0058	0.4583	0	0.0067
0.0068	0.0331	0.1935	0.1815	0.0164	0.6044	-0.7022	0.3764	163	165	37	3	5	0.01	0.05	0	0.01
0.0067	0.0224	0.2073	0.1932	0.0131	0.9767	0.2031	0.0688	164	0	37	3	6	0.01	0.05	0	0.01
0.0103	0.1184	0.134	0.1701	0.017	0.8202	-0.3918	-0.4169	63	167	57	3	1	0.0008	0.4167	0	0.0103
0.0103	0.0682	0.218	0.1337	-0.0047	0.1329	0.9509	-0.2795	166	168	57	3	2	0.0189	0.225	0	0.0167
0.0103	0.0392	0.2456	0.1821	-0.0076	0	0.7003	0.7138	167	169	57	3	3	0.01	0.05	0	0.01
0.0103	0.0608	0.2303	0.2232	-0.0006	-0.125	0.7857	0.6058	168	170	57	3	4	0.0018	0.4167	0	0.0118
0.0103	0.0209	0.2623	0.2098	-0.0192	0.8936	0.229	0.3862	169	171	57	3	5	0.008	0.3333	0	0.009
0.0103	0.0413	0.2763	0.2341	-0.0001	0.9626	0.2645	-0.0595	170	172	57	3	6	0.01	0.05	0	0.01
0.0103	0.0388	0.2787	0.2098	-0.017	0.6843	-0.5158	-0.5154	171	0	57	3	7	0.01	0.05	0	0.01
0.0043	0.0648	0.1407	-0.1164	-0.0511	-0.1519	-0.981	-0.1204	70	174	20	3	1	0.0013	0.2917	0	0.0104
0.0025	0.0028	0.1326	-0.1826	-0.053	0.8045	-0.422	-0.4179	173	175	20	3	2	0.01	0.05	0	0.01
0.0025	0.0198	0.135	-0.1845	-0.0544	0.5746	0.3291	-0.7494	174	0	20	3	3	0.01	0.05	0	0.01
0.0146	0.0478	0.0663	0.1472	0.0817	0.2511	-0.7516	-0.61	80	177	27	3	1	0.0026	0.4583	1	0.0146
0.0146	0.0519	0.0783	0.1112	0.0525	-0.2542	0.9571	-0.1389	176	178	27	3	2	0.0026	0.4583	0	0.0146
0.0146	0.068	0.0592	0.1617	0.0456	-0.1324	-0.6487	-0.7494	177	179	27	3	3	0.0012	0.3333	0	0.0174
0.0146	0.0671	0.0761	0.1333	-0.0016	0.1996	-0.0961	-0.9751	178	180	27	3	4	0.01	0.275	0	0.0158
0.0146	0.0457	0.0945	0.1178	-0.067	0.4494	0.2463	-0.8587	179	181	27	3	5	0.0008	0.05	0	0.0071
0.0146	0.0426	0.1071	0.1297	-0.1104	0.4557	-0.0392	-0.8893	180	182	27	3	6	0.01	0.05	0	0.01
0.0146	0.013	0.1194	0.1207	-0.1087	0.8191	-0.5722	0.0407	181	183	27	3	7	0.01	0.05	0	0.01
0.0146	0.0344	0.1301	0.1133	-0.1082	0.5878	-0.8089	0.0128	182	184	27	3	8	0.01	0.05	0	0.01
0.0146	0.0213	0.1503	0.0855	-0.1077	0.8081	-0.5531	0.2028	183	0	27	3	9	0.01	0.05	0	0.01
0.0147	0.0357	0.057	0.1803	0.0897	-0.6931	-0.6252	0.3587	80	186	35	3	1	0.0025	0.4167	1	0.0147
0.0147	0.0335	0.0322	0.1579	0.1026	0.6351	0.7676	0.0867	185	187	35	3	2	0.0025	0.4167	0	0.0147
0.0147	0.0449	0.0309	0.1825	0.105	0.0408	-0.9458	0.3222	186	0	35	3	3	0.01	0.05	0	0.01
0.0148	0.0428	0.1218	0.2469	0.0712	-0.7578	0.3005	0.5791	83	189	64	3	1	0.0024	0.4167	0	0.0148
0.0148	0.0193	0.1048	0.2551	0.1004	-0.2393	0.1203	0.9635	188	0	64	3	2	0.01	0.05	0	0.01
0.0105	0.0268	-0.0222	-0.0413	0.078	0.7231	-0.595	-0.3509	90	191	38	3	1	0.0025	0.5	0	0.0121
0.0105	0.0443	0.0013	-0.0441	0.0538	0.9765	-0.1824	0.1147	190	192	38	3	2	0.0049	0.4063	0	0.0105
0.0105	0.0013	0.0433	-0.0583	0.0607	0.9119	-0.2912	-0.2891	191	0	38	3	3	0.0013	0.3333	0	0.0092
0.0084	0.0158	-0.0642	-0.1375	0.0108	-0.2832	-0.1061	-0.9532	93	194	82	3	1	0.0036	0.4167	1	0.0104
0.0084	0.0671	-0.0687	-0.1392	-0.0043	0.019	-0.9461	-0.3232	193	195	82	3	2	0.0036	0.4167	0	0.0104
0.0083	0.0242	-0.0672	-0.2032	-0.0189	0.2144	-0.9736	-0.078	194	196	82	3	3	0.01	0.05	0	0.01
0.0083	0.0137	-0.0619	-0.2023	-0.0447	0.5612	-0.5795	-0.591	195	197	82	3	4	0.0055	0.225	0	0.0158
0.0083	0.0298	-0.0509	-0.2026	-0.049	0.8013	-0.0548	-0.5957	196	198	82	3	5	0.0043	0.3	0	0.0134
0.0083	0.0659	-0.0319	-0.19	-0.0582	0.5371	0.563	-0.6281	197	199	82	3	6	0.004	0.175	0	0.0163
0.0079	0.0378	-0.0233	-0.1466	-0.0858	-0.0346	0.8818	-0.4703	198	200	82	3	7	0.0047	0.3333	0	0.0079
0.0083	0.0245	-0.0063	-0.11	-0.0958	-0.0175	0.9343	-0.3561	199	201	82	3	8	0.0064	0.375	0	0.0093
0.0083	0.0432	-0.0092	-0.0925	-0.1157	0.4727	0.7498	-0.4629	200	202	82	3	9	0.0054	0.5625	0	0.0131
0.0081	0.0444	0.0038	-0.071	-0.141	0.3609	0.192	-0.9126	201	203	82	3	10	0.0052	0.1	0	0.0171
0.0081	0.0327	0.0371	-0.0841	-0.163	0.3514	-0.4316	-0.8308	202	204	82	3	11	0.0087	0.4	0	0.0167
0.008	0.0313	0.0546	-0.0828	-0.1774	0.9358	-0.0805	-0.3432	203	205	82	3	12	0.006	0.1	0	0.0142
0.0079	0.0495	0.0779	-0.0856	-0.1967	0.804	0.17	-0.5698	204	206	82	3	13	0.0028	0.225	0	0.0159
0.008	0.0275	0.1125	-0.0763	-0.2305	0.7398	0.107	-0.6642	205	207	82	3	14	0.0049	0.4688	0	0.0106
0.0067	0.0458	0.1377	-0.0672	-0.2256	0.9581	0.1545	-0.2411	206	208	82	3	15	0.0058	0.4063	0	0.0067
0.0067	0.0377	0.1806	-0.0619	-0.2322	0.9297	0.2314	0.2866	207	209	82	3	16	0.0036	0.375	0	0.0044
0.0069	0.0196	0.2162	-0.0541	-0.2243	0.902	0.431	0.0259	208	210	82	3	17	0.01	0.05	0	0.01
0.0068	0.0224	0.2176	-0.0478	-0.2149	0.3164	0.6063	0.7296	209	0	82	3	18	0.01	0.05	0	0.01
0.0114	0.0126	-0.1291	-0.2461	0.0408	-0.3029	-0.8131	-0.497	100	212	105	3	1	0.0031	0.4583	1	0.0114
0.0114	0.0488	-0.133	-0.2563	0.0346	-0.2415	0.9407	-0.2384	211	213	105	3	2	0.0031	0.4583	0	0.0114
0.0114	0.0329	-0.1504	-0.2259	0.0244	-0.8765	0.2798	-0.3917	212	214	105	3	3	0.0012	0.2917	0	0.0113
0.0114	0.0202	-0.1738	-0.2122	0.0077	-0.7	0.27	-0.6612	213	215	105	3	4	0.01	0.05	0	0.01
0.0114	0.0403	-0.1879	-0.2067	-0.0057	-0.6777	0.4564	0.5765	214	216	105	3	5	0.01	0.05	0	0.01
0.0114	0.0268	-0.2152	-0.1883	0.0175	-0.5964	0.321	0.7357	215	0	105	3	6	0.01	0.05	0	0.01
0.0122	0.0302	-0.1427	-0.2463	0.0691	-0.7505	0.6484	-0.1275	101	218	106	3	1	0.0025	0.4583	1	0.0122
0.0122	0.0493	-0.1653	-0.2267	0.0653	-0.6464	-0.391	-0.6552	217	219	106	3	2	0.0025	0.4583	0	0.0122
0.0122	0.0651	-0.1962	-0.2355	0.0409	-0.6989	0.4704	-0.5387	218	220	106	3	3	0.001	0.3333	0	0.0084
0.0122	0.0368	-0.2433	-0.2246	-0.001	-0.9954	0.0914	-0.0275	219	221	106	3	4	0.0012	0.25	0	0.0171
0.0122	0.0363	-0.2659	-0.218	0.0061	-0.4947	0.6115	0.6176	220	222	106	3	5	0.0032	0.25	0	0.0179
0.0122	0.0218	-0.2758	-0.1949	0.0153	0.5544	0.7369	0.3868	221	223	106	3	6	0.0069	0.375	0	0.0168
0.0122	0	-0.2711	-0.1811	0.0217	-0.0913	0.8116	-0.5771	222	0	106	3	7	0.01	0.05	0	0.01
0.0076	0.0157	-0.154	-0.0392	0.1169	-0.4947	0.4399	-0.7496	117	225	83	3	1	0.0029	0.5	1	0.0085
0.0076	0.0621	-0.1617	-0.0323	0.1051	-0.5941	-0.7857	0.1724	224	226	83	3	2	0.0029	0.5	0	0.0085
0.0076	0.0012	-0.2014	-0.0753	0.1201	-0.7411	-0.5907	0.319	225	227	83	3	3	0.01	0.05	0	0.01
0.0076	0.0114	-0.203	-0.076	0.1203	-0.2181	-0.7484	0.6263	226	0	83	3	4	0.01	0.05	0	0.01
0.0095	0.0479	-0.1674	0.0588	0.0992	0.3853	0.7698	0.5089	0	229	150	0	1	0.0025	0.5	0	0.0095
0.0095	0.003	-0.1504	0.0906	0.1296	0.1846	0.7407	0.6459	228	230	150	0	2	0.01	0.05	0	0.01
0.0095	0.0121	-0.1498	0.0928	0.1315	-0.7764	-0.3157	0.5454	229	0	150	0	3	0.01	0.05	0	0.01
0.0073	0.0251	-0.3487	0.1305	0.1062	-0.4269	0.2307	0.8744	129	232	131	3	1	0.0009	0.25	0	0.0066
0.0094	0.0156	-0.3555	0.1364	0.1299	-0.4279	0.2104	0.879	231	233	131	3	2	0.01	0.05	0	0.01
0.0094	0.0188	-0.37	0.1422	0.1337	-0.7831	0.0486	0.6199	232	234	131	3	3	0.01	0.05	0	0.01
0.0094	0.0092	-0.3707	0.145	0.1504	-0.3594	0.4239	0.8314	233	0	131	3	4	0.01	0.05	0	0.01
0.0111	0.0114	-0.3037	0.1682	0.1272	0.1377	0.4868	-0.8626	132	236	140	3	1	0.0023	0.4583	0	0.0111
0.0111	0.0509	-0.3051	0.1774	0.1209	0.8057	0.0874	0.5859	235	237	140	3	2	0.001	0.375	0	0.0087
0.0111	0.001	-0.265	0.1723	0.1483	0.9571	-0.1568	0.2436	236	238	140	3	3	0.01	0.05	0	0.01
0.0111	0.0357	-0.2651	0.1791	0.1454	0.8817	-0.0688	-0.4667	237	239	140	3	4	0.001	0.3333	0	0.0104
0.0111	0.0067	-0.2433	0.1818	0.1366	0.5348	0.8386	0.1033	238	240	140	3	5	0.01	0.05	0	0.01
0.0111	0.0247	-0.2397	0.1874	0.1373	0.5849	-0.6302	-0.5106	239	241	140	3	6	0.01	0.05	0	0.01
0.0111	0.0197	-0.2253	0.1719	0.1247	0.7673	0.3033	-0.5651	240	0	140	3	7	0.01	0.05	0	0.01
0.007	0.0278	-0.3321	0.1823	0.1601	-0.7065	-0.688	0.1659	132	243	143	3	1	0.0015	0.3333	1	0.007
0.007	0.048	-0.3517	0.1631	0.1648	-0.624	-0.0006	-0.7814	242	0	143	3	2	0.0015	0.3333	0	0.007
0.0025	0.0381	0.1349	-0.1817	-0.052	0.4408	0.6086	0.6598	174	245	30	4	1	0.0033	0.375	1	0.0167
0.0025	0.0341	0.1539	-0.1571	-0.0375	0.3142	0.9321	0.1801	244	246	30	4	2	0.0095	0.25	0	0.0167
0.0025	0.0227	0.1798	-0.1224	-0.0366	0.3712	-0.4333	0.8212	245	247	30	4	3	0.0061	0.2	0	0.01
0.0025	0.0194	0.1885	-0.1383	-0.0222	-0.8533	-0.321	0.4108	246	248	30	4	4	0.0054	0.15	0	0.01
0.0025	0.0294	0.1702	-0.1404	-0.0173	0.085	0.605	0.7917	247	0	30	4	5	0.0065	0.1	0	0.0106
0.0058	0.0423	0.0321	0.1459	0.1112	-0.4796	-0.5048	-0.7178	0	250	51	0	1	0.0048	0.275	0	0.0108
0.0065	0.016	0.0138	0.1262	0.0835	0.0383	-0.862	0.5054	249	251	51	0	2	0.01	0.05	0	0.01
0.0061	0.034	0.0144	0.1124	0.0916	0.1676	-0.9547	-0.2458	250	0	51	0	3	0.01	0.05	0	0.01
0.0168	0.0439	0.0106	0.1596	0.0893	-0.3937	0.0931	0.9145	0	253	52	0	1	0.0016	0.4167	0	0.0168
0.0168	0.0275	-0.0005	0.1839	0.1365	-0.3185	0.3974	-0.8606	252	254	52	0	2	0.0011	0.3333	0	0.0188
0.0168	0.0339	-0.0045	0.2082	0.1059	-0.6535	0.5187	0.5513	253	0	52	0	3	0.0013	0.125	0	0.01
0.0096	0.0382	-0.0757	-0.168	-0.0178	-0.9135	0.1144	-0.3904	194	256	86	4	1	0.0016	0.375	1	0.0113
0.0096	0.0366	-0.1106	-0.1637	-0.0327	-0.2188	0.3105	-0.925	255	257	86	4	2	0.0016	0.375	0	0.0113
0.0096	0.037	-0.1179	-0.1522	-0.0687	-0.3055	0.95	-0.0645	256	258	86	4	3	0.0011	0.4167	0	0.0106
0.0096	0.0295	-0.1211	-0.1175	-0.0635	0.3127	0.9047	-0.2895	257	259	86	4	4	0.01	0.05	0	0.01
0.0096	0.0633	-0.1085	-0.1016	-0.0646	-0.6794	-0.5458	-0.4903	258	260	86	4	5	0.0042	0.225	0	0.0295
0.0096	0.0413	-0.1616	-0.1226	-0.0992	-0.4268	-0.5159	-0.7428	259	261	86	4	6	0.0011	0.25	0	0.0088
0.0096	0.0422	-0.1753	-0.1408	-0.1246	0.8391	-0.248	-0.4842	260	262	86	4	7	0.0012	0.25	0	0.0077
0.0096	0.0342	-0.1419	-0.1544	-0.1473	0.8805	-0.3029	-0.3647	261	263	86	4	8	0.01	0.05	0	0.01
0.0096	0.0488	-0.1266	-0.1413	-0.1538	0.5079	0.4968	-0.7037	262	264	86	4	9	0.0012	0.4167	0	0.0096
0.0096	0.0304	-0.0987	-0.1279	-0.1892	0.3849	0.1946	-0.9022	263	265	86	4	10	0.01	0.05	0	0.01
0.0096	0.0427	-0.0906	-0.1034	-0.1955	0.2958	0.7406	-0.6034	264	266	86	4	11	0.0013	0.4583	0	0.0101
0.0096	0.0399	-0.0799	-0.0872	-0.2274	0.8638	0.0872	-0.4963	265	267	86	4	12	0.0053	0.25	0	0.0188
0.0096	0.0134	-0.0545	-0.0882	-0.2423	0.1684	-0.8619	-0.4782	266	268	86	4	13	0.01	0.05	0	0.01
0.0096	0.0508	-0.0523	-0.0997	-0.2487	0.8963	0.1267	0.425	267	0	86	4	14	0.01	0.05	0	0.01
0.0079	0.033	-0.0659	-0.1938	-0.0259	0.2533	0.5246	-0.8128	195	270	88	4	1	0.0027	0.4167	1	0.0114
0.0079	0.0356	-0.0576	-0.1764	-0.0527	-0.1968	0.4756	-0.8573	269	271	88	4	2	0.0027	0.4167	0	0.0114
0.0079	0.0118	-0.0591	-0.1619	-0.082	-0.2951	-0.8874	-0.3541	270	272	88	4	3	0.01	0.05	0	0.01
0.0079	0.0287	-0.0626	-0.1723	-0.0861	-0.6913	0.7128	0.1189	271	0	88	4	4	0.01	0.05	0	0.01
0.0079	0.0375	-0.0083	-0.1772	-0.0778	0.6316	-0.7481	0.2036	198	274	95	4	1	0.01	0.05	1	0.01
0.0079	0.0372	0.0154	-0.2053	-0.0702	0.2925	0.9091	0.2967	273	275	95	4	2	0.01	0.05	0	0.01
0.0079	0.0232	0.0337	-0.1684	-0.0712	-0.5714	0.8076	-0.1457	274	276	95	4	3	0.01	0.05	0	0.01
0.0079	0.019	0.0205	-0.1497	-0.0746	-0.673	0.2287	0.7034	275	0	95	4	4	0.01	0.05	0	0.01
0.0075	0.0288	0.0889	-0.0774	-0.2119	-0.7971	0.5205	-0.3063	205	278	104	4	1	0.0027	0.4167	1	0.0128
0.0075	0.0697	0.0653	-0.0622	-0.2189	0.8916	0.3421	0.2967	277	279	104	4	2	0.0051	0.275	0	0.0128
0.0075	0.032	0.1339	-0.0375	-0.2022	-0.5294	0.1287	-0.8386	278	280	104	4	3	0.0021	0.2917	0	0.0112
0.0075	0.0253	0.1066	-0.0371	-0.2292	0.0586	-0.1139	-0.9918	279	0	104	4	4	0.01	0.05	0	0.01
0.0077	0.0124	0.0202	-0.0681	-0.1607	0.8578	-0.2394	0.4549	202	282	109	4	1	0.0016	0.3333	1	0.0107
0.0076	0.0578	0.0308	-0.071	-0.1551	-0.8351	0.3509	-0.4236	281	283	109	4	2	0.0016	0.3333	0	0.0107
0.0073	0.0467	-0.0167	-0.0596	-0.178	-0.9342	-0.1394	-0.3284	282	284	109	4	3	0.0054	0.275	0	0.0124
0.0066	0.0159	-0.038	-0.0807	-0.2015	-0.5793	-0.5414	-0.6093	283	285	109	4	4	0.0083	0.3125	0	0.011
0.0042	0.0382	-0.0416	-0.08	-0.2099	0.75	-0.3806	-0.5409	284	286	109	4	5	0.0042	0.225	0	0.01
0.0033	0.0097	-0.0422	-0.0993	-0.2092	0	-0.9755	-0.2199	285	0	109	4	6	0.0008	0.1	0	0.01
0.0025	0.0784	0.1427	-0.0649	-0.2533	0.4252	0.4769	0.7693	206	288	121	4	1	0.01	0.05	0	0.01
0.0025	0.0058	0.169	-0.0322	-0.1871	-0.6205	0.774	-0.1262	287	289	121	4	2	0.01	0.05	0	0.01
0.0025	0.03	0.1654	-0.0277	-0.1879	0.0361	0.7986	-0.6008	288	0	121	4	3	0.01	0.05	0	0.01
0.0098	0.0243	-0.2865	0.1847	0.147	-0.9295	0.2814	0.2385	236	291	161	4	1	0.0038	0.2917	1	0.01
0.0097	0.0372	-0.3091	0.1915	0.1528	0.9558	0.2009	-0.2145	290	292	161	4	2	0.0038	0.2917	0	0.01
0.0066	0.0336	-0.2709	0.1986	0.157	0.9781	0.0493	-0.2024	291	293	161	4	3	0.0086	0.4063	0	0.0064
0.0077	0.0364	-0.2417	0.1983	0.1553	0.8141	-0.4196	0.4014	292	294	161	4	4	0.01	0.05	0	0.01
0.0069	0.0159	-0.2271	0.2017	0.1445	0.8879	0.1071	-0.4474	293	0	161	4	5	0.01	0.05	0	0.01
0.0126	0.0517	-0.2528	0.1773	0.1263	-0.3267	-0.8094	-0.488	238	296	144	4	1	0.0028	0.4167	0	0.0126
0.0126	0.0301	-0.2694	0.1427	0.1012	0.5264	-0.0374	0.8494	295	297	144	4	2	0.0013	0.2917	0	0.011
0.0126	0.0025	-0.2474	0.1424	0.1283	-0.2732	0.3064	0.9119	296	0	144	4	3	0.01	0.05	0	0.01
0.0099	0.0645	0.094	0.1023	-0.0179	-0.0868	-0.2248	-0.9705	0	299	75	0	1	0.0029	0.4583	0	0.0099
0.0099	0.0108	0.091	0.0873	-0.0795	0.3152	-0.1527	-0.9367	298	300	75	0	2	0.01	0.05	0	0.01
0.0099	0.0175	0.0944	0.0856	-0.0897	-0.6268	-0.0522	-0.7774	299	0	75	0	3	0.01	0.05	0	0.01
0.0123	0.0561	0.1779	0.1352	-0.0549	-0.4001	-0.5081	0.7627	0	302	164	0	1	0.0026	0.4167	0	0.0123
0.0123	0.0142	0.1603	0.1088	-0.016	0.0062	-0.8805	-0.474	301	303	164	0	2	0.01	0.05	0	0.01
0.0123	0.0217	0.1604	0.0963	-0.0228	-0.3778	-0.893	0.2446	302	0	164	0	3	0.01	0.05	0	0.01
0.0077	0.0194	-0.1528	-0.1395	-0.1297	0.8022	0.5244	0.2854	261	305	128	5	1	0.0024	0.625	1	0.0076
0.0076	0.0675	-0.1372	-0.1293	-0.1242	-0.688	-0.7178	0.1067	304	306	128	5	2	0.0024	0.625	0	0.0076
0.0091	0.0274	-0.1581	-0.1769	-0.123	-0.0036	-0.988	-0.1545	305	307	128	5	3	0.0074	0.5417	0	0.0108
0.0078	0.0047	-0.1643	-0.2074	-0.1236	0.3186	-0.8981	-0.3032	306	0	128	5	4	0.0016	0.2917	0	0.008
0.0085	0.083	-0.135	-0.1533	-0.1594	0.5482	0.296	-0.7823	262	309	138	5	1	0.0022	0.5417	0	0.0089
0.0085	0.0081	-0.0862	-0.1275	-0.2204	0.6226	0.4128	-0.6649	308	310	138	5	2	0.0038	0.625	0	0.0085
0.0085	0.0239	-0.0842	-0.1237	-0.2221	-0.7635	-0.1806	-0.6201	309	0	138	5	3	0.01	0.05	0	0.01
0.0145	0.062	-0.1831	-0.1411	-0.0684	-0.6315	0.7573	-0.1664	0	312	167	0	1	0.0029	0.5	0	0.0145
0.0145	0.0093	-0.2186	-0.1013	-0.084	-0.8056	0.0197	-0.5921	311	313	167	0	2	0.01	0.05	0	0.01
0.0145	0.0182	-0.2254	-0.1013	-0.0878	0.3134	-0.9207	-0.2327	312	0	167	0	3	0.01	0.05	0	0.01
