radius (m)	length (m)	start_point	axis_direction	parent	extension	branch	branch_order	position_in_branch	mad	SurfCov	added	UnmodRadius (m)
0.0132	0.0869	-0.0122	-0.0478	-0.2759	0.1408	0.4835	0.8639	0	2	1	0	1	0.0041	0.4583	0	0.0132
0.01	0.0262	0.0099	-0.0294	-0.2041	0.6868	0.1865	0.7025	1	3	1	0	2	0.006	0.4063	0	0.0083
0.015	0.0472	0.003	-0.0174	-0.1753	0.1865	-0.5421	0.8193	2	4	1	0	3	0.0076	0.2813	0	0.0178
0.0127	0.0371	0.019	-0.0347	-0.1318	-0.4642	-0.1119	0.8786	3	5	1	0	4	0.0009	0.3333	0	0.0127
0.0126	0.0332	0.0103	-0.0515	-0.0947	-0.3308	0.1121	0.937	4	6	1	0	5	0.0017	0.3333	0	0.0126
0.0095	0.0208	0.0071	-0.0499	-0.0635	0.0084	0.0699	0.9975	5	7	1	0	6	0.0036	0.6667	0	0.0095
0.0122	0.0324	0.004	-0.0444	-0.0422	0.34	0.1532	0.9279	6	8	1	0	7	0.0012	0.3333	0	0.0122
0.0122	0.0231	0.0045	-0.0301	-0.0174	-0.155	0.3493	0.9241	7	9	1	0	8	0.001	0.2917	0	0.0123
0.013	0.0488	-0.005	-0.0285	0.0082	-0.3661	0.7184	0.5915	8	10	1	0	9	0.0011	0.2917	0	0.0146
0.01	0.0449	-0.0117	0.0115	0.0367	-0.1831	0.4598	0.8689	9	11	1	0	10	0.01	0.05	0	0.01
0.0132	0.0165	-0.0347	0.0271	0.0428	-0.6498	0.7389	0.1783	10	12	1	0	11	0.0014	0.4167	0	0.0145
0.01	0.0085	-0.0468	0.0267	0.0504	-0.6284	-0.2032	-0.7509	11	13	1	0	12	0.01	0.05	0	0.01
0.0113	0.0262	-0.0473	0.0286	0.0424	-0.5081	0.8117	0.2881	12	14	1	0	13	0.0015	0.2917	0	0.0123
0.01	0.023	-0.0639	0.0454	0.0488	-0.0312	-0.2242	0.974	13	0	1	0	14	0.01	0.05	0	0.01
0.0079	0.0284	0.001	-0.0417	-0.0499	-0.4366	0.5692	0.6967	6	16	7	1	1	0.0032	0.375	1	0.0078
0.0078	0.0806	-0.0114	-0.0255	-0.0301	-0.4884	0.5173	0.7028	15	17	7	1	2	0.0032	0.375	0	0.0078
0.009	0.0157	-0.0421	0.0242	0.0052	-0.4221	0.8913	0.1657	16	18	7	1	3	0.01	0.05	0	0.01
0.009	0.0021	-0.0483	0.0139	0.0232	-0.5556	0.4352	0.7085	17	0	7	1	4	0.01	0.05	0	0.01
0.0099	0.0528	0.0109	-0.0409	-0.0658	0.3749	0.8873	-0.2687	5	20	8	1	1	0.0034	0.4167	0	0.0099
0.0113	0.0133	0.0417	0.0032	-0.0658	0.6713	0.6209	-0.4048	19	21	8	1	2	0.0012	0.25	0	0.0162
0.0101	0.049	0.049	0.0194	-0.0677	0.9597	0.0847	0.2679	20	22	8	1	3	0.0009	0.2917	0	0.0101
0.01	0.0252	0.0921	0.0158	-0.0451	0.8871	0.0986	0.4509	21	23	8	1	4	0.01	0.05	0	0.01
0.01	0.0244	0.1015	0.0302	-0.0534	0.7718	0.6214	-0.1349	22	24	8	1	5	0.01	0.05	0	0.01
0.01	0.0084	0.1099	0.0218	-0.0554	0.8088	-0.3828	-0.4464	23	0	8	1	6	0.01	0.05	0	0.01
0.009	0.0238	0.0051	-0.0582	-0.0492	-0.2198	-0.9749	-0.0358	6	26	9	1	1	0.0023	0.5417	1	0.0092
0.009	0.0288	-0.0002	-0.0814	-0.0501	0.9014	0.4099	0.1395	25	27	9	1	2	0.0023	0.5417	0	0.0092
0.0069	0.0167	0.028	-0.0764	-0.0416	0.8462	0.4549	0.2773	26	28	9	1	3	0.0036	0.6667	0	0.0069
0.009	0.0346	0.0409	-0.0695	-0.0322	0.0049	0.9871	0.16	27	0	9	1	4	0.0036	0.4167	0	0.0113
0.0111	0.0326	-0.0366	0.0468	0.0522	0.4452	0.0965	0.8902	11	30	13	1	1	0.0033	0.4167	0	0.0111
0.011	0.0389	-0.0209	0.0488	0.08	0.0117	-0.7486	0.6629	29	31	13	1	2	0.0008	0.2917	0	0.011
0.0112	0.0501	-0.0215	0.0101	0.1029	0.9238	-0.2012	0.3258	30	32	13	1	3	0.0016	0.4167	0	0.0112
0.0121	0.0063	0.018	0.0163	0.1303	0.7159	-0.1613	0.6794	31	33	13	1	4	0.0069	0.4167	0	0.0121
0.0103	0.0195	0.0218	0.0189	0.1271	-0.1095	0.8937	0.4351	32	34	13	1	5	0.0011	0.375	0	0.0103
0.0123	0.0257	0.004	0.0274	0.136	-0.4741	0.8201	-0.3204	33	35	13	1	6	0.0011	0.375	0	0.0153
0.0124	0.0137	-0.0133	0.0396	0.1438	-0.9623	0.1061	-0.2504	34	36	13	1	7	0.0068	0.5417	0	0.0138
0.0099	0.0156	-0.0238	0.0448	0.1281	-0.4738	-0.8092	-0.3474	35	37	13	1	8	0.001	0.2917	0	0.0099
0.012	0.0127	-0.0436	0.0368	0.1204	0.0976	-0.2051	-0.9739	36	38	13	1	9	0.0056	0.275	0	0.0172
0.0119	0.0563	-0.0499	0.0455	0.1063	-0.045	0.1242	0.9912	37	39	13	1	10	0.0028	0.225	0	0.0204
0.0092	0.0189	-0.0524	0.0655	0.1535	0.3435	0.514	0.786	38	40	13	1	11	0.0042	0.5313	0	0.0092
0.0115	0.0285	-0.0492	0.0794	0.1705	0.3546	-0.1918	0.9151	39	41	13	1	12	0.0016	0.2917	0	0.0154
0.0085	0.0432	-0.0406	0.0749	0.1985	0.7877	-0.0152	0.6159	40	42	13	1	13	0.0036	0.425	0	0.0085
0.0085	0.0272	-0.0104	0.0888	0.2296	0.7333	-0.0152	0.6797	41	43	13	1	14	0.0058	0.375	0	0.0046
0.009	0.0281	0.0073	0.0869	0.2501	0.5365	0.3061	0.7864	42	44	13	1	15	0.01	0.05	0	0.01
0.0087	0.0324	0.0224	0.1052	0.2648	0.5525	0.5122	0.6575	43	0	13	1	16	0.01	0.05	0	0.01
0.01	0.0208	-0.0527	0.0275	0.0324	-0.3117	-0.3098	-0.8982	13	46	14	1	1	0.01	0.05	1	0.01
0.01	0.024	-0.0592	0.0211	0.0138	-0.0692	-0.1477	-0.9866	45	47	14	1	2	0.01	0.05	0	0.01
0.01	0.0291	-0.0592	0.0139	-0.0087	0.0096	-0.313	-0.9497	46	48	14	1	3	0.01	0.05	0	0.01
0.01	0.0243	-0.0589	0.0048	-0.0363	-0.5223	-0.8188	0.2382	47	0	14	1	4	0.01	0.05	0	0.01
0.0209	0.0406	-0.0247	-0.0825	-0.0882	0.9565	0.083	-0.2798	0	50	23	0	1	0.0042	0.375	0	0.0226
0.0156	0.0193	0.0003	-0.0988	-0.0799	-0.7014	-0.1941	-0.6858	49	51	23	0	2	0.0028	0.2	0	0.01
0.0128	0.0401	-0.0151	-0.1031	-0.0986	0.9005	0.2792	-0.3333	50	52	23	0	3	0.01	0.05	0	0.01
0.01	0.0174	0.021	-0.0919	-0.112	0.4234	-0.4715	-0.7736	51	0	23	0	4	0.01	0.05	0	0.01
0.0108	0.0616	0.0709	0.0119	-0.0656	0.6546	-0.5833	-0.4809	21	54	24	2	1	0.0022	0.4167	0	0.0108
0.0108	0.053	0.1121	-0.0236	-0.0959	-0.133	-0.679	-0.7219	53	55	24	2	2	0.0016	0.3333	0	0.0142
0.0108	0.0419	0.0959	-0.0494	-0.1392	-0.371	-0.6569	-0.6564	54	56	24	2	3	0.01	0.05	0	0.01
0.0108	0.0161	0.0788	-0.0842	-0.1509	-0.4187	-0.8078	-0.4149	55	57	24	2	4	0.01	0.05	0	0.01
0.0108	0.017	0.0934	-0.0568	-0.1343	-0.0536	-0.4749	0.8784	56	58	24	2	5	0.01	0.05	0	0.01
0.0108	0.0173	0.0921	-0.0549	-0.139	-0.6635	0.6613	0.3499	57	0	24	2	6	0.01	0.05	0	0.01
