radius (m)	length (m)	start_point	axis_direction	parent	extension	branch	branch_order	position_in_branch	mad	SurfCov	added	UnmodRadius (m)
0.0172	0.1447	-0.0424	-0.6159	-0.39	-0.938	0.1032	0.3311	0	2	1	0	1	0.0034	0.75	0	0.0172
0.0164	0.0888	-0.1807	-0.5918	-0.3478	-0.8772	0.0501	0.4775	1	3	1	0	2	0.0022	0.8333	0	0.0164
0.0152	0.0756	-0.2704	-0.5919	-0.311	-0.4171	0.896	0.1527	2	4	1	0	3	0.002	0.875	0	0.0152
0.0244	0.0979	-0.3133	-0.5357	-0.2796	-0.4182	0.8685	0.2663	3	5	1	0	4	0.0031	0.8125	0	0.0257
0.0203	0.0696	-0.3603	-0.4406	-0.266	-0.8256	0.1756	0.5363	4	6	1	0	5	0.0034	0.8333	0	0.0203
0.0163	0.0469	-0.4219	-0.4299	-0.2177	-0.9236	0.2112	-0.3199	5	0	1	0	6	0.0028	0.5833	0	0.0163
0.0193	0.1793	-0.3738	-0.4175	-0.2606	0.3955	0.8655	0.3073	5	8	3	1	1	0.0042	0.6875	0	0.0221
0.0173	0.1274	-0.3176	-0.2471	-0.2017	0.7064	0.5832	0.4012	7	9	3	1	2	0.0023	0.925	0	0.0173
0.0193	0.3135	-0.2358	-0.1782	-0.1907	0.229	0.9571	-0.1776	8	10	3	1	3	0.0124	0.6625	0	0.0292
0.0192	0.0241	-0.0174	0.1317	-0.237	-0.0184	0.816	-0.5778	9	11	3	1	4	0.0249	0.625	0	0.0613
0.0193	0.0695	-0.0184	0.1406	-0.238	0.9912	0.0807	0.1047	10	12	3	1	5	0.0101	0.675	0	0.0255
0.018	0.0971	0.0561	0.126	-0.2386	0.879	0.0548	0.4737	11	13	3	1	6	0.0026	0.5625	0	0.0176
0.0167	0.0822	0.1479	0.1533	-0.1826	0.3971	-0.4761	0.7846	12	14	3	1	7	0.002	0.8333	0	0.0167
0.0179	0.0522	0.2251	0.1286	-0.1132	0.0077	-0.3418	0.9397	13	15	3	1	8	0.0021	0.6667	0	0.0161
0.0192	0.0736	0.2261	0.0991	-0.0556	0.7384	0.4195	0.5281	14	16	3	1	9	0.0021	0.875	0	0.0192
0.0174	0.0601	0.2769	0.129	-0.0062	0.8183	0.4799	0.3164	15	17	3	1	10	0.0019	0.75	0	0.0174
0.0195	0.074	0.3185	0.146	0.0212	0.8822	-0.4296	0.1928	16	18	3	1	11	0.0028	0.6667	0	0.0205
0.0216	0.0579	0.4195	0.139	0.0265	0.5873	-0.7982	0.1338	17	19	3	1	12	0.0028	0.7083	0	0.0216
0.0191	0.0552	0.4548	0.0791	0.0531	0.9257	0.3332	0.1791	18	20	3	1	13	0.0024	0.6667	0	0.0191
0.0192	0.1667	0.5053	0.12	0.0244	0.9197	0.3447	0.188	19	21	3	1	14	0.0196	0.5982	0	0.0197
0.0174	0.0421	0.6479	0.1815	0.052	0.3281	0.9405	0.0887	20	0	3	1	15	0.003	0.375	0	0.0174
0.0183	0.136	-0.2335	-0.0882	-0.2115	-0.8756	0.3915	-0.2829	9	23	4	2	1	0.0029	0.75	1	0.0183
0.0183	0.0694	-0.3525	-0.035	-0.25	0.0105	0.9426	0.3336	22	24	4	2	2	0.0029	0.75	0	0.0183
0.0206	0.0691	-0.3469	0.0343	-0.2227	-0.3619	0.8579	-0.3648	23	25	4	2	3	0.0033	0.7083	0	0.0206
0.0194	0.0989	-0.3629	0.1032	-0.2335	-0.4125	0.8546	-0.3154	24	26	4	2	4	0.0095	0.8	0	0.0302
0.0183	0.0694	-0.3885	0.1973	-0.2628	-0.4024	0.74	-0.539	25	27	4	2	5	0.0128	0.74	0	0.031
0.0183	0.0804	-0.4153	0.2615	-0.2992	-0.3967	0.1046	-0.912	26	0	4	2	6	0.0105	0.56	0	0.0393
0.0148	0.4043	-0.1568	0.0897	-0.228	0.5034	-0.5807	0.6398	9	29	5	2	1	0.0027	0.7083	1	0.0148
0.0148	0.0863	0.0467	-0.145	0.0306	0.4663	-0.5652	0.6805	28	0	5	2	2	0.0027	0.7083	0	0.0148
0.0181	0.2819	-0.0307	0.1382	-0.2805	-0.2937	0.5322	0.794	12	31	30	2	1	0.0037	0.625	0	0.0318
0.0171	0.0647	-0.1193	0.2881	-0.0534	0.4822	-0.2338	0.8443	30	32	30	2	2	0.0037	0.7083	0	0.0287
0.0171	0.0959	-0.0806	0.296	0.0174	0.526	-0.5969	0.6059	31	33	30	2	3	0.0035	0.7813	0	0.0313
0.0181	0.109	-0.0243	0.2487	0.0906	0.5408	-0.7831	0.3071	32	34	30	2	4	0.003	0.7813	0	0.0181
0.0181	0.0783	0.0318	0.1702	0.1605	0.4843	-0.852	0.1987	33	35	30	2	5	0.0053	0.5556	0	0.0389
0.0181	0.0503	0.0869	0.1089	0.2256	0.7891	-0.5764	-0.2121	34	36	30	2	6	0.0023	0.5833	0	0.021
0.0181	0.0962	0.1329	0.0835	0.2152	0.4628	-0.7421	-0.4848	35	37	30	2	7	0.0024	0.625	0	0.0186
0.0181	0.1688	0.1673	-0.0066	0.1622	0.1043	-0.3699	0.9232	36	38	30	2	8	0.0042	0.4	0	0.0472
0.0181	0.1587	0.1793	-0.0708	0.3223	0.3982	-0.9023	0.1654	37	39	30	2	9	0.006	0.5625	0	0.0281
0.0171	0.0858	0.2527	-0.2254	0.3693	-0.459	-0.8547	-0.2424	38	40	30	2	10	0.0023	0.7917	0	0.0212
0.0181	0.1116	0.25	-0.3069	0.3592	-0.1087	-0.933	-0.343	39	41	30	2	11	0.0042	0.5313	0	0.0224
0.0181	0.0548	0.2617	-0.4179	0.3334	-0.0129	-0.8864	-0.4627	40	0	30	2	12	0.0039	0.75	0	0.0181
0.0169	0.1629	0.2426	0.1481	-0.1638	0.8968	0.2594	0.3584	14	43	21	2	1	0.0023	0.6667	0	0.0168
0.0177	0.0671	0.3937	0.1814	-0.1007	0.7951	0.5583	0.2371	42	44	21	2	2	0.0027	0.8333	0	0.0177
0.0149	0.0768	0.4458	0.2307	-0.0917	0.8768	0.3049	0.3717	43	45	21	2	3	0.0021	0.9167	0	0.0149
0.017	0.1029	0.5114	0.2584	-0.0629	0.8447	0.3083	0.4375	44	0	21	2	4	0.0032	0.6563	0	0.0193
0.014	0.1141	0.5637	0.1313	0.0524	0.0373	-0.5363	0.8432	20	47	24	2	1	0.0049	0.4583	1	0.014
0.014	0.0686	0.568	0.0701	0.1486	0.1991	-0.8001	-0.5658	46	0	24	2	2	0.0049	0.4583	0	0.014
0.0131	0.0738	-0.3409	0.0595	-0.2161	0.5891	0.5166	0.6213	24	49	20	3	1	0.004	0.375	1	0.0131
0.0131	0.0567	-0.2974	0.0976	-0.1703	0.8078	0.1166	-0.5778	48	0	20	3	2	0.004	0.375	0	0.0131
0.0172	0.0872	-0.0792	0.2045	-0.1983	-0.8672	0.4761	-0.1457	30	51	8	3	1	0.005	0.5	1	0.026
0.0172	0.162	-0.1537	0.2499	-0.2018	-0.6999	0.6844	-0.2043	50	52	8	3	2	0.0085	0.4778	0	0.026
0.0158	0.0523	-0.2662	0.3847	-0.2143	-0.7951	0.4142	-0.4431	51	53	8	3	3	0.0025	0.6667	0	0.0158
0.0165	0.03	-0.3059	0.4081	-0.2432	-0.9467	0.2171	-0.2378	52	0	8	3	4	0.0022	0.5	0	0.0168
0.018	0.1699	-0.069	0.2248	-0.1837	-0.0398	0.9703	-0.2386	30	55	9	3	1	0.0066	0.8333	1	0.018
0.018	0.0882	-0.0758	0.3897	-0.2242	0.0869	0.9774	-0.1926	54	0	9	3	2	0.0066	0.8333	0	0.018
0.017	0.1241	-0.087	0.2867	-0.0277	0.8656	0.41	-0.2876	31	57	11	3	1	0.0029	0.7917	1	0.017
0.017	0.0881	0.0204	0.3376	-0.0634	0.6501	0.7577	-0.0567	56	58	11	3	2	0.0029	0.7917	0	0.017
0.0175	0.0613	0.0976	0.3906	-0.0466	0.6443	0.7567	-0.1109	57	59	11	3	3	0.0026	0.75	0	0.0175
0.017	0.0619	0.1408	0.4451	-0.0624	0.9273	-0.009	0.3743	58	60	11	3	4	0.0093	0.6	0	0.0233
0.017	0.0782	0.1878	0.4606	-0.0475	0.8633	0.3999	-0.3078	59	0	11	3	5	0.0151	0.6667	0	0.0146
0.0172	0.3223	0.0146	0.206	0.1342	-0.3607	0.7514	-0.5525	34	62	12	3	1	0.0028	0.5417	1	0.018
0.0171	0.0772	-0.1016	0.4482	-0.0439	-0.6882	0.6574	-0.3069	61	63	12	3	2	0.0028	0.5417	0	0.018
0.0171	0.0651	-0.1415	0.5095	-0.0719	-0.5869	0.7954	0.1512	62	64	12	3	3	0.0033	0.5833	0	0.0192
0.0163	0.0736	-0.1926	0.5674	-0.0738	0.148	0.9357	0.3203	63	65	12	3	4	0.0023	0.6667	0	0.0163
0.0166	0.0446	-0.1721	0.6367	-0.041	-0.5334	0.6616	0.527	64	66	12	3	5	0.0022	0.5	0	0.0168
0.0168	0.036	-0.1939	0.6772	-0.0163	-0.8091	0.09	0.5808	65	0	12	3	6	0.0019	0.5	0	0.0184
0.018	0.4072	0.2062	-0.0995	0.4371	0.2336	0.9389	-0.2528	37	68	13	3	1	0.0026	0.7	0	0.0179
0.018	0.0689	0.3115	0.2885	0.337	-0.4365	0.8754	-0.2075	67	0	13	3	2	0.003	0.75	0	0.018
0.0151	0.2041	0.1423	0.076	0.1888	0.3226	-0.2584	-0.9106	36	70	14	3	1	0.0037	0.7083	1	0.0151
0.0151	0.0731	0.2081	0.0233	0.0029	-0.7781	-0.6279	-0.0144	69	0	14	3	2	0.0037	0.7083	0	0.0151
0.0205	0.1111	0.203	-0.169	0.3373	-0.8565	-0.5111	-0.0722	38	72	16	3	1	0.0071	0.5938	1	0.0205
0.0205	0.0922	0.1078	-0.2258	0.3292	-0.5115	-0.5122	-0.69	71	0	16	3	2	0.0071	0.5938	0	0.0205
0.0184	0.063	0.317	0.1792	-0.1482	-0.034	0.546	-0.8371	42	74	29	3	1	0.0053	0.85	1	0.0184
0.0184	0.1383	0.3148	0.2136	-0.201	-0.4288	0.8584	-0.2815	73	0	29	3	2	0.0053	0.85	0	0.0184
0.0155	0.0958	0.0414	0.342	-0.0535	0.7887	-0.1905	0.5846	57	76	26	4	1	0.0032	0.5	1	0.0155
0.0155	0.0514	0.117	0.3238	0.0025	0.8944	0.2189	-0.39	75	0	26	4	2	0.0032	0.5	0	0.0155
0.018	0.0521	-0.2046	0.584	-0.0769	-0.7315	0.619	-0.2858	64	78	27	4	1	0.0071	0.5313	1	0.018
0.018	0.0904	-0.2427	0.6163	-0.0918	-0.0832	0.7848	-0.6141	77	0	27	4	2	0.0071	0.5313	0	0.018
0.0132	0.1164	0.2872	0.2002	0.3734	0.8253	0.1981	0.5288	67	0	28	4	1	0.0051	0.875	0	0.0132
