radius (m)	length (m)	start_point	axis_direction	parent	extension	branch	branch_order	position_in_branch	mad	SurfCov	added	UnmodRadius (m)
0.0178	0.0807	0.1386	-0.0754	-0.2609	-0.3696	0.2866	0.8839	0	2	1	0	1	0.0034	0.6667	0	0.0178
0.0138	0.0699	0.1086	-0.0652	-0.1835	-0.5318	0.3616	0.7658	1	3	1	0	2	0.002	0.5417	0	0.0138
0.0138	0.0342	0.0699	-0.0389	-0.1305	-0.2279	0.1676	0.9592	2	4	1	0	3	0.0017	0.5417	0	0.0138
0.0127	0.0471	0.0631	-0.0314	-0.0983	0.0609	0.2653	0.9622	3	5	1	0	4	0.0017	0.5	0	0.0127
0.0165	0.0249	0.021	-0.0109	-0.0479	0.1706	0.401	0.9	4	6	1	0	5	0.0115	0.4	0	0.0175
0.0136	0.0335	0.0305	0.0091	-0.0253	-0.8167	0.421	0.3947	5	7	1	0	6	0.0055	0.3438	0	0.0136
0.014	0.0013	0.0138	0.024	-0.0234	-0.468	0.7962	-0.3835	6	0	1	0	7	0.0018	0.3333	0	0.0145
0.0132	0.0589	0.0117	0.0183	-0.0361	0.4735	-0.88	-0.0379	7	9	20	1	1	0.0054	0.3	0	0.0224
0.0127	0.0257	0.0076	-0.0232	-0.0391	-0.2579	-0.7455	0.6146	8	10	20	1	2	0.0015	0.375	0	0.0127
0.0115	0.0508	-0.0001	-0.0387	-0.0257	-0.4096	0.4065	0.8167	9	11	20	1	3	0.0016	0.5	0	0.0115
0.013	0.0303	-0.0089	0.0007	0.016	-0.2283	0.1347	0.9642	10	12	20	1	4	0.002	0.375	0	0.0161
0.0128	0.047	-0.0196	0.0007	0.0452	-0.6439	0.5913	0.4856	11	13	20	1	5	0.0016	0.3333	0	0.0146
0.0104	0.0349	-0.0435	0.0233	0.0726	-0.5397	0.086	0.8374	12	14	20	1	6	0.0013	0.375	0	0.0104
0.0092	0.0506	-0.0676	0.0366	0.0932	-0.3948	0.468	0.7907	13	15	20	1	7	0.0033	0.4688	0	0.0092
0.0092	0.0118	-0.0905	0.0459	0.1428	-0.685	0.4988	0.5311	14	16	20	1	8	0.0047	0.375	0	0.0089
0.0103	0.0408	-0.0942	0.062	0.1453	-0.3917	0.4594	0.7972	15	17	20	1	9	0.001	0.25	0	0.0103
0.0114	0.0365	-0.0982	0.0749	0.1775	0.4296	0.8865	-0.1717	16	18	20	1	10	0.0016	0.2917	0	0.0129
0.01	0.0261	-0.0801	0.1035	0.1794	0.6891	0.7135	0.1266	17	19	20	1	11	0.01	0.05	0	0.01
0.0096	0.0038	-0.0823	0.1099	0.1881	-0.3134	0.7669	0.5601	18	0	20	1	12	0.01	0.05	0	0.01
0.0145	0.0309	-0.0803	0.0564	0.1375	0.8232	-0.4868	0.2923	14	21	6	2	1	0.0028	0.4167	1	0.0145
0.0145	0.0529	-0.0549	0.0413	0.1465	-0.323	0.9284	-0.1835	20	22	6	2	2	0.0028	0.4167	0	0.0145
0.0145	0.0451	-0.0579	0.0966	0.1541	0.7304	0.189	-0.6564	21	23	6	2	3	0.0018	0.4167	0	0.0159
0.0145	0.0094	-0.0277	0.0974	0.1321	0.5569	0.4736	0.6823	22	24	6	2	4	0.01	0.05	0	0.01
0.0145	0.033	-0.0249	0.1101	0.143	0.6594	0.4979	-0.5633	23	0	6	2	5	0.0018	0.375	0	0.0099
0.0098	0.0212	-0.1057	0.0601	0.1576	-0.4995	-0.8655	-0.0374	16	26	12	2	1	0.0009	0.2917	1	0.0102
0.0098	0.0456	-0.1162	0.0418	0.1568	-0.6244	0.78	0.0408	25	27	12	2	2	0.0009	0.2917	0	0.0102
0.0098	0.0307	-0.1378	0.0769	0.1671	-0.5762	0.648	0.4982	26	28	12	2	3	0.01	0.05	0	0.01
0.0098	0.0237	-0.1372	0.0761	0.1664	-0.6443	0.023	-0.7644	27	0	12	2	4	0.01	0.05	0	0.01
0.0025	0.049	-0.0984	0.053	0.1575	0.7795	-0.1718	0.6024	25	30	16	3	1	0.0104	0.275	1	0.01
0.0025	0.0349	-0.0654	0.046	0.1864	0.0688	0.5758	0.8147	29	0	16	3	2	0.01	0.05	0	0.01
