radius (m)	length (m)	start_point	axis_direction	parent	extension	branch	branch_order	position_in_branch	mad	SurfCov	added	UnmodRadius (m)
0.0139	0.0506	-0.06	0.1216	-0.1468	-0.4217	0.5036	0.754	0	2	1	0	1	0.0024	0.7083	0	0.0139
0.0173	0.0664	-0.0692	0.149	-0.1135	0.3895	-0.1683	0.9055	1	3	1	0	2	0.0028	0.7083	0	0.0173
0.0172	0.0473	-0.0514	0.1518	-0.0338	0.894	-0.0938	0.4381	2	4	1	0	3	0.0017	0.375	0	0.0192
0.0108	0.0383	-0.0051	0.1299	-0.0171	0.9529	0.2576	-0.1599	3	5	1	0	4	0.0013	0.2917	0	0.009
0.0137	0.0224	0.0312	0.1468	0.0059	0.9611	0.2696	-0.0596	4	6	1	0	5	0.0079	0.25	0	0.0141
0.0092	0.0083	0.0626	0.1453	-0.0134	0.889	0.0788	0.4511	5	7	1	0	6	0.0104	0.2917	0	0.0073
0.01	0.0202	0.0568	0.1274	0.0065	0.8431	-0.532	0.0784	6	8	1	0	7	0.0064	0.375	0	0.01
0.0075	0.0276	0.0608	0.1192	0.0042	-0.2848	-0.8846	0.3692	7	9	1	0	8	0.0043	0.5625	0	0.0061
0.0072	0.0105	0.0454	0.1005	0.0105	-0.6505	-0.7406	0.1682	8	10	1	0	9	0.0039	0.5417	0	0.0072
0.0073	0.0176	0.0386	0.0928	0.0122	-0.6852	-0.7256	-0.0629	9	11	1	0	10	0.01	0.05	0	0.01
0.0064	0.0357	0.0381	0.091	0.0173	-0.1392	-0.3729	0.9174	10	0	1	0	11	0.01	0.05	0	0.01
0.0136	0.0376	-0.0533	0.136	-0.0269	-0.1076	-0.9119	0.3962	3	13	2	1	1	0.0013	0.375	1	0.0117
0.0136	0.0483	-0.0574	0.1017	-0.012	0.5875	-0.789	0.1795	12	14	2	1	2	0.0013	0.375	0	0.0117
0.0136	0.0663	-0.0313	0.0664	-0.0067	-0.883	-0.3628	0.2977	13	15	2	1	3	0.004	0.25	0	0.0079
0.015	0.0311	-0.0762	0.0337	0.0227	-0.6601	-0.2378	0.7125	14	16	2	1	4	0.0009	0.3333	0	0.0152
0.0136	0.0252	-0.1077	0.0277	0.0255	-0.7836	-0.4678	0.4089	15	17	2	1	5	0.0014	0.25	0	0.0108
0.0136	0.0061	-0.122	0.0157	0.0287	-0.7781	0.2082	-0.5927	16	18	2	1	6	0.01	0.05	0	0.01
0.0136	0.0546	-0.131	0.0273	0.0302	-0.8611	-0.1022	-0.4981	17	19	2	1	7	0.0014	0.2917	0	0.0103
0.0136	0.0308	-0.1792	0.0302	0.0086	-0.9527	0.0662	-0.2967	18	20	2	1	8	0.01	0.05	0	0.01
0.0154	0.0175	-0.1936	-0.0004	0.004	-0.7729	-0.42	-0.4755	19	21	2	1	9	0.0006	0.3333	0	0.02
0.0139	0.0538	-0.1964	-0.0145	-0.0222	-0.2081	0.8684	-0.4501	20	22	2	1	10	0.0013	0.4167	0	0.0139
0.0136	0.0087	-0.2085	0.0302	-0.0356	0.5204	0.8297	0.202	21	23	2	1	11	0.01	0.05	0	0.01
0.0136	0.0265	-0.2045	0.0534	-0.0374	-0.9542	0.0318	0.2976	22	24	2	1	12	0.0013	0.375	0	0.0112
0.0136	0.0347	-0.2313	0.0628	-0.0354	-0.856	0.1892	0.4812	23	25	2	1	13	0.01	0.05	0	0.01
0.0137	0.0356	-0.2421	0.0667	-0.029	-0.3203	-0.8734	-0.3668	24	26	2	1	14	0.0009	0.3333	0	0.0137
0.0136	0.0357	-0.2542	0.0374	-0.0413	-0.9312	-0.364	-0.0198	25	27	2	1	15	0.0011	0.4167	0	0.0136
0.0136	0.0051	-0.2895	0.0344	-0.0348	-0.8962	-0.3685	0.247	26	28	2	1	16	0.01	0.05	0	0.01
0.0136	0.025	-0.2941	0.0325	-0.0335	0.2067	-0.9658	-0.1563	27	0	2	1	17	0.01	0.05	0	0.01
0.01	0.0267	-0.0418	0.1546	-0.0804	0.7218	0.6884	-0.071	2	30	53	1	1	0.01	0.05	1	0.01
0.01	0.0453	-0.0226	0.173	-0.0823	0.8449	-0.5349	-0.0019	29	0	53	1	2	0.01	0.05	0	0.01
0.0115	0.0183	-0.0122	0.1646	-0.0196	0.472	0.5078	0.7207	3	32	5	1	1	0.0029	0.375	0	0.0117
0.0108	0.0196	-0.0066	0.173	-0.0107	-0	0.9782	-0.2078	31	33	5	1	2	0.01	0.05	0	0.01
0.0104	0.0544	-0.0066	0.1921	-0.0148	0.8762	0.4289	-0.2199	32	34	5	1	3	0.01	0.05	0	0.01
0.01	0.0378	0.0411	0.2154	-0.0267	0.0218	0.873	0.4873	33	0	5	1	4	0.01	0.05	0	0.01
0.0072	0.0796	0.0506	0.1118	0.0069	-0.7898	-0.5746	0.2145	8	36	6	1	1	0.0013	0.375	1	0.0103
0.0072	0.048	-0.0123	0.066	0.024	-0.5862	-0.7848	0.2011	35	37	6	1	2	0.0013	0.375	0	0.0103
0.0072	0.0615	-0.0468	0.0262	0.0343	0.3063	-0.9451	-0.1135	36	38	6	1	3	0.0035	0.25	0	0.014
0.0072	0.0211	-0.0219	-0.0305	0.0284	0.2365	-0.97	-0.0565	37	39	6	1	4	0.0062	0.225	0	0.0127
0.0071	0.0481	-0.0127	-0.0494	0.0251	0.2864	-0.9515	-0.1119	38	40	6	1	5	0.0008	0.2917	0	0.0104
0.0071	0.0442	-0.0101	-0.0968	0.0162	0.2014	-0.9593	-0.1981	39	41	6	1	6	0.01	0.05	0	0.01
0.0071	0.0137	-0.0009	-0.0925	0.029	0.3501	0.3912	-0.8511	40	42	6	1	7	0.001	0.4583	0	0.0116
0.0071	0.0581	0.0129	-0.0988	0.0428	0.828	-0.3373	-0.448	41	43	6	1	8	0.0077	0.4583	0	0.0113
0.0071	0.0252	0.0423	-0.1288	0.0288	0.4873	-0.8732	0.0058	42	44	6	1	9	0.0048	0.475	0	0.0085
0.0057	0.0262	0.0515	-0.1517	0.0309	0.3556	-0.9256	0.1293	43	45	6	1	10	0.0051	0.4688	0	0.0057
0.0071	0.0395	0.0739	-0.1686	0.0379	0.4859	-0.8739	0.0114	44	46	6	1	11	0.0047	0.4	0	0.0073
0.0062	0.0243	0.098	-0.1933	0.0362	0.8988	-0.4357	0.048	45	47	6	1	12	0.0041	0.4063	0	0.0062
0.0069	0.0207	0.1124	-0.214	0.0342	0.8193	-0.5452	-0.1773	46	48	6	1	13	0.01	0.05	0	0.01
0.007	0.0302	0.1274	-0.2294	0.0396	0.6394	-0.7441	-0.1939	47	49	6	1	14	0.004	0.3	0	0.0121
0.007	0.0449	0.1518	-0.2436	0.04	0.7578	-0.6234	0.1926	48	50	6	1	15	0.0031	0.14	0	0.0161
0.007	0.0275	0.1871	-0.2646	0.0502	0.9807	-0.1888	0.0507	49	51	6	1	16	0.0049	0.375	0	0.0083
0.007	0.0294	0.213	-0.2742	0.0489	0.9296	-0.3219	0.1793	50	52	6	1	17	0.007	0.075	0	0.015
0.0069	0.0497	0.2342	-0.2877	0.0609	0.7219	-0.635	0.275	51	53	6	1	18	0.004	0.4063	0	0.0094
0.0069	0.0199	0.2571	-0.3196	0.0849	0.5312	-0.5429	0.6505	52	54	6	1	19	0.0044	0.4063	0	0.0119
0.0065	0.0359	0.2821	-0.3329	0.0781	0.5204	-0.7114	0.4723	53	55	6	1	20	0.0082	0.3438	0	0.0065
0.0064	0.0284	0.3045	-0.3517	0.0986	0.8603	-0.5078	0.0438	54	56	6	1	21	0.01	0.05	0	0.01
0.0067	0.0273	0.3115	-0.3711	0.1119	0.5612	-0.6009	0.5692	55	57	6	1	22	0.0027	0.25	0	0.0259
0.0063	0.0369	0.3239	-0.388	0.1035	0.6056	-0.7937	-0.0579	56	0	6	1	23	0.01	0.05	0	0.01
0.0103	0.0284	0.0386	0.1612	-0.0016	0.0467	0.9437	-0.3275	5	59	10	1	1	0.0027	0.5	0	0.0103
0.0123	0.0484	0.044	0.1847	-0.0141	0.4305	0.8473	-0.3109	58	60	10	1	2	0.0037	0.125	0	0.0182
0.0103	0.0469	0.0697	0.1986	-0.0303	0.9842	0.1757	-0.02	59	61	10	1	3	0.0036	0.3	0	0.0088
0.0103	0.0237	0.1127	0.2011	-0.021	0.9357	-0.3375	0.1025	60	62	10	1	4	0.01	0.05	0	0.01
0.0103	0.0286	0.1236	0.2063	-0.0376	0.8614	0.0008	-0.5079	61	0	10	1	5	0.01	0.05	0	0.01
0.0069	0.0277	0.0779	0.1255	0.0114	0.7688	0.6394	-0.0143	10	64	11	1	1	0.01	0.05	1	0.01
0.0063	0.0283	0.0992	0.1432	0.011	0.3743	0.2842	-0.8827	63	65	11	1	2	0.01	0.05	0	0.01
0.0054	0.0182	0.1098	0.1512	-0.0139	0.5754	0.5947	-0.5614	64	66	11	1	3	0.01	0.05	0	0.01
0.0045	0.0115	0.1192	0.1677	-0.0235	0.8075	0.0849	0.5838	65	67	11	1	4	0.0044	0.175	0	0.01
0.0033	0.0105	0.1292	0.1678	-0.0131	0.3698	-0.8822	-0.2916	66	0	11	1	5	0.0004	0.075	0	0.01
0.0133	0.058	-0.0322	0.0516	-0.0073	-0.289	-0.2669	-0.9194	14	69	16	2	1	0.0028	0.4167	0	0.0133
0.0133	0.0289	-0.0344	0.0412	-0.0583	0.0122	0.3899	-0.9208	68	70	16	2	2	0.01	0.05	0	0.01
0.0133	0.0199	-0.0486	0.0459	-0.0744	-0.6336	0.2167	-0.7427	69	0	16	2	3	0.01	0.05	0	0.01
0.0129	0.0479	-0.1184	0.0124	0.0454	0.869	-0.4933	-0.0388	16	72	30	2	1	0.0023	0.4583	0	0.0129
0.0129	0.0045	-0.0793	-0.0072	0.0416	0.5929	-0.0263	-0.8049	71	0	30	2	2	0.0014	0.075	0	0.0223
0.0025	0.0356	-0.219	0.0642	-0.042	-0.766	0.0225	-0.6424	23	74	40	2	1	0.01	0.05	0	0.01
0.0025	0.0222	-0.2463	0.065	-0.0649	-0.2933	0.672	0.68	73	75	40	2	2	0.01	0.05	0	0.01
0.0025	0.0274	-0.2539	0.0774	-0.0509	-0.677	-0.0471	0.7345	74	0	40	2	3	0.01	0.05	0	0.01
0.0101	0.0348	-0.0133	-0.1027	0.0208	-0.5312	0.5365	0.6557	40	77	13	2	1	0.0024	0.4583	1	0.0101
0.0101	0.0642	-0.0318	-0.0841	0.0436	0.5832	-0.8023	-0.1275	76	78	13	2	2	0.0024	0.4583	0	0.0101
0.0101	0.0229	0.0078	-0.1279	0.0297	0.8766	-0.4233	-0.2287	77	79	13	2	3	0.01	0.05	0	0.01
0.0101	0.0067	0.0215	-0.1392	0.0324	0.3786	-0.9173	0.1236	78	80	13	2	4	0.0017	0.3333	0	0.0117
0.0101	0.0083	0.0232	-0.1411	0.0362	-0.6637	-0.5098	0.5474	79	81	13	2	5	0.01	0.05	0	0.01
0.0101	0.0265	0.0177	-0.1453	0.0407	0.3291	-0.9051	0.2693	80	82	13	2	6	0.01	0.05	0	0.01
0.0101	0.0201	0.0264	-0.1693	0.0478	-0.2691	-0.7818	-0.5625	81	0	13	2	7	0.01	0.05	0	0.01
0.0117	0.0651	0.0309	0.0907	0.0179	0.2602	-0.9388	0.2259	35	84	55	2	1	0.0032	0.5833	0	0.0117
0.0117	0.0535	0.0473	0.0301	0.0284	0.0662	-0.9902	-0.1227	83	85	55	2	2	0.001	0.375	0	0.0104
0.0117	0.0287	0.0488	-0.0181	0.0358	0.2353	-0.9074	0.3483	84	86	55	2	3	0.01	0.05	0	0.01
0.0117	0.0055	0.0627	-0.0225	0.0271	0.765	-0.5459	-0.3417	85	87	55	2	4	0.01	0.05	0	0.01
0.0117	0.0089	0.0663	-0.0262	0.0271	0.6304	0.642	0.4364	86	0	55	2	5	0.01	0.05	0	0.01
0.0079	0.0698	0.0015	-0.0724	0.0241	0.8725	-0.4747	-0.1154	39	89	22	2	1	0.0017	0.4583	0	0.0079
0.0079	0.0183	0.066	-0.0941	0.018	0.9528	-0.3016	-0.0343	88	90	22	2	2	0.01	0.05	0	0.01
0.0079	0.0003	0.0846	-0.1002	0.0174	0.4662	0.8761	-0.123	89	0	22	2	3	0.01	0.05	0	0.01
