radius (m)	length (m)	start_point	axis_direction	parent	extension	branch	branch_order	position_in_branch	mad	SurfCov	added	UnmodRadius (m)
0.0154	0.0746	-0.4616	0.0631	-0.1916	0.9081	0.1992	0.3683	0	2	1	0	1	0.0023	0.5417	0	0.0159
0.0128	0.0671	-0.3986	0.0809	-0.1518	0.9359	0.1248	0.3295	1	3	1	0	2	0.0018	0.4167	0	0.0128
0.0115	0.0729	-0.3329	0.0952	-0.1317	0.8498	-0.2544	0.4617	2	4	1	0	3	0.0014	0.3333	0	0.0115
0.0094	0.0425	-0.2717	0.0872	-0.0928	0.8087	-0.2189	0.546	3	5	1	0	4	0.001	0.2917	0	0.0094
0.0105	0.0191	-0.2348	0.0806	-0.0714	0.6083	-0.0443	0.7924	4	6	1	0	5	0.0039	0.5	0	0.0105
0.0105	0.0429	-0.2223	0.0689	-0.0608	0.9481	-0.0594	0.3123	5	7	1	0	6	0.0017	0.2917	0	0.0111
0.0066	0.041	-0.19	0.0626	-0.0414	0.5872	-0.0127	0.8093	6	8	1	0	7	0.004	0.5625	0	0.0051
0.0075	0.038	-0.1616	0.0577	-0.0131	0.5541	-0.3194	0.7688	7	9	1	0	8	0.01	0.05	0	0.01
0.0066	0.0231	-0.1667	0.0617	0.0146	-0.0685	-0.0194	0.9975	8	10	1	0	9	0.01	0.05	0	0.01
0.0056	0.0001	-0.1523	0.0583	0.0321	0.3101	-0.0917	0.9463	9	0	1	0	10	0.01	0.05	0	0.01
0.0147	0.0531	-0.4582	0.0757	-0.1782	0.171	0.6774	0.7155	1	12	2	1	1	0.0021	0.2188	1	0.0231
0.0142	0.1086	-0.4456	0.112	-0.1501	0.4839	0.8499	0.2086	11	13	2	1	2	0.0041	0.1333	0	0.0231
0.013	0.0644	-0.3913	0.1983	-0.1307	0.8962	0.3776	-0.233	12	14	2	1	3	0.0017	0.4583	0	0.0132
0.01	0.0265	-0.3412	0.2193	-0.1275	0.6722	0.6275	0.393	13	15	2	1	4	0.0066	0.4688	0	0.01
0.01	0.0001	-0.3349	0.2242	-0.121	0.0012	-0.3242	0.946	14	0	2	1	5	0.01	0.05	0	0.01
0.011	0.0296	-0.3301	0.1029	-0.1261	0.6644	0.6818	0.3063	2	17	3	1	1	0.003	0.5	1	0.011
0.011	0.055	-0.3104	0.1231	-0.1171	0.83	0.5566	0.035	16	18	3	1	2	0.003	0.5	0	0.011
0.0104	0.0488	-0.2618	0.1491	-0.1146	-0.2758	-0.0606	0.9593	17	19	3	1	3	0.0012	0.4167	0	0.0104
0.0117	0.0367	-0.2606	0.1243	-0.0695	0.7988	0.5545	-0.2334	18	20	3	1	4	0.0041	0.3	0	0.0173
0.0104	0.0246	-0.2267	0.1336	-0.0842	0.6219	0.565	-0.5422	19	21	3	1	5	0.01	0.05	0	0.01
0.0104	0.031	-0.2169	0.154	-0.092	0.4902	0.7693	-0.4098	20	0	3	1	6	0.01	0.05	0	0.01
0.0115	0.0773	-0.3342	0.0943	-0.1192	-0.2301	0.9068	-0.3533	3	23	62	1	1	0.002	0.5833	0	0.0116
0.0115	0.0882	-0.3533	0.1672	-0.1425	0.7704	0.6129	-0.1754	22	24	62	1	2	0.0011	0.4583	0	0.0115
0.0115	0.0494	-0.2818	0.2124	-0.1655	0.934	0.3562	0.0266	23	25	62	1	3	0.0014	0.2917	0	0.0126
0.0115	0.0057	-0.2399	0.221	-0.1591	0.9155	-0.2554	0.3108	24	26	62	1	4	0.01	0.05	0	0.01
0.0115	0.0052	-0.2382	0.2214	-0.1573	-0.4179	-0.8252	-0.3799	25	0	62	1	5	0.01	0.05	0	0.01
0.0102	0.0335	-0.2814	0.0684	-0.1063	0.1981	-0.975	-0.1005	3	28	7	1	1	0.0073	0.375	1	0.0102
0.0102	0.0635	-0.2748	0.0358	-0.1096	0.5994	-0.6528	-0.4633	27	29	7	1	2	0.0073	0.375	0	0.0102
0.0101	0.0015	-0.2312	-0.0089	-0.1137	0.1434	-0.9776	-0.1542	28	30	7	1	3	0.01	0.05	0	0.01
0.01	0.031	-0.231	-0.0104	-0.114	-0.3331	0.0569	-0.9412	29	0	7	1	4	0.01	0.05	0	0.01
0.0063	0.0202	-0.1621	0.0664	0.015	0.6225	0.5959	-0.5074	9	32	12	1	1	0.0027	0.4583	0	0.0099
0.0063	0.0502	-0.1327	0.0754	0.0092	-0.1204	-0.9702	-0.2101	31	33	12	1	2	0.001	0.25	0	0.0067
0.0063	0.0213	-0.1359	0.034	0.0034	0.7114	-0.5552	0.431	32	34	12	1	3	0.0013	0.2917	0	0.0106
0.0063	0.0386	-0.1229	0.0231	0.0134	0.4702	0.6758	0.5676	33	35	12	1	4	0.0007	0.4167	0	0.0074
0.0063	0.0471	-0.1165	0.0555	0.0347	0.4431	0.8565	0.2649	34	36	12	1	5	0.0097	0.275	0	0.0199
0.0063	0.0562	-0.0978	0.0667	0.0315	0.2567	-0.4736	0.8425	35	37	12	1	6	0.0103	0.4167	0	0.0071
0.0063	0.0113	-0.0623	0.0751	0.0545	0.8361	-0.5452	-0.0611	36	38	12	1	7	0.0064	0.3125	0	0.0086
0.0063	0.0398	-0.0652	0.0515	0.0569	0.8204	-0.5546	0.1394	37	39	12	1	8	0.0049	0.4688	0	0.0068
0.0063	0.0297	-0.0304	0.0328	0.0654	0.7349	-0.6486	0.1983	38	40	12	1	9	0.0009	0.4583	0	0.008
0.0063	0.0031	-0.0071	0.0144	0.0687	0.7408	-0.6472	0.18	39	41	12	1	10	0.0027	0.5938	0	0.0082
0.0063	0.0508	0.002	0.0136	0.0614	0.7196	-0.422	0.5515	40	42	12	1	11	0.0047	0.25	0	0.0158
0.0063	0.0448	0.0347	-0.0008	0.0816	0.5599	-0.4574	-0.6909	41	43	12	1	12	0.0011	0.4167	0	0.0105
0.0059	0.0312	0.063	-0.015	0.0639	0.9477	0.1276	-0.2927	42	44	12	1	13	0.0062	0.4583	0	0.0059
0.0063	0.0206	0.0934	-0.0153	0.0557	0.9126	0.2476	0.3255	43	45	12	1	14	0.005	0.1	0	0.0115
0.0063	0.0396	0.1065	-0.0171	0.0555	0.8541	-0.4549	-0.2523	44	46	12	1	15	0.0039	0.2	0	0.0134
0.0063	0.0611	0.1205	-0.0301	0.0744	0.5047	-0.7222	0.473	45	47	12	1	16	0.0081	0.375	0	0.0107
0.0063	0.0049	0.1619	-0.0611	0.0983	0.6456	-0.2433	0.7239	46	48	12	1	17	0.0046	0.1	0	0.015
0.0062	0.0221	0.1501	-0.0842	0.077	0.9013	-0.3814	-0.2052	47	49	12	1	18	0.0117	0.4167	0	0.0139
0.0062	0.034	0.1706	-0.0919	0.0945	-0.0106	-0.9994	0.033	48	50	12	1	19	0.01	0.05	0	0.01
0.0062	0.0293	0.1722	-0.1093	0.0684	-0.3569	-0.7868	-0.5035	49	51	12	1	20	0.0018	0.2	0	0.0132
0.0061	0.0112	0.17	-0.1197	0.0456	0.0085	-0.5391	-0.8422	50	52	12	1	21	0.01	0.05	0	0.01
0.0062	0.0617	0.1718	-0.1281	0.0403	0.9347	0.0998	-0.341	51	53	12	1	22	0.0012	0.2917	0	0.0094
0.0061	0.044	0.2274	-0.1311	0.0255	0.9213	-0.3416	-0.1858	52	54	12	1	23	0.01	0.05	0	0.01
0.0062	0.0005	0.2599	-0.1314	0.0329	0.8839	-0.013	0.4676	53	55	12	1	24	0.0007	0.3333	0	0.0104
0.0062	0.0315	0.2614	-0.1258	0.0277	0.405	0.5987	0.691	54	56	12	1	25	0.0041	0.3	0	0.02
0.0061	0.0819	0.2782	-0.1214	0.0433	0.9645	0.197	0.1762	55	57	12	1	26	0.0022	0.1333	0	0.0126
0.006	0.0327	0.3576	-0.1064	0.0562	0.9775	0.0768	0.1966	56	58	12	1	27	0.01	0.05	0	0.01
0.0062	0.0553	0.3846	-0.1238	0.0715	0.9685	-0.1527	0.1965	57	59	12	1	28	0.0056	0.225	0	0.0126
0.006	0.0377	0.437	-0.1244	0.0913	0.9896	-0.0195	0.1427	58	0	12	1	29	0.01	0.05	0	0.01
0.0102	0.0203	-0.135	0.0156	0.0077	-0.7918	-0.4872	-0.3685	34	61	64	2	1	0.0028	0.4167	1	0.0102
0.0102	0.0467	-0.1511	0.0057	0.0002	-0.5169	0.6861	-0.512	60	0	64	2	2	0.0028	0.4167	0	0.0102
0.0069	0.0694	-0.1324	0.0125	0.0192	0.392	-0.871	-0.2962	35	63	14	2	1	0.0014	0.4167	0	0.0117
0.0069	0.0258	-0.1049	-0.0403	-0.0184	0.8985	0.3941	0.1934	62	64	14	2	2	0.0014	0.3333	0	0.0126
0.0069	0.0457	-0.0831	-0.0321	-0.0159	0.9029	-0.3773	-0.2058	63	65	14	2	3	0.001	0.3333	0	0.0099
0.0069	0.0278	-0.0486	-0.0604	-0.0265	0.8577	-0.5012	-0.1144	64	66	14	2	4	0.0053	0.4063	0	0.0104
0.0069	0.0401	-0.0208	-0.0708	-0.0363	0.6013	-0.7963	-0.0653	65	67	14	2	5	0.0039	0.4688	0	0.0069
0.0069	0.0255	-0.0024	-0.1075	-0.0326	0.5832	-0.8088	-0.0758	66	68	14	2	6	0.01	0.05	0	0.01
0.0069	0.0319	0.0144	-0.1089	-0.0499	0.6818	-0.4987	-0.5352	67	0	14	2	7	0.01	0.05	0	0.01
0.006	0.0528	-0.0893	0.0455	0.0562	-0.0742	-0.6932	-0.7169	36	70	15	2	1	0.0031	0.5	1	0.0155
0.006	0.0325	-0.1011	0.0161	0.0148	0.3242	0.6876	0.6497	69	71	15	2	2	0.0045	0.35	0	0.0155
0.006	0.0512	-0.0907	0.0378	0.0349	0.7969	-0.5701	0.2001	70	72	15	2	3	0.0009	0.3333	0	0.0096
0.006	0.0328	-0.0499	0.0051	0.05	0.9542	0.2468	0.1692	71	0	15	2	4	0.0016	0.2917	0	0.0099
0.0112	0.0526	0.0998	-0.0107	0.0638	-0.7242	0.5034	0.4712	45	74	21	2	1	0.0032	0.3333	1	0.0164
0.0112	0.0386	0.0581	0.0118	0.0878	-0.7107	0.5681	0.415	73	75	21	2	2	0.0029	0.225	0	0.0164
0.0112	0.0536	0.0314	0.0341	0.1051	0.8426	-0.3721	-0.3893	74	76	21	2	3	0.0012	0.4167	0	0.0112
0.0112	0.032	0.0764	0.0151	0.0849	0.9908	0.1326	0.0267	75	77	21	2	4	0.0008	0.3333	0	0.0117
0.0112	0.0224	0.1036	0.0103	0.0737	0.9263	-0.3694	-0.0742	76	78	21	2	5	0.01	0.05	0	0.01
0.0112	0.0076	0.103	0.0222	0.0755	0.6707	0.6476	0.3615	77	79	21	2	6	0.01	0.05	0	0.01
0.0112	0.0455	0.1051	0.0271	0.0792	0.2388	-0.5083	0.8274	78	0	21	2	7	0.01	0.05	0	0.01
0.0095	0.0763	0.065	-0.0196	0.0599	0.3036	-0.2677	-0.9144	43	81	23	2	1	0.0019	0.5	0	0.0095
0.0095	0.0768	0.0937	-0.0331	0.0192	0.4755	0.8309	-0.2889	80	82	23	2	2	0.0098	0.3125	0	0.0103
0.0095	0.0751	0.1211	0.026	0.0158	0.4366	0.7985	0.4145	81	83	23	2	3	0.01	0.05	0	0.01
0.0095	0.0257	0.1786	0.0299	0.0209	0.9268	0.3145	0.2054	82	84	23	2	4	0.01	0.05	0	0.01
0.0095	0.0288	0.1947	0.0394	-0.0039	0.9058	0.3656	-0.2142	83	0	23	2	5	0.01	0.05	0	0.01
0.0056	0.0532	0.0676	-0.0075	0.0624	0.3608	-0.5675	-0.7401	43	86	26	2	1	0.0041	0.275	0	0.0121
0.0056	0.003	0.0855	-0.0432	0.0294	-0.0229	-0.7536	-0.6569	85	87	26	2	2	0.01	0.05	0	0.01
0.0056	0.0164	0.0854	-0.0455	0.0274	0.6049	-0.4854	-0.6313	86	88	26	2	3	0.01	0.05	0	0.01
0.0056	0.0196	0.0941	-0.0518	0.0177	0.8029	0.5445	0.2428	87	0	26	2	4	0.01	0.05	0	0.01
0.0091	0.0223	0.1109	-0.0135	0.0515	0.0338	0.899	-0.4366	45	90	31	2	1	0.0015	0.4167	1	0.0104
0.0091	0.052	0.1116	0.0066	0.0417	0.173	0.9687	0.1778	89	91	31	2	2	0.0015	0.4167	0	0.0104
0.0091	0.0341	0.1228	0.0569	0.046	0.6695	0.6879	0.2803	90	92	31	2	3	0.0014	0.3333	0	0.0135
0.0091	0.0389	0.1454	0.0803	0.0553	0.6739	0.3923	-0.6261	91	93	31	2	4	0.0013	0.4167	0	0.0091
0.0091	0.0003	0.1725	0.0965	0.0409	0.7848	0.6061	-0.1291	92	94	31	2	5	0.01	0.05	0	0.01
0.0091	0.0254	0.1744	0.0956	0.041	0.4616	0.6396	-0.6147	93	95	31	2	6	0.01	0.05	0	0.01
0.0091	0.0297	0.1861	0.1118	0.0254	0.8736	0.4865	0.0098	94	0	31	2	7	0.01	0.05	0	0.01
0.0065	0.0546	0.1087	-0.0093	0.0549	0.9306	0.363	-0.0471	44	97	32	2	1	0.01	0.05	1	0.01
0.0065	0.0364	0.1595	0.0105	0.0523	0.938	-0.3225	-0.1271	96	98	32	2	2	0.01	0.05	0	0.01
0.0065	0.0771	0.1983	-0.0054	0.0549	0.7649	0.6295	-0.1369	97	99	32	2	3	0.0008	0.4167	0	0.0065
0.0065	0.0341	0.2578	0.0401	0.0537	0.847	0.517	0.1238	98	100	32	2	4	0.01	0.05	0	0.01
0.0065	0.0068	0.2864	0.0583	0.0571	0.9323	0.3616	0.0088	99	101	32	2	5	0.0008	0.375	0	0.0085
0.0065	0.0374	0.287	0.0676	0.054	0.7594	0.6494	0.0402	100	102	32	2	6	0.0037	0.625	0	0.0097
0.0065	0.0173	0.309	0.0929	0.0584	0.179	0.979	0.0971	101	103	32	2	7	0.01	0.05	0	0.01
0.0065	0.0273	0.3147	0.1087	0.0621	0.1571	0.9357	0.3158	102	0	32	2	8	0.01	0.05	0	0.01
0.0135	0.0241	0.1226	-0.0301	0.0451	0.5426	-0.6111	-0.5764	45	105	33	2	1	0.0034	0.5	1	0.0135
0.0135	0.0311	0.1357	-0.0448	0.0313	0.6835	-0.6928	-0.23	104	106	33	2	2	0.0034	0.5	0	0.0135
0.0135	0.0249	0.1414	-0.0704	0.0173	0.1488	-0.9596	0.239	105	107	33	2	3	0.0092	0.375	0	0.0085
0.0135	0.0212	0.1385	-0.0654	0.0288	-0.9741	-0.2261	0.0065	106	108	33	2	4	0.01	0.05	0	0.01
0.0135	0.0147	0.1484	-0.0776	0.0255	-0.253	-0.9471	-0.1977	107	109	33	2	5	0.01	0.05	0	0.01
0.0135	0.0281	0.1447	-0.0915	0.0226	0.0733	-0.6936	-0.7166	108	0	33	2	6	0.01	0.05	0	0.01
0.0077	0.0179	0.1596	-0.1219	0.0581	-0.9359	-0.0881	-0.3412	50	111	43	2	1	0.0016	0.4583	1	0.0077
0.0077	0.0543	0.1429	-0.1235	0.052	-0.5485	-0.1287	-0.8262	110	112	43	2	2	0.0016	0.4583	0	0.0077
0.0077	0.0434	0.1252	-0.1327	0.0101	-0.2325	-0.9419	0.2424	111	113	43	2	3	0.0017	0.25	0	0.0126
0.0077	0.0497	0.1237	-0.1734	0.0076	0.2627	-0.9515	0.16	112	114	43	2	4	0.01	0.05	0	0.01
0.0077	0.0593	0.1175	-0.1732	0.0175	-0.9121	-0.3623	-0.192	113	115	43	2	5	0.004	0.325	0	0.0149
0.0077	0.0239	0.0655	-0.2001	0.011	-0.8986	-0.4291	-0.0914	114	116	43	2	6	0.01	0.05	0	0.01
0.0077	0.0423	0.0482	-0.1993	-0.0039	-0.812	-0.2789	-0.5126	115	117	43	2	7	0.01	0.05	0	0.01
0.0077	0.003	0.0376	-0.2025	0.0042	-0.7126	-0.2737	0.646	116	0	43	2	8	0.01	0.05	0	0.01
0.0025	0.0592	0.2546	-0.1398	0.014	-0.9693	-0.2224	0.1045	53	119	47	2	1	0.0103	0.2	1	0.018
0.0025	0.0379	0.209	-0.1529	0.0411	-0.8329	0.2945	0.4686	118	120	47	2	2	0.0067	0.2	0	0.018
0.0025	0.0284	0.1819	-0.1442	0.0629	-0.6159	0.1375	0.7758	119	0	47	2	3	0.0045	0.15	0	0.01
0.0025	0.0407	-0.0343	-0.0482	-0.0324	-0.09	0.2686	-0.959	64	122	24	3	1	0.01	0.05	0	0.01
0.0031	0.0361	-0.0436	-0.0308	-0.069	-0.7388	-0.4665	-0.4864	121	123	24	3	2	0.0011	0.3333	0	0.0096
0.0025	0.0235	-0.0654	-0.0459	-0.0799	-0.1203	-0.9355	0.3323	122	0	24	3	3	0.01	0.05	0	0.01
0.0113	0.0495	-0.0868	0.0154	0.0286	0.7521	-0.6236	-0.2133	69	125	18	3	1	0.002	0.4167	0	0.0113
0.0113	0.0037	-0.0459	-0.0149	0.0123	-0.8315	0.19	-0.522	124	126	18	3	2	0.01	0.05	0	0.01
0.0113	0.0262	-0.049	-0.0142	0.0104	-0.8651	0.0462	0.4994	125	0	18	3	3	0.01	0.05	0	0.01
0.0099	0.0263	0.1308	0.0018	0.0598	0.2856	0.4648	0.8381	96	128	68	3	1	0.0043	0.15	1	0.0149
0.0099	0.1227	0.1383	0.0141	0.0819	-0.1855	-0.8237	-0.5359	127	129	68	3	2	0.0043	0.15	0	0.0149
0.0099	0.0109	0.1287	-0.0813	0.0144	-0.4074	0.798	-0.4441	128	130	68	3	3	0.01	0.05	0	0.01
0.0099	0.043	0.1179	-0.066	0.0114	-0.6431	-0.4619	-0.6108	129	131	68	3	4	0.0009	0.4167	0	0.0099
0.0099	0.0254	0.1033	-0.0875	0.0016	-0.147	-0.9889	0.0212	130	132	68	3	5	0.0058	0.5833	0	0.0108
0.0099	0.0187	0.0784	-0.0992	-0.0172	-0.0838	-0.8579	-0.5069	131	133	68	3	6	0.0081	0.4583	0	0.014
0.0099	0.0346	0.0778	-0.1276	-0.0119	-0.6499	-0.6014	-0.4648	132	134	68	3	7	0.01	0.05	0	0.01
0.0099	0.0242	0.0822	-0.1486	-0.0342	-0.1666	-0.6758	-0.718	133	0	68	3	8	0.01	0.05	0	0.01
0.0062	0.0706	0.2871	0.0752	0.051	-0.6967	-0.4635	0.5476	101	136	50	3	1	0.0032	0.5	0	0.009
0.0062	0.0619	0.2364	0.0535	0.0843	-0.9915	-0.1282	0.0217	135	137	50	3	2	0.0073	0.325	0	0.0157
0.0062	0.0243	0.1782	0.0537	0.0877	-0.9006	0.266	0.3438	136	138	50	3	3	0.01	0.05	0	0.01
0.0062	0.0183	0.1824	0.0533	0.0882	0.3562	0.3681	0.8588	137	0	50	3	4	0.01	0.05	0	0.01
0.0094	0.0407	0.1296	-0.0389	0.0207	0.1889	0.8927	-0.4092	104	140	34	3	1	0.0014	0.4167	0	0.0094
0.0093	0.0475	0.1346	-0.019	0.0006	0.6221	-0.2583	0.7391	139	141	34	3	2	0.0072	0.5417	0	0.0093
0.0093	0.0005	0.1586	-0.0202	0.0112	-0.7053	-0.6922	-0.1532	140	142	34	3	3	0.01	0.05	0	0.01
0.0093	0.0184	0.1597	-0.0279	0.014	-0.1834	0.3226	0.9286	141	0	34	3	4	0.002	0.375	0	0.0093
0.0025	0.0418	0.2303	-0.1467	0.0145	-0.8483	-0.4341	-0.3033	118	144	52	3	1	0.0028	0.5417	1	0.0107
0.0025	0.0589	0.1944	-0.163	0.0032	0.9758	0.1107	0.1885	143	145	52	3	2	0.0073	0.3	0	0.0107
0.0025	0.0035	0.2522	-0.1614	0.0056	0.952	-0.2492	0.1776	144	146	52	3	3	0.0052	0.2	0	0.01
0.0025	0.0221	0.2553	-0.1658	0.0056	0.8339	-0.1451	0.5324	145	0	52	3	4	0.0022	0.125	0	0.01
0.0051	0.0411	0.2071	0.0578	0.0519	-0.3706	0.8619	-0.3461	0	148	75	0	1	0.0067	0.25	0	0.0122
0.006	0.011	0.1933	0.0865	0.0399	-0.066	-0.3131	-0.9474	147	149	75	0	2	0.01	0.05	0	0.01
0.0054	0.0144	0.1922	0.0836	0.0315	-0.7404	-0.6683	0.0721	148	0	75	0	3	0.01	0.05	0	0.01
