radius (m)	length (m)	start_point	axis_direction	parent	extension	branch	branch_order	position_in_branch	mad	SurfCov	added	UnmodRadius (m)
0.0134	0.0797	-0.2454	0.128	-0.1031	0.2335	-0.6114	0.7561	0	2	1	0	1	0.0025	0.6667	0	0.0133
0.0236	0.0655	-0.2008	0.0999	-0.052	0.5477	-0.3531	0.7585	1	3	1	0	2	0.0023	0.5417	0	0.0254
0.0185	0.0398	-0.1748	0.069	-0	0.4491	-0.3246	0.8324	2	4	1	0	3	0.0019	0.375	0	0.0194
0.0147	0.0407	-0.1186	0.0629	0.0092	0.4841	-0.6429	0.5935	3	5	1	0	4	0.0069	0.2917	0	0.0147
0.0121	0.0302	-0.1026	0.0269	0.0129	0.9705	-0.2333	-0.0602	4	6	1	0	5	0.0011	0.2917	0	0.0088
0.0117	0.048	-0.0702	0.0267	0.0124	0.8887	-0.3287	-0.3196	5	7	1	0	6	0.001	0.4167	0	0.0098
0.0133	0.0503	-0.0361	0.026	-0.0032	0.7099	0.3939	-0.5838	6	8	1	0	7	0.0008	0.2917	0	0.0133
0.0104	0.0434	0.006	0.0473	-0.0091	0.6785	0.6982	-0.2283	7	9	1	0	8	0.0115	0.3	0	0.008
0.01	0.0272	0.043	0.0536	-0.0266	0.926	0.1866	0.3281	8	10	1	0	9	0.01	0.05	0	0.01
0.0159	0.0376	0.0534	0.0868	-0.0421	0.8958	0.4436	-0.0297	9	11	1	0	10	0.0015	0.375	0	0.0192
0.01	0.0139	0.0379	0.0924	-0.0379	-0.2059	0.5211	-0.8283	10	12	1	0	11	0.01	0.05	0	0.01
0.01	0.0105	0.0329	0.1062	-0.0547	0.9579	0.098	-0.2699	11	0	1	0	12	0.01	0.05	0	0.01
0.0093	0.0936	-0.2482	0.1061	-0.0677	-0.7779	0.3024	0.5508	1	14	2	1	1	0.003	0.4375	0	0.009
0.0075	0.0415	-0.3212	0.1317	-0.0154	-0.8175	0.2235	0.5308	13	15	2	1	2	0.0023	0.5	0	0.0069
0.0102	0.0378	-0.346	0.1498	0.0127	-0.7196	0.3347	0.6084	14	16	2	1	3	0.0046	0.35	0	0.0125
0.0127	0.0013	-0.371	0.1659	0.0264	-0.5322	0.8265	0.1834	15	0	2	1	4	0.0057	0.25	0	0.0162
0.0232	0.0371	-0.2174	0.0863	-0.0416	-0.5085	-0.6931	0.5109	2	18	21	1	1	0.0044	0.4583	0	0.0232
0.0232	0.0206	-0.2302	0.0734	-0.0063	0.8749	-0.4817	0.0499	17	19	21	1	2	0.01	0.05	0	0.01
0.0232	0.0375	-0.1989	0.0499	-0.0163	0.0613	-0.5929	0.8029	18	0	21	1	3	0.0024	0.175	0	0.01
0.0171	0.0349	-0.0594	0.0343	0.0147	-0.3876	0.9106	-0.1438	6	21	4	1	1	0.0031	0.4167	0	0.0171
0.0171	0.0412	-0.0736	0.0466	0.0111	0.0965	0.0659	0.9931	20	22	4	1	2	0.0012	0.25	0	0.0201
0.0171	0.0095	-0.0681	0.0465	0.0491	-0.0298	-0.723	0.6903	21	23	4	1	3	0.0022	0.15	0	0.01
0.0171	0.0291	-0.072	0.0201	0.0522	-0.9765	0.1545	0.1501	22	24	4	1	4	0.0022	0.125	0	0.01
0.0171	0.0321	-0.1022	0.0532	0.054	-0.4273	0.0564	0.9023	23	0	4	1	5	0.0023	0.15	0	0.01
0.0099	0.0361	0.0285	0.0626	-0.0063	0.4852	-0.8099	0.3295	8	26	10	1	1	0.0033	0.4167	0	0.0131
0.0099	0.0694	0.0519	0.0369	0.0013	0.6488	-0.7002	0.298	25	27	10	1	2	0.0035	0.25	0	0.0149
0.0098	0.0462	0.0996	-0.0117	-0.001	0.5812	-0.8106	0.0712	26	28	10	1	3	0.0061	0.35	0	0.0126
0.0098	0.0222	0.1329	-0.0445	0.0111	0.7278	-0.6614	-0.181	27	29	10	1	4	0.0072	0.4375	0	0.0134
0.0097	0.0524	0.1495	-0.0585	0.0042	0.5752	-0.8084	-0.125	28	30	10	1	5	0.0057	0.12	0	0.0161
0.0096	0.046	0.1683	-0.1065	0.0023	0.3205	-0.8948	-0.3107	29	31	10	1	6	0.0046	0.4375	0	0.0107
0.0096	0.0259	0.1964	-0.119	-0.0012	0.9169	-0.3706	-0.1481	30	32	10	1	7	0.0086	0.4688	0	0.0129
0.0084	0.0045	0.2101	-0.1488	0.001	0.8082	-0.242	0.5368	31	33	10	1	8	0.006	0.5417	0	0.0084
0.0094	0.0436	0.2234	-0.1415	-0.0016	0.7068	-0.6489	0.2816	32	34	10	1	9	0.0013	0.4583	0	0.0103
0.0088	0.0301	0.2538	-0.1705	0.0093	0.7968	-0.5998	0.0723	33	35	10	1	10	0.0011	0.25	0	0.01
0.0064	0.0228	0.2785	-0.1862	0.0184	0.5702	-0.7913	0.2207	34	36	10	1	11	0.0052	0.5	0	0.0064
0.0086	0.0437	0.2942	-0.2007	0.0257	0.4926	-0.6982	0.5195	35	37	10	1	12	0.0046	0.25	0	0.0153
0.0086	0.039	0.3164	-0.2272	0.0448	0.9321	-0.317	-0.1751	36	38	10	1	13	0.001	0.3333	0	0.011
0.0075	0.0358	0.3504	-0.2466	0.0458	0.8897	-0.4378	-0.1291	37	39	10	1	14	0.01	0.05	0	0.01
0.0073	0.0279	0.3667	-0.2379	0.0568	0.7329	0.0331	0.6795	38	40	10	1	15	0.01	0.05	0	0.01
0.0071	0.0015	0.3731	-0.2408	0.0409	0.9232	-0.1355	-0.3596	39	0	10	1	16	0.01	0.05	0	0.01
0.0088	0.0593	-0.2732	0.1178	-0.0386	-0.5305	0.2796	0.8003	13	42	5	2	1	0.0044	0.4583	1	0.0245
0.0088	0.0445	-0.31	0.1355	0.0023	-0.6482	0.4567	0.6093	41	43	5	2	2	0.0132	0.275	0	0.0245
0.0088	0.0207	-0.3228	0.1365	0.028	0.708	0.5562	0.4352	42	44	5	2	3	0.01	0.05	0	0.01
0.0088	0.0351	-0.3082	0.1481	0.037	-0.5701	0.8186	-0.0697	43	0	5	2	4	0.01	0.05	0	0.01
0.0113	0.0276	0.1043	-0.0334	-0.0038	-0.4752	-0.2853	-0.8323	27	46	15	2	1	0.0029	0.4583	0	0.0121
0.0113	0.0493	0.1015	-0.0351	-0.0177	0.1516	0.7262	-0.6705	45	47	15	2	2	0.0061	0.4583	0	0.0113
0.0113	0.0157	0.1125	-0.0064	-0.0386	0.6578	0.7177	0.2284	46	0	15	2	3	0.004	0.3333	0	0.0117
0.0092	0.0582	0.1598	-0.1065	0.0088	-0.7928	0.0486	0.6075	30	49	16	2	1	0.0019	0.4167	1	0.0134
0.0092	0.0523	0.1136	-0.1037	0.0442	-0.2503	0.2927	0.9228	48	50	16	2	2	0.0019	0.4167	0	0.0134
0.0092	0.0238	0.101	-0.0885	0.0949	-0.7495	0.6318	0.1978	49	51	16	2	3	0.0014	0.2917	0	0.0117
0.0092	0.025	0.0844	-0.0748	0.095	0.956	-0.1062	0.2736	50	0	16	2	4	0.01	0.05	0	0.01
0.01	0.0376	0.0184	0.0067	0.0172	0.4937	-0.2623	-0.8291	0	53	13	0	1	0.0032	0.4167	0	0.01
0.01	0.0218	0.0403	-0.0031	-0.0152	-0.2944	-0.4895	-0.8208	52	0	13	0	2	0.01	0.05	0	0.01
0.0087	0.0333	0.1508	-0.0968	0.0169	-0.3533	0.8544	0.3809	48	55	25	3	1	0.0025	0.5	1	0.0105
0.0087	0.0753	0.139	-0.0684	0.0296	0.7509	-0.6589	-0.0444	54	56	25	3	2	0.0025	0.5	0	0.0105
0.0087	0.0279	0.1949	-0.0975	0.0189	0.9564	-0.0723	-0.2829	55	57	25	3	3	0.01	0.05	0	0.01
0.0087	0.0482	0.1886	-0.0874	0.0196	0.2894	0.9354	-0.203	56	0	25	3	4	0.01	0.05	0	0.01
