radius (m)	length (m)	start_point	axis_direction	parent	extension	branch	branch_order	position_in_branch	mad	SurfCov	added	UnmodRadius (m)
0.0177	0.084	-0.1327	0.2	-0.1769	0.6927	-0.5472	0.4698	0	2	1	0	1	0.0041	0.4583	0	0.0177
0.0241	0.0494	-0.0531	0.1405	-0.1438	0.4672	0.8509	-0.2404	1	3	1	0	2	0.0028	0.125	0	0.0367
0.0196	0.0746	-0.0346	0.1712	-0.151	-0.4297	0.4916	0.7574	2	4	1	0	3	0.0014	0.3333	0	0.0211
0.0133	0.0333	-0.0622	0.2213	-0.118	-0.7158	0.656	0.2392	3	5	1	0	4	0.01	0.05	0	0.01
0.0158	0.0011	-0.0497	0.2441	-0.084	-0.4023	0.7428	0.5351	4	6	1	0	5	0.0012	0.375	0	0.0158
0.0121	0.0561	-0.0495	0.2456	-0.095	0.8975	-0.4407	0.0194	5	7	1	0	6	0.0011	0.5417	0	0.0082
0.015	0.0695	0.0071	0.2275	-0.098	0.7548	-0.3875	0.5292	6	8	1	0	7	0.0018	0.4167	0	0.015
0.0103	0.0406	0.0566	0.2051	-0.062	0.7266	0.5422	0.4221	7	9	1	0	8	0.001	0.3333	0	0.0096
0.0094	0.0135	0.079	0.2332	-0.0463	0.6453	0.7628	0.0405	8	10	1	0	9	0.0059	0.625	0	0.0084
0.0108	0.0241	0.1027	0.2353	-0.0428	0.3836	0.8398	0.3842	9	11	1	0	10	0.0052	0.625	0	0.0108
0.0104	0.022	0.0919	0.2654	-0.0587	0.6143	0.7663	-0.1885	10	12	1	0	11	0.0084	0.4167	0	0.011
0.0084	0.0044	0.1011	0.2793	-0.0642	-0.1479	0.584	-0.7982	11	0	1	0	12	0.01	0.05	0	0.01
0.0142	0.1076	-0.0615	0.1729	-0.122	-0.9519	-0.2258	-0.2071	3	14	47	1	1	0.0035	0.5	0	0.0142
0.0142	0.0043	-0.1499	0.1578	-0.1512	-0.6312	0.6862	-0.3617	13	15	47	1	2	0.01	0.05	0	0.01
0.0142	0.0169	-0.1526	0.1608	-0.1528	-0.7627	0.6322	-0.1366	14	16	47	1	3	0.01	0.05	0	0.01
0.0142	0.0064	-0.1703	0.1689	-0.1546	-0.2519	0.31	-0.9168	15	0	47	1	4	0.01	0.05	0	0.01
0.0108	0.0722	-0.0197	0.1723	-0.1375	0.084	-0.8449	0.5283	3	18	4	1	1	0.0029	0.5417	0	0.0108
0.0093	0.0575	-0.0079	0.1103	-0.1007	-0.1693	-0.9841	0.0534	17	19	4	1	2	0.0013	0.375	0	0.0092
0.01	0.0044	-0.022	0.0596	-0.0931	-0.5954	-0.7204	0.3557	18	20	4	1	3	0.01	0.05	0	0.01
0.0129	0.0483	-0.0143	0.0473	-0.0992	-0.4674	-0.816	0.34	19	21	4	1	4	0.0015	0.4167	0	0.0133
0.01	0.0056	-0.0358	0.0115	-0.0953	-0.9086	-0.3743	-0.1854	20	22	4	1	5	0.01	0.05	0	0.01
0.0124	0.0245	-0.048	0.0009	-0.0928	0.4604	-0.0174	0.8876	21	23	4	1	6	0.0012	0.375	0	0.0125
0.0126	0.0306	-0.0297	-0.002	-0.0785	0.6927	-0.1358	0.7084	22	24	4	1	7	0.0019	0.4167	0	0.0129
0.014	0.0256	-0.0164	-0.0281	-0.0689	0.7569	-0.5006	0.4201	23	25	4	1	8	0.0096	0.4167	0	0.0153
0.009	0.0315	-0.0047	-0.0406	-0.06	-0.0791	-0.9832	0.1644	24	26	4	1	9	0.0052	0.5	0	0.0079
0.01	0.0046	-0.0065	-0.0464	-0.0404	0.1414	-0.495	0.8573	25	27	4	1	10	0.01	0.05	0	0.01
0.009	0.0424	-0.0096	-0.0534	-0.0314	0.0045	-0.7357	-0.6773	26	28	4	1	11	0.0011	0.4167	0	0.009
0.0134	0.0093	-0.0173	-0.0875	-0.0718	0.0396	-0.9749	0.219	27	29	4	1	12	0.0019	0.375	0	0.0149
0.0087	0.0371	-0.006	-0.1016	-0.0693	-0.2099	-0.5405	-0.8147	28	30	4	1	13	0.008	0.5	0	0.007
0.0086	0.0307	-0.0138	-0.1226	-0.075	0.3834	-0.9228	-0.0365	29	31	4	1	14	0.0056	0.375	0	0.0086
0.01	0.0315	-0.0024	-0.1502	-0.0749	0.1782	-0.8306	0.5275	30	32	4	1	15	0.01	0.05	0	0.01
0.0091	0.012	0.0157	-0.154	-0.0617	0.6788	-0.2727	0.6818	31	33	4	1	16	0.0007	0.3333	0	0.0091
0.0146	0.0376	0.0276	-0.1766	-0.0663	0.5889	-0.3642	0.7215	32	34	4	1	17	0.0042	0.2	0	0.0232
0.013	0.045	0.045	-0.1924	-0.0598	-0.3149	-0.9343	0.1673	33	35	4	1	18	0.0068	0.4375	0	0.0145
0.01	0.0396	0.0336	-0.2341	-0.0373	-0.13	-0.9907	0.0395	34	36	4	1	19	0.01	0.05	0	0.01
0.0112	0.0219	0.0467	-0.2672	-0.0511	0.1883	-0.9689	-0.1603	35	37	4	1	20	0.0013	0.375	0	0.0121
0.0097	0.0498	0.0621	-0.2747	-0.0519	0.7381	-0.6414	0.2093	36	38	4	1	21	0.0013	0.2917	0	0.0097
0.0072	0.0266	0.0668	-0.3119	-0.047	0.1073	-0.951	0.2901	37	39	4	1	22	0.0057	0.375	0	0.0053
0.01	0.0171	0.099	-0.3405	-0.0322	-0.1871	-0.9219	0.3393	38	40	4	1	23	0.0101	0.2963	0	0.0109
0.0092	0.0345	0.0817	-0.3543	-0.0184	0.2131	-0.7976	0.5643	39	0	4	1	24	0.01	0.05	0	0.01
0.0095	0.075	-0.0069	-0.0392	-0.0476	-0.0317	-0.1485	0.9884	24	42	16	2	1	0.0025	0.4583	0	0.0095
0.0117	0.0311	-0.0062	-0.0333	0.0253	-0.7079	0.1727	0.6849	41	43	16	2	2	0.0031	0.2	0	0.0282
0.01	0.0041	-0.0221	-0.0375	0.0494	-0.6608	-0.2052	0.722	42	44	16	2	3	0.01	0.05	0	0.01
0.0108	0.0626	-0.0301	-0.035	0.0632	0.6228	0.7794	0.0682	43	45	16	2	4	0.0013	0.375	0	0.0111
0.0077	0.0254	-0.0129	0.0192	0.0788	0.4109	0.8196	0.3993	44	46	16	2	5	0.0053	0.3438	0	0.0067
0.0076	0.0226	-0.0088	0.032	0.0923	-0.5584	0.6538	0.5107	45	47	16	2	6	0.0036	0.4688	0	0.0067
0.0099	0.0184	0.0037	0.0334	0.0959	0.068	-0.4122	0.9086	46	48	16	2	7	0.01	0.05	0	0.01
0.0117	0.0285	-0.0069	0.0368	0.1101	-0.0956	0.126	0.9874	47	49	16	2	8	0.0043	0.275	0	0.0182
0.0097	0.017	-0.0111	0.0489	0.1289	-0.8211	-0.48	-0.309	48	50	16	2	9	0.01	0.05	0	0.01
0.0095	0.0076	-0.022	0.0434	0.126	-0.7525	0.449	0.4818	49	51	16	2	10	0.01	0.05	0	0.01
0.0112	0.0422	-0.0371	0.0504	0.1163	-0.6497	0.4823	0.5876	50	52	16	2	11	0.001	0.3333	0	0.015
0.0069	0.0408	-0.0577	0.0715	0.1419	-0.1239	0.9906	0.0576	51	53	16	2	12	0.001	0.3333	0	0.0069
0.0089	0.0299	-0.0612	0.1064	0.1326	-0.267	0.8546	-0.4454	52	54	16	2	13	0.01	0.05	0	0.01
0.0067	0.0266	-0.0558	0.1208	0.145	0.4103	0.8956	0.1722	53	55	16	2	14	0.0011	0.4583	0	0.0067
0.0061	0.0214	-0.0392	0.1385	0.1552	0.5032	0.7886	0.3535	54	56	16	2	15	0.0049	0.5	0	0.0058
0.0083	0.0427	-0.0378	0.1657	0.1616	0.6086	0.6086	0.5092	55	57	16	2	16	0.0044	0.4375	0	0.0086
0.0053	0.0235	-0.0159	0.1925	0.1849	0.3158	0.8247	0.4691	56	58	16	2	17	0.0027	0.5	0	0.0051
0.0053	0.0312	-0.0141	0.2134	0.1947	0.1092	0.8452	0.5232	57	59	16	2	18	0.0042	0.5313	0	0.0053
0.0061	0.0403	-0.0098	0.2418	0.2067	-0.0481	0.9101	0.4117	58	60	16	2	19	0.01	0.05	0	0.01
0.0057	0.0233	-0.01	0.2448	0.1984	0.3178	0.5758	-0.7533	59	61	16	2	20	0.01	0.05	0	0.01
0.0054	0.0267	-0.006	0.2471	0.2028	0.7282	0.5575	0.3987	60	0	16	2	21	0.01	0.05	0	0.01
0.0083	0.0738	-0.0121	-0.125	-0.0888	-0.1173	-0.9886	-0.0943	29	63	17	2	1	0.0012	0.4583	1	0.01
0.0083	0.0353	-0.0207	-0.1979	-0.0958	-0.4201	-0.9	-0.1161	62	64	17	2	2	0.0012	0.4583	0	0.01
0.0083	0.0223	-0.03	-0.2322	-0.1074	0.0248	-0.9399	0.3404	63	65	17	2	3	0.01	0.05	0	0.01
0.0083	0.0168	-0.0294	-0.2532	-0.0999	0.9254	-0.3472	0.1518	64	0	17	2	4	0.01	0.05	0	0.01
0.0184	0.0316	0.0508	-0.2757	-0.0636	-0.9443	-0.2451	0.2197	36	67	29	2	1	0.0035	0.15	0	0.0114
0.0184	0.0377	0.0141	-0.2958	-0.0563	-0.0764	0.0761	0.9942	66	68	29	2	2	0.0017	0.4583	0	0.0184
0.0184	0.0304	0.0179	-0.2894	-0.0293	-0.5222	-0.6501	-0.552	67	69	29	2	3	0.0013	0.375	0	0.015
0.0184	0.012	0.0018	-0.3083	-0.0488	0.9757	-0.1785	-0.1273	68	70	29	2	4	0.0034	0.15	0	0.01
0.0184	0.0165	0.0267	-0.3262	-0.0437	0.3445	-0.1012	-0.9333	69	71	29	2	5	0.0012	0.125	0	0.01
0.0184	0.0035	0.0198	-0.3349	-0.0578	0.4333	-0.8343	-0.3408	70	0	29	2	6	0.003	0.15	0	0.01
0.0097	0.0599	0.07	-0.283	-0.0593	0.2583	0.773	-0.5794	37	73	33	2	1	0.0025	0.4167	0	0.0097
0.0097	0.0394	0.085	-0.2609	-0.0933	0.7564	-0.0327	-0.6533	72	74	33	2	2	0.0052	0.3438	0	0.0117
0.0097	0.0287	0.1182	-0.2375	-0.1145	0.8071	-0.0043	-0.5904	73	75	33	2	3	0.01	0.05	0	0.01
0.0097	0.0034	0.1479	-0.233	-0.1107	0.6631	0.6591	-0.3548	74	76	33	2	4	0.009	0.3	0	0.0205
0.0097	0.0338	0.1465	-0.2317	-0.0905	0.3275	0.9398	0.0975	75	77	33	2	5	0.001	0.375	0	0.0112
0.0097	0.0234	0.1605	-0.2014	-0.0872	0.4353	0.8725	-0.222	76	78	33	2	6	0.0011	0.3333	0	0.0113
0.0097	0.0011	0.1684	-0.1798	-0.0934	0.54	0.7269	-0.4242	77	79	33	2	7	0.01	0.05	0	0.01
0.0097	0.0071	0.1669	-0.1773	-0.0945	0.2009	-0.1184	-0.9724	78	0	33	2	8	0.01	0.05	0	0.01
0.019	0.044	-0.0259	-0.0461	0.0592	0.7564	-0.5662	-0.3274	44	81	20	3	1	0.0019	0.4167	1	0.019
0.019	0.0507	0.0074	-0.071	0.0448	0.5513	-0.3638	-0.7508	80	82	20	3	2	0.0019	0.4167	0	0.019
0.019	0.0435	0.036	-0.0907	0.001	0.9236	-0.3363	0.1839	81	83	20	3	3	0.0033	0.175	0	0.0119
0.019	0.0499	0.054	-0.1136	-0.0002	0.3972	-0.9074	-0.1369	82	84	20	3	4	0.0014	0.2917	0	0.0182
0.019	0.0268	0.076	-0.1582	-0.0124	0.1027	-0.9917	-0.0771	83	85	20	3	5	0.0015	0.125	0	0.01
0.019	0.0253	0.0865	-0.1536	-0.0093	-0.0573	0.1772	-0.9825	84	0	20	3	6	0.0019	0.1	0	0.0132
0.0025	0.0587	-0.0329	-0.0384	0.0527	-0.3941	-0.918	0.0438	42	87	21	3	1	0.01	0.05	0	0.01
0.0025	0.0283	-0.0561	-0.0923	0.0552	-0.6458	-0.7471	-0.1578	86	88	21	3	2	0.01	0.05	0	0.01
0.0025	0.0413	-0.0743	-0.1134	0.0508	-0.8686	0.1542	0.471	87	0	21	3	3	0.01	0.05	0	0.01
0.0099	0.0569	-0.0465	-0.0392	0.0658	-0.6962	0.687	-0.2082	44	90	22	3	1	0.001	0.375	0	0.0099
0.009	0.0516	-0.0845	-0.0003	0.0575	-0.2864	-0.9555	0.0699	89	91	22	3	2	0.0013	0.4167	0	0.009
0.0101	0.0281	-0.1038	-0.0566	0.0698	-0.4771	-0.5429	-0.6911	90	92	22	3	3	0.0007	0.3333	0	0.0102
0.0098	0.004	-0.12	-0.0652	0.0578	-0.5216	-0.7224	0.454	91	93	22	3	4	0.01	0.05	0	0.01
0.0097	0.0167	-0.1238	-0.0699	0.0575	0.4483	-0.8257	0.3425	92	94	22	3	5	0.01	0.05	0	0.01
0.0095	0.021	-0.1163	-0.0837	0.0633	0.454	-0.3067	-0.8365	93	95	22	3	6	0.01	0.05	0	0.01
0.0093	0.0049	-0.1068	-0.088	0.0446	-0.5374	-0.3831	-0.7513	94	0	22	3	7	0.01	0.05	0	0.01
0.0074	0.103	0.0075	0.0245	0.0819	0.9962	0.0863	-0.0101	46	97	27	3	1	0.0047	0.4688	0	0.0074
0.0074	0.034	0.0902	0.019	0.1054	0.7602	-0.5932	0.265	96	98	27	3	2	0.01	0.05	0	0.01
0.0074	0.0095	0.0952	0.0329	0.0879	0.8432	0.1073	-0.5268	97	0	27	3	3	0.01	0.05	0	0.01
0.0057	0.0394	-0.0654	0.0617	0.1476	-0.2382	-0.5346	-0.8109	51	100	34	3	1	0.007	0.275	0	0.0162
0.0051	0.027	-0.0896	0.0503	0.1207	0.2332	0.7087	-0.6658	99	0	34	3	2	0.0066	0.15	0	0.0114
0.0063	0.0231	-0.0512	0.1235	0.1518	0.7461	-0.4424	-0.4976	54	102	36	3	1	0.0011	0.4167	0	0.0063
0.0063	0.0143	-0.0314	0.1092	0.1429	0.4879	-0.2236	-0.8438	101	103	36	3	2	0.01	0.05	0	0.01
0.0063	0.0313	-0.0244	0.106	0.1309	0.6608	0.7021	0.2652	102	0	36	3	3	0.01	0.05	0	0.01
0.0098	0.0186	-0.0274	0.1664	0.161	0.7597	-0.4205	-0.496	56	105	38	3	1	0.003	0.5417	1	0.0133
0.0098	0.0354	-0.0133	0.1586	0.1518	0.1666	-0.4063	0.8984	104	106	38	3	2	0.003	0.5417	0	0.0133
0.0098	0.0473	-0.0075	0.1449	0.1849	0.8706	0.4589	-0.1772	105	107	38	3	3	0.0012	0.4167	0	0.0098
0.0098	0.0345	0.0339	0.1622	0.1808	0.9674	0.1966	0.1598	106	108	38	3	4	0.0044	0.5313	0	0.0116
0.0098	0.0337	0.0644	0.1669	0.1755	0.8703	0.3787	-0.315	107	109	38	3	5	0.01	0.05	0	0.01
0.0098	0.0205	0.0659	0.1623	0.1769	0.2729	0.214	0.9379	108	0	38	3	6	0.01	0.05	0	0.01
0.018	0.0359	0.0257	-0.0622	0.0219	0.0667	0.9977	0.0132	81	111	25	4	1	0.0104	0.2813	1	0.0189
0.018	0.0761	0.0281	-0.0264	0.0223	0.8239	-0.5667	0.0027	110	112	25	4	2	0.0104	0.2813	0	0.0189
0.0121	0.037	0.0833	-0.062	0.0114	0.5045	0.8344	0.222	111	113	25	4	3	0.01	0.05	0	0.01
0.01	0.0275	0.0734	-0.0524	0.0303	-0.1859	0.629	0.7548	112	0	25	4	4	0.01	0.05	0	0.01
0.0124	0.0397	-0.0515	0.246	0.203	0.9655	-0.2451	-0.0879	0	115	49	0	1	0.0084	0.325	0	0.0232
0.0109	0.015	-0.0243	0.2572	0.2037	0.7672	0.2951	0.5695	114	116	49	0	2	0.01	0.05	0	0.01
0.01	0.022	-0.0128	0.2616	0.2122	0.7675	-0.57	0.2934	115	0	49	0	3	0.01	0.05	0	0.01
