radius (m)	length (m)	start_point	axis_direction	parent	extension	branch	branch_order	position_in_branch	mad	SurfCov	added	UnmodRadius (m)
0.025	0.1196	-0.2692	-0.0746	-0.094	0.7335	-0.5267	0.4296	0	2	1	0	1	0.0043	0.625	0	0.0254
0.0184	0.1135	-0.1785	-0.1146	-0.0149	0.7352	-0.5582	0.3846	1	3	1	0	2	0.0026	0.9375	0	0.0184
0.0165	0.1237	-0.0744	-0.2908	0.0309	0.9649	0.1726	-0.1981	2	4	1	0	3	0.0165	0.4333	0	0.0431
0.0146	0.0513	0.0668	-0.2379	0.0321	0.7522	-0.6414	0.1507	3	5	1	0	4	0.0016	0.75	0	0.0146
0.0168	0.046	0.1123	-0.2905	0.0287	0.9318	0.3589	-0.0533	4	6	1	0	5	0.0023	0.625	0	0.0168
0.0251	0.0411	0.1477	-0.2624	0.0327	0.8311	0.5551	-0.0333	5	0	1	0	6	0.0074	0.325	0	0.0301
0.0216	0.1802	-0.2071	-0.0935	-0.0494	0.6552	0.7478	0.1073	1	8	2	1	1	0.0044	0.8438	0	0.0216
0.0211	0.061	-0.0941	0.0428	-0.0276	0.2185	0.9602	-0.174	7	9	2	1	2	0.003	0.5833	0	0.0212
0.0176	0.0993	-0.0523	0.1346	-0.0237	-0.7646	0.644	0.0245	8	10	2	1	3	0.0019	0.5625	0	0.0176
0.013	0.0565	-0.1333	0.1968	-0.0267	-0.3159	0.9483	-0.0315	9	11	2	1	4	0.0022	0.4583	0	0.0129
0.0143	0.1574	-0.1509	0.2505	-0.0367	-0.0839	0.9964	0.012	10	12	2	1	5	0.0018	0.6667	0	0.0143
0.013	0.0413	-0.1725	0.4001	-0.0222	-0.7758	0.6072	-0.1716	11	13	2	1	6	0.0017	0.4583	0	0.013
0.0129	0.0453	-0.2095	0.4356	-0.0311	-0.8352	-0.3155	0.4505	12	0	2	1	7	0.01	0.05	0	0.01
0.016	0.1406	0.1117	-0.2965	0.0128	-0.6155	-0.4747	-0.6291	5	15	3	1	1	0.0027	0.2917	1	0.0173
0.0159	0.0533	0.0252	-0.3632	-0.0756	0.8527	0.0865	0.5151	14	16	3	1	2	0.0027	0.2917	0	0.0173
0.0158	0.0543	0.088	-0.3747	-0.0537	0.6995	0.669	0.2514	15	17	3	1	3	0.0032	0.25	0	0.0194
0.0134	0.2294	0.1033	-0.3267	-0.0049	0.5038	0.8629	0.0393	16	18	3	1	4	0.0024	0.5417	0	0.0134
0.0158	0.0709	0.2345	-0.1369	-0.0028	0.4853	0.8711	0.0753	17	19	3	1	5	0.0024	0.5417	0	0.0182
0.0159	0.0622	0.2393	-0.0672	-0.0066	0.3313	0.8969	-0.2927	18	20	3	1	6	0.0021	0.6667	0	0.0199
0.0158	0.0392	0.2595	-0.0045	-0.0142	0.0745	0.838	-0.5406	19	21	3	1	7	0.0025	0.5833	0	0.0187
0.0159	0.0517	0.2797	0.0278	-0.0333	0.0749	0.929	-0.3623	20	22	3	1	8	0.002	0.6667	0	0.0175
0.0139	0.0344	0.2685	0.0871	-0.061	0.5397	0.8308	0.1358	21	23	3	1	9	0.0016	0.5833	0	0.0139
0.0134	0.0188	0.2724	0.1305	-0.0616	0.4672	0.6677	0.5796	22	0	3	1	10	0.01	0.05	0	0.01
0.0168	0.1407	-0.0346	-0.3001	0.0265	0.4735	-0.88	-0.0375	3	0	4	1	1	0.0069	0.625	0	0.0168
0.0135	0.0837	-0.1775	0.4017	-0.0389	-0.8805	-0.4736	0.0234	11	26	5	2	1	0.0024	0.6667	0	0.0135
0.0129	0.042	-0.2601	0.3709	-0.0396	-0.6911	-0.7209	-0.0523	25	27	5	2	2	0.0017	0.7083	0	0.0129
0.0123	0.0324	-0.2945	0.3428	-0.0473	-0.2663	-0.9566	-0.1185	26	28	5	2	3	0.0016	0.7083	0	0.0123
0.0136	0.0378	-0.316	0.2953	-0.0536	0.7869	-0.617	0.0056	27	0	5	2	4	0.0071	0.325	0	0.0202
0.02	0.2923	-0.0614	0.1419	-0.0649	0.7117	-0.5924	0.3776	8	30	17	2	1	0.0048	0.5625	0	0.0369
0.0199	0.1348	0.1517	-0.0308	0.0399	-0.0462	0.9981	0.041	29	31	17	2	2	0.0044	0.65	0	0.0228
0.0177	0.0516	0.1673	0.112	0.0578	-0.3776	0.9247	0.0492	30	32	17	2	3	0.0021	0.6667	0	0.0177
0.0134	0.0339	0.1541	0.164	0.0583	-0.3459	0.7595	0.5508	31	33	17	2	4	0.0017	0.625	0	0.0134
0.0134	0.0474	0.1341	0.187	0.0748	-0.3599	0.9076	0.2161	32	34	17	2	5	0.002	0.7083	0	0.0134
0.0171	0.0638	0.1307	0.2402	0.0834	-0.5888	0.7464	-0.3102	33	35	17	2	6	0.0026	0.7083	0	0.0171
0.0156	0.0422	0.0863	0.2849	0.0748	-0.1422	0.9769	0.1597	34	36	17	2	7	0.0021	0.75	0	0.0156
0.0198	0.0433	0.0663	0.3242	0.0697	-0.1815	0.9819	0.0545	35	37	17	2	8	0.0018	0.75	0	0.0198
0.0134	0.0273	0.0764	0.3807	0.064	0.0705	0.4245	0.9027	36	0	17	2	9	0.0022	0.4583	0	0.0132
0.0129	0.0347	0.2762	0.0169	-0.0222	0.7867	-0.3201	0.5279	20	39	13	2	1	0.003	0.5833	1	0.0129
0.0129	0.0698	0.3035	0.0058	-0.0039	0.7831	-0.5883	0.2014	38	40	13	2	2	0.003	0.5833	0	0.0129
0.0129	0.025	0.3575	-0.0343	0.0079	0.7487	0.6599	0.063	39	0	13	2	3	0.01	0.05	0	0.01
0.0173	0.129	0.2882	0.1074	-0.0442	-0.9978	-0.0536	-0.0384	22	42	18	2	1	0.0034	0.5	0	0.0181
0.0173	0.0744	0.156	0.1225	-0.0339	-0.9762	-0.0056	-0.2168	41	43	18	2	2	0.0025	0.4167	0	0.0173
0.0173	0.0294	0.0834	0.1373	-0.0357	-0.835	0.3793	-0.3987	42	0	18	2	3	0.0066	0.125	0	0.01
0.005	0.0618	-0.2453	0.3516	-0.0307	0.9352	-0.1633	-0.3141	25	0	19	3	1	0.0196	0.35	0	0.0531
0.0156	0.0997	0.1337	0.1509	0.0534	-0.9142	-0.1455	-0.3783	31	46	6	3	1	0.0031	0.625	0	0.0175
0.0156	0.0494	0.0306	0.1575	0.0045	0.691	0.6029	0.3987	45	47	6	3	2	0.0023	0.75	0	0.0156
0.0156	0.0292	0.069	0.1915	0.0368	-0.3087	0.9279	-0.2089	46	0	6	3	3	0.0018	0.5	0	0.0141
0.0132	0.1481	0.1685	-0.0295	0.0292	-0.0311	-0.9933	-0.1111	30	49	9	3	1	0.0045	0.4583	0	0.0132
0.0132	0.0288	0.1589	-0.177	0.0115	0.2156	-0.7301	-0.6485	48	0	9	3	2	0.01	0.05	0	0.01
0.0063	0.2094	0.1229	0.1842	0.068	0.4064	-0.8999	-0.158	33	0	10	3	1	0.0063	0.12	0	0.0118
