radius (m)	length (m)	start_point	axis_direction	parent	extension	branch	branch_order	position_in_branch	mad	SurfCov	added	UnmodRadius (m)
0.0089	0.0749	-0.1603	0.1107	-0.0372	0.9616	-0.0617	0.2673	0	2	1	0	1	0.0022	0.5	0	0.0089
0.0114	0.0323	-0.0998	0.1149	-0.0205	0.5266	0.7991	0.29	1	3	1	0	2	0.001	0.2917	0	0.0137
0.0081	0.0338	-0.0829	0.1411	-0.0181	0.3516	0.9355	0.0356	2	4	1	0	3	0.0008	0.25	0	0.0081
0.0076	0.0499	-0.0624	0.1652	-0.0179	0.6575	0.7477	0.0932	3	5	1	0	4	0.0049	0.275	0	0.0076
0.0073	0.0244	-0.0272	0.1784	-0.0118	0.9729	0.1052	0.2061	4	6	1	0	5	0.0041	0.3	0	0.0069
0.0081	0.0494	-0.0016	0.1924	-0.0083	0.9485	-0.1146	0.2953	5	7	1	0	6	0.0031	0.45	0	0.0081
0.0076	0.0203	0.0464	0.1887	-0.002	0.9864	0.0614	0.1526	6	8	1	0	7	0.003	0.4688	0	0.0076
0.0072	0.0502	0.0648	0.1857	-0.0023	0.9394	-0.3397	-0.0457	7	9	1	0	8	0.0042	0.375	0	0.006
0.0096	0.0382	0.1066	0.183	-0.0197	0.8789	-0.1511	-0.4524	8	10	1	0	9	0.01	0.05	0	0.01
0.0117	0.0649	0.0978	0.1873	0.0013	-0.1713	-0.9829	0.0679	9	11	1	0	10	0.0008	0.2917	0	0.0146
0.0096	0.0349	0.0936	0.1197	-0.0068	-0.0733	-0.9653	0.2506	10	12	1	0	11	0.0011	0.2917	0	0.0096
0.0072	0.0537	0.0891	0.0855	-0.0057	-0.0443	-0.9967	0.0674	11	13	1	0	12	0.0008	0.3333	0	0.0072
0.0082	0.0337	0.0963	0.0352	0.0068	0.2036	-0.9703	0.1308	12	14	1	0	13	0.0035	0.45	0	0.0082
0.0095	0.0338	0.1014	0.0012	0.0089	0.4519	-0.8785	0.1551	13	15	1	0	14	0.01	0.05	0	0.01
0.0117	0.0322	0.1203	-0.0168	0.0117	0.9496	-0.2548	0.1823	14	16	1	0	15	0.0023	0.2	0	0.0292
0.0105	0.0592	0.1513	-0.0255	0.0147	-0.5513	-0.8313	0.0706	15	17	1	0	16	0.0013	0.3333	0	0.0118
0.0089	0.03	0.1176	-0.0733	0.0199	-0.7455	-0.6453	0.1666	16	18	1	0	17	0.0008	0.375	0	0.0089
0.0074	0.0367	0.0898	-0.078	0.0247	-0.9382	-0.3461	0.0016	17	19	1	0	18	0.0041	0.4063	0	0.0074
0.0069	0.058	0.0562	-0.0937	0.0219	-0.9784	-0.1792	-0.1026	18	20	1	0	19	0.0031	0.475	0	0.0068
0.0092	0.0359	0.0006	-0.091	0.0106	-0.9787	0.0065	-0.2053	19	21	1	0	20	0.01	0.05	0	0.01
0.0074	0.001	-0.0269	-0.1103	0.0127	-0.9237	-0.3807	-0.0427	20	22	1	0	21	0.0012	0.4583	0	0.0074
0.0092	0.0183	-0.0282	-0.1057	0.0046	-0.918	-0.3554	-0.1762	21	23	1	0	22	0.0044	0.5833	0	0.0092
0.0094	0.014	-0.0446	-0.125	0.0058	-0.9764	-0.1019	-0.1902	22	24	1	0	23	0.0064	0.4583	0	0.0096
0.0087	0.03	-0.0612	-0.1247	0.005	-0.5129	-0.8575	-0.0403	23	25	1	0	24	0.0035	0.375	0	0.0087
0.009	0.0135	-0.0645	-0.1562	-0.0051	-0.5213	-0.8381	-0.1604	24	26	1	0	25	0.01	0.05	0	0.01
0.0115	0.0464	-0.0847	-0.1576	-0.0106	-0.5935	-0.8026	-0.0592	25	27	1	0	26	0.001	0.3333	0	0.0144
0.0089	0.0298	-0.114	-0.1946	-0.0021	-0.4765	-0.8769	-0.0634	26	28	1	0	27	0.01	0.05	0	0.01
0.0068	0.0207	-0.1042	-0.2218	-0.0079	-0.0786	-0.9746	-0.2098	27	29	1	0	28	0.0006	0.3333	0	0.0061
0.0088	0.0024	-0.1011	-0.2422	-0.0109	0.002	-0.9916	-0.1297	28	30	1	0	29	0.01	0.05	0	0.01
0.0087	0.0189	-0.1011	-0.2446	-0.0112	-0.7744	-0.6094	-0.1701	29	0	1	0	30	0.01	0.05	0	0.01
0.0078	0.063	0.086	0.0904	-0.0074	-0.9647	0.2635	-0.006	11	32	4	1	1	0.0026	0.4167	0	0.0078
0.0091	0.0379	0.0452	0.1117	-0.0003	-0.2622	0.9599	0.0996	31	33	4	1	2	0.0085	0.4167	0	0.0094
0.0063	0.0255	0.0398	0.1469	0.0018	0.319	0.9218	0.2203	32	34	4	1	3	0.0033	0.4063	0	0.0061
0.0091	0.0302	0.0411	0.1717	0.0066	0.1679	0.9767	0.1336	33	0	4	1	4	0.01	0.05	0	0.01
0.0076	0.0817	0.122	-0.0065	0.017	-0.9645	0.1953	-0.1779	15	36	7	1	1	0.0022	0.4167	0	0.007
0.0105	0.055	0.031	0.0118	-0.0147	-0.4223	0.8075	0.4117	35	37	7	1	2	0.0041	0.275	0	0.0204
0.0101	0.0452	-0.0051	0.0296	-0.005	-0.8248	0.5143	-0.235	36	38	7	1	3	0.0069	0.3438	0	0.0107
0.009	0.0349	-0.0434	0.0613	-0.0064	-0.9887	-0.1465	0.0326	37	39	7	1	4	0.01	0.05	0	0.01
0.0086	0.0212	-0.0464	0.0362	-0.0127	-0.5427	-0.8393	-0.0324	38	40	7	1	5	0.01	0.05	0	0.01
0.0082	0.0289	-0.0454	0.0182	0.0011	-0.3227	-0.9075	0.2689	39	41	7	1	6	0.01	0.05	0	0.01
0.0078	0.0166	-0.0574	0.0431	-0.0067	-0.9846	-0.0962	-0.1461	40	0	7	1	7	0.01	0.05	0	0.01
0.0082	0.0819	0.1356	-0.0671	0.0213	0.9615	0.2377	0.1377	16	43	8	1	1	0.0021	0.5	0	0.0082
0.0082	0.0064	0.2021	-0.0471	0.0327	0.0453	0.9961	0.0752	42	0	8	1	2	0.01	0.05	0	0.01
0.0025	0.0647	0.0342	-0.102	0.025	0.9529	-0.3023	-0.0259	19	45	9	1	1	0.0063	0.35	1	0.01
0.0025	0.0377	0.0937	-0.1119	0.0163	-0.9805	-0.0931	0.1729	44	46	9	1	2	0.0049	0.1	0	0.01
0.0025	0.0172	0.057	-0.1155	0.0228	-0.1758	-0.9681	0.1785	45	0	9	1	3	0.0015	0.15	0	0.01
0.0078	0.016	-0.0127	-0.0973	0.0146	-0.0741	-0.6865	0.7234	20	48	11	1	1	0.0017	0.375	1	0.0078
0.0078	0.0618	-0.0139	-0.1083	0.0262	-0.0366	0.9655	-0.2578	47	49	11	1	2	0.0017	0.375	0	0.0078
0.0084	0.0902	-0.0219	-0.0454	0.0236	-0.8024	0.4048	-0.4385	48	50	11	1	3	0.001	0.2917	0	0.0116
0.0074	0.0686	-0.0883	0.0002	-0.0072	-0.7191	0.6666	-0.196	49	51	11	1	4	0.01	0.05	0	0.01
0.0074	0.0469	-0.1039	-0.0155	-0.0103	-0.8695	-0.4384	0.2274	50	52	11	1	5	0.0006	0.3333	0	0.0091
0.0068	0.0164	-0.1463	-0.0497	0.0063	-0.6094	-0.2559	-0.7504	51	53	11	1	6	0.0087	0.25	0	0.0202
0.0051	0.0061	-0.1561	-0.0525	0.0005	-0.1227	-0.9687	0.216	52	54	11	1	7	0.01	0.05	0	0.01
0.0044	0.0241	-0.1529	-0.0587	0.0032	0.0449	-0.9217	-0.3852	53	0	11	1	8	0.0039	0.15	0	0.01
0.0064	0.0795	-0.1147	-0.181	-0.0076	-0.9002	0.4303	-0.0664	26	56	14	1	1	0.0017	0.4167	0	0.0064
0.0076	0.002	-0.179	-0.1385	-0.0158	-0.7656	0.6174	-0.1807	55	57	14	1	2	0.01	0.05	0	0.01
0.0067	0.051	-0.1866	-0.1383	-0.0126	-0.2166	0.9727	-0.0839	56	58	14	1	3	0.0006	0.3333	0	0.0067
0.0075	0.0335	-0.2048	-0.0914	-0.0168	-0.3481	0.9324	-0.0967	57	59	14	1	4	0.01	0.05	0	0.01
0.0073	0.0265	-0.1957	-0.0697	-0.014	0.3928	0.9145	0.097	58	60	14	1	5	0.0006	0.3333	0	0.0074
0.0072	0.0158	-0.1863	-0.0452	-0.0143	0.0829	0.9954	0.0486	59	61	14	1	6	0.01	0.05	0	0.01
0.0071	0.0129	-0.185	-0.0295	-0.0135	-0.6095	0.5489	0.572	60	0	14	1	7	0.01	0.05	0	0.01
0.0096	0.0385	0.1446	0.033	0.018	-0.6086	0.6612	-0.4386	0	63	20	0	1	0.0024	0.4583	0	0.0096
0.0096	0.0049	0.1192	0.0576	0.0068	-0.836	-0.4168	-0.357	62	64	20	0	2	0.01	0.05	0	0.01
0.0096	0.0116	0.1151	0.0556	0.0051	-0.3724	-0.7251	-0.5793	63	0	20	0	3	0.01	0.05	0	0.01
