radius (m)	length (m)	start_point	axis_direction	parent	extension	branch	branch_order	position_in_branch	mad	SurfCov	added	UnmodRadius (m)
0.0153	0.0454	0.1014	-0.0389	-0.1286	-0.431	0.6267	0.6492	0	2	1	0	1	0.002	0.375	0	0.0182
0.0117	0.0567	0.0866	-0.0159	-0.1041	0.022	-0.6591	0.7518	1	3	1	0	2	0.0011	0.625	0	0.0117
0.0116	0.025	0.0778	-0.037	-0.062	-0.6027	-0.3502	0.717	2	4	1	0	3	0.001	0.3333	0	0.0116
0.0122	0.0413	0.0624	-0.0498	-0.0459	-0.6982	-0.2383	0.6751	3	5	1	0	4	0.0015	0.4167	0	0.0125
0.0087	0.0376	0.0453	-0.0573	-0.0102	-0.4452	-0.413	0.7945	4	6	1	0	5	0.0031	0.6667	0	0.0086
0.0135	0.0536	0.0553	-0.0603	0.0038	-0.5835	0.6777	-0.4476	5	7	1	0	6	0.0015	0.4167	0	0.015
0.0084	0.0271	0.0229	-0.0326	-0.013	-0.3764	0.6251	0.6838	6	8	1	0	7	0.0009	0.3333	0	0.0078
0.0084	0.0432	0.0078	-0.0126	-0.0024	-0.4574	0.7022	0.5456	7	9	1	0	8	0.0011	0.5417	0	0.0084
0.011	0.0309	-0.0161	0.0094	0.0224	-0.7249	0.4436	0.527	8	10	1	0	9	0.001	0.3333	0	0.0113
0.0081	0.0312	-0.037	0.0254	0.0409	-0.8783	0.1012	0.4673	9	11	1	0	10	0.004	0.4	0	0.0081
0.0069	0.0278	-0.0608	0.031	0.0556	-0.3291	0.4536	0.8282	10	12	1	0	11	0.0038	0.625	0	0.0038
0.0099	0.0368	-0.0852	0.0437	0.0655	-0.6222	0.3052	0.7209	11	13	1	0	12	0.0049	0.375	0	0.0113
0.0054	0.0386	-0.1096	0.0519	0.0886	-0.9479	0.2113	0.2382	12	14	1	0	13	0.0025	0.425	0	0.0054
0.0062	0.0356	-0.1454	0.065	0.0916	-0.9555	0.2793	0.0948	13	15	1	0	14	0.01	0.05	0	0.01
0.0069	0.0262	-0.1711	0.0496	0.1022	-0.9408	-0.2382	0.241	14	16	1	0	15	0.0016	0.2917	0	0.0092
0.0052	0.0119	-0.1787	0.0295	0.1148	-0.6617	-0.6521	0.3699	15	17	1	0	16	0.01	0.05	0	0.01
0.005	0.0149	-0.1547	0.0428	0.107	-0.5428	0.3944	-0.7415	16	0	1	0	17	0.0001	0.075	0	0.01
0.0119	0.0348	0.0969	-0.0118	-0.1002	0.8759	0.4132	0.2492	2	19	2	1	1	0.0017	0.5	1	0.0119
0.0119	0.0495	0.1274	0.0025	-0.0915	-0.8914	0.2392	0.3849	18	20	2	1	2	0.0017	0.5	0	0.0119
0.0119	0.0117	0.0806	0.0141	-0.069	-0.3124	0.9367	-0.1583	19	0	2	1	3	0.0038	0.3333	0	0.0109
0.0108	0.0278	0.0936	-0.0309	-0.0992	0.4831	-0.8716	0.0828	1	0	3	1	1	0.0025	0.4583	0	0.0108
0.006	0.0588	-0.1605	0.0453	0.1072	-0.8859	0.31	0.3452	17	23	5	1	1	0.0007	0.375	1	0.008
0.006	0.0405	-0.2126	0.0635	0.1275	-0.8565	0.3734	0.3563	22	24	5	1	2	0.0007	0.375	0	0.008
0.006	0.0127	-0.248	0.0826	0.1364	-0.8564	0.3591	0.3709	23	25	5	1	3	0.0039	0.5417	0	0.006
0.006	0.0037	-0.2474	0.0823	0.1435	0.4041	0.9132	-0.0525	24	26	5	1	4	0.01	0.05	0	0.01
0.006	0.0265	-0.2459	0.0857	0.1433	-0.9748	0.0945	-0.2021	25	27	5	1	5	0.01	0.05	0	0.01
0.006	0.0217	-0.2717	0.0882	0.138	-0.8869	-0.1645	0.4317	26	0	5	1	6	0.01	0.05	0	0.01
0.0114	0.0407	-0.0904	0.0314	0.076	0.4919	-0.8631	0.1144	0	29	7	0	1	0.0042	0.325	0	0.0214
0.0105	0.0051	-0.0603	0.0126	0.0785	0.5003	-0.41	-0.7626	28	30	7	0	2	0.01	0.05	0	0.01
0.01	0.0106	-0.0571	0.0055	0.0761	-0.1755	-0.3101	-0.9344	29	0	7	0	3	0.01	0.05	0	0.01
