radius (m)	length (m)	start_point	axis_direction	parent	extension	branch	branch_order	position_in_branch	mad	SurfCov	added	UnmodRadius (m)
0.0091	0.0477	0.1048	0.2549	-0.0671	0.2756	-0.5672	0.7761	0	2	1	0	1	0.0023	0.5	0	0.0092
0.009	0.0111	0.1146	0.225	-0.0271	0.5402	-0.8201	-0.1887	1	3	1	0	2	0.01	0.05	0	0.01
0.0074	0.0292	0.1185	0.212	-0.0367	-0.5295	-0.6894	0.4943	2	4	1	0	3	0.0008	0.3333	0	0.0074
0.009	0.0017	0.111	0.1924	-0.0184	-0.4188	-0.1958	0.8867	3	5	1	0	4	0.01	0.05	0	0.01
0.0106	0.0675	0.1091	0.1895	-0.0305	-0.6122	-0.7676	0.1898	4	6	1	0	5	0.0008	0.3333	0	0.0144
0.009	0.0287	0.0732	0.1347	-0.0091	-0.7316	-0.6418	0.2298	5	7	1	0	6	0.01	0.05	0	0.01
0.0066	0.037	0.0514	0.1388	0.0006	-0.9036	-0.0869	0.4194	6	8	1	0	7	0.0004	0.4583	0	0.0055
0.0089	0.0345	0.0175	0.1409	0.0144	-0.8696	0.0738	0.4881	7	9	1	0	8	0.01	0.05	0	0.01
0.0079	0.0219	-0.014	0.1288	0.0146	-0.9355	-0.2203	0.2763	8	10	1	0	9	0.001	0.2917	0	0.0079
0.0082	0.0521	-0.0354	0.1252	0.0223	-0.8487	-0.5244	-0.0687	9	11	1	0	10	0.001	0.375	0	0.0082
0.0086	0.0087	-0.0399	0.0961	0.013	-0.0825	-0.9595	-0.2692	10	12	1	0	11	0.01	0.05	0	0.01
0.0086	0.0239	-0.0447	0.0781	0.0086	0.9183	-0.3551	-0.1751	11	13	1	0	12	0.01	0.05	0	0.01
0.0064	0.0199	-0.021	0.0796	0.0134	0.9739	-0.2218	0.0478	12	14	1	0	13	0.0008	0.4167	0	0.0064
0.0084	0.0178	-0.0064	0.069	0.0171	0.7915	-0.4192	0.4448	13	15	1	0	14	0.01	0.05	0	0.01
0.0103	0.0335	0.0099	0.0641	0.0218	0.221	-0.8292	-0.5134	14	16	1	0	15	0.003	0.25	0	0.0213
0.0061	0.0423	0.0217	0.0403	0.0135	0.4939	-0.8585	0.138	15	17	1	0	16	0.0007	0.2083	0	0.0057
0.0066	0.0323	0.0325	0.0027	0.0167	0.1149	-0.9933	0.0158	16	18	1	0	17	0.0043	0.5	0	0.0066
0.0058	0.036	0.0333	-0.0283	0.0185	-0.379	-0.9243	-0.0453	17	19	1	0	18	0.0029	0.5313	0	0.0053
0.0056	0.0293	0.0215	-0.0622	0.0146	-0.4495	-0.888	-0.0969	18	20	1	0	19	0.0034	0.5	0	0.0044
0.0075	0.0268	0.0221	-0.0853	0.0084	0.1319	-0.9496	-0.2844	19	21	1	0	20	0.01	0.05	0	0.01
0.0092	0.0363	0.0162	-0.078	0.0187	-0.8868	-0.0033	-0.4622	20	22	1	0	21	0.0011	0.3333	0	0.0114
0.0077	0.0225	-0.0204	-0.086	0.0028	-0.8115	0.4076	-0.4188	21	23	1	0	22	0.0009	0.2917	0	0.0087
0.0096	0.0157	-0.0364	-0.0785	0.0073	-0.297	0.9406	0.1643	22	24	1	0	23	0.0009	0.3333	0	0.0132
0.0071	0.013	-0.0358	-0.0647	0.0032	0.4888	0.8316	0.2635	23	0	1	0	24	0.01	0.05	0	0.01
0.0086	0.0526	0.1183	0.1891	-0.0142	0.6277	-0.7769	0.0499	4	26	6	1	1	0.0029	0.3333	0	0.0102
0.0085	0.0363	0.1544	0.1492	-0.0163	0.3908	-0.9186	0.0586	25	27	6	1	2	0.01	0.05	0	0.01
0.0085	0.0402	0.1618	0.1477	-0.027	0.9796	0.1994	-0.0243	26	28	6	1	3	0.0006	0.25	0	0.0119
0.0084	0.0307	0.2011	0.1531	-0.031	0.9687	0.1907	-0.159	27	29	6	1	4	0.0007	0.2917	0	0.0084
0.0084	0.0337	0.2307	0.1561	-0.0353	0.9903	-0.0731	-0.1185	28	30	6	1	5	0.0006	0.375	0	0.0089
0.0083	0.035	0.2633	0.158	-0.0349	0.971	0.2313	-0.0607	29	31	6	1	6	0.0011	0.25	0	0.0091
0.006	0.0358	0.2977	0.1397	-0.0322	0.995	0.0348	0.0938	30	32	6	1	7	0.0069	0.3125	0	0.0054
0.0067	0.0245	0.3373	0.1513	-0.0384	0.8756	-0.4626	-0.1388	31	33	6	1	8	0.0056	0.3438	0	0.0067
0.0058	0.0123	0.357	0.1506	-0.0362	0.9555	0.2381	-0.1741	32	34	6	1	9	0.0025	0.4167	0	0.0058
0.0071	0.0155	0.3696	0.1419	-0.0398	0.9972	0.0678	0.0306	33	35	6	1	10	0.01	0.05	0	0.01
0.0079	0.0111	0.3721	0.1537	-0.0288	0.758	0.4926	0.4275	34	36	6	1	11	0.0007	0.4167	0	0.0087
0.0068	0.0147	0.3795	0.1512	-0.0227	0.7895	0.0072	0.6137	35	37	6	1	12	0.01	0.05	0	0.01
0.0067	0.0056	0.3888	0.155	-0.0218	0.9414	0.3141	-0.1233	36	38	6	1	13	0.01	0.05	0	0.01
0.0064	0.0342	0.3941	0.1568	-0.0225	0.9342	0.0407	-0.3544	37	0	6	1	14	0.01	0.05	0	0.01
0.0075	0.0198	0.06	0.1182	0.0043	0.8885	-0.2544	0.3818	6	40	7	1	1	0.0014	0.375	0	0.0075
0.0085	0.0495	0.0798	0.1122	-0.0066	0.9905	0.0796	0.1123	39	41	7	1	2	0.001	0.25	0	0.0095
0.0085	0.0521	0.1236	0.1112	-0.001	0.6509	-0.6686	0.3596	40	42	7	1	3	0.0007	0.2917	0	0.0093
0.0084	0.0754	0.1581	0.0764	0.0166	0.6948	-0.6643	0.2756	41	43	7	1	4	0.0008	0.2083	0	0.0112
0.0083	0.0461	0.2128	0.0331	0.0329	0.9558	-0.1761	0.2356	42	44	7	1	5	0.0008	0.2917	0	0.0097
0.008	0.0341	0.2575	0.0244	0.0412	0.9648	-0.0561	0.257	43	45	7	1	6	0.01	0.05	0	0.01
0.0079	0.0734	0.2742	0.021	0.039	0.1732	-0.9766	-0.1271	44	46	7	1	7	0.0109	0.1	0	0.0273
0.0075	0.0715	0.267	-0.0199	0.0376	-0.8433	-0.5358	-0.0427	45	47	7	1	8	0.0048	0.2708	0	0.0084
0.0062	0.03	0.2181	-0.0734	0.0314	-0.806	-0.5876	-0.0721	46	48	7	1	9	0.0078	0.275	0	0.0066
0.0055	0.0263	0.1844	-0.0836	0.0347	-0.5808	-0.8089	0.0916	47	49	7	1	10	0.01	0.05	0	0.01
0.0058	0.0265	0.2033	-0.0913	0.0316	0.3895	-0.901	0.1908	48	50	7	1	11	0.0008	0.3333	0	0.0068
0.0047	0.0118	0.2096	-0.1141	0.0369	-0.1958	-0.8851	0.4221	49	51	7	1	12	0.0017	0.15	0	0.01
0.0044	0.0179	0.2047	-0.1232	0.0429	-0.5245	-0.8323	-0.1792	50	52	7	1	13	0.0005	0.125	0	0.01
0.0041	0.0289	0.1975	-0.1362	0.0386	0.7002	-0.5474	0.4584	51	0	7	1	14	0.0008	0.175	0	0.01
0.0077	0.0576	-0.0458	0.1275	0.0185	-0.2121	0.9716	0.1045	10	54	14	1	1	0.0014	0.375	0	0.0055
0.0077	0.0162	-0.0695	0.1722	0.0232	-0.6985	0.6835	0.212	53	55	14	1	2	0.0043	0.6667	0	0.0077
0.0078	0.0221	-0.0775	0.1931	0.0246	-0.9359	0.2568	-0.2412	54	56	14	1	3	0.0047	0.4167	0	0.0082
0.0077	0.0341	-0.0921	0.2017	0.0264	-0.4613	0.8863	0.0412	55	57	14	1	4	0.01	0.05	0	0.01
0.0077	0.0231	-0.0958	0.2319	0.0214	-0.0613	0.9913	-0.1167	56	58	14	1	5	0.0006	0.375	0	0.0078
0.0077	0.0416	-0.1016	0.2545	0.0171	-0.0224	0.9871	-0.1586	57	59	14	1	6	0.01	0.05	0	0.01
0.0077	0.0518	-0.1113	0.2928	0.007	-0.2099	0.9488	-0.2359	58	60	14	1	7	0.01	0.05	0	0.01
0.0077	0.0271	-0.1396	0.3164	0.0093	-0.7853	0.6066	0.1236	59	61	14	1	8	0.01	0.05	0	0.01
0.0077	0.0291	-0.1587	0.3353	0.0121	-0.7391	0.6644	0.1113	60	0	14	1	9	0.01	0.05	0	0.01
0.0078	0.0371	-0.0513	0.1245	0.0239	-0.9805	0.1264	0.1507	10	63	15	1	1	0.003	0.375	1	0.015
0.0078	0.0557	-0.0865	0.1323	0.0248	-0.9296	-0.1657	-0.3293	62	64	15	1	2	0.0057	0.2	0	0.015
0.0077	0.0592	-0.1281	0.1131	0.0025	-0.6463	-0.7412	0.1813	63	65	15	1	3	0.0068	0.175	0	0.0224
0.0077	0.0455	-0.133	0.0786	0.0077	0.2489	-0.9596	-0.1311	64	66	15	1	4	0.0119	0.325	0	0.0094
0.0075	0.0213	-0.1211	0.0357	0.0018	0.7336	-0.6734	-0.0914	65	67	15	1	5	0.01	0.05	0	0.01
0.0055	0.0971	-0.1165	0.0431	-0.001	-0.8813	-0.4539	-0.1316	66	68	15	1	6	0.0009	0.1667	0	0.0055
0.0073	0.0194	-0.1902	-0.0103	-0.0096	-0.6317	-0.7711	0.0795	67	69	15	1	7	0.01	0.05	0	0.01
0.007	0.0559	-0.2067	-0.0027	-0.0191	-0.9672	-0.2331	-0.1012	68	70	15	1	8	0.0006	0.3333	0	0.007
0.0052	0.0313	-0.2571	-0.0185	-0.0241	-0.5862	-0.8005	-0.1249	69	71	15	1	9	0.0007	0.25	0	0.0049
0.0051	0.0639	-0.2759	-0.0435	-0.0304	-0.2833	-0.9584	0.0339	70	72	15	1	10	0.0006	0.2917	0	0.0049
0.0067	0.0234	-0.2931	-0.1048	-0.0284	-0.0269	-0.9993	-0.0264	71	73	15	1	11	0.01	0.05	0	0.01
0.0062	0.0433	-0.3045	-0.1157	-0.0298	-0.7595	-0.6497	0.0312	72	74	15	1	12	0.0006	0.2917	0	0.0062
0.0062	0.0245	-0.3194	-0.1513	-0.0268	-0.3936	-0.9092	0.1359	73	75	15	1	13	0.01	0.05	0	0.01
0.006	0.0183	-0.3379	-0.1825	-0.0125	0.7499	-0.6574	0.0741	74	76	15	1	14	0.01	0.05	0	0.01
0.0067	0.0115	-0.3267	-0.1956	-0.0243	0.7107	-0.6995	-0.0752	75	77	15	1	15	0.0007	0.3333	0	0.0095
0.0057	0.0203	-0.3175	-0.2049	-0.017	0.6688	-0.7198	-0.1862	76	78	15	1	16	0.01	0.05	0	0.01
0.0063	0.0384	-0.3066	-0.2199	-0.0251	0.432	-0.8818	-0.1891	77	79	15	1	17	0.0016	0.2917	0	0.0091
0.0061	0.0397	-0.2995	-0.2451	-0.0158	-0.8861	-0.3029	-0.3507	78	80	15	1	18	0.0066	0.25	0	0.0149
0.0049	0.0019	-0.3215	-0.249	-0.013	-0.8163	0.22	0.5341	79	81	15	1	19	0.0032	0.175	0	0.01
0.0046	0.0201	-0.3239	-0.2545	-0.0121	-0.8563	0.1373	-0.498	80	0	15	1	20	0.001	0.15	0	0.01
0.0061	0.0449	-0.0346	0.0713	0.0147	0.252	-0.9389	0.2346	12	83	23	1	1	0.0014	0.2917	0	0.0055
0.0081	0.0839	-0.0235	0.0312	0.0144	-0.7211	-0.6832	-0.115	82	84	23	1	2	0.0009	0.375	0	0.0094
0.0076	0.0246	-0.0836	-0.0122	-0.002	-0.9394	-0.1306	-0.317	83	85	23	1	3	0.01	0.05	0	0.01
0.0072	0.0706	-0.0989	-0.0274	-0.003	-0.741	-0.6235	-0.2494	84	86	23	1	4	0.0008	0.25	0	0.0073
0.0065	0.0061	-0.1534	-0.0673	-0.0159	-0.9462	-0.2207	-0.2366	85	87	23	1	5	0.01	0.05	0	0.01
0.0067	0.0522	-0.1661	-0.0823	-0.0054	-0.7982	-0.1071	-0.5928	86	88	23	1	6	0.0042	0.175	0	0.0136
0.0053	0.002	-0.2081	-0.0865	-0.0213	-0.9183	0.3922	-0.0528	87	89	23	1	7	0.01	0.05	0	0.01
0.0047	0.0266	-0.21	-0.0861	-0.021	-0.9205	-0.2179	-0.3243	88	90	23	1	8	0.0014	0.1	0	0.01
0.004	0.0292	-0.2326	-0.0945	-0.0288	-0.8046	-0.5912	0.0559	89	0	23	1	9	0.0006	0.125	0	0.01
0.0062	0.1177	0.0409	-0.0289	0.0127	0.0626	-0.9956	0.0696	17	92	53	1	1	0.0016	0.3125	0	0.008
0.0062	0.0217	0.0433	-0.1439	0.0101	-0.4148	-0.9098	0.0135	91	93	53	1	2	0.0062	0.25	0	0.0171
0.0062	0.0517	0.0344	-0.1633	0.0107	-0.7835	0.5159	-0.3464	92	94	53	1	3	0.0009	0.3333	0	0.0092
0.006	0.0334	0.0066	-0.1313	0.0004	-0.3359	0.9371	-0.095	93	95	53	1	4	0.01	0.05	0	0.01
0.0057	0.0875	0.0102	-0.1356	-0.0006	-0.8485	-0.3755	-0.3728	94	96	53	1	5	0.001	0.375	0	0.0057
0.0056	0.0597	-0.0642	-0.17	-0.0307	-0.9973	-0.0084	-0.0728	95	97	53	1	6	0.0006	0.3333	0	0.0056
0.0054	0.0229	-0.121	-0.1734	-0.0234	-0.9676	-0.1614	0.1944	96	98	53	1	7	0.01	0.05	0	0.01
0.0056	0.0492	-0.141	-0.1667	-0.0234	-0.9827	0.1716	-0.0702	97	99	53	1	8	0.0008	0.3333	0	0.0093
0.0054	0.0326	-0.1842	-0.1696	-0.0254	-0.9131	-0.4046	0.051	98	100	53	1	9	0.0007	0.3333	0	0.0091
0.0046	0.0866	-0.2095	-0.1869	-0.0211	-0.6617	-0.7489	-0.0374	99	101	53	1	10	0.0039	0.2708	0	0.0052
0.0036	0.0613	-0.2534	-0.2584	-0.0266	-0.441	-0.8966	0.0389	100	102	53	1	11	0.0026	0.125	0	0.01
0.0032	0.0327	-0.3045	-0.2794	-0.0111	-0.7687	-0.615	0.1759	101	0	53	1	12	0.0011	0.15	0	0.01
0.0055	0.0931	0.3586	0.1482	-0.0312	-0.8827	-0.3119	0.3515	33	104	28	2	1	0.0014	0.4583	0	0.0074
0.0055	0.0268	0.2815	0.1135	0.0045	-0.7565	-0.6502	0.0709	103	105	28	2	2	0.01	0.05	0	0.01
0.0055	0.0201	0.2601	0.1109	-0.0006	-0.9633	-0.1714	-0.2067	104	106	28	2	3	0.01	0.05	0	0.01
0.0055	0.0276	0.2403	0.1092	-0.0026	-0.9844	-0.1142	-0.1341	105	0	28	2	4	0.01	0.05	0	0.01
0.0107	0.0177	0.2342	0.0223	0.0336	-0.1772	-0.7903	-0.5866	43	108	13	2	1	0.002	0.4167	1	0.0107
0.0107	0.0732	0.2311	0.0083	0.0233	-0.7459	-0.5341	0.398	107	109	13	2	2	0.002	0.4167	0	0.0107
0.0107	0.0136	0.1708	-0.0312	0.0374	-0.8841	0.3307	0.3301	108	110	13	2	3	0.0009	0.3333	0	0.0133
0.0107	0.0182	0.1591	-0.037	0.0336	-0.9222	0.2264	-0.3136	109	111	13	2	4	0.0012	0.25	0	0.0067
0.0107	0.067	0.145	-0.0359	0.0393	-0.6718	-0.7398	-0.0374	110	112	13	2	5	0.0008	0.375	0	0.0108
0.0107	0.0322	0.0951	-0.0771	0.0308	-0.8793	-0.4739	0.0475	111	113	13	2	6	0.01	0.05	0	0.01
0.0107	0.0305	0.0992	-0.0966	0.0191	-0.0672	-0.986	0.1526	112	114	13	2	7	0.001	0.375	0	0.0132
0.0107	0.0257	0.0875	-0.1272	0.0217	0.0676	-0.9948	-0.076	113	115	13	2	8	0.01	0.05	0	0.01
0.0107	0.0132	0.1056	-0.1321	0.0265	0.7951	-0.597	-0.1065	114	116	13	2	9	0.0008	0.375	0	0.0065
0.0107	0.0019	0.1098	-0.1435	0.0255	0.4857	-0.8311	0.271	115	117	13	2	10	0.01	0.05	0	0.01
0.0107	0.0098	0.1159	-0.1469	0.0252	-0.3505	-0.9177	-0.187	116	0	13	2	11	0.01	0.05	0	0.01
0.0065	0.0556	-0.0522	0.1771	0.0173	0.9513	0.2393	-0.1941	53	119	19	2	1	0.0018	0.375	0	0.0064
0.0073	0.0063	-0.0035	0.1915	0.002	0.6685	0.5609	-0.4883	118	120	19	2	2	0.01	0.05	0	0.01
0.0073	0.0145	0.0007	0.195	-0.0011	-0.5715	0.7843	-0.2415	119	121	19	2	3	0.01	0.05	0	0.01
0.0073	0.0128	-0.0069	0.2057	-0.0061	0.4152	0.8862	-0.2054	120	0	19	2	4	0.01	0.05	0	0.01
0.0074	0.0571	-0.0736	0.2	0.0237	0.7234	0.6487	-0.2365	55	123	20	2	1	0.0023	0.375	0	0.0098
0.0069	0.0649	-0.0446	0.2387	0.0087	0.1642	0.9424	-0.2912	122	124	20	2	2	0.0007	0.2917	0	0.0068
0.0074	0.0024	-0.0401	0.2991	-0.0124	-0.0012	0.9459	-0.3243	123	125	20	2	3	0.01	0.05	0	0.01
0.0074	0.0072	-0.0401	0.3014	-0.0132	0.4474	0.8672	-0.2187	124	0	20	2	4	0.01	0.05	0	0.01
0.0074	0.032	-0.0784	0.1339	0.0231	-0.2277	0.9139	-0.3361	62	127	21	2	1	0.002	0.4583	0	0.0097
0.0074	0.022	-0.0912	0.1559	0.019	-0.6546	0.7148	0.2462	126	128	21	2	2	0.0007	0.2917	0	0.007
0.0074	0.0016	-0.1072	0.1643	0.0194	-0.9256	-0.0535	0.3748	127	129	21	2	3	0.01	0.05	0	0.01
0.0074	0.0033	-0.1079	0.166	0.0224	0.0869	-0.8107	0.579	128	0	21	2	4	0.01	0.05	0	0.01
0.0063	0.0548	-0.119	0.0551	0.0037	0.9885	-0.0201	0.1496	65	131	38	2	1	0.0017	0.5	0	0.0063
0.0063	0.0312	-0.0645	0.0538	0.01	0.9832	0.0818	0.1634	130	132	38	2	2	0.01	0.05	0	0.01
0.0063	0.004	-0.0729	0.0532	0.01	-0.1308	0.0383	0.9907	131	0	38	2	3	0.01	0.05	0	0.01
0.0067	0.0847	-0.211	0.0031	-0.0171	-0.585	0.777	-0.2325	69	134	41	2	1	0.0009	0.375	0	0.0088
0.0067	0.0023	-0.2594	0.0696	-0.0279	-0.8167	0.5737	0.062	133	135	41	2	2	0.01	0.05	0	0.01
0.0067	0.0254	-0.2613	0.0709	-0.0277	-0.815	-0.4451	-0.3711	134	136	41	2	3	0.01	0.05	0	0.01
0.0067	0.026	-0.282	0.0596	-0.0372	-0.8914	0.2727	-0.362	135	0	41	2	4	0.01	0.05	0	0.01
0.0096	0.0151	-0.1764	0.0067	-0.0076	0.5323	-0.6889	0.4921	67	138	45	2	1	0.0015	0.4167	1	0.0096
0.0096	0.0353	-0.1684	-0.0037	-0.0002	0.8592	-0.2036	-0.4693	137	139	45	2	2	0.0015	0.4167	0	0.0096
0.0096	0.0054	-0.1399	-0.0196	-0.009	0.9408	-0.3145	-0.1266	138	140	45	2	3	0.01	0.05	0	0.01
0.0096	0.0178	-0.1348	-0.0213	-0.0097	0.6959	0.7043	-0.1407	139	141	45	2	4	0.01	0.05	0	0.01
0.0096	0.0134	-0.122	-0.0066	-0.0125	0.9809	-0.1923	0.0306	140	0	45	2	5	0.01	0.05	0	0.01
0.0049	0.0439	-0.2667	-0.0254	-0.0218	-0.219	0.9601	0.1738	70	143	47	2	1	0.0015	0.25	0	0.0051
0.0049	0.0568	-0.277	0.0168	-0.0227	-0.9961	0.0011	0.0882	142	144	47	2	2	0.0009	0.25	0	0.0069
0.0049	0.0051	-0.3307	0.0187	-0.0143	-0.8061	0.3214	0.4969	143	145	47	2	3	0.0015	0.125	0	0.01
0.0049	0.0178	-0.334	0.0205	-0.0154	-0.9733	0.0652	-0.2199	144	0	47	2	4	0.0012	0.125	0	0.01
0.0048	0.0379	-0.2805	-0.042	-0.0289	-0.9248	0.2457	0.2905	71	147	56	2	1	0.0019	0.225	0	0.0111
0.0048	0.0119	-0.3107	-0.037	-0.0244	-0.6156	-0.786	0.0568	146	148	56	2	2	0.0012	0.125	0	0.01
0.0048	0.0152	-0.3176	-0.0489	-0.03	-0.7535	-0.6232	0.2093	147	149	56	2	3	0.0012	0.125	0	0.01
0.0048	0.0143	-0.3266	-0.0577	-0.0278	0.2039	-0.9695	-0.136	148	0	56	2	4	0.0012	0.15	0	0.01
0.0059	0.0403	-0.315	-0.1567	-0.0255	0.7254	-0.5948	0.3465	74	151	58	2	1	0.0012	0.2917	0	0.0069
0.0056	0.048	-0.2868	-0.1747	-0.0228	0.9594	0.2766	0.0548	150	152	58	2	2	0.0009	0.2083	0	0.0079
0.0048	0.0301	-0.2398	-0.168	-0.0161	0.9081	0.3109	0.2806	151	153	58	2	3	0.0006	0.125	0	0.01
0.0041	0.0187	-0.2201	-0.1518	-0.0238	0.9075	0.2826	-0.3107	152	154	58	2	4	0.004	0.175	0	0.01
0.0035	0.0197	-0.2242	-0.1613	-0.0254	0.5664	-0.8221	-0.0574	153	155	58	2	5	0.0019	0.15	0	0.01
0.003	0.0115	-0.2271	-0.1634	-0.022	-0.7146	-0.6979	-0.0476	154	0	58	2	6	0.0006	0.1	0	0.01
0.006	0.0208	-0.2976	-0.2286	-0.0227	0.7323	0.0416	0.6797	78	157	66	2	1	0.0014	0.3333	1	0.0235
0.006	0.0367	-0.2822	-0.2242	-0.0282	0.9702	0.2373	0.0492	156	158	66	2	2	0.0045	0.225	0	0.0235
0.006	0.0006	-0.2529	-0.2026	-0.0217	0.9056	0.369	0.2092	157	159	66	2	3	0.01	0.05	0	0.01
0.006	0.016	-0.2523	-0.2023	-0.0215	0.4387	0.8332	0.3367	158	0	66	2	4	0.01	0.05	0	0.01
0.0073	0.0174	-0.0882	-0.0051	-0.0038	0.6397	0.75	-0.168	84	161	42	2	1	0.0019	0.3333	0	0.0088
0.007	0.0456	-0.0744	0.0062	-0.0073	0.5205	0.6632	0.5378	160	162	42	2	2	0.001	0.375	0	0.0072
0.0059	0.0153	-0.0499	0.0348	0.0102	0.8829	0.4696	0.0007	161	163	42	2	3	0.01	0.05	0	0.01
0.005	0.0056	-0.0374	0.0389	0.0147	0.7042	0.491	0.5129	162	164	42	2	4	0.0004	0.125	0	0.01
0.0036	0.0179	-0.0336	0.043	0.016	-0.2218	0.7486	0.6248	163	0	42	2	5	0.0006	0.125	0	0.01
0.0055	0.0261	-0.1907	-0.079	-0.021	-0.5553	0.8149	0.1664	87	166	62	2	1	0.0017	0.375	0	0.0054
0.0064	0.045	-0.2054	-0.0574	-0.0241	-0.9993	0.0156	0.033	165	167	62	2	2	0.0008	0.4167	0	0.0065
0.0056	0.0281	-0.2491	-0.0584	-0.0265	-0.9618	-0.0989	-0.2554	166	168	62	2	3	0.0024	0.5833	0	0.0055
0.0064	0.0009	-0.2742	-0.0678	-0.0313	-0.8699	-0.3681	-0.3283	167	0	62	2	4	0.0022	0.375	0	0.0067
0.0046	0.0479	0.0457	-0.0363	0.0177	0.9177	0.2778	0.284	91	170	79	2	1	0.0007	0.4583	0	0.0046
0.0046	0.0608	0.0803	-0.0142	0.0207	0.6259	0.775	0.0876	169	171	79	2	2	0.0036	0.475	0	0.0075
0.0046	0.0027	0.1161	0.0337	0.0249	0.3576	0.9315	-0.0664	170	0	79	2	3	0.0032	0.4688	0	0.0085
0.0054	0.1308	-0.0361	-0.1607	-0.0177	0.9591	-0.0269	0.2817	95	173	63	2	1	0.0024	0.4583	0	0.0098
0.0054	0.0359	0.0835	-0.1742	0.0166	0.8669	-0.4932	-0.0722	172	174	63	2	2	0.0036	0.4583	0	0.0088
0.0054	0.0353	0.117	-0.1883	0.01	0.7739	-0.6271	-0.0888	173	175	63	2	3	0.01	0.05	0	0.01
0.0054	0.0206	0.1122	-0.2106	0.0168	0.0706	-0.9743	0.214	174	0	63	2	4	0.01	0.05	0	0.01
0.0082	0.0306	0.0399	-0.1662	0.0108	-0.4894	-0.8702	0.0564	92	177	64	2	1	0.0009	0.375	0	0.0069
0.0082	0.0443	0.0212	-0.1866	0.013	-0.746	-0.3908	-0.5392	176	178	64	2	2	0.0006	0.2917	0	0.0054
0.0082	0.0265	-0.0145	-0.202	-0.0077	-0.5199	0.4537	-0.7238	177	179	64	2	3	0.0007	0.4167	0	0.0082
0.0082	0.0125	-0.0295	-0.1955	-0.0198	-0.9161	0.3775	0.1352	178	180	64	2	4	0.01	0.05	0	0.01
0.0082	0.0082	-0.0259	-0.1938	-0.0207	0.147	0.9578	-0.2469	179	181	64	2	5	0.01	0.05	0	0.01
0.0082	0.0077	-0.0249	-0.1864	-0.023	0.9576	-0.2773	-0.0778	180	0	64	2	6	0.01	0.05	0	0.01
0.0053	0.0118	-0.0964	-0.1736	-0.0375	0.2312	-0.5887	-0.7746	96	183	71	2	1	0.0039	0.375	1	0.0134
0.0052	0.0342	-0.0905	-0.1801	-0.0447	-0.4159	-0.423	0.8051	182	184	71	2	2	0.0068	0.3	0	0.0134
0.0047	0.0141	-0.102	-0.1968	-0.0295	-0.9288	-0.3419	-0.1432	183	185	71	2	3	0.005	0.175	0	0.01
0.0042	0.0167	-0.1156	-0.2014	-0.0317	-0.4025	-0.8906	-0.2118	184	186	71	2	4	0.0065	0.125	0	0.01
0.0033	0.0269	-0.1256	-0.2173	-0.0354	0.3052	-0.9488	-0.0816	185	0	71	2	5	0.0026	0.15	0	0.01
0.0051	0.0809	-0.1339	-0.1716	-0.0247	-0.5657	-0.8225	-0.059	97	188	72	2	1	0.0026	0.24	0	0.0168
0.0051	0.0368	-0.1725	-0.2416	-0.0312	-0.4533	-0.8868	-0.0905	187	189	72	2	2	0.01	0.05	0	0.01
0.0051	0.0248	-0.1642	-0.2594	-0.0221	0.3213	-0.8635	0.3887	188	190	72	2	3	0.01	0.05	0	0.01
0.0051	0.0005	-0.1679	-0.2595	-0.0277	-0.2535	-0.6502	-0.7163	189	0	72	2	4	0.01	0.05	0	0.01
