radius (m)	length (m)	start_point	axis_direction	parent	extension	branch	branch_order	position_in_branch	mad	SurfCov	added	UnmodRadius (m)
0.0107	0.061	0.1069	-0.2066	-0.1729	0.3478	-0.3376	0.8747	0	2	1	0	1	0.003	0.7083	0	0.0107
0.0107	0.0456	0.1196	-0.2246	-0.1233	-0.1733	0.5757	0.7991	1	3	1	0	2	0.0011	0.5417	0	0.0095
0.0113	0.0397	0.1107	-0.1994	-0.085	0.5557	0.5482	0.625	2	4	1	0	3	0.0009	0.3333	0	0.0113
0.0114	0.0222	0.128	-0.1769	-0.0587	0.2972	0.7962	0.527	3	5	1	0	4	0.0011	0.2917	0	0.0114
0.0136	0.0471	0.1233	-0.1648	-0.063	-0.7171	0.6364	0.2841	4	6	1	0	5	0.0071	0.5	0	0.0162
0.0107	0.0249	0.0997	-0.1288	-0.0609	-0.7112	0.6301	-0.3116	5	7	1	0	6	0.01	0.05	0	0.01
0.0133	0.0162	0.0868	-0.1397	-0.0564	-0.8384	0.0972	0.5364	6	8	1	0	7	0.0014	0.4167	0	0.0181
0.0128	0.0185	0.0923	-0.1227	-0.0358	-0.6855	0.7027	0.1907	7	9	1	0	8	0.0014	0.3333	0	0.0134
0.0107	0.0326	0.0735	-0.1075	-0.0451	-0.6342	0.653	0.414	8	10	1	0	9	0.005	0.4583	0	0.0098
0.0107	0.0229	0.0529	-0.0947	-0.0345	-0.8524	0.1671	-0.4954	9	11	1	0	10	0.01	0.05	0	0.01
0.0107	0.0112	0.038	-0.0836	-0.0459	-0.685	0.4336	-0.5855	10	12	1	0	11	0.001	0.375	0	0.0098
0.0107	0.0276	0.0366	-0.0945	-0.0547	-0.3335	0	-0.9427	11	13	1	0	12	0.01	0.05	0	0.01
0.0107	0.0707	0.0378	-0.1041	-0.0605	-0.5511	0.6068	0.5728	12	14	1	0	13	0.0011	0.3333	0	0.0086
0.0107	0.0154	-0.0075	-0.07	-0.028	-0.8812	0.3561	0.311	13	15	1	0	14	0.01	0.05	0	0.01
0.0107	0.0171	-0.0122	-0.0719	-0.0306	-0.7194	-0.2075	-0.6629	14	16	1	0	15	0.01	0.05	0	0.01
0.0107	0.0155	-0.0125	-0.0592	-0.0433	-0.6322	0.417	-0.653	15	17	1	0	16	0.0012	0.3333	0	0.0106
0.0107	0.0042	-0.0244	-0.0599	-0.054	-0.907	0.2978	-0.2978	16	18	1	0	17	0.01	0.05	0	0.01
0.0107	0.0247	-0.0282	-0.0586	-0.0552	-0.7516	0.6006	-0.2727	17	0	1	0	18	0.01	0.05	0	0.01
0.0086	0.0129	0.1105	-0.2078	-0.0775	0.0384	0.8661	0.4983	3	20	2	1	1	0.0014	0.4583	0	0.0086
0.0086	0.0376	0.1067	-0.1984	-0.0724	-0.3941	0.911	0.1216	19	21	2	1	2	0.0008	0.2917	0	0.0062
0.0091	0.0042	0.0939	-0.1649	-0.0707	0.0898	0.9736	-0.21	20	22	2	1	3	0.01	0.05	0	0.01
0.009	0.0229	0.0943	-0.1608	-0.0715	-0.5108	0.8405	0.1808	21	23	2	1	4	0.01	0.05	0	0.01
0.0089	0.0152	0.0846	-0.1406	-0.0646	-0.7608	0.5539	0.3382	22	0	2	1	5	0.01	0.05	0	0.01
0.0097	0.0168	0.0734	-0.0924	-0.0375	-0.0082	0.8926	0.4508	9	25	5	1	1	0.0025	0.5417	1	0.0097
0.0097	0.0455	0.0732	-0.0774	-0.0299	-0.5893	0.6669	0.4561	24	26	5	1	2	0.0025	0.5417	0	0.0097
0.0101	0.04	0.0561	-0.0537	-0.0128	0.5835	0.808	0.0821	25	27	5	1	3	0.0007	0.3333	0	0.0106
0.01	0.0296	0.0737	-0.0165	-0.0091	0.6353	0.7388	0.2249	26	28	5	1	4	0.01	0.05	0	0.01
0.0099	0.0046	0.0741	-0.0225	-0.0068	-0.171	-0.0414	0.9844	27	29	5	1	5	0.01	0.05	0	0.01
0.0099	0.0197	0.0733	-0.0227	-0.0023	-0.5487	0.383	0.7431	28	30	5	1	6	0.01	0.05	0	0.01
0.0097	0.0352	0.0625	-0.0151	0.0124	-0.0862	0.9778	0.1908	29	0	5	1	7	0.01	0.05	0	0.01
0.0099	0.0546	0.0579	-0.0782	-0.0366	-0.7478	0.5175	0.4159	9	32	6	1	1	0.0051	0.2	0	0.0219
0.0073	0.0399	0.041	-0.0306	-0.024	-0.159	0.6063	0.7792	31	33	6	1	2	0.0071	0.4583	0	0.007
0.0089	0.0157	0.0201	-0.015	0.0097	-0.482	0.8646	0.142	32	34	6	1	3	0.0046	0.625	0	0.0089
0.01	0.0495	0.0101	-0.0135	0.0008	-0.9836	0.0254	0.1785	33	35	6	1	4	0.0055	0.4063	0	0.0104
0.0099	0.0169	-0.0371	-0.0169	0.0075	-0.9502	-0.189	-0.2479	34	36	6	1	5	0.0053	0.5938	0	0.01
0.0064	0.0008	-0.037	-0.0286	0.0071	-0.436	-0.8898	-0.1348	35	37	6	1	6	0.0028	0.7083	0	0.0064
0.0098	0.0532	-0.0387	-0.0271	0.0144	-0.9004	0.3398	-0.2719	36	38	6	1	7	0.0013	0.5	0	0.0098
0.0098	0.0306	-0.086	-0.0088	-0.0013	-0.2559	0.9599	0.1143	37	39	6	1	8	0.0013	0.2917	0	0.0139
0.0096	0.0256	-0.1018	0.0133	0.012	-0.0231	0.8089	0.5874	38	40	6	1	9	0.01	0.05	0	0.01
0.0099	0.012	-0.1005	0.0332	0.028	0.2045	0.9099	0.361	39	41	6	1	10	0.0029	0.225	0	0.0165
0.0076	0.0443	-0.0888	0.0405	0.0318	0.3609	0.8799	0.3091	40	42	6	1	11	0.0012	0.3333	0	0.0076
0.0096	0.024	-0.0791	0.0784	0.0481	-0.1042	0.9855	0.1337	41	43	6	1	12	0.01	0.05	0	0.01
0.0087	0.0154	-0.0827	0.1022	0.0473	-0.4154	0.8998	0.1337	42	44	6	1	13	0.0012	0.375	0	0.0087
0.0087	0.0317	-0.0893	0.1155	0.0483	-0.4371	0.8558	-0.2768	43	45	6	1	14	0.0011	0.2917	0	0.0087
0.0099	0.0168	-0.1136	0.1346	0.0602	-0.6468	0.7621	-0.0293	44	46	6	1	15	0.0057	0.4583	0	0.0105
0.009	0.0029	-0.1244	0.1529	0.0582	-0.7599	0.1784	0.6251	45	47	6	1	16	0.0043	0.6667	0	0.009
0.0097	0.0442	-0.1162	0.1472	0.055	0.561	0.8156	0.1415	46	48	6	1	17	0.0016	0.3333	0	0.0102
0.0098	0.0357	-0.0897	0.1824	0.0502	0.6571	0.7523	0.0474	47	49	6	1	18	0.0047	0.375	0	0.011
0.0093	0.0177	-0.0665	0.2115	0.0574	0.5153	0.806	-0.2913	48	50	6	1	19	0.01	0.05	0	0.01
0.0093	0.0018	-0.0769	0.1931	0.0555	0.1866	-0.0141	0.9823	49	51	6	1	20	0.01	0.05	0	0.01
0.0097	0.0771	-0.068	0.183	0.0684	0.5834	0.7728	0.2496	50	52	6	1	21	0.0021	0.3333	0	0.0139
0.009	0.0354	-0.0388	0.2441	0.0869	0.104	0.9655	-0.2388	51	53	6	1	22	0.0009	0.2917	0	0.009
0.0092	0.0288	-0.0383	0.2736	0.0706	-0.2828	0.8683	-0.4075	52	54	6	1	23	0.01	0.05	0	0.01
0.009	0.0103	-0.0282	0.2943	0.0771	0.3265	0.9392	-0.1062	53	55	6	1	24	0.0009	0.375	0	0.009
0.0095	0.0212	-0.0313	0.3192	0.0804	0.7876	0.1636	0.594	54	56	6	1	25	0.0036	0.225	0	0.0158
0.0091	0.0056	-0.0239	0.3195	0.0967	0.0024	0.7514	0.6598	55	57	6	1	26	0.01	0.05	0	0.01
0.0089	0.0484	-0.0222	0.3184	0.0928	0.491	0.7606	-0.4247	56	58	6	1	27	0.001	0.4583	0	0.0089
0.0098	0.0423	-0.0001	0.3496	0.0734	-0.8188	0.3338	0.4672	57	59	6	1	28	0.001	0.5	0	0.0106
0.0084	0.0107	-0.0131	0.3769	0.0869	-0.3474	0.7997	0.4896	58	60	6	1	29	0.0063	0.5	0	0.0084
0.0088	0.0035	-0.0166	0.3669	0.0909	0.9512	-0.0076	0.3084	59	61	6	1	30	0.01	0.05	0	0.01
0.0088	0.0152	-0.0129	0.3659	0.0914	0.2372	0.532	-0.8129	60	0	6	1	31	0.01	0.05	0	0.01
0.0092	0.0529	-0.0209	-0.0663	-0.0483	-0.2436	-0.9667	0.0787	16	63	9	1	1	0.0008	0.375	1	0.0092
0.0092	0.0326	-0.0338	-0.1174	-0.0442	-0.2956	0.9121	0.2841	62	64	9	1	2	0.0008	0.375	0	0.0092
0.0092	0.0311	-0.0576	-0.0966	-0.0437	-0.6524	0.6591	0.3742	63	65	9	1	3	0.0036	0.225	0	0.0148
0.0068	0.0446	-0.082	-0.0837	-0.0359	-0.8812	0.4719	0.0295	64	66	9	1	4	0.01	0.05	0	0.01
0.0045	0.0364	-0.0925	-0.0666	-0.0543	-0.3239	0.7161	-0.6183	65	0	9	1	5	0.0028	0.175	0	0.01
0.0092	0.0464	-0.0166	-0.057	-0.0338	-0.8675	0.3121	0.3873	16	68	13	1	1	0.0061	0.25	0	0.0198
0.0061	0.0435	-0.0555	-0.0421	-0.0257	-0.658	-0.7434	-0.12	67	69	13	1	2	0.0047	0.5417	0	0.0052
0.0087	0.0439	-0.0957	-0.0557	-0.0354	-0.8399	-0.4447	0.3111	68	70	13	1	3	0.0073	0.25	0	0.0128
0.0059	0.0177	-0.1324	-0.0747	-0.0193	-0.9845	-0.1183	0.1298	69	71	13	1	4	0.0041	0.3438	0	0.0059
0.007	0.0279	-0.1487	-0.0659	-0.0225	-0.8939	0.2725	0.356	70	72	13	1	5	0.0037	0.35	0	0.007
0.0069	0.0398	-0.1647	-0.055	-0.0237	-0.5261	0.8319	-0.1768	71	73	13	1	6	0.01	0.05	0	0.01
0.0066	0.0272	-0.1818	-0.0536	-0.0054	-0.6866	0.4018	0.6059	72	74	13	1	7	0.01	0.05	0	0.01
0.0064	0.0266	-0.198	-0.0484	-0.0117	-0.9732	0.1749	-0.1492	73	75	13	1	8	0.01	0.05	0	0.01
0.0062	0.0171	-0.1998	-0.0624	-0.0259	-0.6194	-0.452	-0.6419	74	0	13	1	9	0.01	0.05	0	0.01
0.0119	0.018	-0.046	-0.0565	-0.0543	-0.8391	-0.4133	-0.3536	18	77	14	1	1	0.0015	0.375	0	0.01
0.0119	0.0252	-0.0623	-0.068	-0.061	-0.6199	0.2517	-0.7432	76	0	14	1	2	0.0025	0.4167	0	0.0119
0.0151	0.0298	0.0572	-0.0696	-0.0292	-0.0084	-0.4769	-0.8789	25	79	40	2	1	0.0026	0.4583	0	0.0151
0.0151	0.0138	0.0561	-0.0754	-0.0508	-0.1319	0.4709	-0.8723	78	80	40	2	2	0.01	0.05	0	0.01
0.0151	0.024	0.0464	-0.0573	-0.0592	-0.2801	0.1061	-0.9541	79	0	40	2	3	0.0007	0.125	0	0.01
0.0129	0.0225	0.0564	-0.043	-0.0202	-0.4676	0.3799	-0.7981	26	82	10	2	1	0.002	0.4583	1	0.0129
0.0129	0.0434	0.0459	-0.0344	-0.0381	0.8908	-0.038	-0.4527	81	83	10	2	2	0.002	0.4583	0	0.0129
0.0129	0.0337	0.0842	-0.0339	-0.057	0.9558	0.2068	-0.2092	82	84	10	2	3	0.0014	0.2083	0	0.0106
0.0129	0.0361	0.118	-0.0318	-0.0595	0.927	0.3709	0.0565	83	85	10	2	4	0.0011	0.3333	0	0.0107
0.0129	0.0503	0.1477	-0.0137	-0.0716	0.8953	0.4349	-0.0966	84	86	10	2	5	0.01	0.05	0	0.01
0.0129	0.0409	0.1401	0.0051	-0.0803	-0.0113	-0.6967	0.7173	85	0	10	2	6	0.0027	0.2917	0	0.0098
0.0094	0.0194	0.0239	-0.0559	-0.0071	-0.5819	-0.0109	0.8132	31	88	41	2	1	0.0019	0.3333	0	0.0142
0.0093	0.0317	0.0097	-0.0733	0.0067	-0.9722	0.1454	0.1837	87	89	41	2	2	0.0012	0.3333	0	0.0109
0.0085	0.0073	-0.0153	-0.0774	0.0104	-0.2002	-0.3538	0.9136	88	90	41	2	3	0.01	0.05	0	0.01
0.007	0.0237	-0.0154	-0.0765	0.0173	-0.929	0.3523	0.1137	89	91	41	2	4	0.01	0.05	0	0.01
0.0043	0.0256	-0.0379	-0.0702	0.0185	-0.7293	0.5201	-0.4446	90	0	41	2	5	0.0011	0.1	0	0.01
0.0095	0.0307	0.0019	-0.0046	0.0073	0.4095	0.818	0.404	34	93	12	2	1	0.0022	0.375	1	0.0171
0.0091	0.0469	0.0198	0.0149	0.0229	-0.7375	-0.3729	0.5631	92	94	12	2	2	0.0035	0.2	0	0.0171
0.0065	0.031	-0.009	0.0039	0.042	-0.267	0.8143	0.5154	93	95	12	2	3	0.0019	0.375	0	0.0065
0.0059	0.0193	-0.0206	0.026	0.0569	-0.2859	-0.004	0.9583	94	96	12	2	4	0.01	0.05	0	0.01
0.0039	0.017	-0.0261	0.0259	0.0755	-0.3655	-0.6238	0.6909	95	0	12	2	5	0.0011	0.1	0	0.01
0.0092	0.0235	-0.0436	-0.0149	0.0107	-0.0517	0.9747	-0.2173	37	98	21	2	1	0.001	0.3333	1	0.0092
0.0092	0.0361	-0.0448	0.008	0.0056	0.3065	-0.4771	0.8237	97	99	21	2	2	0.001	0.3333	0	0.0092
0.0093	0.0174	-0.0462	-0.0057	0.0537	-0.6788	0.4828	-0.5533	98	100	21	2	3	0.0051	0.2917	0	0.0107
0.0093	0.0335	-0.0384	0.0179	0.0406	-0.3484	0.2415	-0.9057	99	0	21	2	4	0.01	0.05	0	0.01
0.0025	0.0224	-0.0244	-0.0165	0.0134	-0.1722	-0.643	0.7462	34	102	22	2	1	0.0094	0.3	1	0.01
0.0025	0.0145	-0.0192	-0.0383	0.0319	-0.6124	-0.7801	-0.1281	101	103	22	2	2	0.0039	0.175	0	0.01
0.0034	0.0216	-0.0328	-0.0448	0.0278	0.1846	-0.2614	-0.9474	102	0	22	2	3	0.0036	0.15	0	0.0119
0.0025	0.0697	-0.029	-0.1287	-0.0488	0.217	0.6394	-0.7377	62	105	20	2	1	0.01	0.05	0	0.01
0.0025	0.0261	-0.0138	-0.0842	-0.1002	0.4898	0.0462	-0.8706	104	0	20	2	2	0.01	0.05	0	0.01
0.0071	0.0928	-0.011	-0.0187	0.0077	0.1048	0.5718	0.8137	92	0	18	3	1	0.0022	0.4583	0	0.0071
0.009	0.0447	0.0096	0.0078	0.0239	-0.1834	-0.6548	0.7332	92	108	44	3	1	0.0023	0.4583	1	0.0108
0.0089	0.0415	0.0014	-0.0215	0.0567	0.7663	0.3744	-0.5221	107	109	44	3	2	0.0023	0.4583	0	0.0108
0.0084	0.0012	0.0332	-0.0047	0.0459	0.3901	0.9137	-0.1141	108	110	44	3	3	0.01	0.05	0	0.01
0.0062	0.0496	0.0292	-0.007	0.0439	-0.2791	0.7075	-0.6492	109	111	44	3	4	0.0006	0.4583	0	0.0062
0.0072	0.0244	0.0147	0.0248	0.0081	-0.3174	0.7204	-0.6167	110	112	44	3	5	0.01	0.05	0	0.01
0.0066	0.0039	0.0179	0.0258	-0.0081	0.1346	0.1544	-0.9788	111	0	44	3	6	0.01	0.05	0	0.01
0.0085	0.0372	0.0119	-0.0108	0.0504	0.7995	0.0096	0.6006	107	114	19	4	1	0.0019	0.375	1	0.0111
0.0083	0.028	0.0416	-0.0104	0.0728	-0.8727	0.3462	-0.3442	113	115	19	4	2	0.0019	0.375	0	0.0111
0.0074	0.0075	0.0171	0.0072	0.059	-0.2519	-0.4473	-0.8582	114	116	19	4	3	0.01	0.05	0	0.01
0.0065	0.0217	0.0132	0.0056	0.0549	-0.0233	-0.7995	0.6002	115	117	19	4	4	0.01	0.05	0	0.01
0.005	0.028	0.0131	-0.0157	0.0691	-0.9241	0.0417	0.3799	116	118	19	4	5	0.0015	0.125	0	0.01
0.0035	0.0108	-0.0146	-0.0116	0.0784	-0.8347	-0.5448	-0.08	117	0	19	4	6	0.0003	0.1	0	0.01
