radius (m)	length (m)	start_point	axis_direction	parent	extension	branch	branch_order	position_in_branch	mad	SurfCov	added	UnmodRadius (m)
0.0216	0.0553	0.2887	0.263	-0.2623	0.0748	-0.1379	0.9876	0	2	1	0	1	0.0029	0.7083	0	0.0216
0.0222	0.0689	0.2982	0.2555	-0.2078	0.0205	-0.0874	0.996	1	3	1	0	2	0.0031	0.5417	0	0.0227
0.0172	0.0402	0.3126	0.2631	-0.1463	0.7521	-0.6424	0.147	2	4	1	0	3	0.0047	0.225	0	0.0106
0.0199	0.046	0.3205	0.2351	-0.148	0.0796	-0.9954	0.0533	3	5	1	0	4	0.0014	0.3333	0	0.0199
0.0172	0.0494	0.323	0.1897	-0.1396	-0.441	-0.8973	-0.0199	4	6	1	0	5	0.0016	0.4167	0	0.0143
0.0172	0.0626	0.2826	0.1515	-0.1246	-0.4287	-0.8887	-0.1627	5	7	1	0	6	0.0019	0.8333	0	0.0172
0.0172	0.0529	0.2635	0.1019	-0.1161	-0.4935	-0.7445	0.4496	6	8	1	0	7	0.0019	0.5833	0	0.0154
0.0172	0.0051	0.2401	0.0539	-0.1021	-0.4796	-0.7174	0.5054	7	9	1	0	8	0.0086	0.6458	0	0.0163
0.0172	0.0485	0.2406	0.0453	-0.1015	0.1356	-0.2935	0.9463	8	0	1	0	9	0.0022	0.3333	0	0.0124
0.0087	0.0352	0.2853	0.2368	-0.2236	-0.2755	-0.9538	0.1195	1	11	2	1	1	0.0023	0.375	1	0.0162
0.0087	0.0616	0.2765	0.2099	-0.2153	-0.8353	-0.2062	0.5097	10	0	2	1	2	0.0046	0.175	0	0.0162
0.0158	0.101	0.3065	0.1869	-0.1292	-0.4883	0.8429	-0.2262	5	13	3	1	1	0.004	0.4583	0	0.0158
0.0158	0.0004	0.2487	0.2503	-0.1546	-0.8709	0.3811	-0.3103	12	14	3	1	2	0.0035	0.175	0	0.01
0.0158	0.0215	0.2564	0.2512	-0.148	0.5509	0.4493	-0.7033	13	0	3	1	3	0.0035	0.2	0	0.01
0.01	0.0644	0.2847	0.1319	-0.1412	0.6204	-0.1042	-0.7773	6	16	6	1	1	0.01	0.05	1	0.01
0.01	0.0411	0.3247	0.1252	-0.1913	0.852	-0.2706	-0.4482	15	17	6	1	2	0.01	0.05	0	0.01
0.01	0.0208	0.3572	0.1128	-0.2097	-0.3775	0.6936	-0.6135	16	0	6	1	3	0.01	0.05	0	0.01
0.0128	0.0619	0.2435	0.0938	-0.1207	-0.8666	0.3317	0.3727	7	19	8	1	1	0.0027	0.5417	0	0.0126
0.0141	0.0247	0.19	0.1155	-0.1074	0.3252	0.9387	0.1141	18	20	8	1	2	0.0018	0.3333	0	0.0151
0.0128	0.0396	0.1913	0.1274	-0.1115	-0.8897	0.3892	0.2387	19	21	8	1	3	0.0015	0.25	0	0.0127
0.0126	0.0237	0.1517	0.1373	-0.0888	-0.9545	0.1889	-0.2309	20	0	8	1	4	0.01	0.05	0	0.01
0.0139	0.0237	0.2272	0.0334	-0.0892	-0.8983	0.2872	-0.3326	9	23	70	1	1	0.002	0.5417	0	0.0139
0.0146	0.0407	0.2047	0.0426	-0.094	-0.9237	-0.3694	-0.1018	22	24	70	1	2	0.0014	0.5833	0	0.0146
0.0163	0.0686	0.17	0.0234	-0.079	-0.7061	-0.7066	-0.0473	23	25	70	1	3	0.0024	0.5833	0	0.0165
0.0132	0.0308	0.124	-0.0304	-0.0657	-0.5919	-0.7893	-0.1632	24	26	70	1	4	0.0012	0.2917	0	0.0132
0.0162	0.0623	0.1048	-0.0528	-0.0531	-0.984	-0.174	-0.0394	25	27	70	1	5	0.0018	0.4167	0	0.0164
0.0162	0.0361	0.0468	-0.0565	-0.0504	-0.9315	0.2261	0.2849	26	28	70	1	6	0.0016	0.5	0	0.0165
0.0132	0.0129	0.0115	-0.0536	-0.0367	-0.7419	0.5093	0.4361	27	29	70	1	7	0.0058	0.6875	0	0.0113
0.0161	0.0615	-0.0069	-0.0375	-0.0144	0.0302	0.875	-0.4831	28	30	70	1	8	0.0105	0.275	0	0.0358
0.0161	0.0407	-0.0184	0.001	-0.0318	-0.5109	0.7616	0.3987	29	31	70	1	9	0.007	0.3	0	0.0265
0.0137	0.0372	-0.0397	0.0312	-0.0176	-0.9477	0.2873	0.1388	30	32	70	1	10	0.0016	0.5417	0	0.0137
0.0132	0.0321	-0.082	0.0342	-0.0123	-0.7388	0.6739	-0.0074	31	33	70	1	11	0.0015	0.8333	0	0.0132
0.0162	0.0311	-0.1048	0.0535	-0.0036	-0.8214	0.5289	0.2136	32	34	70	1	12	0.0018	0.5417	0	0.0166
0.016	0.0444	-0.1658	0.0704	0.0026	-0.0029	0.5648	0.8252	33	35	70	1	13	0.006	0.275	0	0.0235
0.0132	0.0102	-0.1855	0.0935	0.0352	-0.2196	0.5859	0.78	34	36	70	1	14	0.01	0.05	0	0.01
0.0157	0.0449	-0.2016	0.1019	0.0563	0.6204	-0.3282	0.7123	35	37	70	1	15	0.0048	0.25	0	0.0215
0.0153	0.0412	-0.1934	0.0885	0.0809	-0.3382	-0.4722	0.814	36	38	70	1	16	0.0014	0.3333	0	0.0157
0.0132	0.0189	-0.2087	0.0717	0.1129	-0.7291	0.0389	0.6833	37	39	70	1	17	0.0041	0.6667	0	0.0085
0.0154	0.0787	-0.1973	0.0687	0.1267	0.0133	0.3147	0.9491	38	40	70	1	18	0.0035	0.225	0	0.0247
0.0145	0.0521	-0.2025	0.09	0.2005	-0.0899	-0.0916	0.9917	39	41	70	1	19	0.0011	0.3333	0	0.0145
0.0132	0.0054	-0.2061	0.0687	0.2493	-0.1526	-0.1815	0.9715	40	42	70	1	20	0.004	0.5417	0	0.0077
0.0132	0.0519	-0.2074	0.069	0.2588	-0.8027	0.5461	-0.2397	41	43	70	1	21	0.0016	0.5417	0	0.0122
0.0132	0.0101	-0.2442	0.0908	0.2536	-0.5676	0.3887	0.7258	42	44	70	1	22	0.01	0.05	0	0.01
0.0132	0.033	-0.25	0.0947	0.2609	-0.5252	0.8063	-0.2721	43	0	70	1	23	0.01	0.05	0	0.01
0.0171	0.0743	0.2394	0.0848	-0.1913	0.6334	0.6877	-0.3547	0	46	72	0	1	0.0041	0.5417	0	0.0171
0.0171	0.0375	0.281	0.1262	-0.2063	-0.4823	0.7656	0.4258	45	0	72	0	2	0.0047	0.175	0	0.01
0.0167	0.0473	0.1156	-0.0502	-0.0689	0.8551	0.1734	-0.4887	26	48	73	2	1	0.0077	0.5313	1	0.0167
0.0167	0.0788	0.156	-0.042	-0.092	0.8825	0.4443	-0.1546	47	0	73	2	2	0.0077	0.5313	0	0.0167
0.0152	0.0505	0.093	-0.0673	-0.043	0.0954	-0.6844	0.7228	26	50	16	2	1	0.003	0.4583	0	0.0166
0.0132	0.0591	0.0888	-0.0851	-0.0122	0.1329	-0.2558	-0.9576	49	51	16	2	2	0.0012	0.375	0	0.0132
0.0151	0.0642	0.0827	-0.1045	-0.0599	0.3492	-0.9324	0.0936	50	52	16	2	3	0.0043	0.3	0	0.0275
0.0123	0.0063	0.092	-0.1567	-0.0742	-0.1488	-0.9523	-0.2663	51	53	16	2	4	0.0071	0.75	0	0.0123
0.0149	0.0481	0.0924	-0.1691	-0.059	-0.6679	-0.7128	-0.2141	52	54	16	2	5	0.0038	0.2	0	0.0205
0.0147	0.0538	0.0597	-0.1999	-0.0844	-0.6037	-0.7825	-0.1527	53	55	16	2	6	0.0046	0.175	0	0.0273
0.0131	0.0499	0.0491	-0.2549	-0.0882	-0.4558	-0.858	-0.2368	54	56	16	2	7	0.0101	0.275	0	0.0131
0.0123	0.035	0.0232	-0.2973	-0.0967	0.111	-0.9744	0.1956	55	57	16	2	8	0.01	0.05	0	0.01
0.0126	0.0449	0.0169	-0.3324	-0.1018	0.0948	-0.9955	-0.0023	56	58	16	2	9	0.0013	0.4167	0	0.0126
0.0123	0.0518	0.0119	-0.3613	-0.0783	-0.0866	-0.8427	0.5314	57	59	16	2	10	0.0044	0.4583	0	0.0093
0.0123	0.0248	0.0133	-0.4088	-0.0799	-0.0043	-0.9914	0.1305	58	60	16	2	11	0.01	0.05	0	0.01
0.0123	0.0026	0.0355	-0.3587	-0.1056	0.7089	-0.4288	-0.56	59	0	16	2	12	0.01	0.05	0	0.01
0.0118	0.0582	0.0993	-0.0652	-0.0418	0.6895	-0.39	0.6103	26	62	17	2	1	0.0027	0.5417	0	0.0118
0.012	0.0258	0.1404	-0.0898	-0.008	0.5153	-0.4663	0.719	61	63	17	2	2	0.0064	0.625	0	0.0135
0.0118	0.0269	0.1535	-0.1017	0.0103	0.4474	-0.7081	-0.5463	62	0	17	2	3	0.01	0.05	0	0.01
0.0131	0.0342	-0.0971	0.0304	-0.0148	-0.6081	-0.7719	-0.1855	32	65	29	2	1	0.0032	0.5417	1	0.0131
0.0131	0.0483	-0.1179	0.004	-0.0211	0.1463	0.488	-0.8605	64	66	29	2	2	0.0032	0.5417	0	0.0131
0.0131	0.0601	-0.1029	0.0278	-0.0637	-0.0328	-0.8706	-0.491	65	67	29	2	3	0.0016	0.4167	0	0.0134
0.0131	0.0129	-0.1012	-0.0199	-0.0992	-0.5082	-0.5134	-0.6915	66	68	29	2	4	0.01	0.05	0	0.01
0.0131	0.045	-0.1078	-0.0265	-0.1082	-0.3269	-0.901	-0.2853	67	0	29	2	5	0.01	0.05	0	0.01
0.0025	0.0292	-0.1731	0.0271	-0.0524	0.4395	0.159	-0.8841	35	70	32	2	1	0.01	0.05	0	0.01
0.0025	0.0311	-0.1532	0.0352	-0.0774	-0.1409	0.4775	-0.8673	69	71	32	2	2	0.01	0.05	0	0.01
0.0025	0.0096	-0.1585	0.044	-0.106	0.9614	-0.0654	-0.2673	70	0	32	2	3	0.01	0.05	0	0.01
0.0113	0.0569	-0.2224	0.1279	0.0375	-0.4206	0.5982	0.6822	36	73	38	2	1	0.0022	0.5833	0	0.0136
0.0112	0.0194	-0.2534	0.1645	0.0636	-0.7714	0.3851	0.5066	72	74	38	2	2	0.0018	0.4167	0	0.013
0.0112	0.028	-0.274	0.1719	0.0723	-0.032	0.9942	0.1029	73	0	38	2	3	0.0021	0.4167	0	0.0112
0.0125	0.0722	-0.1927	0.0673	0.116	0.8223	0.2917	0.4887	38	76	54	2	1	0.0075	0.3	1	0.0226
0.0123	0.0592	-0.147	0.1041	0.1561	0.7518	0.5351	0.3852	75	77	54	2	2	0.0043	0.225	0	0.0226
0.0099	0.0398	-0.1035	0.1269	0.1757	0.9849	-0.0644	-0.1608	76	78	54	2	3	0.0071	0.625	0	0.0099
0.01	0.0364	-0.0742	0.1214	0.1585	0.5865	-0.7348	-0.3407	77	79	54	2	4	0.01	0.05	0	0.01
0.01	0.0057	-0.0659	0.124	0.1718	0.7643	-0.1983	0.6136	78	0	54	2	5	0.01	0.05	0	0.01
0.0111	0.0176	-0.181	0.0919	0.1945	0.727	0.3835	0.5696	39	81	62	2	1	0.0017	0.4583	0	0.0102
0.0146	0.0311	-0.1751	0.0948	0.1968	0.7695	-0.4134	-0.4869	80	82	62	2	2	0.0015	0.4167	0	0.015
0.0131	0.0214	-0.1515	0.0717	0.1783	0.7975	-0.2161	0.5633	81	83	62	2	3	0.0059	0.4583	0	0.0142
0.0102	0.0104	-0.137	0.0671	0.1887	-0.1736	-0.9588	0.2249	82	0	62	2	4	0.01	0.05	0	0.01
0.0124	0.0444	-0.2275	0.0828	0.25	0.2424	-0.8525	-0.463	42	85	64	2	1	0.0102	0.3	0	0.0276
0.0123	0.0604	-0.2355	0.043	0.2361	0.3398	-0.037	0.9398	84	86	64	2	2	0.0014	0.375	0	0.0162
0.0088	0.0027	-0.2183	0.0336	0.2945	-0.1605	0.2861	0.9447	85	87	64	2	3	0.005	0.5417	0	0.0087
0.012	0.0574	-0.2299	0.0321	0.2972	0.15	-0.6441	0.7501	86	88	64	2	4	0.0016	0.5	0	0.0123
0.0091	0.0285	-0.2245	-0.0112	0.3347	0.0271	-0.6694	0.7424	87	89	64	2	5	0.0042	0.4688	0	0.0091
0.0092	0.0027	-0.2229	-0.0304	0.3561	-0.2901	-0.6651	0.6881	88	0	64	2	6	0.01	0.05	0	0.01
0.0144	0.0478	-0.2755	0.1192	0.262	-0.2954	-0.9501	0.1002	44	91	65	2	1	0.0028	0.4583	0	0.0144
0.0144	0.0159	-0.2972	0.0763	0.2512	-0.0299	-0.9888	-0.1461	90	92	65	2	2	0.01	0.05	0	0.01
0.0144	0.0273	-0.2977	0.0605	0.2488	0.9687	-0.2201	-0.1147	91	0	65	2	3	0.01	0.05	0	0.01
0.0115	0.0454	0.1112	-0.1608	-0.0405	-0.947	0.1149	0.3001	51	94	75	3	1	0.0069	0.4	0	0.0208
0.0115	0.0372	0.0705	-0.1398	-0.0094	-0.9766	0.2067	-0.0599	93	95	75	3	2	0.0013	0.5	0	0.0115
0.0115	0.0419	0.0285	-0.1359	-0.015	-0.6604	0.5064	0.5545	94	0	75	3	3	0.0025	0.4583	0	0.0116
0.0096	0.0511	0.0575	-0.2074	-0.1	0.8762	0.2275	-0.4248	54	97	34	3	1	0.0029	0.375	0	0.01
0.0085	0.0503	0.1074	-0.2035	-0.1116	0.562	-0.4959	-0.662	96	98	34	3	2	0.0009	0.3333	0	0.0082
0.0084	0.0282	0.1351	-0.2333	-0.144	0.7548	-0.1983	-0.6253	97	0	34	3	3	0.01	0.05	0	0.01
0.0109	0.0399	0.0352	-0.2716	-0.1061	-0.9387	-0.1574	-0.3066	55	100	46	3	1	0.0022	0.5	0	0.0109
0.0124	0.0521	-0.0047	-0.2817	-0.1231	-0.8802	0.4703	0.0646	99	101	46	3	2	0.0008	0.375	0	0.0145
0.0123	0.0229	-0.0571	-0.2773	-0.1166	-0.9472	0.2872	-0.1428	100	102	46	3	3	0.0062	0.5	0	0.0145
0.0109	0.0347	-0.0708	-0.2711	-0.1092	-0.6772	-0.5577	0.4801	101	103	46	3	4	0.01	0.05	0	0.01
0.0109	0.013	-0.073	-0.2718	-0.1146	-0.7738	0.1538	-0.6144	102	0	46	3	5	0.01	0.05	0	0.01
0.0089	0.0562	0.0195	-0.2968	-0.0889	0.9531	-0.1986	-0.2285	55	105	52	3	1	0.0048	0.4	0	0.017
0.0086	0.0307	0.072	-0.3201	-0.0885	0.9961	0.0108	0.0875	104	106	52	3	2	0.0066	0.7083	0	0.0086
0.0086	0.0074	0.1113	-0.3152	-0.0773	0.7331	-0.1897	-0.6532	105	0	52	3	3	0.01	0.05	0	0.01
0.0074	0.026	-0.1151	-0.0278	-0.0858	-0.7683	-0.5778	-0.2754	66	108	35	3	1	0.0014	0.375	0	0.0082
0.0037	0.0285	-0.1357	-0.0514	-0.0995	-0.9327	0.2585	-0.2517	107	109	35	3	2	0.0071	0.2	0	0.0134
0.0061	0.0166	-0.1612	-0.0454	-0.1104	-0.8762	0.3189	-0.3613	108	0	35	3	3	0.0016	0.375	0	0.0113
0.0064	0.0953	-0.1218	0.0271	-0.0722	-0.5795	-0.1754	0.7958	65	111	76	3	1	0.0012	0.375	0	0.0119
0.0025	0.0239	-0.1778	0.0086	0.0015	-0.4714	-0.6029	0.6437	110	0	76	3	2	0.01	0.05	0	0.01
0.0025	0.06	-0.2459	0.1682	0.0546	0.9069	0.1313	0.4005	73	113	43	3	1	0.0101	0.3	1	0.01
0.0025	0.0225	-0.1899	0.1868	0.097	0.841	0.4316	-0.3261	112	0	43	3	2	0.0026	0.2	0	0.01
0.0139	0.0621	-0.1487	0.118	0.1597	-0.2849	0.7108	0.6432	76	115	61	3	1	0.0027	0.5	0	0.0139
0.0139	0.0756	-0.1596	0.1543	0.1983	-0.578	-0.3794	-0.7224	114	116	61	3	2	0.0012	0.3333	0	0.0146
0.0139	0.0678	-0.2035	0.1237	0.1458	-0.6284	-0.5578	-0.5421	115	117	61	3	3	0.01	0.05	0	0.01
0.0139	0.022	-0.2494	0.103	0.1023	-0.6699	-0.381	-0.6372	116	118	61	3	4	0.01	0.05	0	0.01
0.0139	0.0185	-0.2202	0.1387	0.1318	-0.4688	0.8118	-0.3482	117	0	61	3	5	0.01	0.05	0	0.01
0.0129	0.0798	-0.1743	0.0663	0.1373	-0.3614	-0.7409	-0.5661	75	120	77	3	1	0.0029	0.5417	0	0.0129
0.0129	0.0284	-0.2028	0.0144	0.0906	-0.9985	0.0428	-0.0353	119	121	77	3	2	0.01	0.05	0	0.01
0.0129	0.0266	-0.2259	0.0193	0.0839	-0.5522	-0.3588	-0.7526	120	0	77	3	3	0.0035	0.25	0	0.0146
0.0081	0.0947	-0.2102	0.0207	0.2303	0.2	0.2917	0.9354	84	123	78	3	1	0.005	0.5417	0	0.0081
0.0081	0.017	-0.184	0.0447	0.3182	0.4434	0.8925	-0.083	122	124	78	3	2	0.0013	0.2917	0	0.0123
0.0081	0.0386	-0.1708	0.0649	0.3341	0.5983	0.695	-0.3987	123	0	78	3	3	0.01	0.05	0	0.01
0.0044	0.0916	0.0616	-0.148	-0.0159	0.455	-0.8869	0.0798	94	126	22	4	1	0.0071	0.14	1	0.0105
0.0044	0.0524	0.1156	-0.2241	0.0123	-0.6261	0.7582	0.182	125	127	22	4	2	0.0043	0.25	0	0.0105
0.0025	0.028	0.0832	-0.1847	0.0293	-0.8396	0.5388	0.0694	126	0	22	4	3	0.0072	0.2	0	0.01
0.0107	0.0752	0.1174	-0.2234	-0.1321	-0.461	-0.8796	-0.1175	97	129	53	4	1	0.002	0.4167	0	0.0107
0.0107	0.003	0.0961	-0.2894	-0.1496	-0.3461	-0.7605	-0.5495	128	130	53	4	2	0.01	0.05	0	0.01
0.0107	0.0255	0.0947	-0.2922	-0.1515	0.5322	0.0917	-0.8417	129	131	53	4	3	0.01	0.05	0	0.01
0.0107	0.0146	0.0852	-0.2915	-0.1559	-0.2687	0.9231	-0.2752	130	132	53	4	4	0.01	0.05	0	0.01
0.0107	0.021	0.0812	-0.278	-0.1599	-0.9412	0.28	-0.1889	131	0	53	4	5	0.01	0.05	0	0.01
0.004	0.028	0.0612	-0.3124	-0.0934	-0.1362	-0.7471	0.6506	104	134	58	4	1	0.0027	0.3333	1	0.009
0.004	0.0287	0.0574	-0.3333	-0.0752	0.1081	-0.373	-0.9215	133	0	58	4	2	0.0027	0.3333	0	0.009
0.0106	0.0425	-0.1936	0.175	0.0802	-0.5442	0.8071	-0.2292	112	0	82	4	1	0.0032	0.4167	0	0.0106
0.0153	0.0668	-0.1971	0.0416	0.2727	0.457	-0.8764	0.1518	122	137	83	4	1	0.0049	0.5833	0	0.0153
0.0153	0.0347	-0.1648	-0.0193	0.2884	0.9442	-0.0461	-0.326	136	0	83	4	2	0.0039	0.225	0	0.0091
