radius (m)	length (m)	start_point	axis_direction	parent	extension	branch	branch_order	position_in_branch	mad	SurfCov	added	UnmodRadius (m)
0.0132	0.0928	0.4775	0.1492	-0.2682	-0.9007	0.2306	0.3681	0	2	1	0	1	0.0028	0.4375	0	0.0132
0.0127	0.0415	0.3922	0.1742	-0.2274	-0.8768	-0.48	0.0284	1	3	1	0	2	0.0014	0.7083	0	0.0127
0.0172	0.0886	0.355	0.1368	-0.24	-0.9081	-0.2315	0.3491	2	4	1	0	3	0.002	0.375	0	0.0192
0.0154	0.0534	0.2674	0.1059	-0.2229	-0.2701	-0.6996	0.6615	3	5	1	0	4	0.0022	0.4583	0	0.0158
0.0127	0.0349	0.2529	0.074	-0.1902	-0.8196	0.2363	0.5219	4	6	1	0	5	0.0013	0.4583	0	0.0103
0.0143	0.0371	0.2261	0.0713	-0.1638	-0.8663	0.1974	0.4588	5	7	1	0	6	0.0016	0.3333	0	0.0143
0.0127	0.0259	0.2032	0.0711	-0.1465	-0.5337	-0.6278	0.5665	6	8	1	0	7	0.0008	0.375	0	0.0097
0.0127	0.0506	0.189	0.0646	-0.1247	-0.6384	-0.4684	0.6108	7	9	1	0	8	0.0012	0.3333	0	0.01
0.0127	0.0389	0.1647	0.0529	-0.0889	-0.3972	-0.1135	0.9107	8	10	1	0	9	0.004	0.4375	0	0.0078
0.0127	0.0266	0.1469	0.0477	-0.0547	-0.4916	0.1451	0.8587	9	11	1	0	10	0.0011	0.3333	0	0.0091
0.0127	0.0405	0.1312	0.0543	-0.0351	-0.7475	0.1036	0.6561	10	12	1	0	11	0.001	0.2917	0	0.0101
0.0127	0.0385	0.11	0.0586	-0.0042	-0.4294	0.0116	0.903	11	13	1	0	12	0.01	0.05	0	0.01
0.0127	0.028	0.101	0.0778	-0.0024	0.5335	-0.7818	-0.3227	12	0	1	0	13	0.01	0.05	0	0.01
0.0128	0.0424	0.3935	0.1809	-0.2234	0.0348	0.7932	0.608	1	15	2	1	1	0.0032	0.6667	0	0.0151
0.0128	0.0534	0.3942	0.2142	-0.1945	0.7289	0.6422	0.2373	14	16	2	1	2	0.002	0.5417	0	0.0128
0.0128	0.0442	0.436	0.2455	-0.1756	-0.0268	0.8974	0.4404	15	17	2	1	3	0.0009	0.3333	0	0.0088
0.0128	0.0013	0.4318	0.2797	-0.1495	-0.0629	0.7787	0.6243	16	18	2	1	4	0.01	0.05	0	0.01
0.0128	0.0004	0.4322	0.2783	-0.1511	-0.5458	-0.6345	0.5473	17	0	2	1	5	0.01	0.05	0	0.01
0.0115	0.019	0.2498	0.088	-0.1838	0.1789	0.9788	-0.0998	5	20	63	1	1	0.0022	0.3333	0	0.0164
0.0095	0.0683	0.2408	0.103	-0.185	-0.2609	0.9506	0.1683	19	21	63	1	2	0.0014	0.4583	0	0.0095
0.01	0.001	0.2258	0.1675	-0.1713	-0.3327	0.7473	0.5751	20	22	63	1	3	0.01	0.05	0	0.01
0.0095	0.0324	0.2212	0.169	-0.1751	-0.399	0.7603	0.5126	21	23	63	1	4	0.0011	0.2917	0	0.0082
0.01	0.0269	0.2122	0.1892	-0.1572	0.2558	-0.0589	-0.9649	22	24	63	1	5	0.01	0.05	0	0.01
0.0095	0.028	0.2179	0.1884	-0.1836	0.5763	0.6219	-0.5303	23	0	63	1	6	0.0018	0.2917	0	0.0078
0.0108	0.0266	0.0893	0.0613	0.0103	-0.9607	0.1581	0.228	12	26	5	1	1	0.0011	0.5417	1	0.0108
0.0108	0.0364	0.0638	0.0655	0.0163	-0.8204	0.4625	0.3362	25	27	5	1	2	0.0011	0.5417	0	0.0108
0.0119	0.0362	0.0503	0.0928	0.022	-0.3587	0.8276	0.4317	26	28	5	1	3	0.0017	0.25	0	0.0151
0.0119	0.0427	0.0377	0.1222	0.039	0.2572	0.9027	0.345	27	29	5	1	4	0.0049	0.2	0	0.0191
0.0119	0.0478	0.0402	0.1543	0.0411	-0.8535	0.133	0.5039	28	30	5	1	5	0.0014	0.3333	0	0.0149
0.0119	0.0305	0.0132	0.1754	0.0735	-0.6411	0.7325	-0.229	29	31	5	1	6	0.0026	0.3	0	0.0187
0.0119	0.0336	-0.0178	0.1735	0.0665	-0.8372	0.395	0.3783	30	32	5	1	7	0.0012	0.2917	0	0.0168
0.0097	0.0501	-0.0453	0.1827	0.0735	-0.9657	-0.2479	0.0774	31	33	5	1	8	0.0053	0.4	0	0.0097
0.01	0.031	-0.078	0.1638	0.0904	-0.6728	-0.4438	0.592	32	34	5	1	9	0.01	0.05	0	0.01
0.0116	0.062	-0.0916	0.164	0.0878	-0.9591	0.0963	-0.2662	33	35	5	1	10	0.0008	0.4167	0	0.0117
0.0101	0.038	-0.1512	0.1705	0.0724	-0.9856	-0.1672	-0.0244	34	36	5	1	11	0.0011	0.5	0	0.0101
0.0092	0.0456	-0.1894	0.1669	0.0741	-0.9327	-0.3435	0.1096	35	37	5	1	12	0.0038	0.625	0	0.0092
0.0117	0.0071	-0.2201	0.1539	0.0497	-0.9022	-0.2032	-0.3805	36	38	5	1	13	0.0015	0.375	0	0.0128
0.0096	0.0306	-0.2221	0.1467	0.0493	-0.7813	-0.6214	-0.0588	37	39	5	1	14	0.0009	0.375	0	0.0096
0.0092	0.0402	-0.245	0.1317	0.0411	-0.6956	-0.5525	-0.4591	38	40	5	1	15	0.0008	0.2917	0	0.0082
0.01	0.0431	-0.2696	0.1025	0.0264	-0.7426	-0.5567	-0.3722	39	41	5	1	16	0.01	0.05	0	0.01
0.0114	0.027	-0.278	0.1086	0.0316	0.2451	0.4232	-0.8722	40	42	5	1	17	0.0009	0.375	0	0.0118
0.0114	0.0242	-0.2729	0.1213	0.0163	0.2806	0.9542	-0.1034	41	43	5	1	18	0.0016	0.2917	0	0.0127
0.0108	0.0292	-0.2679	0.1362	0.0123	-0.5751	0.273	-0.7712	42	44	5	1	19	0.0012	0.2917	0	0.0108
0.0112	0.0513	-0.2892	0.1462	-0.0081	-0.2998	0.2926	-0.908	43	45	5	1	20	0.001	0.25	0	0.0132
0.0112	0.0307	-0.3083	0.1515	-0.032	-0.7081	-0.5978	-0.3759	44	46	5	1	21	0.0078	0.5417	0	0.0114
0.01	0.0224	-0.3177	0.1398	-0.0341	-0.2142	-0.6457	0.7329	45	47	5	1	22	0.01	0.05	0	0.01
0.01	0.0011	-0.3291	0.1338	-0.0435	-0.8443	-0.5346	0.0377	46	48	5	1	23	0.01	0.05	0	0.01
0.01	0.0157	-0.33	0.1332	-0.0435	-0.9164	-0.2266	0.3299	47	0	5	1	24	0.01	0.05	0	0.01
0.0091	0.0397	0.129	0.0413	-0.0172	-0.3712	-0.7329	-0.5701	10	50	6	1	1	0.01	0.05	0	0.01
0.0093	0.0428	0.1097	0.0072	-0.0329	0.3279	-0.8525	-0.4072	49	51	6	1	2	0.001	0.4167	0	0.0096
0.0091	0.0422	0.1155	-0.0311	-0.0569	0.5794	-0.5868	-0.5656	50	52	6	1	3	0.0049	0.375	0	0.0092
0.0071	0.0269	0.151	-0.0527	-0.0783	0.3367	-0.6723	-0.6593	51	53	6	1	4	0.0046	0.2813	0	0.0071
0.0066	0.0171	0.1657	-0.0557	-0.0939	0.7264	-0.1807	-0.6631	52	54	6	1	5	0.0066	0.3333	0	0.0043
0.0065	0.0428	0.1788	-0.0648	-0.107	0.8517	0.2274	-0.472	53	55	6	1	6	0.0042	0.375	0	0.005
0.0093	0.0194	0.2139	-0.0702	-0.124	0.7648	-0.2033	-0.6114	54	56	6	1	7	0.0044	0.4063	0	0.01
0.0085	0.0469	0.2346	-0.065	-0.1271	0.9055	-0.3361	-0.259	55	57	6	1	8	0.0046	0.4	0	0.0086
0.0087	0.049	0.2648	-0.0997	-0.1397	0.8303	-0.538	-0.1454	56	58	6	1	9	0.0053	0.425	0	0.0093
0.0083	0.0113	0.3127	-0.1163	-0.1445	0.807	-0.5895	-0.035	57	59	6	1	10	0.0041	0.375	0	0.0089
0.0057	0.0237	0.3215	-0.1164	-0.1475	0.9678	-0.0589	-0.2447	58	60	6	1	11	0.0039	0.625	0	0.0057
0.0082	0.03	0.3452	-0.1187	-0.1485	0.9382	0.3337	-0.0916	59	0	6	1	12	0.0024	0.2917	0	0.0099
0.013	0.0493	0.1087	0.0676	-0.0243	0.5116	0.8542	0.0925	11	62	7	1	1	0.0026	0.4167	0	0.013
0.013	0.0105	0.1333	0.1075	-0.0142	-0.8512	0.514	0.1059	61	63	7	1	2	0.01	0.05	0	0.01
0.013	0.0224	0.123	0.114	-0.0129	0.6593	0.7368	0.1499	62	0	7	1	3	0.01	0.05	0	0.01
0.0103	0.0356	0.0871	0.051	0.0078	-0.1675	-0.9699	-0.1766	25	65	64	2	1	0.0031	0.275	1	0.0158
0.0102	0.0493	0.0819	0.0292	0.0055	-0.9099	-0.07	0.4088	64	66	64	2	2	0.0032	0.25	0	0.0158
0.0098	0.0308	0.0325	0.0305	0.0225	-0.7299	-0.3182	0.605	65	67	64	2	3	0.0063	0.3125	0	0.0101
0.0086	0.0295	0.0228	0.0286	0.04	-0.5002	0.841	0.2062	66	68	64	2	4	0.0011	0.375	0	0.0087
0.0076	0.0431	0.0012	0.0478	0.0551	-0.1418	0.8865	0.4404	67	69	64	2	5	0.0055	0.3	0	0.0084
0.0051	0.0356	-0.0042	0.0901	0.0688	-0.2969	0.7654	0.5709	68	70	64	2	6	0.01	0.05	0	0.01
0.0039	0.0224	-0.0244	0.1015	0.0922	-0.59	0.4818	0.6479	69	0	64	2	7	0.0041	0.2	0	0.01
0.0102	0.0379	0.0675	0.0759	0.0174	0.6337	0.6784	-0.3718	26	72	9	2	1	0.003	0.5833	0	0.0102
0.0103	0.0401	0.0837	0.0983	0.0148	-0.0743	0.9716	0.2246	71	73	9	2	2	0.0013	0.3333	0	0.0125
0.0102	0.0363	0.0912	0.1261	0.0348	-0.3497	0.4698	0.8106	72	74	9	2	3	0.0047	0.3	0	0.0163
0.0097	0.0316	0.0838	0.1391	0.0631	0.4151	0.2841	0.8643	73	75	9	2	4	0.0051	0.5	0	0.0097
0.0102	0.0385	0.0923	0.1385	0.0823	0.2107	-0.6861	0.6964	74	76	9	2	5	0.0012	0.375	0	0.0108
0.0075	0.0283	0.0989	0.1148	0.1108	-0.2392	-0.6025	0.7614	75	77	9	2	6	0.0048	0.625	0	0.0065
0.0098	0.0314	0.0912	0.0953	0.1263	-0.4409	-0.8063	0.3944	76	78	9	2	7	0.01	0.05	0	0.01
0.01	0.0318	0.104	0.0943	0.1381	0.1597	-0.1547	0.975	77	79	9	2	8	0.0012	0.3333	0	0.0111
0.0071	0.0496	0.1103	0.0818	0.1691	-0.4379	-0.083	0.8952	78	80	9	2	9	0.0028	0.3333	0	0.0067
0.0097	0.0474	0.0898	0.0686	0.2004	0.4438	-0.7186	0.5355	79	81	9	2	10	0.0053	0.15	0	0.0195
0.0097	0.0297	0.1066	0.0319	0.2263	0.5331	-0.8089	0.2479	80	82	9	2	11	0.0013	0.3333	0	0.0107
0.0096	0.0333	0.1179	0.0002	0.2363	0.6122	-0.0921	0.7853	81	83	9	2	12	0.0033	0.25	0	0.015
0.0089	0.0364	0.1277	-0.0105	0.2601	0.178	-0.5053	0.8444	82	84	9	2	13	0.0038	0.375	0	0.0091
0.0085	0.0309	0.1368	-0.0338	0.287	0.0128	-0.6145	0.7888	83	85	9	2	14	0.01	0.05	0	0.01
0.0088	0.0251	0.1463	-0.0446	0.3076	0.6242	-0.3701	0.688	84	86	9	2	15	0.0011	0.25	0	0.0101
0.008	0.0112	0.16	-0.0528	0.3295	0.7058	-0.5539	0.4416	85	0	9	2	16	0.01	0.05	0	0.01
0.0113	0.0661	0.0042	0.1554	0.0747	-0.8297	0.2351	0.5062	29	88	18	2	1	0.003	0.5833	0	0.0129
0.0102	0.0435	-0.0385	0.1681	0.1126	-0.3928	-0.5327	0.7496	87	89	18	2	2	0.0011	0.4583	0	0.0102
0.0111	0.0678	-0.0673	0.1648	0.1459	-0.763	-0.4686	0.4453	88	90	18	2	3	0.001	0.375	0	0.0139
0.01	0.0267	-0.1171	0.1382	0.1752	-0.6202	0.3547	0.6996	89	91	18	2	4	0.0013	0.2917	0	0.01
0.009	0.0243	-0.1339	0.1441	0.1942	-0.2963	0.1054	0.9493	90	92	18	2	5	0.0035	0.75	0	0.009
0.009	0.0031	-0.1354	0.1442	0.2183	-0.1946	-0.0337	0.9803	91	0	18	2	6	0.0022	0.4583	0	0.0087
0.0094	0.0406	-0.1027	0.1598	0.0956	-0.6674	-0.7411	-0.0724	34	94	21	2	1	0.0023	0.5417	0	0.0094
0.0087	0.042	-0.1237	0.1324	0.089	0.4789	-0.8642	0.1545	93	95	21	2	2	0.0048	0.4167	0	0.0087
0.0094	0.0336	-0.1069	0.1138	0.0974	0.9651	0.1616	0.2059	94	96	21	2	3	0.01	0.05	0	0.01
0.0092	0.0274	-0.1143	0.0935	0.0904	0.5402	-0.8414	0.015	95	97	21	2	4	0.0011	0.375	0	0.0092
0.0086	0.0436	-0.1038	0.0718	0.0868	0.0202	-0.9383	-0.3453	96	98	21	2	5	0.0007	0.3333	0	0.0086
0.009	0.0251	-0.1195	0.0359	0.0744	-0.3224	-0.8309	-0.4535	97	99	21	2	6	0.0052	0.4688	0	0.009
0.0104	0.0447	-0.1154	0.0039	0.0677	-0.5001	-0.7374	-0.454	98	100	21	2	7	0.0055	0.4375	0	0.011
0.0095	0.0006	-0.1441	-0.0299	0.057	-0.223	-0.948	-0.227	99	101	21	2	8	0.0046	0.4063	0	0.0097
0.0091	0.0451	-0.14	-0.0278	0.0473	-0.206	-0.912	-0.3546	100	102	21	2	9	0.0011	0.2083	0	0.0091
0.0082	0.0579	-0.145	-0.0656	0.0302	0.3109	-0.6382	-0.7044	101	103	21	2	10	0.0008	0.4167	0	0.0082
0.0077	0.0348	-0.1144	-0.098	-0.0005	0.6373	-0.525	-0.5641	102	104	21	2	11	0.0058	0.425	0	0.0077
0.0075	0.0088	-0.0927	-0.1101	-0.0223	0.9161	-0.071	-0.3946	103	105	21	2	12	0.0048	0.5833	0	0.0075
0.009	0.0285	-0.0875	-0.1388	-0.0376	0.8896	0.0958	-0.4466	104	106	21	2	13	0.0063	0.4375	0	0.009
0.0076	0.0226	-0.0633	-0.1376	-0.0501	0.7287	-0.604	-0.3227	105	107	21	2	14	0.0054	0.4583	0	0.0076
0.0068	0.0589	-0.0607	-0.1501	-0.0498	-0.1347	-0.9859	-0.0996	106	108	21	2	15	0.0072	0.5	0	0.0067
0.0096	0.0698	-0.0282	-0.2048	-0.0667	0.0299	-0.9805	-0.1941	107	109	21	2	16	0.0108	0.25	0	0.0107
0.0089	0.0727	0.0027	-0.2	-0.0587	0.933	-0.3169	-0.1704	108	110	21	2	17	0.0053	0.3438	0	0.0089
0.0095	0.026	0.0258	-0.2518	-0.0523	0.5697	-0.814	0.1134	109	111	21	2	18	0.0045	0.175	0	0.0312
0.0081	0.0562	-0.0087	-0.2679	-0.0487	-0.099	-0.9869	0.1275	110	112	21	2	19	0.0043	0.5833	0	0.0081
0.0098	0.0325	-0.0404	-0.2302	-0.0628	-0.9299	-0.3069	-0.2025	111	113	21	2	20	0.0105	0.14	0	0.0148
0.0074	0.0176	-0.0675	-0.2477	-0.078	-0.9106	0.0852	-0.4043	112	114	21	2	21	0.0037	0.375	0	0.0074
0.007	0.047	-0.0775	-0.2511	-0.088	-0.6841	-0.6301	-0.3674	113	115	21	2	22	0.0027	0.5313	0	0.007
0.0084	0.0362	-0.1119	-0.2777	-0.1068	-0.5935	-0.6732	-0.4411	114	116	21	2	23	0.0038	0.4	0	0.0084
0.0076	0.0167	-0.1236	-0.3088	-0.1191	-0.4098	-0.8174	-0.4048	115	117	21	2	24	0.0045	0.625	0	0.0076
0.0091	0.0397	-0.1312	-0.3216	-0.1219	-0.2475	-0.9545	0.1663	116	118	21	2	25	0.0012	0.3333	0	0.0099
0.0093	0.0683	-0.1471	-0.3504	-0.1055	-0.5124	-0.7649	0.3904	117	119	21	2	26	0.0037	0.3333	0	0.0104
0.0083	0.0111	-0.1586	-0.4088	-0.0823	-0.1986	-0.9326	0.3012	118	120	21	2	27	0.0057	0.3438	0	0.0086
0.0082	0.0218	-0.1668	-0.4222	-0.0916	0.4318	-0.9019	0.0077	119	121	21	2	28	0.01	0.05	0	0.01
0.0081	0.0386	-0.1716	-0.4239	-0.0979	-0.3427	-0.5452	-0.765	120	0	21	2	29	0.01	0.05	0	0.01
0.0025	0.1046	-0.0187	0.1979	0.0659	-0.9643	0.1765	0.1972	32	123	24	2	1	0.01	0.05	0	0.01
0.0025	0.0229	-0.1196	0.2164	0.0865	-0.4662	0.7084	-0.5299	122	0	24	2	2	0.01	0.05	0	0.01
0.0091	0.0507	-0.2272	0.1406	0.0583	-0.1793	-0.956	0.2322	38	125	33	2	1	0.0032	0.5833	0	0.012
0.0091	0.028	-0.2238	0.089	0.0654	-0.0881	-0.9175	0.3879	124	126	33	2	2	0.0051	0.5417	0	0.0097
0.008	0.0294	-0.2199	0.0652	0.0775	0.236	-0.9381	0.2536	125	127	33	2	3	0.0035	0.5	0	0.008
0.0091	0.0251	-0.2161	0.0366	0.0746	0.3496	-0.9368	-0.0145	126	128	33	2	4	0.0062	0.4583	0	0.01
0.008	0.0435	-0.2103	0.0106	0.0805	-0.0631	-0.9154	-0.3976	127	129	33	2	5	0.004	0.375	0	0.0079
0.0089	0.0324	-0.213	-0.0278	0.059	-0.0834	-0.9442	-0.3187	128	130	33	2	6	0.01	0.05	0	0.01
0.008	0.0477	-0.209	-0.06	0.0621	0.0828	-0.9844	-0.155	129	131	33	2	7	0.001	0.3333	0	0.006
0.009	0.0075	-0.1953	-0.0597	0.0312	0.3529	-0.4734	-0.807	130	132	33	2	8	0.0054	0.4583	0	0.0099
0.0088	0.0139	-0.1947	-0.0786	0.0379	0.6692	-0.5228	-0.5281	131	133	33	2	9	0.0052	0.4375	0	0.0089
0.0089	0.0075	-0.1948	-0.0879	0.0223	0.4349	-0.8541	-0.2853	132	134	33	2	10	0.0058	0.5	0	0.0092
0.0085	0.014	-0.187	-0.0931	0.0193	-0.0035	-0.5919	-0.806	133	135	33	2	11	0.01	0.05	0	0.01
0.0084	0.0221	-0.1871	-0.1013	0.008	0.3267	-0.4965	-0.8043	134	0	33	2	12	0.01	0.05	0	0.01
0.0106	0.0306	-0.311	0.1603	-0.0384	-0.4267	0.6167	-0.6615	45	137	35	2	1	0.0025	0.4583	1	0.0194
0.0106	0.0401	-0.328	0.1728	-0.0599	0.0305	0.1741	-0.9843	136	138	35	2	2	0.0055	0.375	0	0.0194
0.0106	0.0121	-0.3319	0.1906	-0.0898	0.5679	0.6799	-0.4639	137	139	35	2	3	0.01	0.05	0	0.01
0.0106	0.0222	-0.325	0.1988	-0.0954	0.9841	0.1766	0.0211	138	0	35	2	4	0.01	0.05	0	0.01
0.0092	0.0859	-0.2737	0.0882	0.0263	0.0743	-0.9944	0.0748	40	141	37	2	1	0.0018	0.4583	0	0.0092
0.0094	0.0007	-0.2623	0.0028	0.0356	0.0741	-0.9914	-0.108	140	142	37	2	2	0.01	0.05	0	0.01
0.0092	0.0393	-0.2552	-0.0012	0.0335	-0.4576	-0.8659	-0.202	141	143	37	2	3	0.0007	0.375	0	0.0081
0.0093	0.0234	-0.2662	-0.036	0.0215	-0.4094	-0.7253	-0.5535	142	144	37	2	4	0.01	0.05	0	0.01
0.0092	0.0061	-0.2776	-0.0535	0.0199	-0.5371	-0.8344	-0.1237	143	145	37	2	5	0.01	0.05	0	0.01
0.0092	0.0171	-0.2814	-0.06	0.0223	0.6135	-0.7514	-0.2429	144	0	37	2	6	0.01	0.05	0	0.01
0.0089	0.0315	0.1186	0.0027	-0.0433	0.6364	-0.2165	-0.7404	50	147	10	2	1	0.0022	0.5	1	0.0144
0.0089	0.0419	0.1424	-0.0075	-0.0636	0.1345	-0.564	-0.8147	146	148	10	2	2	0.0026	0.3	0	0.0144
0.0089	0.0282	0.1543	-0.033	-0.0898	0.0617	0.9813	0.1824	147	149	10	2	3	0.01	0.05	0	0.01
0.0089	0.0192	0.156	-0.0053	-0.0846	0.3875	0.757	0.5262	148	0	10	2	4	0.01	0.05	0	0.01
0.01	0.043	0.1316	-0.0572	-0.0703	-0.9556	0.1795	0.2338	51	151	11	2	1	0.0028	0.4167	0	0.01
0.01	0.0395	0.1072	-0.0663	-0.0602	-0.6321	-0.6281	-0.4539	150	152	11	2	2	0.0081	0.3333	0	0.0064
0.01	0.0195	0.0953	-0.0814	-0.0717	0.6067	-0.7943	-0.0336	151	0	11	2	3	0.01	0.05	0	0.01
0.0067	0.0335	0.1819	-0.0685	-0.1026	0.6778	-0.4926	0.5458	54	154	13	2	1	0.0051	0.4583	1	0.0067
0.0067	0.0525	0.2046	-0.085	-0.0843	0.5101	-0.6796	-0.5272	153	155	13	2	2	0.0051	0.4583	0	0.0067
0.0067	0.007	0.2135	-0.1099	-0.0927	-0.5111	-0.8595	0.0027	154	156	13	2	3	0.01	0.05	0	0.01
0.0067	0.0408	0.2079	-0.1155	-0.0987	0.9477	0.0571	-0.3141	155	157	13	2	4	0.0013	0.2917	0	0.01
0.0067	0.0028	0.246	-0.1188	-0.106	0.865	0.3155	0.3902	156	158	13	2	5	0.01	0.05	0	0.01
0.0067	0.0101	0.252	-0.1103	-0.1103	0.8977	-0.1189	0.4243	157	159	13	2	6	0.01	0.05	0	0.01
0.0067	0.0073	0.2591	-0.1136	-0.1075	0.4652	0.1496	-0.8724	158	0	13	2	7	0.01	0.05	0	0.01
0.0025	0.0657	0.1443	-0.0583	-0.0949	0.5705	0.7991	-0.1895	51	161	14	2	1	0.01	0.05	0	0.01
0.0025	0.0272	0.1818	-0.0058	-0.1074	0.4473	0.0976	-0.8891	160	0	14	2	2	0.01	0.05	0	0.01
0.0087	0.0856	0.0784	0.096	0.0233	-0.146	0.5004	0.8534	72	163	12	3	1	0.0025	0.375	0	0.0087
0.0084	0.025	0.0768	0.1351	0.0969	0.0672	0.3497	0.9345	162	164	12	3	2	0.01	0.05	0	0.01
0.0083	0.0449	0.0794	0.1297	0.1022	-0.9645	0.1822	-0.1911	163	165	12	3	3	0.001	0.375	0	0.0094
0.0057	0.0205	0.041	0.1465	0.0933	-0.8319	0.4595	-0.3112	164	166	12	3	4	0.01	0.05	0	0.01
0.0043	0.0034	0.0309	0.1499	0.0991	-0.5127	0.6181	0.5958	165	0	12	3	5	0.0023	0.175	0	0.01
0.0092	0.045	0.0902	0.1402	0.0207	0.8824	0.3907	-0.2622	72	168	66	3	1	0.0007	0.3333	1	0.0092
0.0091	0.0192	0.1298	0.1578	0.0089	0.0634	0.684	-0.7267	167	169	66	3	2	0.0007	0.3333	0	0.0092
0.0083	0.0261	0.1367	0.1697	-0.0079	0.0557	0.9573	-0.2837	168	170	66	3	3	0.01	0.05	0	0.01
0.0062	0.032	0.1382	0.1947	-0.0153	0.2596	0.6626	-0.7025	169	171	66	3	4	0.01	0.05	0	0.01
0.0041	0.0146	0.1491	0.2152	-0.0382	0.1803	0.8749	-0.4495	170	0	66	3	5	0.0026	0.175	0	0.01
0.0095	0.0863	0.1039	0.1027	0.1485	-0.2099	0.8545	-0.4752	78	173	15	3	1	0.0009	0.375	1	0.0114
0.0093	0.0482	0.0858	0.1764	0.1075	-0.6353	0.3545	-0.686	172	174	15	3	2	0.0009	0.375	0	0.0114
0.007	0.0282	0.0616	0.1998	0.0736	-0.3845	0.2743	-0.8814	173	175	15	3	3	0.0037	0.4063	0	0.007
0.0081	0.0263	0.0425	0.2037	0.0478	-0.1692	0.5721	-0.8025	174	176	15	3	4	0.01	0.05	0	0.01
0.0077	0.0304	0.0622	0.2175	0.0409	0.4391	0.5645	-0.699	175	177	15	3	5	0.01	0.05	0	0.01
0.0073	0.0234	0.0716	0.2428	0.034	0.3779	0.8451	-0.3781	176	0	15	3	6	0.01	0.05	0	0.01
0.0092	0.0175	0.1166	0.0813	0.1724	0.943	-0.0559	0.3281	79	179	23	3	1	0.0022	0.5	1	0.0092
0.0092	0.0299	0.1331	0.0803	0.1781	-0.3595	0.8366	0.4133	178	180	23	3	2	0.0022	0.5	0	0.0092
0.0092	0.0316	0.1211	0.1039	0.1923	0.3518	0.5803	0.7345	179	181	23	3	3	0.001	0.375	0	0.01
0.0092	0.0192	0.1269	0.125	0.2118	-0.1718	0.6464	0.7434	180	182	23	3	4	0.0043	0.5833	0	0.0115
0.0092	0.0042	0.1257	0.1394	0.2229	-0.602	0.7897	0.1182	181	0	23	3	5	0.0029	0.25	0	0.0077
0.0085	0.0155	0.1357	-0.0148	0.2585	0.8658	-0.3971	-0.3044	83	184	36	3	1	0.0019	0.4583	1	0.0128
0.0084	0.0417	0.1491	-0.0209	0.2538	0.037	0.9538	0.2983	183	185	36	3	2	0.0019	0.4583	0	0.0128
0.0057	0.0294	0.1622	0.0192	0.2659	-0.0191	0.9765	0.2146	184	186	36	3	3	0.0086	0.4583	0	0.0056
0.0068	0.0176	0.1785	0.0357	0.2742	0.5934	0.7916	-0.1457	185	187	36	3	4	0.01	0.05	0	0.01
0.0062	0.0087	0.1764	0.034	0.2724	-0.7711	0.6114	-0.1776	186	0	36	3	5	0.01	0.05	0	0.01
0.0083	0.0349	-0.109	0.1227	0.0999	0.9969	-0.0716	-0.0321	95	189	25	3	1	0.0016	0.5	0	0.0082
0.009	0.0051	-0.0767	0.1184	0.0994	0.5929	-0.7164	0.3679	188	190	25	3	2	0.01	0.05	0	0.01
0.009	0.0237	-0.0788	0.1143	0.1	0.2605	-0.2473	-0.9333	189	191	25	3	3	0.01	0.05	0	0.01
0.009	0.0246	-0.0726	0.1084	0.0778	0.4364	-0.7895	0.4315	190	0	25	3	4	0.01	0.05	0	0.01
0.0099	0.0215	-0.1194	-0.0096	0.0503	0.6604	0.2494	-0.7083	99	193	41	3	1	0.0034	0.4167	1	0.0112
0.0098	0.0458	-0.1052	-0.0043	0.0351	0.9355	-0.102	0.3384	192	194	41	3	2	0.0034	0.4167	0	0.0112
0.0088	0.0498	-0.0617	-0.0087	0.0465	0.713	0.6829	0.1588	193	195	41	3	3	0.0007	0.4583	0	0.0088
0.0094	0.0219	-0.03	0.0275	0.055	0.4997	0.865	-0.0455	194	196	41	3	4	0.01	0.05	0	0.01
0.0092	0.0255	-0.0136	0.0258	0.0569	0.9617	0.2644	0.0727	195	197	41	3	5	0.01	0.05	0	0.01
0.009	0.0169	-0.0144	0.0347	0.0452	0.3756	0.72	-0.5836	196	198	41	3	6	0.01	0.05	0	0.01
0.0088	0.0111	-0.0128	0.0292	0.0509	0.0543	-0.6678	-0.7423	197	0	41	3	7	0.01	0.05	0	0.01
0.0111	0.0126	-0.1351	-0.1023	-0.0126	-0.6717	-0.3572	-0.649	102	200	44	3	1	0.0021	0.4167	1	0.0121
0.0111	0.0328	-0.1435	-0.1068	-0.0208	-0.0117	-0.938	-0.3464	199	201	44	3	2	0.0021	0.4167	0	0.0121
0.0111	0.0167	-0.1468	-0.1449	-0.0275	-0.2806	-0.4302	-0.858	200	202	44	3	3	0.01	0.05	0	0.01
0.0111	0.0294	-0.1422	-0.1497	-0.052	0.132	-0.9849	-0.1116	201	203	44	3	4	0.001	0.4167	0	0.0111
0.0111	0.0547	-0.1617	-0.1632	-0.0604	-0.3833	-0.7564	-0.5301	202	204	44	3	5	0.012	0.2813	0	0.0145
0.0111	0.0451	-0.1903	-0.1948	-0.073	-0.9269	-0.2358	-0.292	203	205	44	3	6	0.0049	0.3125	0	0.0115
0.0111	0.056	-0.2292	-0.2147	-0.0891	-0.9492	-0.2404	-0.2029	204	206	44	3	7	0.0043	0.2321	0	0.0083
0.0111	0.0383	-0.2777	-0.2371	-0.0873	-0.8575	-0.5121	-0.0504	205	207	44	3	8	0.0046	0.3125	0	0.0096
0.0111	0.0101	-0.2786	-0.2651	-0.0931	-0.2635	-0.9606	-0.0885	206	208	44	3	9	0.0065	0.375	0	0.0074
0.0111	0.023	-0.2935	-0.2693	-0.0814	0.005	-0.9137	0.4064	207	209	44	3	10	0.01	0.05	0	0.01
0.0111	0.0161	-0.2878	-0.2661	-0.088	0.7503	-0.4742	-0.4605	208	210	44	3	11	0.01	0.05	0	0.01
0.0111	0.0155	-0.2758	-0.2737	-0.0954	-0.1602	-0.9409	0.2983	209	0	44	3	12	0.01	0.05	0	0.01
0.0027	0.0795	-0.0631	-0.181	-0.0598	0.947	-0.029	-0.3201	107	212	50	3	1	0.0081	0.225	0	0.0109
0.0025	0.0245	0.0009	-0.1821	-0.0766	0.401	0.8187	0.411	211	0	50	3	2	0.0059	0.1	0	0.01
0.0074	0.0565	0.0412	-0.2184	-0.0734	0.366	-0.7888	0.4938	109	214	52	3	1	0.0068	0.5417	0	0.0074
0.0074	0.0101	0.0579	-0.2636	-0.0425	0.5931	-0.0256	0.8047	213	0	52	3	2	0.002	0.3333	0	0.0093
0.0078	0.061	-0.1227	-0.3238	-0.1245	0.805	-0.5417	0.242	116	216	54	3	1	0.0013	0.3333	0	0.0076
0.0078	0.1045	-0.0816	-0.3576	-0.0982	0.815	-0.1638	0.5558	215	217	54	3	2	0.0012	0.4583	0	0.0098
0.0078	0.0383	-0.0034	-0.374	-0.0354	0.5577	0.0089	0.83	216	218	54	3	3	0.01	0.05	0	0.01
0.0078	0.0118	0.0235	-0.3807	-0.0337	0.9064	-0.3446	0.2443	217	219	54	3	4	0.0007	0.4167	0	0.0078
0.0078	0.0038	0.029	-0.3874	-0.0294	0.4288	-0.415	0.8024	218	220	54	3	5	0.01	0.05	0	0.01
0.0078	0.0172	0.0358	-0.3897	-0.0269	-0.1136	-0.9799	0.1641	219	221	54	3	6	0.01	0.05	0	0.01
0.0078	0.0181	0.0328	-0.4067	-0.0238	0.1178	-0.9869	-0.1106	220	0	54	3	7	0.01	0.05	0	0.01
0.0043	0.0323	-0.1366	-0.3046	-0.1341	0.1807	0.9735	-0.1402	115	0	56	3	1	0.0021	0.375	0	0.0149
0.007	0.022	-0.1914	-0.4003	-0.0797	-0.9766	0.1021	-0.1894	118	224	61	3	1	0.0022	0.4167	0	0.0119
0.007	0.0108	-0.2165	-0.41	-0.0815	-0.902	0.2029	-0.381	223	225	61	3	2	0.003	0.5417	0	0.007
0.007	0.0082	-0.2249	-0.4101	-0.0847	-0.5506	-0.5853	-0.5952	224	0	61	3	3	0.01	0.05	0	0.01
0.0067	0.0187	-0.2104	0.0378	0.093	0.2009	0.4402	0.8751	126	227	40	3	1	0.0015	0.5417	1	0.0067
0.0067	0.0698	-0.2067	0.046	0.1094	0.722	-0.6917	-0.0193	226	228	40	3	2	0.0015	0.5417	0	0.0067
0.0076	0.0447	-0.1593	-0.0024	0.1017	0.5134	-0.8278	-0.2263	227	229	40	3	3	0.01	0.05	0	0.01
0.0076	0.0396	-0.1333	-0.0233	0.0791	0.6409	-0.5449	-0.5406	228	0	40	3	4	0.01	0.05	0	0.01
0.0107	0.0306	-0.1314	-0.159	-0.0472	0.9288	0.3498	0.1224	202	231	48	4	1	0.0027	0.5	0	0.0107
0.0107	0.0208	-0.105	-0.1481	-0.0473	0.3872	-0.8937	-0.2266	230	0	48	4	2	0.0035	0.3333	0	0.0093
