radius (m)	length (m)	start_point	axis_direction	parent	extension	branch	branch_order	position_in_branch	mad	SurfCov	added	UnmodRadius (m)
0.0183	0.0606	-0.325	0.1009	-0.2636	0.0923	0.0061	0.9957	0	2	1	0	1	0.0034	0.7083	0	0.0183
0.0188	0.0638	-0.3182	0.0838	-0.2017	0.4703	0.1063	0.8761	1	3	1	0	2	0.0026	0.75	0	0.0188
0.0202	0.0412	-0.2925	0.0869	-0.1455	0.6025	-0.6519	0.4604	2	4	1	0	3	0.0024	0.5	0	0.0204
0.0183	0.0585	-0.2617	0.0658	-0.1168	0.7459	-0.6629	-0.0648	3	5	1	0	4	0.0019	0.5	0	0.0163
0.0183	0.0362	-0.224	0.017	-0.124	0.7984	-0.5544	0.2352	4	6	1	0	5	0.0015	0.4583	0	0.0152
0.0183	0.0035	-0.2013	-0.0062	-0.1119	0.5644	-0.7591	0.3244	5	7	1	0	6	0.0041	0.625	0	0.0134
0.0183	0.0362	-0.1991	-0.0056	-0.1245	0.932	0.3485	0.0995	6	0	1	0	7	0.0074	0.125	0	0.01
0.013	0.0835	-0.319	0.0935	-0.1656	-0.9475	0.1768	-0.2663	2	9	2	1	1	0.0038	0.375	1	0.013
0.013	0.04	-0.3981	0.1082	-0.1878	-0.8878	-0.3059	-0.3438	8	0	2	1	2	0.0038	0.375	0	0.013
0.0115	0.0642	-0.2383	0.0291	-0.1056	-0.407	-0.5085	0.7588	4	11	6	1	1	0.001	0.4167	1	0.0115
0.0115	0.0649	-0.2645	-0.0035	-0.0569	0.3251	0.3453	0.8804	10	12	6	1	2	0.001	0.4167	0	0.0115
0.0143	0.0446	-0.2216	0.0075	-0.0167	0.6797	0.2847	0.676	11	13	6	1	3	0.0079	0.3333	0	0.0151
0.0105	0.0062	-0.1994	0.0321	0.0269	0.9119	0.2678	0.311	12	14	6	1	4	0.0063	0.4375	0	0.0105
0.0103	0.0378	-0.1894	0.0295	0.0278	0.4458	0.2497	0.8596	13	15	6	1	5	0.0013	0.5833	0	0.0103
0.012	0.0392	-0.1766	0.0341	0.0469	0.6653	-0.7435	0.0681	14	16	6	1	6	0.0015	0.375	0	0.012
0.0101	0.0459	-0.1547	0.0072	0.0579	0.2671	-0.8866	0.3776	15	17	6	1	7	0.0012	0.4167	0	0.0085
0.0101	0.0006	-0.1447	-0.0336	0.0751	0.0305	-0.8385	0.544	16	18	6	1	8	0.0026	0.5417	0	0.0085
0.0109	0.0459	-0.1444	-0.0325	0.0767	0.9779	-0.2086	0.0133	17	19	6	1	9	0.0016	0.375	0	0.0109
0.0147	0.0587	-0.1007	-0.0436	0.0683	0.2121	-0.968	0.1344	18	20	6	1	10	0.0014	0.25	0	0.0171
0.0148	0.0618	-0.0739	-0.0874	0.094	0.832	-0.2302	-0.5048	19	21	6	1	11	0.0011	0.375	0	0.0162
0.0149	0.0333	-0.0236	-0.104	0.0618	0.8011	-0.1599	-0.5768	20	22	6	1	12	0.0013	0.4583	0	0.0158
0.0148	0.0586	-0.0037	-0.1095	0.0572	0.224	-0.9704	0.0904	21	23	6	1	13	0.0017	0.375	0	0.0161
0.0136	0.032	0.029	-0.1442	0.0576	0.7125	-0.6715	-0.2035	22	24	6	1	14	0.0016	0.2083	0	0.0148
0.0136	0.0421	0.0512	-0.1626	0.0486	0.9605	-0.0365	-0.2759	23	25	6	1	15	0.0014	0.2917	0	0.0143
0.0106	0.003	0.0912	-0.155	0.0386	0.8852	0.1296	-0.4467	24	26	6	1	16	0.0053	0.5417	0	0.0106
0.0156	0.0464	0.1035	-0.1418	0.0225	0.5711	-0.7688	-0.2877	25	27	6	1	17	0.0063	0.275	0	0.0277
0.0133	0.0489	0.1293	-0.1701	0.0092	0.9953	0.0965	0.0056	26	28	6	1	18	0.0014	0.3333	0	0.0138
0.0136	0.0394	0.1745	-0.1669	0.001	0.5806	-0.8088	-0.0934	27	29	6	1	19	0.0013	0.25	0	0.015
0.0096	0.0249	0.1937	-0.199	-0.0051	0.3749	-0.7936	-0.4793	28	30	6	1	20	0.0043	0.5313	0	0.0096
0.01	0.005	0.1887	-0.2044	-0.0125	-0.6045	-0.3889	-0.6953	29	31	6	1	21	0.01	0.05	0	0.01
0.0121	0.0521	0.1809	-0.2161	-0.0179	0.8442	-0.3305	-0.422	30	32	6	1	22	0.0013	0.3333	0	0.0121
0.01	0.0204	0.2169	-0.2261	-0.0497	0.5842	-0.3543	-0.7302	31	33	6	1	23	0.01	0.05	0	0.01
0.014	0.0291	0.2226	-0.2434	-0.0638	0.0652	-0.1182	-0.9908	32	34	6	1	24	0.0017	0.4167	0	0.0151
0.0131	0.0205	0.221	-0.2575	-0.0757	-0.0424	-0.8387	-0.5429	33	35	6	1	25	0.0013	0.3333	0	0.014
0.0093	0.0523	0.2317	-0.2591	-0.0925	0.5268	-0.6053	-0.5968	34	36	6	1	26	0.0079	0.5833	0	0.0093
0.0147	0.006	0.2537	-0.2955	-0.13	0.7918	-0.1496	-0.5922	35	37	6	1	27	0.0079	0.35	0	0.0182
0.0089	0.0687	0.2644	-0.2937	-0.1061	0.5962	-0.8013	-0.0501	36	38	6	1	28	0.0095	0.275	0	0.0087
0.01	0.0302	0.2958	-0.3526	-0.1059	0.4611	-0.822	0.3343	37	39	6	1	29	0.01	0.05	0	0.01
0.0131	0.0181	0.3298	-0.3557	-0.0996	0.6921	-0.5639	0.4506	38	40	6	1	30	0.0013	0.2917	0	0.0153
0.0108	0.0137	0.3436	-0.3634	-0.0939	0.9203	-0.3772	0.104	39	41	6	1	31	0.004	0.4583	0	0.0108
0.0095	0.0473	0.3663	-0.3749	-0.0996	0.6584	0.6759	0.3312	40	42	6	1	32	0.001	0.375	0	0.0095
0.0098	0.0481	0.401	-0.3475	-0.0925	0.8317	0.5524	0.0559	41	43	6	1	33	0.001	0.2917	0	0.0098
0.01	0.0291	0.4326	-0.3142	-0.0957	0.7055	0.6598	-0.2589	42	44	6	1	34	0.01	0.05	0	0.01
0.0108	0.0002	0.4583	-0.3139	-0.0855	0.8655	0.4477	0.2248	43	45	6	1	35	0.0014	0.25	0	0.0109
0.01	0.0212	0.4588	-0.3154	-0.0877	0.7039	-0.537	0.4649	44	0	6	1	36	0.01	0.05	0	0.01
0.0139	0.0568	-0.1823	-0.0059	-0.1055	0.472	0.2171	0.8544	7	47	356	1	1	0.0038	0.375	0	0.0139
0.0146	0.0388	-0.1474	0.0004	-0.0606	0.5703	0.8161	-0.0931	46	48	356	1	2	0.0013	0.375	0	0.0148
0.01	0.0359	-0.1257	0.0326	-0.0696	0.4015	0.9141	0.0558	47	49	356	1	3	0.01	0.05	0	0.01
0.01	0.024	-0.1272	0.0276	-0.0719	0.2893	-0.0124	-0.9572	48	50	356	1	4	0.01	0.05	0	0.01
0.0085	0.049	-0.1331	0.033	-0.07	0.8808	-0.0679	0.4686	49	51	356	1	5	0.01	0.05	0	0.01
0.0049	0.0315	-0.0899	0.0296	-0.047	0.1231	-0.3619	0.9241	50	0	356	1	6	0.0008	0.125	0	0.01
0.011	0.0671	-0.2595	-0.0088	-0.0696	0.3935	-0.0993	-0.9139	10	53	10	2	1	0.0019	0.3333	1	0.0159
0.0107	0.0596	-0.2302	-0.0169	-0.1308	0.1068	0.1649	-0.9805	52	54	10	2	2	0.0045	0.225	0	0.0159
0.0103	0.0427	-0.2222	0.0002	-0.1717	-0.949	-0.251	0.1906	53	55	10	2	3	0.0049	0.2	0	0.0156
0.0097	0.066	-0.2531	-0.0093	-0.1739	-0.671	-0.3197	-0.669	54	56	10	2	4	0.007	0.35	0	0.0126
0.0069	0.0288	-0.2782	-0.0202	-0.1991	0.7283	-0.4985	-0.4702	55	57	10	2	5	0.01	0.05	0	0.01
0.0084	0.0134	-0.2897	-0.0305	-0.2207	0.0658	-0.758	-0.649	56	58	10	2	6	0.001	0.375	0	0.0127
0.0046	0.0226	-0.2799	-0.0392	-0.2268	-0.187	0.979	0.0813	57	0	10	2	7	0.0016	0.1	0	0.01
0.0114	0.055	-0.1801	0.03	0.0361	-0.4159	0.9085	0.0394	15	60	11	2	1	0.0034	0.4583	0	0.0154
0.0114	0.0372	-0.2011	0.0844	0.0405	-0.0031	0.453	-0.8915	59	61	11	2	2	0.0043	0.25	0	0.0192
0.01	0.033	-0.1964	0.1153	0.0114	0.1238	0.2353	-0.964	60	62	11	2	3	0.01	0.05	0	0.01
0.0114	0.0939	-0.1771	0.1273	-0.0281	-0.1788	0.9664	0.1849	61	63	11	2	4	0.0051	0.18	0	0.0186
0.0114	0.0427	-0.2009	0.2165	-0.0054	0.5966	0.0522	0.8009	62	64	11	2	5	0.0037	0.225	0	0.0251
0.0104	0.0642	-0.1626	0.2324	0.0121	0.6349	0.281	0.7197	63	65	11	2	6	0.0059	0.3	0	0.0104
0.0108	0.0239	-0.1394	0.268	0.031	0.6024	0.7895	0.1176	64	66	11	2	7	0.0111	0.3438	0	0.0108
0.0114	0.0172	-0.134	0.2834	0.0264	-0.1649	0.9543	-0.2494	65	67	11	2	8	0.0044	0.375	0	0.0118
0.009	0.0475	-0.1287	0.2985	0.0212	0.0719	0.8378	-0.5412	66	68	11	2	9	0.0014	0.3333	0	0.009
0.0086	0.0449	-0.1279	0.3407	0	-0.2049	0.8064	-0.5548	67	69	11	2	10	0.0013	0.25	0	0.0086
0.0101	0.0239	-0.1329	0.3806	-0.0213	-0.2073	0.7932	-0.5726	68	70	11	2	11	0.001	0.3333	0	0.0101
0.0113	0.0465	-0.1355	0.3931	-0.0386	-0.6672	0.1702	-0.7252	69	71	11	2	12	0.0041	0.275	0	0.0178
0.0101	0.0337	-0.1521	0.3867	-0.0708	-0.3729	-0.461	-0.8052	70	72	11	2	13	0.0075	0.375	0	0.0101
0.0111	0.0556	-0.1742	0.4087	-0.0891	0.0789	0.2461	-0.966	71	73	11	2	14	0.0138	0.3	0	0.0144
0.01	0.0042	-0.1465	0.4127	-0.1426	0.255	0.5942	-0.7628	72	74	11	2	15	0.0049	0.425	0	0.01
0.0107	0.0622	-0.155	0.412	-0.136	0.2872	0.795	0.5342	73	75	11	2	16	0.0014	0.375	0	0.0107
0.0111	0.0111	-0.1506	0.467	-0.1101	0.0149	0.8105	0.5855	74	76	11	2	17	0.0052	0.425	0	0.0134
0.0106	0.0629	-0.1434	0.4652	-0.1079	-0.5404	-0.0091	-0.8414	75	77	11	2	18	0.001	0.375	0	0.0107
0.0109	0.0369	-0.1747	0.4818	-0.1452	-0.8715	0.3966	-0.2884	76	78	11	2	19	0.0016	0.3333	0	0.0115
0.011	0.0359	-0.2011	0.492	-0.1437	-0.5131	0.697	0.5009	77	79	11	2	20	0.0017	0.4167	0	0.0129
0.0095	0.0707	-0.1964	0.5151	-0.1325	0.2862	0.4617	0.8396	78	80	11	2	21	0.0063	0.3	0	0.0095
0.01	0.0596	-0.2029	0.5504	-0.0727	0.0791	0.6507	0.7552	79	81	11	2	22	0.01	0.05	0	0.01
0.0101	0.0056	-0.1656	0.5792	-0.0706	0.5715	0.7808	0.2524	80	82	11	2	23	0.0014	0.375	0	0.0104
0.0097	0.0359	-0.164	0.5841	-0.0676	0.4218	0.8967	0.134	81	83	11	2	24	0.01	0.05	0	0.01
0.0081	0.0103	-0.1462	0.598	-0.0823	0.7405	0.5367	-0.4045	82	84	11	2	25	0.0009	0.4167	0	0.0081
0.0108	0.0302	-0.1337	0.604	-0.0808	0.6626	0.4239	-0.6175	83	85	11	2	26	0.001	0.4583	0	0.0148
0.0095	0.0158	-0.1163	0.6114	-0.0939	0.7577	0.255	0.6007	84	86	11	2	27	0.01	0.05	0	0.01
0.0094	0.0337	-0.1043	0.6154	-0.0844	0.3551	0.9251	-0.1344	85	0	11	2	28	0.01	0.05	0	0.01
0.011	0.0498	-0.2478	0.0052	-0.0903	0.138	-0.8786	-0.4571	10	88	359	2	1	0.0046	0.375	1	0.0148
0.0108	0.082	-0.2409	-0.0386	-0.1131	0.8344	-0.3949	0.3845	87	89	359	2	2	0.0046	0.375	0	0.0148
0.0104	0.0587	-0.17	-0.084	-0.0926	-0.3503	-0.6438	0.6803	88	90	359	2	3	0.0086	0.275	0	0.0261
0.0097	0.0604	-0.1895	-0.1263	-0.0587	-0.0441	-0.8017	0.5961	89	91	359	2	4	0.0039	0.3125	0	0.011
0.0089	0.0158	-0.1791	-0.1818	-0.035	-0.0349	-0.8811	0.4716	90	92	359	2	5	0.0058	0.375	0	0.0126
0.0052	0.0249	-0.1844	-0.183	-0.0443	0.2897	-0.7215	-0.6289	91	93	359	2	6	0.01	0.05	0	0.01
0.0043	0.0157	-0.1823	-0.186	-0.0359	0.3325	-0.7652	0.5513	92	0	359	2	7	0.0025	0.2	0	0.01
0.009	0.0739	-0.2656	0.011	-0.0604	-0.4403	0.294	0.8483	10	95	24	2	1	0.003	0.4167	0	0.0119
0.009	0.0454	-0.3045	0.041	0.0038	-0.0951	-0.2565	0.9619	94	96	24	2	2	0.0046	0.45	0	0.009
0.009	0.0324	-0.3103	0.0335	0.0474	-0.1892	-0.0397	0.9811	95	0	24	2	3	0.01	0.05	0	0.01
0.0151	0.0824	-0.2241	0.0212	-0.02	-0.0944	0.4371	-0.8944	12	98	26	2	1	0.0045	0.4167	0	0.0151
0.0151	0.0496	-0.2187	0.0486	-0.092	0.2102	0.128	-0.9693	97	99	26	2	2	0.0039	0.175	0	0.01
0.0151	0.0614	-0.2179	0.079	-0.1015	-0.508	-0.7827	0.3597	98	0	26	2	3	0.0032	0.2917	0	0.0126
0.011	0.1235	-0.2418	0.0125	0.0149	0.4326	0.088	0.8973	11	101	27	2	1	0.0014	0.2917	0	0.0114
0.0104	0.0303	-0.2022	0.0374	0.127	0.3157	0.2228	0.9223	100	102	27	2	2	0.01	0.05	0	0.01
0.0102	0.0301	-0.2033	0.0359	0.122	0.7862	-0.6095	-0.1019	101	103	27	2	3	0.01	0.05	0	0.01
0.01	0.0462	-0.1797	0.0175	0.119	0.9745	-0.1776	0.1371	102	0	27	2	4	0.01	0.05	0	0.01
0.0104	0.0656	-0.1341	-0.0299	0.067	-0.2421	-0.8049	-0.5418	18	105	28	2	1	0.0044	0.25	1	0.0248
0.0102	0.0489	-0.1563	-0.0881	0.0558	-0.2711	-0.9231	-0.273	104	106	28	2	2	0.0055	0.275	0	0.0248
0.0095	0.0447	-0.1686	-0.1246	0.0316	0.1851	-0.7758	-0.6032	105	107	28	2	3	0.0035	0.08	0	0.0158
0.0071	0.0048	-0.1856	-0.1451	0.0065	-0.3012	-0.4165	-0.8578	106	108	28	2	4	0.01	0.05	0	0.01
0.0056	0.0403	-0.187	-0.1471	0.0023	0.9567	-0.2547	0.1409	107	109	28	2	5	0.01	0.05	0	0.01
0.004	0.0303	-0.1469	-0.158	0.0079	-0.3842	-0.6597	-0.6459	108	0	28	2	6	0.0036	0.2	0	0.01
0.0104	0.0368	-0.0869	-0.043	0.071	0.6195	0.7386	-0.2659	18	111	44	2	1	0.0081	0.375	0	0.0222
0.0103	0.0628	-0.0712	-0.0159	0.0447	0.6647	0.6902	-0.2859	110	112	44	2	2	0.0054	0.4	0	0.0109
0.0103	0.0304	-0.0385	0.0342	0.0269	0.5009	0.681	-0.5342	111	113	44	2	3	0.0014	0.4583	0	0.0151
0.0101	0.0005	-0.013	0.0451	0.0034	0.472	0.7843	-0.4026	112	114	44	2	4	0.0064	0.6667	0	0.0101
0.0103	0.0719	-0.0213	0.0516	0.0092	0.5891	0.808	-0.008	113	115	44	2	5	0.0018	0.4167	0	0.0142
0.0102	0.0462	0.0157	0.1015	-0.0146	0.7053	0.6009	-0.3762	114	116	44	2	6	0.0057	0.4	0	0.0111
0.0098	0.0389	0.0249	0.0973	-0.0151	0.0983	-0.5202	-0.8484	115	117	44	2	7	0.01	0.05	0	0.01
0.0101	0.0749	0.0027	0.0969	-0.0376	0.6513	0.7009	0.2908	116	118	44	2	8	0.0087	0.275	0	0.0187
0.0098	0.0717	0.046	0.1617	-0.0241	0.5575	0.6183	0.554	117	119	44	2	9	0.0052	0.3	0	0.014
0.01	0.0322	0.0894	0.1993	0.0081	0.8618	0.5049	-0.0485	118	120	44	2	10	0.0012	0.5	0	0.0118
0.0098	0.0328	0.1127	0.2119	0.0003	0.6903	0.2816	-0.6665	119	121	44	2	11	0.0016	0.375	0	0.0124
0.0099	0.0083	0.1323	0.2275	-0.0229	0.5677	0.1058	-0.8164	120	122	44	2	12	0.0048	0.4583	0	0.0111
0.0083	0.0348	0.1381	0.228	-0.0262	0.3408	0.9397	-0.0287	121	0	44	2	13	0.0023	0.4583	0	0.0083
0.0096	0.0327	-0.1376	-0.0537	0.0945	-0.038	0.1728	0.9842	16	124	53	2	1	0.01	0.05	0	0.01
0.0086	0.0633	-0.1336	-0.0488	0.1293	-0.4259	0.0625	0.9026	123	125	53	2	2	0.0005	0.375	0	0.0086
0.0083	0.0063	-0.165	-0.0473	0.1834	-0.6375	0.2627	0.7243	124	126	53	2	3	0.01	0.05	0	0.01
0.0083	0.0462	-0.1702	-0.0386	0.1911	0.5279	-0.2662	0.8065	125	127	53	2	4	0.001	0.375	0	0.0093
0.0059	0.0124	-0.1435	-0.0435	0.2224	0.9683	-0.2288	0.1001	126	128	53	2	5	0.01	0.05	0	0.01
0.0043	0.0289	-0.1315	-0.0464	0.2236	0.1802	-0.486	0.8552	127	0	53	2	6	0.01	0.05	0	0.01
0.0102	0.0653	-0.1291	-0.0253	0.0731	0.4459	0.3297	0.8321	18	130	54	2	1	0.0026	0.5	0	0.0102
0.0102	0.0081	-0.1014	-0.0106	0.1225	0.3574	-0.5932	0.7213	129	0	54	2	2	0.01	0.05	0	0.01
0.0088	0.024	0.0093	-0.1341	0.0466	0.4748	0.0676	-0.8775	22	132	56	2	1	0.0027	0.4583	1	0.0088
0.0088	0.0613	0.0207	-0.1324	0.0255	0.3965	0.1105	0.9114	131	133	56	2	2	0.0027	0.4583	0	0.0088
0.0115	0.0713	0.033	-0.1229	0.0911	-0.5559	-0.6702	-0.4918	132	134	56	2	3	0.0012	0.375	0	0.0122
0.0114	0.0672	-0.0085	-0.1709	0.0584	-0.5615	-0.6465	-0.5165	133	135	56	2	4	0.0009	0.3333	0	0.0125
0.01	0.04	-0.0369	-0.2009	0.0117	-0.6147	-0.2393	-0.7516	134	136	56	2	5	0.01	0.05	0	0.01
0.0096	0.0023	-0.0648	-0.2215	-0.0019	-0.7333	-0.4879	-0.4735	135	0	56	2	6	0.01	0.05	0	0.01
0.0139	0.0489	-0.0812	-0.0644	0.0729	0.8324	-0.3342	-0.442	19	138	57	2	1	0.0025	0.5	0	0.0167
0.0111	0.04	-0.0552	-0.0756	0.0457	-0.103	-0.8494	-0.5176	137	139	57	2	2	0.0012	0.4167	0	0.0111
0.0137	0.058	-0.0608	-0.1002	0.0133	0.0544	-0.7804	-0.6229	138	140	57	2	3	0.0042	0.275	0	0.0201
0.0111	0.0045	-0.0646	-0.1279	-0.0256	0.591	0.1071	-0.7995	139	141	57	2	4	0.01	0.05	0	0.01
0.0131	0.0577	-0.0701	-0.1314	-0.0478	0.8791	-0.3632	-0.3085	140	142	57	2	5	0.002	0.25	0	0.0157
0.0111	0.0268	-0.0187	-0.15	-0.074	0.9544	0.2597	0.1473	141	0	57	2	6	0.01	0.05	0	0.01
0.015	0.0836	-0.0623	-0.1019	0.0735	-0.0858	-0.9719	-0.2194	20	144	71	2	1	0.0035	0.4583	0	0.015
0.015	0.0461	-0.0728	-0.1743	0.0477	-0.2926	-0.6803	-0.672	143	145	71	2	2	0.0016	0.3333	0	0.0162
0.015	0.0521	-0.0766	-0.1831	0.0196	-0.3908	0.2744	-0.8786	144	146	71	2	3	0.0082	0.275	0	0.0146
0.015	0.0388	-0.121	-0.1776	-0.0195	-0.3798	0.4068	-0.8308	145	147	71	2	4	0.0032	0.15	0	0.01
0.015	0.0194	-0.0985	-0.1641	-0.032	0.2599	0.8843	-0.3878	146	148	71	2	5	0.0014	0.3333	0	0.0117
0.015	0.0568	-0.0982	-0.1524	-0.0554	-0.9619	0.079	0.2619	147	149	71	2	6	0.0016	0.3333	0	0.0197
0.015	0.0402	-0.145	-0.1204	-0.0294	-0.9657	0.253	0.0579	148	150	71	2	7	0.0031	0.125	0	0.01
0.015	0.0707	-0.1351	-0.114	-0.0175	0.0999	-0.6426	-0.7597	149	0	71	2	8	0.0023	0.15	0	0.01
0.014	0.0102	-0.0059	-0.1362	0.0718	-0.2236	-0.5069	0.8325	22	152	72	2	1	0.0028	0.375	0	0.0157
0.0138	0.081	-0.0212	-0.13	0.0764	-0.123	0.1938	0.9733	151	153	72	2	2	0.002	0.5417	0	0.013
0.014	0.0501	-0.0134	-0.1236	0.1483	0.542	0.6938	0.4743	152	154	72	2	3	0.0021	0.5833	0	0.0186
0.014	0.049	0.0133	-0.1142	0.1596	0.9823	0.0689	-0.1744	153	155	72	2	4	0.0022	0.625	0	0.0151
0.014	0.0603	0.0441	-0.0899	0.1598	0.7009	0.6771	-0.2242	154	156	72	2	5	0.0066	0.45	0	0.0209
0.014	0.0603	0.0753	-0.0574	0.1488	-0.4554	0.3666	-0.8113	155	157	72	2	6	0.0011	0.4167	0	0.0165
0.014	0.0469	0.0661	-0.0236	0.1062	-0.4142	0.8378	-0.3558	156	158	72	2	7	0.0063	0.3	0	0.02
0.014	0.0597	0.0664	0.0089	0.0854	0.2302	0.8939	-0.3847	157	159	72	2	8	0.0069	0.375	0	0.0243
0.0138	0.0294	0.0802	0.0598	0.0589	0.4632	0.7334	-0.4977	158	160	72	2	9	0.0053	0.7708	0	0.0138
0.0138	0.0196	0.0875	0.0614	0.0567	0.8549	-0.4427	-0.2704	159	161	72	2	10	0.0017	0.3333	0	0.0128
0.014	0.0894	0.1028	0.0542	0.0617	-0.419	0.8899	-0.1801	160	162	72	2	11	0.0021	0.5417	0	0.0177
0.0139	0.0262	0.0661	0.1347	0.0472	-0.8197	0.5705	0.0512	161	163	72	2	12	0.0013	0.3333	0	0.0149
0.0138	0.0601	0.0484	0.1504	0.053	-0.7584	0.3052	0.576	162	164	72	2	13	0.0019	0.4583	0	0.013
0.0138	0.0312	0.0394	0.1846	0.0883	-0.2756	0.6039	0.7479	163	165	72	2	14	0.0016	0.2917	0	0.0162
0.0138	0.0337	0.0265	0.2014	0.1169	0.4685	0.6265	0.6229	164	166	72	2	15	0.0009	0.375	0	0.0101
0.0138	0.0421	0.0356	0.2148	0.1412	0.2634	0.1843	0.9469	165	167	72	2	16	0.0013	0.375	0	0.0122
0.0138	0.0308	0.0376	0.2217	0.1683	-0.619	0.6817	0.3901	166	168	72	2	17	0.0011	0.2917	0	0.0188
0.0138	0.0285	0.0227	0.2485	0.1861	-0.7105	0.684	-0.1651	167	169	72	2	18	0.001	0.3333	0	0.0157
0.0138	0.0099	0.0195	0.2724	0.17	-0.0252	0.9448	0.3266	168	170	72	2	19	0.01	0.05	0	0.01
0.0138	0.0386	0.0192	0.2812	0.173	0.3489	0.3195	-0.881	169	0	72	2	20	0.01	0.05	0	0.01
0.014	0.082	0.0115	-0.1311	0.0704	0.4418	0.8751	0.1976	22	172	76	2	1	0.0035	0.5	0	0.0156
0.014	0.0566	0.0332	-0.0758	0.0993	-0.2704	0.7284	0.6295	171	173	76	2	2	0.0072	0.3125	0	0.0152
0.014	0.0334	0.0169	-0.0492	0.1324	-0.5962	-0.0984	0.7967	172	174	76	2	3	0.01	0.05	0	0.01
0.014	0.0054	0.019	-0.0384	0.1322	-0.1189	0.9165	0.382	173	0	76	2	4	0.01	0.05	0	0.01
0.0089	0.0407	0.0532	-0.1491	0.0491	-0.2156	0.967	0.1357	24	176	77	2	1	0.0019	0.5417	1	0.0089
0.0089	0.0573	0.0445	-0.1097	0.0546	0.6102	-0.5744	0.5456	175	177	77	2	2	0.0019	0.5417	0	0.0089
0.0113	0.0668	0.0723	-0.1255	0.0873	0.0298	-0.0688	0.9972	176	178	77	2	3	0.0011	0.5	0	0.0117
0.0086	0.0352	0.0743	-0.1119	0.1521	-0.1456	0.0956	0.9847	177	179	77	2	4	0.005	0.5	0	0.0086
0.0087	0.0379	0.0687	-0.11	0.1882	-0.003	0.6744	0.7384	178	180	77	2	5	0.0011	0.3333	0	0.0087
0.0105	0.0498	0.0733	-0.0875	0.2146	0.5352	0.4301	0.727	179	181	77	2	6	0.0013	0.2917	0	0.0121
0.0079	0.011	0.1039	-0.0663	0.2443	0.8062	0.3443	0.4811	180	182	77	2	7	0.0028	0.5	0	0.0079
0.0087	0.0255	0.1041	-0.0579	0.2501	0.1976	0.2737	0.9413	181	183	77	2	8	0.01	0.05	0	0.01
0.0084	0.0235	0.1091	-0.0509	0.2741	0.8449	0.4557	0.2799	182	0	77	2	9	0.01	0.05	0	0.01
0.0105	0.0788	0.0033	-0.1418	0.0454	-0.1462	0.2118	-0.9663	22	185	78	2	1	0.0028	0.4583	0	0.0105
0.0128	0.062	0.0096	-0.1263	-0.0246	0.3234	0.4108	-0.8524	184	186	78	2	2	0.0053	0.225	0	0.0325
0.01	0.0258	0.0242	-0.1035	-0.0802	0.4438	0.0324	-0.8955	185	187	78	2	3	0.01	0.05	0	0.01
0.012	0.0518	0.037	-0.1108	-0.0869	0.9234	0.3672	0.1116	186	188	78	2	4	0.0013	0.4167	0	0.0123
0.0085	0.0563	0.0672	-0.0857	-0.0791	0.3264	0.9452	0.0038	187	189	78	2	5	0.0078	0.4	0	0.008
0.0084	0.0195	0.1032	-0.0368	-0.075	0.2061	0.9715	0.1169	188	190	78	2	6	0.0082	0.325	0	0.0084
0.01	0.0536	0.1154	-0.0425	-0.0762	0.9391	0.2846	0.1923	189	191	78	2	7	0.0068	0.375	0	0.01
0.0114	0.0262	0.165	-0.0267	-0.0746	0.9841	-0.1492	-0.0967	190	192	78	2	8	0.005	0.3542	0	0.013
0.0094	0.0367	0.19	-0.0285	-0.0708	0.9907	0.108	0.083	191	0	78	2	9	0.0031	0.3333	0	0.0098
0.0104	0.1448	0.0263	-0.1822	0.0715	0.9219	-0.0551	0.3836	22	194	79	2	1	0.0015	0.5417	0	0.0104
0.013	0.0532	0.1643	-0.1752	0.1203	0.9615	-0.2676	0.0631	193	195	79	2	2	0.0014	0.375	0	0.0157
0.0104	0.0078	0.2095	-0.1889	0.1347	0.8124	0.4029	0.4214	194	196	79	2	3	0.01	0.05	0	0.01
0.0104	0.0266	0.2159	-0.1858	0.138	0.3134	0.9495	-0.0183	195	197	79	2	4	0.01	0.05	0	0.01
0.0104	0.0345	0.2242	-0.1605	0.1375	0.9769	0.205	0.0609	196	0	79	2	5	0.01	0.05	0	0.01
0.0117	0.0561	0.0153	-0.1517	0.0731	0.1715	-0.9824	0.0743	22	199	80	2	1	0.0033	0.5	0	0.0117
0.0117	0.025	0.0177	-0.2009	0.0778	0.0071	0.099	-0.9951	198	200	80	2	2	0.01	0.05	0	0.01
0.0117	0.0442	0.0179	-0.1984	0.0529	0.5066	-0.3045	-0.8066	199	0	80	2	3	0.01	0.05	0	0.01
0.0111	0.0462	0.1113	-0.1487	0.0033	-0.2354	0.3029	-0.9235	26	202	146	2	1	0.0028	0.375	0	0.0111
0.0102	0.09	0.1173	-0.1424	-0.0265	0.4584	-0.3544	-0.815	201	203	146	2	2	0.0012	0.3333	0	0.0102
0.01	0.0252	0.1326	-0.1811	-0.0692	0.0855	-0.9857	-0.1451	202	204	146	2	3	0.0075	0.375	0	0.0095
0.0133	0.0372	0.1638	-0.2098	-0.0865	0.0488	-0.9296	0.3654	203	205	146	2	4	0.0089	0.35	0	0.0133
0.0133	0.0294	0.1788	-0.2282	-0.0577	0.6062	-0.7472	0.2725	204	206	146	2	5	0.0051	0.375	0	0.0134
0.0138	0.0251	0.174	-0.2607	-0.0437	0.4414	-0.5328	0.722	205	207	146	2	6	0.0084	0.3438	0	0.0168
0.0137	0.0389	0.1949	-0.273	-0.0356	0.1984	-0.9764	0.0859	206	208	146	2	7	0.0018	0.3333	0	0.016
0.0139	0.0599	0.1864	-0.3077	-0.0081	-0.0242	-0.9928	0.1171	207	209	146	2	8	0.002	0.4167	0	0.0183
0.0115	0.0048	0.1898	-0.3698	-0.0064	-0.2296	-0.9387	0.257	208	210	146	2	9	0.0079	0.625	0	0.0115
0.0117	0.0807	0.1899	-0.372	-0.0034	0.8622	-0.0872	-0.499	209	211	146	2	10	0.0012	0.5417	0	0.0117
0.0096	0.0431	0.2613	-0.3737	-0.0402	0.8741	0.0211	-0.4852	210	212	146	2	11	0.0009	0.25	0	0.0076
0.0106	0.0229	0.2993	-0.3821	-0.0611	0.8511	0.0239	-0.5244	211	213	146	2	12	0.0013	0.3333	0	0.0106
0.0111	0.039	0.3236	-0.3771	-0.0544	0.9648	-0.1503	-0.2156	212	214	146	2	13	0.0009	0.3333	0	0.0111
0.0096	0.0299	0.3613	-0.3833	-0.0616	0.997	-0.0674	-0.0378	213	215	146	2	14	0.0007	0.2917	0	0.0087
0.0103	0.0643	0.3855	-0.392	-0.0611	0.7481	-0.5489	0.3729	214	216	146	2	15	0.0015	0.5833	0	0.0103
0.0096	0.0055	0.4325	-0.4283	-0.0372	0.6	-0.6574	0.4558	215	0	146	2	16	0.0033	0.5	0	0.0096
0.0096	0.0339	0.1865	-0.1608	-0.0022	0.8981	0.3799	0.2217	28	218	174	2	1	0.0024	0.4583	0	0.0098
0.0086	0.0371	0.2127	-0.1367	-0.0065	0.9404	0.3397	-0.0169	217	219	174	2	2	0.0009	0.5417	0	0.0086
0.0069	0.019	0.243	-0.1232	-0.004	0.3406	0.9091	0.2398	218	220	174	2	3	0.0038	0.5833	0	0.0069
0.0081	0.027	0.2495	-0.1059	0.0006	0.9079	0.3318	-0.256	219	221	174	2	4	0.01	0.05	0	0.01
0.0075	0.0271	0.2741	-0.0969	-0.0063	0.7756	-0.0896	-0.6248	220	0	174	2	5	0.01	0.05	0	0.01
0.0096	0.0924	0.177	-0.1672	-0.0037	-0.318	0.8577	-0.404	27	223	175	2	1	0.0029	0.5	0	0.0096
0.0123	0.1034	0.1697	-0.1041	-0.0543	-0.0949	0.5476	-0.8314	222	224	175	2	2	0.0075	0.25	0	0.014
0.0121	0.0238	0.1741	-0.0721	-0.1384	0.3429	0.1265	-0.9308	223	225	175	2	3	0.0069	0.25	0	0.0157
0.012	0.0663	0.1548	-0.0662	-0.1669	0.1792	-0.3265	-0.9281	224	226	175	2	4	0.0094	0.375	0	0.0149
0.0111	0.0083	0.135	-0.07	-0.1988	-0.6144	0.1825	-0.7676	225	227	175	2	5	0.0064	0.4063	0	0.0112
0.01	0.0115	0.1605	-0.0672	-0.1878	-0.1382	-0.9406	0.3102	226	228	175	2	6	0.01	0.05	0	0.01
0.01	0.0382	0.1589	-0.0781	-0.1843	-0.7782	0.2575	-0.5727	227	0	175	2	7	0.01	0.05	0	0.01
0.0123	0.0724	0.2406	-0.232	-0.0645	-0.0519	-0.9746	0.2179	32	230	253	2	1	0.001	0.4167	0	0.0123
0.0123	0.0267	0.2375	-0.3002	-0.0611	-0.3403	-0.9191	-0.1987	229	231	253	2	2	0.0129	0.375	0	0.0072
0.0123	0.025	0.2266	-0.329	-0.0585	0.1495	-0.8835	-0.444	230	0	253	2	3	0.01	0.05	0	0.01
0.0164	0.043	0.2263	-0.2665	-0.0974	-0.6653	-0.6072	-0.4345	35	233	299	2	1	0.0034	0.5	0	0.0164
0.0164	0.0314	0.2005	-0.2931	-0.112	0.0779	-0.9838	-0.1612	232	234	299	2	2	0.0015	0.2917	0	0.0171
0.0164	0.0493	0.2075	-0.3364	-0.1159	0.6894	0.1894	-0.6992	233	0	299	2	3	0.0023	0.375	0	0.0168
0.0095	0.0184	0.3055	-0.3595	-0.1112	0.2524	0.4399	-0.8618	38	236	308	2	1	0.0021	0.5417	1	0.0112
0.0095	0.0792	0.3102	-0.3514	-0.1271	0.0706	0.9732	-0.2188	235	237	308	2	2	0.0021	0.5417	0	0.0112
0.0095	0.0301	0.3235	-0.2773	-0.1423	0.4086	0.8754	-0.2581	236	238	308	2	3	0.01	0.05	0	0.01
0.0095	0.0353	0.3181	-0.2817	-0.1396	-0.4148	0.4985	0.7612	237	0	308	2	4	0.01	0.05	0	0.01
0.0078	0.1066	0.316	-0.3747	-0.0879	0.9334	-0.3266	-0.1484	38	0	319	2	1	0.0048	0.4375	0	0.0078
0.0103	0.0618	0.4269	-0.3187	-0.0889	-0.8772	0.4628	0.1279	42	241	328	2	1	0.0039	0.4583	0	0.0135
0.0103	0.084	0.3937	-0.2841	-0.0786	-0.0775	0.588	-0.8052	240	242	328	2	2	0.0011	0.4167	0	0.0103
0.0103	0.0605	0.3928	-0.2357	-0.1435	0.3446	0.8275	-0.4433	241	243	328	2	3	0.0016	0.2917	0	0.0148
0.0103	0.0387	0.4139	-0.1853	-0.1732	0.7376	0.6595	0.145	242	244	328	2	4	0.0016	0.5417	0	0.0116
0.0103	0.0437	0.4375	-0.1632	-0.1763	0.3652	0.7754	-0.5152	243	245	328	2	5	0.002	0.5833	0	0.0135
0.0103	0.0389	0.4358	-0.1203	-0.1983	0.4275	0.8585	-0.2831	244	0	328	2	6	0.01	0.05	0	0.01
0.0091	0.0624	0.4332	-0.3032	-0.0911	0.0126	0.7074	-0.7067	43	247	340	2	1	0.0033	0.3333	0	0.0091
0.0095	0.0065	0.4325	-0.2649	-0.1383	-0.1894	0.4991	-0.8456	246	248	340	2	2	0.01	0.05	0	0.01
0.0095	0.034	0.4313	-0.2617	-0.1438	-0.3812	0.9214	-0.0761	247	249	340	2	3	0.01	0.05	0	0.01
0.0095	0.0378	0.4183	-0.2304	-0.1464	0.958	0.1318	-0.2548	248	0	340	2	4	0.01	0.05	0	0.01
0.0095	0.0644	-0.1989	0.1074	0.0037	-0.3364	-0.9357	-0.1067	61	251	29	3	1	0.002	0.5	1	0.0145
0.0095	0.0787	-0.2166	0.0482	-0.0037	-0.2569	0.9664	0.0013	250	252	29	3	2	0.0036	0.3	0	0.0145
0.0095	0.035	-0.2291	0.1208	-0.0155	-0.2604	0.8713	-0.4159	251	253	29	3	3	0.01	0.05	0	0.01
0.0095	0.031	-0.2416	0.1526	-0.0217	-0.3243	0.9059	-0.2722	252	0	29	3	4	0.01	0.05	0	0.01
0.0046	0.0423	-0.1948	0.036	0.0331	-0.9615	-0.0433	-0.2714	59	255	30	3	1	0.0019	0.375	1	0.0086
0.0046	0.0224	-0.2354	0.0341	0.0216	0.3685	-0.6018	0.7085	254	256	30	3	2	0.0019	0.375	0	0.0086
0.0063	0.0308	-0.2254	0.0217	0.0365	0.4581	-0.885	-0.0827	255	0	30	3	3	0.0011	0.375	0	0.0079
0.0096	0.1156	-0.1862	0.1465	-0.014	-0.2565	-0.7608	0.5962	62	258	361	3	1	0.0034	0.5417	1	0.0096
0.0096	0.0691	-0.2159	0.0585	0.0549	0.446	-0.8864	0.1244	257	259	361	3	2	0.0034	0.5417	0	0.0096
0.0106	0.0427	-0.1856	-0.0055	0.0657	0.4366	-0.6186	-0.6533	258	260	361	3	3	0.0016	0.5417	0	0.0106
0.0108	0.041	-0.168	-0.0294	0.0331	0.145	-0.8627	-0.4844	259	261	361	3	4	0.0012	0.4167	0	0.0112
0.0107	0.0531	-0.1554	-0.0592	0.0155	0.2251	0.1217	-0.9667	260	262	361	3	5	0.001	0.4167	0	0.0118
0.0106	0.0748	-0.1496	-0.0604	-0.0363	0.7825	-0.6213	-0.0408	261	263	361	3	6	0.0051	0.16	0	0.0157
0.01	0.0473	-0.1044	-0.1013	-0.0225	0.3201	-0.7972	0.5119	262	264	361	3	7	0.01	0.05	0	0.01
0.01	0.0244	-0.1211	-0.1318	-0.008	-0.3222	-0.8452	0.4264	263	0	361	3	8	0.01	0.05	0	0.01
0.0095	0.0694	-0.1943	0.1057	0.0093	-0.2052	-0.1423	0.9683	61	266	66	3	1	0.0024	0.5417	0	0.0104
0.0095	0.0339	-0.2097	0.1005	0.0744	-0.8012	0.0835	0.5926	265	267	66	3	2	0.0016	0.5417	0	0.0141
0.0095	0.0447	-0.2347	0.0994	0.1129	-0.9406	0.2952	0.1674	266	268	66	3	3	0.0025	0.5833	0	0.0115
0.0095	0.0275	-0.2852	0.1154	0.1149	-0.5793	-0.5394	0.6111	267	0	66	3	4	0.01	0.05	0	0.01
0.0108	0.0539	-0.1853	0.1647	-0.0093	0.0548	-0.7651	0.6416	62	270	67	3	1	0.0029	0.375	1	0.0115
0.0108	0.0613	-0.1824	0.1235	0.0252	-0.4437	0.7295	-0.5206	269	271	67	3	2	0.0029	0.375	0	0.0115
0.0108	0.0553	-0.2112	0.1717	-0.0095	-0.7575	-0.5817	-0.2963	270	272	67	3	3	0.0032	0.2	0	0.0296
0.01	0.0434	-0.234	0.1606	-0.0385	-0.1935	-0.3717	-0.908	271	0	67	3	4	0.01	0.05	0	0.01
0.004	0.1104	-0.1432	0.277	0.0224	-0.7729	-0.5351	-0.3411	66	274	68	3	1	0.0031	0.3333	1	0.0084
0.004	0.0567	-0.2285	0.218	-0.0153	-0.48	-0.8584	-0.1808	273	0	68	3	2	0.0031	0.3333	0	0.0084
0.0129	0.0334	-0.178	0.2096	0.0122	0.4007	-0.717	-0.5704	63	276	94	3	1	0.0021	0.5	1	0.0129
0.0129	0.0537	-0.1646	0.1857	-0.0068	-0.5709	0.2479	0.7827	275	277	94	3	2	0.0021	0.5	0	0.0129
0.0129	0.0338	-0.2059	0.2095	0.0282	-0.5826	-0.0428	0.8116	276	278	94	3	3	0.008	0.3438	0	0.0114
0.0129	0.0347	-0.2137	0.2165	0.0478	-0.4324	0.8616	0.2657	277	279	94	3	4	0.01	0.05	0	0.01
0.0129	0.0109	-0.2205	0.2115	0.057	-0.6274	-0.1471	0.7647	278	0	94	3	5	0.01	0.05	0	0.01
0.011	0.0615	-0.196	0.1822	-0.025	-0.4076	0.7711	-0.4891	62	281	95	3	1	0.0029	0.5	0	0.0127
0.011	0.0737	-0.2106	0.2308	-0.0485	0.3598	0.6327	-0.6857	280	282	95	3	2	0.0019	0.5833	0	0.012
0.011	0.0574	-0.1803	0.2783	-0.0869	0.6505	0.7145	-0.2577	281	283	95	3	3	0.0034	0.75	0	0.011
0.011	0.0448	-0.1848	0.2725	-0.092	-0.5788	0.3657	-0.7289	282	284	95	3	4	0.001	0.4583	0	0.0157
0.011	0.0263	-0.2129	0.2738	-0.1056	-0.9257	0.3414	0.163	283	285	95	3	5	0.01	0.05	0	0.01
0.011	0.0595	-0.2124	0.2868	-0.1205	-0.3051	0.9318	-0.1965	284	286	95	3	6	0.0013	0.3333	0	0.0107
0.011	0.0491	-0.2291	0.3457	-0.1393	0.1147	0.8843	0.4527	285	287	95	3	7	0.001	0.25	0	0.013
0.011	0.0496	-0.2273	0.3878	-0.1185	-0.4464	0.7865	0.4268	286	288	95	3	8	0.0015	0.2917	0	0.0124
0.011	0.0407	-0.2394	0.4293	-0.1002	-0.1086	0.893	0.4368	287	289	95	3	9	0.0045	0.4	0	0.0092
0.011	0.0452	-0.2414	0.4646	-0.082	0.251	0.8091	0.5314	288	0	95	3	10	0.01	0.05	0	0.01
0.0102	0.0722	-0.1672	0.2414	0.0154	-0.611	0.2292	0.7577	64	291	125	3	1	0.002	0.4167	0	0.0127
0.0102	0.0505	-0.197	0.2636	0.0643	-0.1158	0.8351	0.5378	290	292	125	3	2	0.0009	0.4583	0	0.0102
0.0102	0.0495	-0.1954	0.3064	0.0823	0.1894	0.957	0.2199	291	293	125	3	3	0.0013	0.2917	0	0.0119
0.0102	0.0364	-0.1966	0.3542	0.0817	0.1561	0.9821	-0.1051	292	294	125	3	4	0.01	0.05	0	0.01
0.0102	0.0321	-0.1934	0.3503	0.0899	0.4629	0.2305	0.8559	293	0	125	3	5	0.01	0.05	0	0.01
0.0039	0.0389	-0.1264	0.3484	-0.0142	0.6329	-0.2531	0.7317	68	296	126	3	1	0.0079	0.325	0	0.0296
0.0025	0.0222	-0.1037	0.3247	0.0115	0.5987	-0.2426	0.7634	295	297	126	3	2	0.0039	0.175	0	0.01
0.0025	0.026	-0.0867	0.3215	0.0274	0.5217	-0.8337	0.1812	296	0	126	3	3	0.0019	0.125	0	0.01
0.0103	0.0189	-0.1196	0.2818	0.0417	0.6567	-0.2115	0.7239	65	299	153	3	1	0.0023	0.375	1	0.014
0.0103	0.041	-0.1072	0.2779	0.0553	0.9921	-0.062	-0.1093	298	300	153	3	2	0.0023	0.375	0	0.014
0.0095	0.0614	-0.0687	0.2797	0.0525	0.878	0.4757	-0.0535	299	301	153	3	3	0.0009	0.4167	0	0.0095
0.0097	0.0246	-0.0147	0.3077	0.0481	0.811	0.4292	-0.3977	300	302	153	3	4	0.0009	0.2917	0	0.0097
0.0095	0.0338	0.0025	0.3304	0.0474	0.8075	0.4618	-0.3671	301	0	153	3	5	0.0014	0.2917	0	0.0094
0.0108	0.0207	-0.1438	0.2836	0.0322	-0.8331	-0.1111	0.5419	66	304	154	3	1	0.0033	0.4583	1	0.0156
0.0108	0.0479	-0.1611	0.2813	0.0435	-0.3228	0.1282	-0.9378	303	305	154	3	2	0.0033	0.4583	0	0.0156
0.0108	0.013	-0.1748	0.2818	-0.0015	0.2012	0.0713	-0.977	304	306	154	3	3	0.01	0.05	0	0.01
0.0108	0.0359	-0.1721	0.2828	-0.0142	0.1217	-0.3752	-0.9189	305	0	154	3	4	0.01	0.05	0	0.01
0.0158	0.0265	-0.1364	0.3039	0.0137	-0.8997	-0.404	-0.1653	67	308	155	3	1	0.0041	0.4583	1	0.0158
0.0158	0.0393	-0.1603	0.2931	0.0093	0.0202	0.9753	0.2201	307	309	155	3	2	0.0041	0.4583	0	0.0158
0.0158	0.0632	-0.1695	0.3221	0.0061	-0.7826	0.592	0.1925	308	310	155	3	3	0.0013	0.375	0	0.0125
0.0158	0.0334	-0.2191	0.3541	0.0158	-0.9772	0.1048	-0.1847	309	311	155	3	4	0.0012	0.3333	0	0.0136
0.0158	0.0379	-0.2407	0.3788	0.0019	-0.7351	0.1381	-0.6637	310	312	155	3	5	0.0079	0.4688	0	0.0164
0.0158	0.0297	-0.2631	0.3793	-0.0225	0.5487	0.5302	-0.6464	311	313	155	3	6	0.0048	0.15	0	0.01
0.0158	0.0837	-0.2775	0.3895	-0.05	0.0207	0.7934	-0.6084	312	314	155	3	7	0.0046	0.1333	0	0.0238
0.0158	0.0028	-0.2774	0.4589	-0.1005	-0.2359	0.0234	-0.9715	313	315	155	3	8	0.0032	0.1	0	0.01
0.0158	0.0873	-0.2877	0.456	-0.112	0.6915	-0.1245	-0.7116	314	316	155	3	9	0.0012	0.2917	0	0.0136
0.0158	0.0138	-0.2322	0.4437	-0.1781	0.6476	-0.1276	-0.7512	315	317	155	3	10	0.0024	0.125	0	0.01
0.0158	0.0253	-0.2325	0.4389	-0.1861	-0.3719	0.5957	-0.7119	316	0	155	3	11	0.0038	0.15	0	0.01
0.0096	0.0686	-0.1227	0.3738	-0.0223	0.1601	0.7716	-0.6156	69	319	156	3	1	0.0011	0.3333	0	0.0117
0.0092	0.0229	-0.1187	0.4284	-0.0564	-0.3639	0.8028	-0.4724	318	320	156	3	2	0.0013	0.25	0	0.0093
0.0085	0.0863	-0.1319	0.4479	-0.0603	-0.72	0.4048	-0.5637	319	321	156	3	3	0.0017	0.25	0	0.0204
0.0061	0.0092	-0.1731	0.4726	-0.1116	-0.3693	-0.567	-0.7363	320	322	156	3	4	0.01	0.05	0	0.01
0.0043	0.0356	-0.1764	0.4679	-0.1182	-0.9556	0.1556	-0.2502	321	0	156	3	5	0.01	0.05	0	0.01
0.0116	0.0487	-0.1421	0.4057	-0.0428	-0.0433	0.1448	0.9885	70	324	191	3	1	0.0028	0.5	0	0.0116
0.0116	0.0352	-0.1501	0.408	0.0062	0.6065	-0.679	0.4136	323	325	191	3	2	0.0012	0.2917	0	0.0106
0.0116	0.0159	-0.1276	0.3828	0.0241	-0.887	-0.4378	0.1468	324	0	191	3	3	0.0018	0.2083	0	0.009
0.0128	0.1018	-0.1957	0.5336	-0.1033	-0.6821	-0.6046	-0.4113	79	327	234	3	1	0.0032	0.5	0	0.0128
0.0128	0.0384	-0.2634	0.4791	-0.1434	-0.9541	0.1764	0.2421	326	0	234	3	2	0.0027	0.375	0	0.0094
0.0025	0.0988	-0.1631	0.4076	-0.0885	0.4249	0.3117	0.8499	72	329	235	3	1	0.0058	0.28	1	0.01
0.0025	0.0415	-0.1193	0.4461	-0.0044	0.9577	-0.2241	-0.1804	328	0	235	3	2	0.0053	0.225	0	0.01
0.0102	0.0235	-0.1395	0.4239	-0.128	0.9737	-0.1906	-0.1249	74	331	266	3	1	0.0039	0.5	1	0.0141
0.0102	0.0651	-0.1166	0.4194	-0.1309	0.5705	0.4089	-0.7123	330	332	266	3	2	0.0039	0.5	0	0.0141
0.01	0.0347	-0.0957	0.4252	-0.1728	-0.2771	0.0121	-0.9608	331	333	266	3	3	0.0057	0.5	0	0.0099
0.01	0.0575	-0.1074	0.4244	-0.2028	-0.799	-0.2294	-0.5559	332	0	266	3	4	0.01	0.05	0	0.01
0.0025	0.0568	-0.1459	0.6252	-0.0713	-0.8713	0.1784	-0.4572	82	335	310	3	1	0.01	0.05	0	0.01
0.0025	0.0212	-0.1953	0.6354	-0.0972	-0.9905	0.1329	0.0356	334	0	310	3	2	0.01	0.05	0	0.01
0.0043	0.0448	-0.113	0.6118	-0.0903	-0.019	-0.9164	0.3998	85	337	316	3	1	0.0046	0.3	0	0.0117
0.0048	0.034	-0.1055	0.5638	-0.072	0.296	0.312	-0.9028	336	338	316	3	2	0.0066	0.275	0	0.0119
0.0025	0.0171	-0.0951	0.5738	-0.0981	0.0927	-0.9856	-0.1413	337	0	316	3	3	0.0062	0.2	0	0.01
0.0103	0.1038	-0.2432	-0.0487	-0.116	0.5394	-0.5734	-0.6167	88	340	362	3	1	0.003	0.4583	0	0.0152
0.0103	0.0625	-0.1918	-0.093	-0.1715	-0.6075	-0.5212	0.5994	339	341	362	3	2	0.0068	0.275	0	0.0177
0.0103	0.0124	-0.2188	-0.1437	-0.1345	-0.2423	-0.1733	0.9546	340	342	362	3	3	0.0058	0.5313	0	0.0147
0.0103	0.0343	-0.226	-0.1443	-0.1293	0.0692	-0.9606	-0.2693	341	0	362	3	4	0.0063	0.4063	0	0.0115
0.0092	0.0176	-0.1988	-0.13	-0.0598	-0.9254	-0.3612	-0.1146	90	344	51	3	1	0.0039	0.4167	1	0.0134
0.0092	0.0656	-0.2152	-0.1364	-0.0618	-0.568	-0.6935	-0.4431	343	345	51	3	2	0.0039	0.4167	0	0.0134
0.0092	0.0058	-0.2529	-0.1763	-0.0856	-0.7117	-0.5122	0.4808	344	346	51	3	3	0.01	0.05	0	0.01
0.0092	0.029	-0.257	-0.1792	-0.0828	-0.1277	-0.4377	-0.89	345	0	51	3	4	0.01	0.05	0	0.01
0.0085	0.0384	-0.2921	0.021	-0.0042	-0.933	-0.3564	-0.05	94	348	37	3	1	0.0023	0.25	0	0.0169
0.0085	0.0292	-0.3269	0.001	0.0033	-0.983	0.0845	0.1631	347	349	37	3	2	0.0072	0.5417	0	0.0102
0.0085	0.0031	-0.3426	0.0061	0.0062	0.2069	-0.9765	0.0605	348	350	37	3	3	0.01	0.05	0	0.01
0.0085	0.0133	-0.3463	0.0027	0.0104	-0.6806	0.0464	-0.7312	349	0	37	3	4	0.01	0.05	0	0.01
0.0098	0.0354	-0.1412	-0.0511	0.0403	0.1448	0.7046	-0.6946	104	352	45	3	1	0.0033	0.4583	1	0.0187
0.0098	0.043	-0.1284	-0.0208	0.0151	0.5511	-0.8131	-0.1876	351	353	45	3	2	0.0043	0.3	0	0.0187
0.0098	0.0235	-0.1084	-0.0403	0.0046	-0.8282	-0.2804	-0.4853	352	354	45	3	3	0.01	0.05	0	0.01
0.0098	0.0386	-0.1279	-0.0469	-0.0068	0.0536	-0.9948	-0.0866	353	0	45	3	4	0.01	0.05	0	0.01
0.0025	0.0387	-0.1485	-0.155	0.0057	-0.1803	0.9766	0.1176	109	356	64	3	1	0.0126	0.225	0	0.02
0.0025	0.1037	-0.1538	-0.1254	-0.0003	0.8792	0.4327	-0.1995	355	357	64	3	2	0.0064	0.22	0	0.0176
0.0025	0.0201	-0.0691	-0.0857	-0.0247	0.3254	0.2563	-0.9102	356	0	64	3	3	0.005	0.15	0	0.01
0.0112	0.0281	-0.0859	-0.0337	0.0781	-0.2353	0.5091	0.8279	110	359	58	3	1	0.0029	0.4167	1	0.0134
0.0112	0.064	-0.0926	-0.0194	0.1014	0.9341	-0.0852	0.3468	358	360	58	3	2	0.0029	0.4167	0	0.0134
0.0112	0.0611	-0.0235	-0.0161	0.1443	0.0868	0.9035	-0.4197	359	361	58	3	3	0.0063	0.25	0	0.0313
0.0112	0.0689	-0.0067	0.029	0.139	0.4664	0.868	0.1702	360	362	58	3	4	0.0051	0.2	0	0.0333
0.0112	0.0586	0.015	0.0894	0.1613	0.5558	0.649	0.5195	361	363	58	3	5	0.0077	0.3036	0	0.0103
0.0112	0.0187	0.0564	0.1294	0.1724	0.1433	0.9757	0.1657	362	364	58	3	6	0.0066	0.4375	0	0.0112
0.0112	0.033	0.0589	0.148	0.1817	0.4364	0.8988	-0.0408	363	365	58	3	7	0.0009	0.25	0	0.0117
0.0112	0.0005	0.0728	0.1769	0.1724	0.4304	0.8964	-0.1064	364	366	58	3	8	0.01	0.05	0	0.01
0.0112	0.0445	0.073	0.1774	0.1723	-0.4563	0.5204	0.7217	365	0	58	3	9	0.01	0.05	0	0.01
0.0025	0.0762	-0.0958	-0.0487	0.0474	0.6811	0.1666	-0.713	111	368	364	3	1	0.01	0.05	0	0.01
0.0025	0.0458	-0.044	-0.036	-0.0069	0.5902	0.7825	-0.1985	367	0	364	3	2	0.01	0.05	0	0.01
0.0131	0.0764	-0.0058	0.0579	0.0039	0.6163	-0.3955	-0.6809	114	370	84	3	1	0.0039	0.5417	0	0.0131
0.0131	0.0218	0.0204	0.0254	-0.0397	0.3454	-0.642	0.6845	369	371	84	3	2	0.0098	0.2	0	0.0258
0.0131	0.0885	0.0127	0.0107	-0.024	0.0631	-0.4451	0.8933	370	0	84	3	3	0.01	0.05	0	0.01
0.0083	0.0397	-0.0265	0.0334	0.0249	0.985	-0.0633	-0.1603	112	373	122	3	1	0.0026	0.5	1	0.0083
0.0083	0.0776	0.0127	0.0309	0.0186	0.4154	0.8874	-0.1999	372	374	122	3	2	0.0026	0.5	0	0.0083
0.0096	0.0872	0.0546	0.0886	0.0024	0.7518	0.6481	0.1213	373	375	122	3	3	0.0018	0.4167	0	0.0124
0.0097	0.0092	0.1224	0.1373	0.0181	0.9514	0.3035	0.0512	374	376	122	3	4	0.005	0.625	0	0.0105
0.0094	0.0457	0.1319	0.1397	0.0159	-0.2296	0.9508	-0.2081	375	377	122	3	5	0.0015	0.2917	0	0.013
0.0091	0.0119	0.1136	0.1911	0.0107	0.1976	0.6054	-0.771	376	0	122	3	6	0.01	0.05	0	0.01
0.0082	0.0468	-0.1427	-0.0539	0.1333	-0.6579	-0.6476	-0.3844	124	379	127	3	1	0.0014	0.3333	1	0.0123
0.0078	0.0327	-0.1735	-0.0842	0.1154	-0.7843	0.2138	-0.5824	378	380	127	3	2	0.0014	0.3333	0	0.0123
0.0068	0.0014	-0.1883	-0.0896	0.0998	-0.3881	-0.548	-0.741	379	381	127	3	3	0.01	0.05	0	0.01
0.0056	0.0336	-0.1889	-0.0904	0.0987	-0.8851	-0.0343	-0.4642	380	382	127	3	4	0.01	0.05	0	0.01
0.0038	0.0316	-0.2189	-0.0926	0.0804	-0.4414	-0.8187	0.3672	381	0	127	3	5	0.0027	0.175	0	0.01
0.0128	0.0151	-0.0469	-0.1057	0.0055	0.9188	0.3878	0.0742	139	384	366	3	1	0.0033	0.4167	1	0.0128
0.0128	0.0701	-0.033	-0.0999	0.0067	-0.1953	-0.9461	0.2583	383	385	366	3	2	0.0033	0.4167	0	0.0128
0.0128	0.0442	-0.0447	-0.1697	0.0268	0.2137	-0.4072	-0.888	384	386	366	3	3	0.0011	0.375	0	0.0095
0.0128	0.0172	-0.0332	-0.1896	-0.0128	-0.1004	0.0658	-0.9928	385	0	366	3	4	0.01	0.05	0	0.01
0.01	0.0201	-0.0769	-0.2189	0.0171	0.6498	-0.7495	0.1267	144	388	368	3	1	0.01	0.05	1	0.01
0.01	0.0519	-0.0638	-0.234	0.0197	0.8305	-0.4888	-0.2671	387	0	368	3	2	0.01	0.05	0	0.01
0.01	0.0653	-0.0993	-0.179	0.0051	-0.9796	-0.0815	0.1834	145	390	129	3	1	0.01	0.05	1	0.01
0.01	0.0425	-0.1633	-0.1843	0.0171	0.9258	0.374	-0.0556	389	391	129	3	2	0.01	0.05	0	0.01
0.01	0.0366	-0.1285	-0.1629	0.0185	-0.2778	0.3748	-0.8845	390	0	129	3	3	0.01	0.05	0	0.01
0.0123	0.0655	0.0872	0.1147	0.0427	0.9025	-0.2284	-0.3652	161	393	103	3	1	0.0018	0.5417	1	0.0123
0.0123	0.0554	0.1463	0.0998	0.0188	0.9867	-0.1613	0.0225	392	394	103	3	2	0.0018	0.5417	0	0.0123
0.0123	0.0078	0.2065	0.0892	0.0265	0.6903	-0.2971	-0.6597	393	0	103	3	3	0.01	0.05	0	0.01
0.0064	0.0671	-0.0332	-0.1289	0.064	-0.583	-0.1257	0.8027	152	396	369	3	1	0.0063	0.3438	0	0.0166
0.0025	0.0305	-0.0685	-0.1368	0.1137	0.1354	-0.9907	0.01	395	397	369	3	2	0.01	0.05	0	0.01
0.0025	0.1025	-0.0626	-0.1332	0.1146	-0.988	0.0562	-0.1438	396	0	369	3	3	0.01	0.05	0	0.01
0.0115	0.0522	0.0122	-0.1106	0.1736	0.2732	0.2757	0.9216	154	399	132	3	1	0.0029	0.5	1	0.0114
0.0115	0.0584	0.0265	-0.0962	0.2217	-0.5178	0.7414	-0.4269	398	400	132	3	2	0.0029	0.5	0	0.0114
0.0133	0.0266	-0.0075	-0.0522	0.1926	-0.0643	0.9705	0.2324	399	401	132	3	3	0.0011	0.3333	0	0.0138
0.0114	0.0218	-0.0024	-0.0259	0.2091	0.3096	0.9177	-0.2488	400	0	132	3	4	0.01	0.05	0	0.01
0.0123	0.0906	0.0406	-0.0326	0.1132	-0.6198	0.1301	0.7739	156	403	138	3	1	0.0028	0.4167	0	0.0123
0.0123	0.0059	-0.0156	-0.0141	0.1766	-0.39	0.6475	0.6547	402	404	138	3	2	0.01	0.05	0	0.01
0.0123	0.0361	-0.0179	-0.0102	0.1805	0.2022	-0.1731	0.9639	403	405	138	3	3	0.01	0.05	0	0.01
0.0123	0.027	-0.0106	-0.0165	0.2153	0.7745	0.1866	0.6044	404	0	138	3	4	0.01	0.05	0	0.01
0.013	0.0484	0.0177	0.1658	0.0936	-0.9403	-0.085	-0.3297	163	407	142	3	1	0.0079	0.42	0	0.0245
0.0127	0.0568	-0.044	0.179	0.1035	0.5294	0.8199	-0.2179	406	408	142	3	2	0.0035	0.25	0	0.0194
0.009	0.04	-0.0154	0.2269	0.0925	0.6724	0.7388	0.0463	407	409	142	3	3	0.0042	0.45	0	0.0088
0.01	0.0118	0.0016	0.2565	0.101	0.388	0.7268	0.5668	408	410	142	3	4	0.0032	0.5417	0	0.01
0.0105	0.0307	0.0001	0.2677	0.102	0.0324	0.9153	0.4015	409	411	142	3	5	0.001	0.25	0	0.0107
0.0097	0.0031	-0.0032	0.2927	0.1186	-0.2841	0.8889	0.3594	410	412	142	3	6	0.01	0.05	0	0.01
0.009	0.0182	-0.0041	0.2955	0.1197	-0.1835	0.8261	-0.5328	411	0	142	3	7	0.01	0.05	0	0.01
0.0118	0.0939	0.0289	0.1968	0.0861	-0.43	-0.0165	-0.9027	164	414	162	3	1	0.0041	0.5	0	0.0118
0.013	0.0404	-0.0178	0.187	-0.0049	0.38	0.361	-0.8516	413	415	162	3	2	0.0017	0.3333	0	0.0141
0.0129	0.0355	-0.0058	0.1872	-0.0334	-0.971	0.2383	0.0181	414	416	162	3	3	0.0015	0.375	0	0.0137
0.0118	0.0125	-0.0388	0.1943	-0.0223	-0.247	0.9549	0.1649	415	417	162	3	4	0.01	0.05	0	0.01
0.0118	0.0304	-0.0419	0.2062	-0.0202	-0.2518	0.2567	-0.9331	416	0	162	3	5	0.01	0.05	0	0.01
0.0059	0.0519	0.0325	0.1683	0.0788	-0.1466	0.9788	0.1428	163	419	163	3	1	0.0048	0.175	1	0.0119
0.0059	0.0855	0.0328	0.2286	0.0763	-0.0225	0.7327	0.6802	418	420	163	3	2	0.0029	0.14	0	0.0119
0.0025	0.0209	0.0257	0.2913	0.132	-0.3524	0.4885	0.7982	419	0	163	3	3	0.0057	0.2	0	0.01
0.0107	0.0271	0.0347	0.24	0.185	0.6182	0.3972	0.6782	167	422	164	3	1	0.0023	0.4583	1	0.0107
0.0107	0.0606	0.0514	0.2508	0.2034	-0.4572	-0.8822	0.1128	421	423	164	3	2	0.0023	0.4583	0	0.0107
0.0124	0.0356	0.0209	0.1914	0.1901	-0.7338	-0.6165	0.2854	422	424	164	3	3	0.0015	0.375	0	0.0135
0.0107	0.0084	-0.0011	0.18	0.1898	-0.9248	-0.0181	-0.38	423	425	164	3	4	0.01	0.05	0	0.01
0.0107	0.0302	-0.0089	0.1799	0.1866	-0.8141	-0.4691	-0.3424	424	0	164	3	5	0.01	0.05	0	0.01
0.0025	0.0402	0.0447	0.2311	0.1561	-0.9634	0.1124	0.2432	166	427	201	3	1	0.01	0.05	0	0.01
0.0025	0.0331	0.0066	0.2353	0.1665	-0.6112	-0.7762	0.1545	426	428	201	3	2	0.01	0.05	0	0.01
0.0025	0.0126	-0.0152	0.2092	0.1722	0.4131	-0.5129	0.7525	427	0	201	3	3	0.01	0.05	0	0.01
0.0082	0.0831	0.0556	-0.1297	0.0576	0.701	-0.5732	0.4243	175	430	106	3	1	0.0013	0.5833	0	0.0082
0.0082	0.0274	0.1257	-0.1875	0.0834	-0.5522	-0.8125	0.1867	429	431	106	3	2	0.0013	0.3333	0	0.0122
0.0082	0.017	0.11	-0.2124	0.0909	-0.0578	-0.6642	-0.7453	430	0	106	3	3	0.01	0.05	0	0.01
0.0088	0.0508	0.0851	-0.1335	0.1532	0.5875	0.8074	-0.054	177	433	107	3	1	0.0027	0.4167	0	0.0088
0.0088	0.0199	0.1103	-0.0904	0.1496	-0.1418	0.0956	0.9853	432	0	107	3	2	0.01	0.05	0	0.01
0.0102	0.0142	0.0771	-0.1156	0.1857	0.9476	-0.0951	0.3049	179	435	109	3	1	0.003	0.4583	1	0.0102
0.0102	0.0496	0.0906	-0.117	0.1901	-0.7822	-0.5918	0.1949	434	436	109	3	2	0.003	0.4583	0	0.0102
0.0102	0.0482	0.0518	-0.1444	0.199	0.9607	-0.087	-0.2636	435	0	109	3	3	0.0013	0.25	0	0.012
0.01	0.023	0.0816	-0.0821	0.2402	-0.7338	-0.6788	0.0278	180	438	145	3	1	0.0028	0.4583	1	0.0129
0.01	0.025	0.0647	-0.0977	0.2409	0.9162	0.2048	0.3444	437	439	145	3	2	0.0028	0.4583	0	0.0129
0.0091	0.0218	0.0897	-0.0901	0.2446	0.4153	-0.8724	-0.2577	438	440	145	3	3	0.0079	0.4167	0	0.0091
0.0099	0.0342	0.0861	-0.0975	0.2292	0.6681	0.1053	-0.7366	439	441	145	3	4	0.0045	0.275	0	0.0156
0.0097	0.0484	0.1148	-0.1247	0.2165	0.1461	-0.3463	-0.9267	440	442	145	3	5	0.0063	0.375	0	0.0138
0.0091	0.004	0.1194	-0.1442	0.1816	-0.0749	-0.956	-0.2838	441	0	145	3	6	0.01	0.05	0	0.01
0.0141	0.0404	0.0878	-0.0856	0.2174	0.9744	0.1229	0.1881	180	444	170	3	1	0.0047	0.4583	1	0.0141
0.0141	0.0431	0.1271	-0.0807	0.225	0.4263	0.4227	0.7997	443	445	170	3	2	0.0047	0.4583	0	0.0141
0.0141	0.0038	0.1523	-0.0699	0.2624	0.7022	0.6965	0.1473	444	0	170	3	3	0.01	0.05	0	0.01
0.0041	0.043	0.1127	-0.0926	-0.0829	-0.4396	-0.0485	-0.8969	187	447	212	3	1	0.001	0.25	0	0.0207
0.0025	0.001	0.1091	-0.0927	-0.1368	-0.7072	0.153	-0.6902	446	448	212	3	2	0.01	0.05	0	0.01
0.0025	0.0476	0.1084	-0.0925	-0.1375	-0.7771	-0.5518	-0.3027	447	0	212	3	3	0.01	0.05	0	0.01
0.0108	0.0315	0.1715	-0.0277	-0.0866	0.354	-0.051	-0.9339	191	450	213	3	1	0.0028	0.375	1	0.0214
0.0106	0.072	0.1934	-0.0218	-0.1158	-0.3503	0.4687	0.811	449	451	213	3	2	0.0056	0.3	0	0.0214
0.01	0.0363	0.1492	0.0207	-0.0765	-0.6749	0.1234	0.7275	450	452	213	3	3	0.0017	0.2917	0	0.014
0.0095	0.0391	0.1273	0.0285	-0.0797	-0.8024	0.5968	-0.0031	451	453	213	3	4	0.007	0.375	0	0.011
0.006	0.0493	0.1	0.0593	-0.0664	-0.4906	0.8176	-0.3012	452	454	213	3	5	0.01	0.05	0	0.01
0.0041	0.0184	0.104	0.0486	-0.0698	0.1768	-0.1213	-0.9767	453	0	213	3	6	0.0047	0.175	0	0.01
0.0112	0.0364	0.1668	-0.1646	0.1275	-0.902	0.4022	0.1566	194	456	111	3	1	0.0024	0.5	0	0.0112
0.0112	0.0317	0.1298	-0.1556	0.1419	0.2638	0.748	0.609	455	457	111	3	2	0.0016	0.375	0	0.0099
0.0112	0.0232	0.1404	-0.1266	0.1598	0.9007	-0.3101	0.3044	456	0	111	3	3	0.01	0.05	0	0.01
0.0164	0.0346	0.2249	-0.186	0.1323	0.6614	-0.5394	-0.5211	196	459	147	3	1	0.0079	0.4063	1	0.0164
0.0164	0.0672	0.2478	-0.2047	0.1142	-0.2706	0.4636	0.8437	458	460	147	3	2	0.0079	0.4063	0	0.0164
0.0164	0.0559	0.231	-0.171	0.171	-0.6843	0.3551	0.6369	459	0	147	3	3	0.01	0.05	0	0.01
0.0097	0.0824	0.1357	-0.1449	-0.0564	0.1299	0.1904	-0.9731	202	462	172	3	1	0.0041	0.5833	0	0.0137
0.0078	0.0037	0.142	-0.1356	-0.1348	-0.1458	-0.1659	-0.9753	461	463	172	3	2	0.005	0.4688	0	0.0078
0.0095	0.0563	0.143	-0.1473	-0.1459	0.9709	0.2102	-0.1145	462	464	172	3	3	0.0072	0.275	0	0.0182
0.0094	0.0384	0.1987	-0.1402	-0.154	0.8203	0.3488	-0.4532	463	465	172	3	4	0.0008	0.3333	0	0.0114
0.0093	0.0421	0.2342	-0.1421	-0.1786	0.8883	0.3641	-0.2797	464	466	172	3	5	0.0064	0.4375	0	0.0119
0.0084	0.0504	0.2706	-0.1274	-0.1919	0.8599	-0.1561	-0.486	465	0	172	3	6	0.01	0.05	0	0.01
0.0091	0.0853	0.157	-0.1677	-0.1083	-0.6011	0.3601	-0.7134	202	468	215	3	1	0.0025	0.4583	0	0.009
0.0097	0.0392	0.1032	-0.1468	-0.1672	-0.7475	0.0665	-0.6609	467	469	215	3	2	0.01	0.05	0	0.01
0.0097	0.0717	0.0991	-0.1253	-0.1547	0.8286	0.0322	-0.5589	468	470	215	3	3	0.0044	0.2	0	0.0829
0.0097	0.023	0.1585	-0.1134	-0.1955	0.7921	-0.0455	-0.6087	469	0	215	3	4	0.01	0.05	0	0.01
0.0131	0.0184	0.1812	-0.2715	-0.05	0.4589	-0.6788	0.5732	206	472	217	3	1	0.0034	0.4167	0	0.0153
0.0131	0.0192	0.189	-0.2834	-0.0441	0.873	0.4841	-0.0597	471	473	217	3	2	0.01	0.05	0	0.01
0.0131	0.0503	0.2058	-0.2741	-0.0453	-0.0391	-0.0759	0.9963	472	474	217	3	3	0.01	0.05	0	0.01
0.0131	0.0173	0.2038	-0.2779	0.0049	0.2248	-0.746	0.6268	473	0	217	3	4	0.01	0.05	0	0.01
0.0178	0.0211	0.1953	-0.2478	-0.0642	0.4254	-0.4771	-0.769	205	476	249	3	1	0.0033	0.4167	1	0.0178
0.0178	0.0809	0.2043	-0.2579	-0.0805	0.039	0.9593	0.2796	475	477	249	3	2	0.0033	0.4167	0	0.0178
0.0178	0.0086	0.206	-0.1787	-0.084	0.9274	0.3731	-0.0286	476	0	249	3	3	0.0025	0.125	0	0.01
0.0112	0.0822	0.1911	-0.3682	-0.0167	0.4105	-0.8799	0.2394	210	479	278	3	1	0.0041	0.5417	0	0.0136
0.0111	0.0457	0.2237	-0.4407	0.0033	-0.0609	-0.886	-0.4596	478	480	278	3	2	0.0017	0.4167	0	0.0138
0.0111	0.0307	0.217	-0.4824	-0.0147	0.1652	-0.9684	-0.1868	479	481	278	3	3	0.0016	0.2917	0	0.0152
0.0111	0.0389	0.2207	-0.5084	-0.0229	-0.8488	-0.4667	-0.2486	480	482	278	3	4	0.0011	0.2917	0	0.0115
0.0107	0.0277	0.1871	-0.516	-0.0257	-0.9984	-0.0273	-0.0498	481	483	278	3	5	0.0042	0.4375	0	0.0107
0.0107	0.0065	0.1792	-0.5095	-0.0357	-0.4933	0.5743	-0.6533	482	484	278	3	6	0.01	0.05	0	0.01
0.011	0.0486	0.1578	-0.5054	-0.0468	-0.1043	-0.9696	0.2212	483	485	278	3	7	0.0011	0.4583	0	0.0157
0.0107	0.0307	0.1632	-0.5479	-0.0254	0.3638	-0.9303	0.0466	484	486	278	3	8	0.01	0.05	0	0.01
0.0107	0.0023	0.1646	-0.5814	-0.0325	0.4836	-0.8733	-0.0597	485	487	278	3	9	0.0012	0.25	0	0.0149
0.0107	0.0146	0.1728	-0.5793	-0.0326	-0.0709	0.1222	-0.99	486	0	278	3	10	0.01	0.05	0	0.01
0.0118	0.0777	0.2705	-0.3745	-0.0343	0.8394	-0.1834	0.5116	211	489	288	3	1	0.0025	0.5417	0	0.0118
0.0118	0.0046	0.3344	-0.3835	0.0071	0.5654	-0.1137	0.817	488	0	288	3	2	0.01	0.05	0	0.01
0.013	0.0469	0.1864	-0.3823	-0.0077	-0.8487	0.2333	0.4746	210	491	289	3	1	0.0021	0.5417	0	0.013
0.013	0.0717	0.1497	-0.3748	0.0286	-0.9773	-0.0538	0.205	490	492	289	3	2	0.0113	0.35	0	0.0278
0.013	0.0314	0.0659	-0.3794	0.0591	-0.7035	0.391	-0.5935	491	0	289	3	3	0.01	0.05	0	0.01
0.0097	0.0472	0.4111	-0.4227	-0.0415	-0.984	0.1334	0.1182	215	494	325	3	1	0.002	0.5417	0	0.0097
0.0098	0.0472	0.3638	-0.4032	-0.0342	-0.8553	-0.1184	0.5044	493	495	325	3	2	0.0014	0.375	0	0.0101
0.0098	0.0064	0.3262	-0.4064	-0.0093	-0.6376	0.4469	0.6275	494	496	325	3	3	0.01	0.05	0	0.01
0.0098	0.021	0.3227	-0.4071	-0.0047	-0.4862	0.065	0.8714	495	0	325	3	4	0.01	0.05	0	0.01
0.01	0.0462	0.165	-0.0857	-0.1893	0.4125	-0.8102	0.4164	225	498	220	3	1	0.01	0.05	1	0.01
0.01	0.0456	0.1841	-0.1231	-0.1701	0.3412	0.8845	-0.3183	497	499	220	3	2	0.01	0.05	0	0.01
0.01	0.0254	0.1997	-0.0828	-0.1846	0.6965	0.3384	0.6327	498	500	220	3	3	0.01	0.05	0	0.01
0.01	0.0258	0.2174	-0.0742	-0.1685	0.651	-0.3394	0.679	499	0	220	3	4	0.01	0.05	0	0.01
0.0117	0.0453	0.2531	-0.2267	-0.0676	0.8534	0.4311	-0.2931	229	502	373	3	1	0.0042	0.375	0	0.0137
0.0117	0.0787	0.2848	-0.2131	-0.0787	0.1808	-0.5209	-0.8343	501	503	373	3	2	0.0011	0.4583	0	0.0117
0.0117	0.026	0.2913	-0.2558	-0.1418	-0.2391	-0.2588	-0.9359	502	504	373	3	3	0.01	0.05	0	0.01
0.0117	0.0183	0.2891	-0.2732	-0.1478	-0.151	-0.8681	-0.4729	503	505	373	3	4	0.01	0.05	0	0.01
0.0117	0.0317	0.2864	-0.2891	-0.1564	-0.0318	-0.9992	-0.0224	504	0	373	3	5	0.01	0.05	0	0.01
0.0113	0.023	0.3939	-0.2427	-0.1197	0.4423	0.7862	0.4316	241	507	335	3	1	0.0027	0.5	1	0.0153
0.0113	0.0502	0.404	-0.2247	-0.1098	0.9109	0.0604	-0.4082	506	508	335	3	2	0.0027	0.5	0	0.0153
0.0113	0.0578	0.4459	-0.2139	-0.1263	0.645	0.5812	-0.4962	507	509	335	3	3	0.0013	0.4583	0	0.0141
0.0113	0.0138	0.484	-0.1897	-0.1522	0.993	0.0592	-0.1023	508	510	335	3	4	0.0043	0.7083	0	0.0113
0.0113	0.0361	0.4975	-0.1887	-0.1536	0.6746	0.6938	-0.252	509	511	335	3	5	0.01	0.05	0	0.01
0.0113	0.0274	0.5219	-0.1636	-0.1627	0.866	-0.0555	-0.497	510	0	335	3	6	0.01	0.05	0	0.01
0.0115	0.107	0.402	-0.2401	-0.1447	-0.3298	-0.8377	0.4353	242	513	374	3	1	0.0024	0.3333	0	0.0098
0.0115	0.0075	0.3724	-0.3339	-0.1042	0.291	-0.6394	0.7116	512	514	374	3	2	0.01	0.05	0	0.01
0.0115	0.0518	0.3665	-0.3322	-0.09	0.4956	-0.4195	0.7606	513	515	374	3	3	0.0011	0.4583	0	0.0115
0.0115	0.0019	0.3833	-0.3461	-0.0547	0.1815	0.6093	0.7719	514	516	374	3	4	0.01	0.05	0	0.01
0.0115	0.0339	0.3836	-0.3449	-0.0532	0.8789	-0.1883	0.4382	515	0	374	3	5	0.01	0.05	0	0.01
0.0098	0.0273	0.4008	-0.1904	-0.1681	-0.9968	0.0545	-0.0583	242	518	341	3	1	0.0019	0.4583	1	0.0161
0.0098	0.0423	0.3747	-0.19	-0.1682	-0.7081	0.1739	0.6844	517	519	341	3	2	0.0056	0.325	0	0.0161
0.0098	0.0076	0.3392	-0.1811	-0.1546	-0.8995	-0.3282	0.2885	518	520	341	3	3	0.01	0.05	0	0.01
0.0098	0.0306	0.3324	-0.1836	-0.1524	-0.6465	0.6541	0.3927	519	0	341	3	4	0.01	0.05	0	0.01
0.0098	0.0134	0.4602	-0.1375	-0.1916	0.6142	-0.5815	0.5335	244	522	344	3	1	0.0023	0.5	1	0.0161
0.0098	0.036	0.4684	-0.1454	-0.1864	-0.0404	0.9975	-0.0581	521	523	344	3	2	0.0065	0.4	0	0.0161
0.0098	0.0442	0.4656	-0.1172	-0.1849	0.987	-0.1603	0.0102	522	524	344	3	3	0.0019	0.4167	0	0.0137
0.0098	0.0545	0.5136	-0.1393	-0.1715	0.94	-0.0252	-0.3404	523	0	344	3	4	0.0025	0.4167	0	0.0119
0.0025	0.0833	0.4129	-0.1488	-0.1949	-0.9718	-0.0184	0.235	245	526	349	3	1	0.01	0.05	0	0.01
0.0025	0.045	0.332	-0.1504	-0.1753	0.0278	-0.9783	-0.2052	525	0	349	3	2	0.01	0.05	0	0.01
0.0091	0.073	-0.1932	0.0056	0.0711	-0.7831	-0.5751	0.2365	258	528	32	4	1	0.0052	0.3	0	0.0232
0.0091	0.0857	-0.2506	-0.0235	0.0753	-0.6816	-0.5299	-0.5046	527	529	32	4	2	0.0054	0.0667	0	0.0165
0.0091	0.0699	-0.2793	-0.0233	0.0454	-0.683	0.5765	-0.4485	528	530	32	4	3	0.01	0.05	0	0.01
0.0091	0.0131	-0.2982	-0.0426	0.0372	-0.7731	-0.5175	-0.3668	529	0	32	4	4	0.01	0.05	0	0.01
0.0101	0.0923	-0.0945	-0.091	-0.0361	0.0592	0.9341	-0.3521	262	532	98	4	1	0.0033	0.4167	0	0.0112
0.0101	0.0046	-0.0985	-0.0082	-0.0644	-0.3174	0.9463	0.0623	531	533	98	4	2	0.01	0.05	0	0.01
0.0101	0.0228	-0.1	-0.0039	-0.0641	-0.5254	0.3043	-0.7946	532	534	98	4	3	0.01	0.05	0	0.01
0.0101	0.0322	-0.1132	0.0037	-0.0785	0.7516	0.6485	0.1207	533	0	98	4	4	0.01	0.05	0	0.01
0.009	0.0953	-0.2235	0.1008	0.1028	0.7397	0.0873	-0.6672	267	536	90	4	1	0.0012	0.2917	1	0.0139
0.0082	0.0389	-0.154	0.1141	0.0405	0.5918	0.3137	-0.7426	535	537	90	4	2	0.0043	0.225	0	0.0139
0.0066	0.0038	-0.1303	0.1245	0.025	0.9858	-0.1505	-0.0745	536	538	90	4	3	0.01	0.05	0	0.01
0.0055	0.0239	-0.1278	0.1249	0.0259	0.6826	0.7203	0.1234	537	539	90	4	4	0.01	0.05	0	0.01
0.0039	0.02	-0.1117	0.143	0.0266	-0.8332	0.4758	0.2818	538	0	90	4	5	0.0024	0.075	0	0.01
0.01	0.0204	-0.2072	0.1082	0.0506	-0.419	0.9048	-0.0762	265	541	91	4	1	0.0037	0.4167	1	0.01
0.01	0.0845	-0.2158	0.1266	0.049	0.6392	0.7684	-0.0315	540	542	91	4	2	0.0037	0.4167	0	0.01
0.01	0.0189	-0.1659	0.1957	0.0552	0.5664	0.8166	-0.1112	541	0	91	4	3	0.01	0.05	0	0.01
0.0101	0.0441	-0.2004	0.0982	0.0818	0.79	0.2214	0.5718	265	544	92	4	1	0.0044	0.4688	1	0.0101
0.0101	0.0771	-0.1655	0.1079	0.107	-0.0943	0.6007	0.7939	543	0	92	4	2	0.0044	0.4688	0	0.0101
0.0025	0.1226	-0.2465	0.2745	-0.099	0.5667	-0.8077	0.1626	284	546	180	4	1	0.01	0.05	0	0.01
0.0025	0.0195	-0.1761	0.1708	-0.0753	0.556	-0.4535	-0.6966	545	547	180	4	2	0.01	0.05	0	0.01
0.0025	0.0168	-0.1657	0.165	-0.0907	-0.4261	-0.5116	-0.7461	546	0	180	4	3	0.01	0.05	0	0.01
0.01	0.0382	-0.1818	0.2593	-0.087	0.8277	-0.5549	-0.0839	281	549	182	4	1	0.01	0.05	1	0.01
0.01	0.0316	-0.1501	0.2381	-0.0902	-0.0266	-0.1786	0.9836	548	550	182	4	2	0.01	0.05	0	0.01
0.01	0.038	-0.151	0.2325	-0.0591	0.0606	-0.9413	-0.3321	549	551	182	4	3	0.01	0.05	0	0.01
0.01	0.0313	-0.1487	0.1967	-0.0718	0.7211	0.5582	-0.4103	550	0	182	4	4	0.01	0.05	0	0.01
0.0094	0.0164	-0.1744	0.2792	-0.0988	0.4343	0.0535	-0.8992	282	553	224	4	1	0.0027	0.4583	1	0.0094
0.0094	0.0533	-0.1673	0.2801	-0.1136	0.2187	0.796	-0.5644	552	554	224	4	2	0.0027	0.4583	0	0.0094
0.0103	0.0401	-0.1553	0.3233	-0.1456	0.7829	0.5147	0.3496	553	555	224	4	3	0.0018	0.25	0	0.0138
0.0102	0.0733	-0.1281	0.3448	-0.1309	0.2575	0.8642	0.4322	554	556	224	4	4	0.0014	0.25	0	0.014
0.0099	0.0362	-0.126	0.4069	-0.1044	-0.1717	0.9294	0.3266	555	557	224	4	5	0.01	0.05	0	0.01
0.0098	0.0284	-0.1205	0.4151	-0.0827	-0.0346	0.3476	0.937	556	558	224	4	6	0.01	0.05	0	0.01
0.0097	0.0341	-0.1138	0.4143	-0.0911	0.922	0.3771	0.0873	557	0	224	4	7	0.01	0.05	0	0.01
0.0025	0.0876	-0.1886	0.2929	0.084	0.0483	-0.4991	0.8652	292	0	184	4	1	0.01	0.05	0	0.01
0.0108	0.0517	-0.1688	0.2972	0.0226	-0.6478	0.1659	0.7435	307	561	379	4	1	0.0014	0.2917	1	0.0109
0.0106	0.0413	-0.2024	0.3058	0.0611	-0.7868	0.4837	0.3833	560	562	379	4	2	0.0014	0.2917	0	0.0109
0.01	0.1014	-0.237	0.3236	0.0776	0.581	-0.343	0.7382	561	0	379	4	3	0.01	0.05	0	0.01
0.0133	0.0401	-0.2356	0.3622	-0.0023	0.4305	-0.1037	-0.8966	310	564	232	4	1	0.0033	0.4583	0	0.0135
0.0108	0.0486	-0.2228	0.3564	-0.0361	-0.4894	0.2686	-0.8296	563	565	232	4	2	0.0014	0.4167	0	0.0108
0.0108	0.0136	-0.2422	0.3654	-0.068	0.0034	-0.9016	-0.4326	564	566	232	4	3	0.01	0.05	0	0.01
0.0108	0.0333	-0.242	0.3568	-0.0786	0.1606	-0.791	-0.5904	565	567	232	4	4	0.01	0.05	0	0.01
0.0108	0.0077	-0.2406	0.3324	-0.0958	-0.0989	0.6924	-0.7147	566	0	232	4	5	0.01	0.05	0	0.01
0.0125	0.0136	-0.1695	0.4753	-0.0839	0.3117	0.4594	0.8318	320	569	194	4	1	0.0027	0.5417	1	0.0125
0.0125	0.0577	-0.1653	0.4816	-0.0726	-0.9077	-0.2441	-0.3414	568	570	194	4	2	0.0027	0.5417	0	0.0125
0.0125	0.0588	-0.2041	0.4745	-0.0939	0.2669	-0.6781	-0.6848	569	571	194	4	3	0.0019	0.375	0	0.0158
0.0125	0.0544	-0.2137	0.4204	-0.1429	0.535	-0.5675	-0.6259	570	572	194	4	4	0.0095	0.2292	0	0.015
0.0125	0.0399	-0.1869	0.3922	-0.1804	-0.1438	-0.8354	-0.5306	571	573	194	4	5	0.01	0.05	0	0.01
0.0125	0.0326	-0.1934	0.3541	-0.1878	-0.1584	-0.9297	-0.3324	572	0	194	4	6	0.01	0.05	0	0.01
0.0091	0.0354	-0.1082	0.3968	-0.0405	0.9989	0.0407	-0.0252	318	575	195	4	1	0.0027	0.375	1	0.0116
0.009	0.0753	-0.0728	0.3982	-0.0414	0.417	-0.1771	-0.8915	574	576	195	4	2	0.0027	0.375	0	0.0116
0.0084	0.0417	-0.0445	0.3883	-0.0967	0.8784	-0.3475	0.3281	575	577	195	4	3	0.0017	0.25	0	0.0116
0.0078	0.0333	-0.0108	0.372	-0.0832	0.5259	-0.8364	-0.1546	576	578	195	4	4	0.0089	0.125	0	0.0186
0.0059	0.011	0.0021	0.363	-0.0776	-0.375	-0.5266	0.7629	577	579	195	4	5	0.01	0.05	0	0.01
0.0049	0.031	0.0018	0.3534	-0.0698	-0.435	-0.2978	-0.8498	578	580	195	4	6	0.0056	0.175	0	0.01
0.0037	0.0229	-0.0101	0.3446	-0.0982	-0.727	-0.2952	-0.62	579	0	195	4	7	0.0018	0.125	0	0.01
0.0091	0.0953	-0.1074	0.4005	-0.0446	0.4551	-0.86	-0.2306	318	582	380	4	1	0.0084	0.2	0	0.0177
0.0091	0.067	-0.0642	0.3191	-0.0662	-0.9307	-0.0004	-0.3657	581	583	380	4	2	0.0014	0.2917	0	0.0104
0.0091	0.0368	-0.1192	0.3233	-0.0972	-0.5907	-0.1803	-0.7865	582	584	380	4	3	0.01	0.05	0	0.01
0.0091	0.0338	-0.1448	0.3108	-0.0992	-0.8863	-0.4105	-0.2142	583	0	380	4	4	0.01	0.05	0	0.01
0.0025	0.0565	-0.1552	0.4542	-0.0808	0.9284	0.3119	0.2021	320	0	238	4	1	0.01	0.05	0	0.01
0.0065	0.067	-0.2239	0.5193	-0.1292	-0.4138	-0.3881	0.8235	326	587	382	4	1	0.0093	0.3	0	0.0186
0.0025	0.0048	-0.254	0.4936	-0.0762	-0.3545	-0.8989	0.2575	586	588	382	4	2	0.01	0.05	0	0.01
0.0025	0.0326	-0.2557	0.4894	-0.0749	0.8613	-0.3453	0.3728	587	0	382	4	3	0	0.075	0	0.01
0.0118	0.0654	-0.1961	-0.108	-0.1546	0.4583	-0.178	0.8708	340	590	15	4	1	0.0035	0.5	0	0.0118
0.0118	0.0327	-0.1627	-0.1228	-0.1093	0.6726	0.74	-0.0044	589	591	15	4	2	0.01	0.05	0	0.01
0.0118	0.0265	-0.1379	-0.0973	-0.1096	0.0584	0.0195	0.9981	590	0	15	4	3	0.01	0.05	0	0.01
0.0144	0.0541	-0.2604	0.014	-0.0044	-0.4615	0.84	0.2855	0	593	385	0	1	0.003	0.5417	0	0.0144
0.0144	0.0118	-0.2857	0.0596	0.017	-0.9785	-0.2001	-0.0508	592	0	385	0	2	0.01	0.05	0	0.01
0.0057	0.0517	0.037	0.1218	0.1729	-0.4704	-0.8569	0.211	362	595	178	4	1	0.0024	0.3	0	0.0141
0.0025	0.0432	0.014	0.0786	0.1819	-0.778	-0.1	-0.6203	594	0	178	4	2	0.01	0.05	0	0.01
0.017	0.0553	-0.0583	-0.0912	-0.0403	0.2978	-0.6444	-0.7043	0	597	393	0	1	0.0042	0.5	0	0.017
0.017	0.0275	-0.0468	-0.1081	-0.1004	0.344	-0.661	-0.6668	596	598	393	0	2	0.0012	0.125	0	0.01
0.017	0.0564	-0.0585	-0.1002	-0.0908	0.6701	-0.2162	0.7101	597	599	393	0	3	0.0012	0.175	0	0.01
0.017	0.0072	-0.0031	-0.1162	-0.0575	0.3796	0.7225	0.5778	598	0	393	0	4	0.0034	0.125	0	0.01
0.0114	0.0673	0.0479	-0.1383	0.1844	-0.4832	-0.8745	0.0424	0	0	395	0	1	0.0034	0.4583	0	0.0114
0.0117	0.0894	-0.0115	0.06	0.0765	0.4373	0.8972	-0.0615	0	602	397	0	1	0.0028	0.5417	0	0.0117
0.0117	0.0053	0.0209	0.1397	0.0672	0.3229	0.6834	-0.6547	601	603	397	0	2	0.01	0.05	0	0.01
0.0117	0.031	0.0179	0.1507	0.0702	0.889	0.2238	0.3995	602	0	397	0	3	0.0017	0.3333	0	0.0133
0.0107	0.0243	0.0132	0.1635	0.1056	0.1005	-0.1262	0.9869	406	605	165	4	1	0.0028	0.5417	1	0.0107
0.0106	0.0422	0.0157	0.1604	0.1296	0.224	0.5128	0.8288	604	606	165	4	2	0.0028	0.5417	0	0.0107
0.0102	0.0717	0.0268	0.1822	0.1619	-0.5725	0.759	-0.3101	605	607	165	4	3	0.0011	0.4167	0	0.0102
0.0102	0.0211	-0.0145	0.2366	0.1358	0.4401	0.8973	-0.033	606	0	165	4	4	0.01	0.05	0	0.01
0.0091	0.0492	-0.0197	0.2093	0.0825	0.5406	0.7887	-0.2927	407	609	168	4	1	0.0021	0.4583	0	0.0091
0.0091	0.0852	0.0135	0.2371	0.0679	0.1886	0.135	-0.9727	608	0	168	4	2	0.01	0.05	0	0.01
0.0138	0.0777	-0.0344	0.1839	0.0897	0.2101	-0.6417	0.7376	407	611	398	4	1	0.0047	0.4583	0	0.0138
0.0138	0.0213	-0.0281	0.1114	0.1316	0.335	-0.6292	0.7013	610	612	398	4	2	0.01	0.05	0	0.01
0.0138	0.0249	-0.0254	0.0927	0.1441	-0.784	0.4732	0.4019	611	0	398	4	3	0.0019	0.375	0	0.0094
0.0123	0.071	-0.0434	0.1831	-0.0332	-0.1263	0.4427	0.8877	415	614	399	4	1	0.004	0.5417	0	0.0146
0.0123	0.0415	-0.0649	0.1981	0.0315	0.6294	-0.4153	0.6568	613	615	399	4	2	0.0083	0.175	0	0.0288
0.0123	0.0253	-0.0372	0.1812	0.0435	-0.7457	-0.6592	-0.0971	614	616	399	4	3	0.01	0.05	0	0.01
0.0123	0.0581	-0.0542	0.1652	0.046	-0.409	0.9121	0.0285	615	0	399	4	4	0.0023	0.3333	0	0.0151
0.0025	0.0622	0.0853	-0.0734	0.258	0.4922	-0.8678	0.0689	439	0	171	4	1	0.01	0.05	0	0.01
0.0092	0.0767	0.1398	-0.1253	-0.1203	0.876	0.3725	-0.3063	461	619	214	4	1	0.0057	0.325	0	0.0209
0.0092	0.0673	0.2145	-0.0942	-0.1422	0.2054	0.0267	-0.9783	618	620	214	4	2	0.0016	0.2917	0	0.0137
0.0092	0.0243	0.2258	-0.089	-0.2079	0.4482	0.3446	-0.8249	619	621	214	4	3	0.01	0.05	0	0.01
0.0092	0.0309	0.2203	-0.0915	-0.2079	0.7198	0.1603	0.6755	620	0	214	4	4	0.01	0.05	0	0.01
0.0107	0.0477	0.1429	-0.1348	-0.0668	-0.0079	0.9981	0.0608	461	623	405	4	1	0.0019	0.4167	0	0.0107
0.0107	0.0509	0.1297	-0.0752	-0.0638	-0.6761	-0.7288	0.1079	622	624	405	4	2	0.0013	0.3333	0	0.0156
0.0107	0.0424	0.108	-0.1199	-0.0471	-0.5309	-0.8468	0.034	623	625	405	4	3	0.01	0.05	0	0.01
0.0107	0.0268	0.0778	-0.1295	-0.041	-0.9332	-0.3084	0.1847	624	626	405	4	4	0.01	0.05	0	0.01
0.0107	0.0152	0.0851	-0.1242	-0.0386	-0.3054	0.8181	0.4873	625	0	405	4	5	0.01	0.05	0	0.01
0.0175	0.0707	0.0848	-0.1345	-0.1395	0.4301	-0.8678	-0.2489	469	628	248	4	1	0.0008	0.4583	0	0.0175
0.0175	0.0164	0.1129	-0.1917	-0.1581	-0.7928	-0.5203	-0.3174	627	629	248	4	2	0.0023	0.2917	0	0.0185
0.0175	0.015	0.0965	-0.1914	-0.1509	-0.0097	0.814	-0.5807	628	0	248	4	3	0.01	0.05	0	0.01
0.0161	0.0857	0.195	-0.3927	-0.0198	0.3621	-0.8019	-0.4753	478	631	290	4	1	0.0039	0.5	0	0.0161
0.0161	0.0097	0.2162	-0.462	-0.0547	-0.3375	-0.7006	-0.6287	630	632	290	4	2	0.01	0.05	0	0.01
0.0161	0.0258	0.207	-0.4586	-0.0672	-0.8047	-0.5679	-0.1729	631	0	290	4	3	0.0021	0.15	0	0.01
0.0089	0.0767	0.2138	-0.5137	-0.0131	-0.8001	0.5994	0.0223	480	634	292	4	1	0.0038	0.4583	0	0.0089
0.0089	0.0038	0.1526	-0.4674	-0.0112	-0.8086	0.4611	0.3655	633	0	292	4	2	0.01	0.05	0	0.01
0.0106	0.0719	0.2236	-0.4123	-0.0063	-0.3949	0.2537	0.883	478	636	406	4	1	0.0033	0.5	0	0.0143
0.0091	0.0652	0.1876	-0.3969	0.0615	0.0219	0.8223	0.5687	635	637	406	4	2	0.0013	0.4583	0	0.0093
0.0078	0.0346	0.1798	-0.3544	0.0987	-0.5324	0.4374	0.7247	636	638	406	4	3	0.0057	0.4063	0	0.0075
0.0077	0.0007	0.1616	-0.339	0.124	-0.8311	0.1289	0.5409	637	0	406	4	4	0.01	0.05	0	0.01
0.0053	0.0471	0.2833	-0.3848	-0.0363	0.4182	-0.8954	-0.1528	488	640	301	4	1	0.0029	0.375	0	0.0099
0.0025	0.0441	0.2979	-0.4289	-0.0433	-0.1005	0.345	0.9332	639	641	301	4	2	0.0041	0.15	0	0.01
0.0025	0.0414	0.2908	-0.413	-0.0024	0.2458	0.9434	0.2225	640	0	301	4	3	0.0031	0.225	0	0.01
0.0025	0.0431	0.2753	-0.384	-0.0306	-0.6467	-0.5009	0.5752	488	643	407	4	1	0.0092	0.325	1	0.01
0.0025	0.0305	0.2431	-0.3933	-0.0085	-0.6733	-0.0811	0.7349	642	644	407	4	2	0.01	0.05	0	0.01
0.0025	0.0214	0.2218	-0.3954	0.0138	-0.1866	-0.0707	0.9799	643	0	407	4	3	0.006	0.175	0	0.01
0.0153	0.0315	0.0959	-0.3749	0.027	-0.6339	0.1789	-0.7524	491	646	408	4	1	0.0054	0.5417	0	0.0153
0.0153	0.0303	0.0743	-0.3658	0.0047	-0.9133	-0.3972	-0.0903	645	0	408	4	2	0.01	0.05	0	0.01
0.0079	0.0285	0.4017	-0.423	-0.0307	0.4861	-0.2113	0.848	493	648	333	4	1	0.0018	0.5417	1	0.0079
0.0079	0.0671	0.4156	-0.429	-0.0065	-0.7907	-0.4784	-0.3821	647	649	333	4	2	0.0018	0.5417	0	0.0079
0.0079	0.0277	0.3615	-0.4653	-0.0306	-0.8146	-0.0225	-0.5795	648	0	333	4	3	0.004	0.4167	0	0.011
0.0095	0.0667	0.1937	-0.1639	0.0384	0.4163	-0.3262	-0.8487	0	651	250	0	1	0.0027	0.4167	0	0.0095
0.0095	0.0174	0.217	-0.1969	-0.0159	-0.807	0.2052	-0.5537	650	0	250	0	2	0.0025	0.375	0	0.0081
0.0093	0.0602	0.4517	-0.2222	-0.1316	0.4299	-0.8116	-0.3955	508	653	345	4	1	0.0036	0.5313	1	0.0093
0.0093	0.0763	0.4776	-0.271	-0.1554	0.8875	0.2929	0.3558	652	654	345	4	2	0.0036	0.5313	0	0.0093
0.0093	0.0004	0.5453	-0.2435	-0.1366	0.8271	0.4767	0.2977	653	0	345	4	3	0.0031	0.3333	0	0.0115
0.0025	0.0256	0.387	-0.151	-0.1904	0.5097	-0.5093	-0.6934	525	656	352	4	1	0.0035	0.4167	1	0.0115
0.0025	0.0897	0.399	-0.1644	-0.2088	-0.5497	0.0644	0.8329	655	657	352	4	2	0.0088	0.24	0	0.0115
0.0025	0.0399	0.3435	-0.1542	-0.1433	-0.8257	0.0181	0.5639	656	658	352	4	3	0.0058	0.15	0	0.01
0.0025	0.0033	0.3419	-0.1441	-0.1285	-0.1393	0.8647	0.4826	657	0	352	4	4	0.0062	0.15	0	0.01
0.0122	0.0381	-0.1785	-0.0331	0.0725	0.1253	-0.842	-0.5247	0	660	411	0	1	0.0035	0.5417	0	0.0122
0.0122	0.0245	-0.1671	-0.0621	0.0514	0.3615	-0.5017	0.7859	659	661	411	0	2	0.01	0.05	0	0.01
0.0122	0.0229	-0.1582	-0.0744	0.0707	0.0388	-0.5054	0.862	660	0	411	0	3	0.01	0.05	0	0.01
0.0122	0.0172	-0.1681	0.1075	0.0649	0.4826	0.0776	0.8724	535	663	413	5	1	0.0025	0.4167	1	0.0122
0.0122	0.0634	-0.1598	0.1088	0.08	-0.1602	0.7486	-0.6434	662	0	413	5	2	0.0025	0.4167	0	0.0122
0.0123	0.0439	-0.2161	0.1256	0.0391	-0.2861	0.9567	-0.0529	540	665	414	5	1	0.0024	0.5417	0	0.0123
0.0123	0.0417	-0.2284	0.1659	0.0354	0.1381	-0.593	0.7933	664	0	414	5	2	0.01	0.05	0	0.01
0.0145	0.0765	-0.2066	0.222	-0.0882	0.6574	0.3852	-0.6477	545	667	415	5	1	0.0031	0.4583	0	0.0145
0.0145	0.0466	-0.1647	0.2536	-0.1302	0.6836	0.106	0.7221	666	0	415	5	2	0.0028	0.2917	0	0.0137
0.0101	0.0219	-0.2214	0.325	0.0629	0.3256	0.4715	-0.8196	561	669	418	5	1	0.0032	0.5	1	0.011
0.0101	0.0512	-0.2143	0.3353	0.045	-0.8144	-0.5264	0.2442	668	670	418	5	2	0.0032	0.5	0	0.011
0.0083	0.0148	-0.2542	0.3065	0.0546	-0.5288	-0.8254	0.1977	669	671	418	5	3	0.0028	0.4688	0	0.0082
0.0083	0.0258	-0.2597	0.292	0.0553	-0.7112	-0.7028	0.015	670	0	418	5	4	0.01	0.05	0	0.01
0.0064	0.0762	-0.2077	0.4307	-0.1471	0.5423	0.5121	0.6661	571	673	423	5	1	0.0112	0.15	1	0.0132
0.0064	0.0582	-0.1621	0.4498	-0.0814	-0.5487	-0.5728	-0.6089	672	674	423	5	2	0.0055	0.3	0	0.0132
0.0057	0.0268	-0.1941	0.419	-0.1094	-0.5806	-0.7718	0.2593	673	0	423	5	3	0.0009	0.075	0	0.0143
0.0106	0.0698	0.014	0.2076	0.1434	0.7869	-0.5971	-0.1557	606	676	428	5	1	0.0031	0.4583	0	0.0106
0.0106	0.0023	0.0691	0.1722	0.1249	-0.0686	-0.7683	-0.6364	675	677	428	5	2	0.01	0.05	0	0.01
0.0106	0.0293	0.0731	0.163	0.1222	0.1	0.2179	-0.9708	676	0	428	5	3	0.01	0.05	0	0.01
0.0127	0.0181	0.0082	0.2432	0.053	-0.887	0.4526	-0.0916	609	679	209	5	1	0.0035	0.4583	1	0.0127
0.0127	0.0503	-0.0079	0.2513	0.0514	0.6112	0.779	0.1401	678	680	209	5	2	0.0035	0.4583	0	0.0127
0.0127	0.0251	0.0075	0.2866	0.064	0.4072	-0.5727	0.7115	679	681	209	5	3	0.01	0.05	0	0.01
0.0127	0.0028	0.0213	0.2741	0.089	-0.8016	-0.3498	0.4848	680	682	209	5	4	0.01	0.05	0	0.01
0.0127	0.0103	0.0215	0.2716	0.0892	0.4462	0.0428	0.8939	681	0	209	5	5	0.01	0.05	0	0.01
0.0122	0.0433	0.1883	-0.4052	0.0667	0.067	-0.8806	0.4692	636	684	297	5	1	0.0028	0.4167	1	0.0122
0.0122	0.0633	0.1912	-0.4433	0.087	-0.5236	0.818	-0.2383	683	685	297	5	2	0.0028	0.4167	0	0.0122
0.0122	0.0175	0.1518	-0.3919	0.0716	-0.0356	0.9059	-0.4221	684	0	297	5	3	0.01	0.05	0	0.01
0.0115	0.0191	0.1812	-0.3745	0.084	0.3091	0.9154	-0.258	636	687	298	5	1	0.0025	0.5	0	0.0115
0.0115	0.0469	0.1885	-0.3615	0.0724	0.0607	0.8332	-0.5496	686	688	298	5	2	0.0037	0.275	0	0.0168
0.0115	0.0615	0.1919	-0.3203	0.0483	-0.7271	0.5178	-0.4507	687	689	298	5	3	0.0013	0.3333	0	0.0149
0.0115	0.0042	0.1537	-0.3075	0.0387	-0.9669	-0.1256	0.2221	688	690	298	5	4	0.01	0.05	0	0.01
0.0115	0.0046	0.1524	-0.3074	0.0383	0.4697	-0.319	0.8232	689	0	298	5	5	0.01	0.05	0	0.01
0.015	0.0704	-0.0783	0.3662	-0.1111	-0.8499	-0.051	0.5245	0	692	434	0	1	0.0038	0.4167	0	0.015
0.015	0.0276	-0.1337	0.3541	-0.0981	-0.5004	-0.8408	0.2065	691	693	434	0	2	0.0035	0.225	0	0.0095
0.015	0.0052	-0.1538	0.3295	-0.0877	0.0523	-0.9737	-0.2216	692	0	434	0	3	0.0035	0.15	0	0.01
0.0025	0.0916	-0.1362	0.4897	-0.0621	-0.6542	-0.6511	0.3848	672	695	436	6	1	0.01	0.05	0	0.01
0.0025	0.0309	-0.1962	0.43	-0.0269	-0.3195	-0.1828	-0.9298	694	0	436	6	2	0.01	0.05	0	0.01
0.0111	0.0469	0.1771	-0.3585	0.0876	0.2558	0.8571	-0.4471	686	697	314	6	1	0.0036	0.4583	0	0.0111
0.0111	0.0434	0.1956	-0.3222	0.0712	0.6647	0.3284	-0.671	696	698	314	6	2	0.01	0.05	0	0.01
0.0111	0.0451	0.2031	-0.3391	0.0686	0.6558	-0.6965	-0.2912	697	0	314	6	3	0.01	0.05	0	0.01
