radius (m)	length (m)	start_point	axis_direction	parent	extension	branch	branch_order	position_in_branch	mad	SurfCov	added	UnmodRadius (m)
0.0332	0.1384	-0.0978	-0.0207	-0.18	0.083	0.8829	0.4622	0	2	1	0	1	0.0036	0.4	0	0.0372
0.0199	0.042	-0.1079	0.0715	-0.0726	-0.114	0.843	0.5258	1	3	1	0	2	0.0022	0.7917	0	0.0199
0.0238	0.0398	-0.1083	0.1167	-0.0647	-0.3884	0.8087	0.4417	2	4	1	0	3	0.0026	0.7917	0	0.0238
0.025	0.0666	-0.1211	0.1415	-0.0313	-0.8941	0.3292	0.3035	3	5	1	0	4	0.0028	0.7083	0	0.025
0.0254	0.11	-0.1519	0.1633	-0.0261	-0.3182	0.7204	-0.6163	4	6	1	0	5	0.0039	0.4063	0	0.0264
0.0199	0.0086	-0.1721	0.2561	-0.069	-0.0637	0.8924	-0.4467	5	7	1	0	6	0.004	0.1	0	0.0103
0.0199	0.0123	-0.1834	0.2566	-0.0713	0.4985	-0.8159	-0.2928	6	0	1	0	7	0.01	0.05	0	0.01
0.018	0.1024	-0.1401	0.1549	-0.0472	0.4951	-0.401	-0.7707	5	9	2	1	1	0.003	0.5833	1	0.0181
0.0177	0.0461	-0.0894	0.1139	-0.1262	0.2612	0.6597	0.7047	8	10	2	1	2	0.003	0.5833	0	0.0181
0.0174	0.0548	-0.0843	0.1388	-0.0981	-0.6292	0.7771	0.0113	9	11	2	1	3	0.0032	0.375	0	0.0204
0.0124	0.0364	-0.1116	0.185	-0.089	-0.7307	-0.1218	0.6718	10	0	2	1	4	0.0067	0.5	0	0.0124
0.0099	0.1177	-0.075	-0.0302	-0.1575	0.6839	-0.2833	0.6723	1	13	3	1	1	0.0009	0.3333	1	0.0099
0.0099	0.0481	0.0055	-0.0635	-0.0784	0.5231	0.834	0.1757	12	14	3	1	2	0.0009	0.3333	0	0.0099
0.0095	0.0709	0.0316	-0.0415	-0.0601	0.7235	0.3598	0.5891	13	15	3	1	3	0.0052	0.3125	0	0.0095
0.0087	0.0109	0.093	-0.0179	-0.034	0.8439	0.0552	0.5337	14	16	3	1	4	0.0073	0.375	0	0.0086
0.0116	0.0375	0.1011	-0.0117	-0.0177	0.9229	0.3706	-0.1045	15	17	3	1	5	0.0011	0.25	0	0.012
0.013	0.0289	0.1321	-0.0002	-0.0012	0.8178	0.5359	0.21	16	18	3	1	6	0.0012	0.2917	0	0.0155
0.0112	0.0279	0.147	0.021	-0.0043	0.5575	0.83	-0.0168	17	19	3	1	7	0.0013	0.2917	0	0.0112
0.0098	0.0369	0.163	0.0393	0.0008	0.9351	0.2997	0.1892	18	20	3	1	8	0.0011	0.25	0	0.0098
0.0117	0.0319	0.1713	0.0608	0.0062	0.2859	0.7922	0.5392	19	21	3	1	9	0.0078	0.4167	0	0.0124
0.0079	0.0063	0.1805	0.0862	0.0232	-0.3853	0.9033	0.1889	20	22	3	1	10	0.0031	0.5833	0	0.0062
0.0121	0.0283	0.1898	0.0934	0.0153	0.1379	0.934	0.3295	21	23	3	1	11	0.0013	0.2917	0	0.0144
0.0097	0.05	0.1939	0.1237	0.0236	0.8393	-0.1748	-0.5148	22	24	3	1	12	0.001	0.375	0	0.0097
0.0106	0.0256	0.2369	0.122	0.0027	0.7791	0.2645	-0.5683	23	25	3	1	13	0.0009	0.25	0	0.0118
0.0086	0.0399	0.2528	0.1313	-0.0136	0.6018	0.6973	-0.3895	24	26	3	1	14	0.001	0.3333	0	0.0086
0.007	0.0363	0.2721	0.1636	-0.0255	0.424	0.798	-0.4283	25	27	3	1	15	0.0053	0.4063	0	0.0038
0.0091	0.0278	0.2705	0.189	-0.0472	-0.089	0.9506	-0.2975	26	28	3	1	16	0.01	0.05	0	0.01
0.014	0.047	0.2745	0.2119	-0.0571	-0.0587	-0.5059	0.8606	27	29	3	1	17	0.0012	0.4167	0	0.0175
0.0091	0.0522	0.2824	0.1947	-0.0285	-0.1047	0.9049	0.4126	28	30	3	1	18	0.0009	0.375	0	0.0096
0.0093	0.0568	0.2778	0.2392	-0.004	0.4188	0.7165	0.5578	29	31	3	1	19	0.0011	0.2917	0	0.011
0.0077	0.0511	0.3071	0.2646	0.0312	0.4361	0.3463	0.8306	30	32	3	1	20	0.01	0.05	0	0.01
0.0074	0.0072	0.31	0.2898	0.0282	0.2013	0.9766	0.0763	31	0	3	1	21	0.01	0.05	0	0.01
0.0119	0.337	-0.0886	-0.0387	-0.1536	0.6045	-0.7896	0.1056	1	34	4	1	1	0.0008	0.0909	0	0.0121
0.0089	0.0629	0.1114	-0.3024	-0.1148	0.7349	0.4098	0.5403	33	35	4	1	2	0.001	0.375	0	0.0089
0.0103	0.0431	0.1584	-0.2851	-0.0833	0.8696	-0.0769	0.4877	34	36	4	1	3	0.0012	0.2917	0	0.0105
0.0103	0.0377	0.1834	-0.2936	-0.054	0.6063	-0.5809	0.5431	35	37	4	1	4	0.0009	0.4167	0	0.0106
0.0076	0.031	0.2169	-0.3072	-0.0383	0.6573	-0.5512	0.5139	36	38	4	1	5	0.0051	0.4688	0	0.0076
0.0082	0.0244	0.2377	-0.3259	-0.0337	0.874	-0.4747	0.1037	37	39	4	1	6	0.0008	0.2917	0	0.0082
0.0084	0.0251	0.2554	-0.3323	-0.0391	0.7876	-0.2808	-0.5485	38	40	4	1	7	0.01	0.05	0	0.01
0.0081	0.0345	0.266	-0.3496	-0.0332	0.7561	-0.6545	0.0076	39	0	4	1	8	0.01	0.05	0	0.01
0.0138	0.1802	-0.0856	0.0388	-0.1054	0.9089	0.2116	0.3593	2	42	5	1	1	0.0011	0.2917	0	0.0143
0.0115	0.0183	0.0666	0.0948	-0.0404	0.84	0.5427	0.0032	41	43	5	1	2	0.004	0.375	0	0.0115
0.0089	0.0311	0.083	0.1057	-0.0357	0.204	0.9476	-0.2458	42	44	5	1	3	0.0011	0.2917	0	0.0089
0.0079	0.0251	0.091	0.1337	-0.0394	0.1719	0.9423	0.2872	43	45	5	1	4	0.004	0.5417	0	0.0079
0.0087	0.025	0.0878	0.158	-0.0299	0.2512	0.743	0.6204	44	46	5	1	5	0.01	0.05	0	0.01
0.0081	0.0232	0.1019	0.1601	-0.0175	0.5969	0.1308	0.7916	45	0	5	1	6	0.01	0.05	0	0.01
0.0105	0.1549	-0.1372	0.1817	-0.053	0.9425	-0.3061	-0.1339	5	48	6	1	1	0.0017	0.625	1	0.0105
0.0105	0.0628	0.0088	0.1343	-0.0737	-0.2936	0.9555	0.0285	47	49	6	1	2	0.0017	0.625	0	0.0105
0.0093	0.0536	-0.0085	0.1934	-0.0652	-0.2098	0.9654	0.1546	48	50	6	1	3	0.0045	0.7083	0	0.0093
0.0108	0.0219	-0.0229	0.244	-0.0742	-0.2946	0.9555	-0.0126	49	51	6	1	4	0.0013	0.3333	0	0.0116
0.0099	0.021	-0.0018	0.2109	-0.0687	-0.3606	-0.28	-0.8897	50	0	6	1	5	0.01	0.05	0	0.01
0.0117	0.0676	-0.0898	0.1314	-0.0556	0.8262	0.474	0.3043	3	53	8	1	1	0.0026	0.5417	1	0.0117
0.0117	0.0461	-0.034	0.1635	-0.035	0.5504	0.7728	-0.316	52	0	8	1	2	0.0026	0.5417	0	0.0117
0.0171	0.0227	-0.1044	0.1607	-0.0422	0.4292	0.832	-0.3516	4	55	9	1	1	0.0039	0.5938	1	0.0171
0.0171	0.0902	-0.0946	0.1796	-0.0502	-0.1857	-0.444	0.8766	54	56	9	1	2	0.0039	0.5938	0	0.0171
0.0171	0.0265	-0.1199	0.1362	0.0292	0.3604	-0.8674	0.3431	55	57	9	1	3	0.0012	0.375	0	0.0153
0.0171	0.0323	-0.0937	0.1115	0.0241	0.6182	-0.2224	0.7539	56	0	9	1	4	0.0018	0.15	0	0.01
0.015	0.055	-0.1786	0.1616	-0.0278	-0.974	-0.2181	0.0611	5	59	53	1	1	0.0039	0.5417	1	0.015
0.015	0.0313	-0.2321	0.1496	-0.0245	-0.2631	0.3148	-0.9119	58	60	53	1	2	0.0039	0.5417	0	0.015
0.0135	0.1059	-0.2364	0.1561	-0.0519	-0.6608	-0.6694	0.3396	59	61	53	1	3	0.0019	0.7083	0	0.0135
0.0175	0.0424	-0.2983	0.0834	-0.0272	-0.3443	-0.9334	-0.1012	60	62	53	1	4	0.0018	0.375	0	0.0193
0.0135	0.0585	-0.3071	0.0294	-0.0152	0.5357	-0.5287	-0.6584	61	63	53	1	5	0.0015	0.4583	0	0.0101
0.015	0.0347	-0.2887	-0.0088	-0.0363	0.4344	-0.8991	-0.0539	62	64	53	1	6	0.0015	0.3333	0	0.015
0.0135	0.0315	-0.2782	-0.0385	-0.0379	-0.2606	-0.8591	0.4406	63	65	53	1	7	0.0012	0.375	0	0.0111
0.0135	0.0487	-0.2907	-0.054	-0.0205	-0.8759	-0.4038	0.2641	64	66	53	1	8	0.0016	0.4583	0	0.0108
0.0135	0.0328	-0.3285	-0.0758	-0.0023	-0.7076	-0.5761	0.4092	65	67	53	1	9	0.0026	0.1	0	0.0082
0.0135	0.0534	-0.3411	-0.0929	-0.0025	0.0098	-0.9925	-0.1217	66	68	53	1	10	0.0013	0.2083	0	0.01
0.0135	0.0382	-0.3275	-0.1383	-0.0137	0.3319	-0.835	-0.4389	67	69	53	1	11	0.004	0.12	0	0.0083
0.0135	0.0256	-0.3147	-0.1694	-0.0311	0.5769	-0.5287	-0.6227	68	70	53	1	12	0.01	0.05	0	0.01
0.0135	0.0155	-0.3278	-0.1674	-0.0219	-0.7071	-0.5511	-0.4431	69	0	53	1	13	0.01	0.05	0	0.01
0.0094	0.0678	0.009	-0.0518	-0.0668	0.1754	-0.6164	0.7677	13	72	13	2	1	0.0026	0.5417	0	0.0133
0.009	0.0349	0.0245	-0.0964	-0.0287	0.5037	-0.8145	0.288	71	73	13	2	2	0.001	0.3333	0	0.009
0.0093	0.0326	0.0492	-0.1153	-0.0145	0.5528	-0.6413	0.5321	72	74	13	2	3	0.0013	0.3333	0	0.0138
0.0092	0.0524	0.0515	-0.1363	0.0046	0.0827	-0.664	0.7431	73	75	13	2	4	0.001	0.3333	0	0.0128
0.0072	0.0468	0.0628	-0.1606	0.0515	-0.2124	-0.498	0.8408	74	76	13	2	5	0.0008	0.2083	0	0.0072
0.0079	0.0257	0.0582	-0.1859	0.0899	-0.0866	-0.6037	0.7925	75	77	13	2	6	0.0008	0.3333	0	0.0079
0.009	0.0392	0.0616	-0.1922	0.1154	0.1425	-0.5478	0.8244	76	78	13	2	7	0.0018	0.4167	0	0.0115
0.0088	0.0289	0.0751	-0.2155	0.1448	0.1361	-0.6412	0.7552	77	79	13	2	8	0.0009	0.2917	0	0.0115
0.0085	0.0468	0.0647	-0.2284	0.1664	-0.2623	-0.6377	0.7243	78	80	13	2	9	0.0008	0.375	0	0.009
0.0086	0.0513	0.0593	-0.2657	0.1999	-0.0382	-0.0866	0.9955	79	81	13	2	10	0.0011	0.375	0	0.0128
0.0077	0.0265	0.0595	-0.2647	0.25	0.4424	-0.0128	0.8967	80	82	13	2	11	0.0007	0.2917	0	0.0084
0.006	0.0107	0.0674	-0.2713	0.2771	0.6302	0.0258	0.776	81	83	13	2	12	0.0045	0.5	0	0.006
0.0065	0.018	0.0746	-0.2671	0.2853	0.1315	-0.0021	0.9913	82	0	13	2	13	0.0012	0.4167	0	0.0067
0.0118	0.025	0.023	-0.0554	-0.0653	-0.3803	-0.9091	-0.1701	14	85	54	2	1	0.0036	0.4583	1	0.0118
0.0118	0.0586	0.0135	-0.0781	-0.0695	-0.8219	-0.5657	-0.0676	84	86	54	2	2	0.0036	0.4583	0	0.0118
0.0118	0.0057	-0.0288	-0.1152	-0.0712	-0.5679	-0.8159	0.1087	85	0	54	2	3	0.0023	0.3333	0	0.0094
0.0082	0.0112	0.2808	0.1511	-0.025	0.8189	-0.5194	0.2443	25	88	42	2	1	0.002	0.4583	1	0.0119
0.0082	0.025	0.2899	0.1452	-0.0223	-0.2965	-0.5917	-0.7496	87	89	42	2	2	0.002	0.4583	0	0.0119
0.0082	0.011	0.2885	0.1297	-0.0377	-0.4652	-0.4982	0.7317	88	90	42	2	3	0.01	0.05	0	0.01
0.0082	0.0185	0.2834	0.1243	-0.0296	-0.9398	-0.1877	-0.2855	89	0	42	2	4	0.01	0.05	0	0.01
0.0101	0.0424	0.286	0.2637	0.0221	-0.7733	-0.6335	-0.0252	30	92	47	2	1	0.0023	0.375	1	0.0208
0.0101	0.0429	0.2645	0.2319	0.0223	0.3779	0.9091	0.1755	91	93	47	2	2	0.004	0.4	0	0.0208
0.0101	0.0303	0.2777	0.2745	0.0348	-0.6421	-0.7514	0.1519	92	94	47	2	3	0.0032	0.225	0	0.0164
0.0101	0.0429	0.2578	0.2533	0.0432	0.1059	-0.9115	0.3975	93	95	47	2	4	0.001	0.4167	0	0.0091
0.0101	0.0199	0.2664	0.2098	0.05	0.3912	-0.7819	0.4853	94	96	47	2	5	0.01	0.05	0	0.01
0.0101	0.0215	0.2584	0.2	0.066	0.2678	-0.2872	0.9197	95	97	47	2	6	0.0082	0.275	0	0.0191
0.0101	0.0335	0.2609	0.193	0.0714	-0.8367	-0.5021	0.2185	96	98	47	2	7	0.0009	0.2917	0	0.0082
0.0101	0.0269	0.2245	0.1806	0.0784	-0.3066	-0.5131	0.8017	97	99	47	2	8	0.0011	0.5	0	0.0094
0.0101	0.0354	0.2157	0.1724	0.102	-0.9252	-0.2161	0.3119	98	100	47	2	9	0.0011	0.375	0	0.0107
0.0101	0.0199	0.1856	0.1689	0.115	-0.8555	0.5053	0.1127	99	101	47	2	10	0.001	0.25	0	0.0089
0.0101	0.0164	0.1678	0.1778	0.115	-0.7583	0.6453	-0.0927	100	0	47	2	11	0.0038	0.75	0	0.0101
0.0085	0.0871	0.1468	-0.2917	-0.0965	0.0389	-0.9439	0.3279	34	103	21	2	1	0.0026	0.4167	0	0.009
0.0084	0.0702	0.1547	-0.3501	-0.055	0.0095	-0.4796	0.8774	102	104	21	2	2	0.0082	0.2083	0	0.0107
0.0084	0.0342	0.1507	-0.3748	0.0018	0.053	0.4894	0.8704	103	105	21	2	3	0.0064	0.25	0	0.0174
0.0081	0.0123	0.1419	-0.345	0.0092	-0.111	0.8344	0.5398	104	106	21	2	4	0.0113	0.3438	0	0.0075
0.0084	0.031	0.1474	-0.3293	0.027	-0.1274	0.9221	-0.3653	105	107	21	2	5	0.0059	0.4375	0	0.0123
0.0081	0.0322	0.1546	-0.3064	0.0227	0.2695	0.9138	0.3038	106	108	21	2	6	0.0049	0.4375	0	0.0081
0.0081	0.0194	0.151	-0.2757	0.0354	0.1891	0.9031	0.3856	107	109	21	2	7	0.01	0.05	0	0.01
0.0082	0.0213	0.1482	-0.2729	0.0414	-0.6108	0.1886	0.769	108	110	21	2	8	0.0046	0.225	0	0.0139
0.0081	0.0097	0.1423	-0.2662	0.063	-0.4557	-0.36	0.8141	109	111	21	2	9	0.01	0.05	0	0.01
0.0081	0.008	0.1366	-0.2712	0.0708	-0.5407	0.4273	0.7246	110	0	21	2	10	0.01	0.05	0	0.01
0.0114	0.0784	0.2592	-0.3287	-0.0291	-0.1769	0.9389	0.2952	38	113	26	2	1	0.0035	0.5	0	0.0114
0.0114	0.0249	0.2538	-0.252	-0.0117	-0.3328	0.9428	0.021	112	114	26	2	2	0.01	0.05	0	0.01
0.0114	0.0221	0.2414	-0.2307	-0.014	-0.4482	0.892	-0.0583	113	0	26	2	3	0.01	0.05	0	0.01
0.01	0.0356	0.0646	0.0803	-0.0434	-0.1343	-0.9703	-0.2013	42	116	18	2	1	0.01	0.05	1	0.01
0.01	0.0451	0.0598	0.0458	-0.0506	0.8668	0.0375	0.4972	115	117	18	2	2	0.01	0.05	0	0.01
0.01	0.0006	0.1003	0.0473	-0.0268	0.6291	0.4904	-0.603	116	118	18	2	3	0.01	0.05	0	0.01
0.01	0.0187	0.1007	0.0476	-0.0271	0.5587	0.6108	0.561	117	0	18	2	4	0.01	0.05	0	0.01
0.0065	0.0397	0.0667	0.0948	-0.0519	-0.4324	0.8808	-0.1931	42	120	22	2	1	0.0033	0.4167	0	0.011
0.0052	0.0165	0.0616	0.1245	-0.066	0.3703	0.927	-0.0593	119	0	22	2	2	0.0086	0.4167	0	0.0052
0.0126	0.0476	-0.1061	0.1443	0.0352	-0.4108	0.8694	-0.2745	56	122	14	2	1	0.0032	0.5833	0	0.0126
0.0126	0.0354	-0.1308	0.1817	0.0261	0.4091	0.3197	0.8547	121	123	14	2	2	0.0015	0.375	0	0.011
0.0126	0.0017	-0.1124	0.1918	0.054	0.5238	0.6634	0.5344	122	124	14	2	3	0.01	0.05	0	0.01
0.0126	0.0066	-0.1167	0.201	0.052	-0.3106	0.1307	0.9415	123	0	14	2	4	0.01	0.05	0	0.01
0.0069	0.0631	-0.265	0.1425	-0.0465	-0.5976	0.6434	-0.4784	60	126	11	2	1	0.0041	0.275	0	0.0139
0.0056	0.0341	-0.303	0.1736	-0.0773	-0.73	0.0717	-0.6796	125	127	11	2	2	0.004	0.3	0	0.0118
0.0066	0.0088	-0.3328	0.1767	-0.0948	-0.3867	0.8187	-0.4244	126	0	11	2	3	0.0026	0.2083	0	0.0087
0.011	0.0144	-0.3443	-0.1013	-0.0167	-0.2233	0.5244	-0.8216	67	129	19	2	1	0.0032	0.5	1	0.011
0.011	0.0576	-0.3475	-0.0937	-0.0285	-0.4568	-0.6573	0.5994	128	130	19	2	2	0.0032	0.5	0	0.011
0.011	0.0051	-0.3723	-0.1258	0.0048	0.2222	0.136	0.9655	129	0	19	2	3	0.0051	0.625	0	0.012
0.0025	0.0286	-0.3075	-0.1747	-0.0281	0.6591	0.3824	0.6475	69	132	30	2	1	0.0088	0.4	1	0.01
0.0025	0.0233	-0.2923	-0.1634	-0.0148	-0.0672	-0.9973	-0.029	131	133	30	2	2	0.01	0.05	0	0.01
0.0025	0.0184	-0.2926	-0.1862	-0.0179	-0.8391	-0.2536	-0.4812	132	0	30	2	3	0.0052	0.2	0	0.01
0.0086	0.0252	0.039	-0.1029	-0.0258	0.6298	0.5449	0.5536	72	135	16	3	1	0.0029	0.375	0	0.012
0.0085	0.0392	0.0574	-0.11	-0.0122	0.9548	0.1195	-0.2723	134	136	16	3	2	0.0009	0.375	0	0.0126
0.0084	0.0414	0.1032	-0.1014	-0.0193	-0.5406	0.6584	0.5238	135	137	16	3	3	0.0043	0.3	0	0.0223
0.0076	0.025	0.0845	-0.0649	-0.0052	-0.1665	0.6648	0.7282	136	138	16	3	4	0.0035	0.625	0	0.0076
0.0076	0.0283	0.0802	-0.0481	0.0127	-0.2648	0.7778	0.5701	137	0	16	3	5	0.01	0.05	0	0.01
0.0088	0.0389	0.0505	-0.1205	-0.0221	-0.072	-0.9538	0.2916	73	140	55	3	1	0.0125	0.3	0	0.0243
0.0088	0.0413	0.0497	-0.1515	-0.0219	0.6806	-0.6863	-0.2565	139	141	55	3	2	0.002	0.2917	0	0.0137
0.0087	0.0445	0.0638	-0.1891	-0.022	-0.5742	-0.062	-0.8163	140	142	55	3	3	0.0062	0.4	0	0.0156
0.0075	0.0126	0.0373	-0.1874	-0.0476	-0.9166	0.3315	-0.2236	141	143	55	3	4	0.0048	0.625	0	0.0075
0.0083	0.0226	0.0292	-0.1855	-0.0538	-0.042	-0.8431	0.5361	142	0	55	3	5	0.0022	0.375	0	0.0125
0.0068	0.0514	0.0642	-0.1676	0.0717	0.5686	0.7241	0.3903	75	145	25	3	1	0.0015	0.5833	0	0.0083
0.0068	0.0688	0.0913	-0.1301	0.0968	0.7567	0.5898	0.282	144	146	25	3	2	0.0054	0.375	0	0.0124
0.0068	0.024	0.1405	-0.1011	0.1259	0.8462	0.2063	0.4914	145	147	25	3	3	0.0054	0.075	0	0.0122
0.0068	0.0034	0.1535	-0.1048	0.1346	0.5502	-0.6533	0.52	146	0	25	3	4	0.01	0.05	0	0.01
0.0096	0.0303	0.0774	-0.2297	0.1746	-0.2486	0.8215	0.5131	78	149	33	3	1	0.0015	0.5	1	0.0186
0.0096	0.0409	0.0663	-0.2101	0.1883	0.842	-0.4804	-0.2457	148	150	33	3	2	0.0069	0.425	0	0.0186
0.0096	0.032	0.092	-0.2335	0.1901	0.7585	-0.5226	0.3894	149	151	33	3	3	0.0015	0.4167	0	0.0096
0.0096	0.0008	0.1167	-0.2503	0.2022	0.3152	-0.8044	0.5036	150	152	33	3	4	0.01	0.05	0	0.01
0.0096	0.0124	0.1168	-0.2537	0.2008	-0.6403	-0.3801	0.6675	151	0	33	3	5	0.0024	0.375	0	0.01
0.0074	0.0509	0.0673	-0.2608	0.2509	0.6205	0.4907	-0.6117	81	154	34	3	1	0.0009	0.4167	1	0.0091
0.0074	0.0387	0.0989	-0.2358	0.2197	0.4768	0.6871	-0.5482	153	155	34	3	2	0.0009	0.4167	0	0.0091
0.0074	0.0103	0.1143	-0.2161	0.1934	-0.681	0.611	-0.4037	154	156	34	3	3	0.01	0.05	0	0.01
0.0074	0.0194	0.1106	-0.2064	0.1867	-0.5887	-0.0413	-0.8073	155	0	34	3	4	0.01	0.05	0	0.01
0.0087	0.0652	0.0772	-0.2284	0.1731	-0.7097	-0.1915	0.678	78	158	35	3	1	0.0018	0.5	0	0.0087
0.0087	0.0299	0.0345	-0.2406	0.2114	-0.8033	0.3712	-0.4657	157	0	35	3	2	0.0012	0.3333	0	0.0083
0.0084	0.0486	0.2982	0.2341	0.0045	0.2271	-0.5054	0.8325	0	160	49	0	1	0.0037	0.4167	0	0.0084
0.0084	0.029	0.3107	0.2088	0.0438	0.2901	-0.5906	0.753	159	161	49	0	2	0.01	0.05	0	0.01
0.0084	0.0148	0.3098	0.2114	0.0405	0.7787	-0.3196	-0.5399	160	0	49	0	3	0.01	0.05	0	0.01
0.0077	0.0195	0.1503	-0.2975	0.0201	-0.4172	0.8733	-0.2515	107	163	43	3	1	0.0029	0.5833	1	0.009
0.0077	0.0616	0.1422	-0.2804	0.0152	-0.1627	0.9722	0.1683	162	164	43	3	2	0.0029	0.5833	0	0.009
0.0073	0.016	0.1294	-0.2249	0.0168	-0.3125	0.8872	-0.3394	163	165	43	3	3	0.0031	0.5	0	0.0073
0.0077	0.0143	0.1298	-0.2139	0.0164	0.5416	0.8391	-0.0505	164	0	43	3	4	0.01	0.05	0	0.01
0.0106	0.0698	0.0733	0.0742	-0.041	0.7977	-0.5607	0.2221	115	167	23	3	1	0.0032	0.4583	1	0.0106
0.0106	0.0623	0.1289	0.0351	-0.0255	-0.9078	-0.3981	-0.1318	166	0	23	3	2	0.0032	0.4583	0	0.0106
0.0025	0.0393	0.0828	-0.0882	-0.0099	-0.0365	0.4947	-0.8683	136	169	57	4	1	0.0183	0.2	1	0.01
0.0025	0.0367	0.0783	-0.0595	-0.0192	0.9837	0.1687	0.062	168	0	57	4	2	0.0036	0.225	0	0.01
0.0076	0.0146	0.0797	-0.0696	-0.0462	-0.6632	-0.6143	-0.4275	168	171	60	5	1	0.0022	0.4583	1	0.0076
0.0076	0.0698	0.07	-0.0786	-0.0525	-0.5243	0.2857	0.8022	170	172	60	5	2	0.0022	0.4583	0	0.0076
0.0076	0.0111	0.0468	-0.0603	-0.0118	-0.6746	-0.5091	-0.5345	171	0	60	5	3	0.01	0.05	0	0.01
