radius (m)	length (m)	start_point	axis_direction	parent	extension	branch	branch_order	position_in_branch	mad	SurfCov	added	UnmodRadius (m)
0.0161	0.0642	-0.0514	0.0257	-0.3995	-0.8294	-0.5452	0.1219	0	2	1	0	1	0.0028	0.75	0	0.0161
0.0141	0.0555	-0.1036	-0.0066	-0.3775	-0.3457	-0.9164	0.2015	1	3	1	0	2	0.002	0.7083	0	0.0141
0.0304	0.0677	-0.1321	-0.0375	-0.3364	-0.6982	-0.6765	0.2341	2	4	1	0	3	0.0071	0.425	0	0.0382
0.0146	0.0827	-0.1599	-0.0858	-0.3245	0.2254	0.2486	0.942	3	5	1	0	4	0.0019	0.625	0	0.0146
0.0141	0.0426	-0.1376	-0.0622	-0.2501	0.3487	0.4861	0.8013	4	6	1	0	5	0.0015	0.375	0	0.0137
0.0141	0.0557	-0.1329	-0.0417	-0.2163	-0.0375	0.435	0.8997	5	7	1	0	6	0.0013	0.2917	0	0.0135
0.0141	0.0917	-0.1313	-0.0168	-0.1698	0.5898	0.4452	0.6737	6	8	1	0	7	0.0031	0.14	0	0.0079
0.0141	0.0504	-0.0784	0.0112	-0.0997	0.7686	0.298	0.5661	7	9	1	0	8	0.01	0.05	0	0.01
0.0141	0.046	-0.0505	0.0351	-0.068	0.5874	0.483	0.6493	8	0	1	0	9	0.01	0.05	0	0.01
0.0129	0.1808	-0.1481	-0.0542	-0.2586	0.5841	0.4513	-0.6746	4	11	2	1	1	0.004	0.1556	1	0.0253
0.0129	0.1046	-0.0329	0.0271	-0.3817	0.0613	-0.6704	0.7395	10	12	2	1	2	0.0084	0.2	0	0.0253
0.0094	0.0502	-0.0081	-0.0199	-0.3131	0.7761	-0.4528	0.4389	11	13	2	1	3	0.0117	0.325	0	0.0094
0.0115	0.0167	0.0266	-0.0616	-0.2842	0.7192	0.0844	0.6896	12	14	2	1	4	0.0064	0.375	0	0.0115
0.0107	0.0164	0.0388	-0.0613	-0.3006	0.7365	-0.6757	0.032	13	15	2	1	5	0.0052	0.4063	0	0.0107
0.0125	0.0322	0.0561	-0.0801	-0.2693	0.2044	-0.9406	-0.2711	14	16	2	1	6	0	0.025	0	0.0186
0.0088	0.0279	0.0733	-0.0994	-0.2822	0.7293	-0.5514	0.405	15	17	2	1	7	0.0011	0.2917	0	0.0088
0.0088	0.0319	0.093	-0.1151	-0.2701	0.754	-0.501	0.4248	16	18	2	1	8	0.001	0.4167	0	0.0071
0.0087	0.0422	0.1183	-0.1353	-0.2627	0.6002	-0.5947	0.5349	17	19	2	1	9	0.0043	0.35	0	0.0074
0.01	0.0003	0.1398	-0.1622	-0.2437	0.2921	-0.94	0.1763	18	20	2	1	10	0.01	0.05	0	0.01
0.0097	0.0599	0.1447	-0.1568	-0.2501	0.7121	-0.6964	-0.089	19	21	2	1	11	0.0011	0.4167	0	0.0097
0.01	0.044	0.186	-0.198	-0.2642	0.7685	-0.6216	-0.1517	20	22	2	1	12	0.01	0.05	0	0.01
0.011	0.0206	0.2159	-0.1994	-0.2765	0.7319	-0.036	-0.6804	21	23	2	1	13	0.0011	0.3333	0	0.011
0.0107	0.0243	0.2002	-0.1924	-0.262	-0.2064	0.8655	-0.4564	22	24	2	1	14	0.0008	0.375	0	0.0107
0.0125	0.0177	0.2136	-0.1739	-0.261	0.1894	-0.8644	-0.4658	23	25	2	1	15	0.0013	0.375	0	0.0137
0.01	0.0067	0.2234	-0.1774	-0.2731	0.8679	-0.4932	-0.0597	24	26	2	1	16	0.01	0.05	0	0.01
0.0117	0.0574	0.2231	-0.1888	-0.2792	0.5728	-0.7099	0.4097	25	27	2	1	17	0.001	0.3333	0	0.0127
0.01	0.0272	0.2644	-0.2263	-0.2586	0.4603	-0.639	0.6163	26	28	2	1	18	0.01	0.05	0	0.01
0.0123	0.0233	0.2742	-0.2192	-0.2458	0.9575	0.1497	0.2464	27	29	2	1	19	0.0012	0.375	0	0.0152
0.0112	0.024	0.2954	-0.2253	-0.2602	0.8098	0.5112	-0.288	28	30	2	1	20	0.0015	0.3333	0	0.012
0.012	0.0425	0.3037	-0.2239	-0.2602	0.4415	-0.7538	-0.4867	29	31	2	1	21	0.0021	0.175	0	0.0229
0.01	0.0325	0.3113	-0.2565	-0.2714	0.1048	-0.9925	0.0636	30	32	2	1	22	0.01	0.05	0	0.01
0.0097	0.0135	0.3091	-0.2791	-0.2462	0.2258	-0.8778	0.4224	31	33	2	1	23	0.001	0.3333	0	0.0097
0.0079	0.044	0.3152	-0.2861	-0.2436	0.7958	-0.593	-0.1226	32	34	2	1	24	0.0005	0.3333	0	0.0079
0.0097	0.0055	0.3439	-0.3125	-0.2485	0.0558	-0.9923	0.1106	33	35	2	1	25	0.01	0.05	0	0.01
0.0096	0.0358	0.3442	-0.318	-0.2479	0.8359	-0.0884	0.5418	34	0	2	1	26	0.01	0.05	0	0.01
0.0142	0.0593	-0.1222	-0.0222	-0.1524	0.6114	0.4038	-0.6805	7	37	116	1	1	0.0035	0.175	1	0.0201
0.0142	0.045	-0.0784	0.026	-0.1853	0.8446	-0.1054	-0.5249	36	38	116	1	2	0.0063	0.4	0	0.0201
0.0142	0.0424	-0.0432	0.0172	-0.2188	0.8591	0.3378	-0.3845	37	39	116	1	3	0.0015	0.5833	0	0.0176
0.0142	0.0412	-0.0083	0.0396	-0.2299	0.899	0.3495	-0.2639	38	40	116	1	4	0.0019	0.5833	0	0.017
0.0142	0.0399	0.0351	0.0467	-0.2459	0.5959	0.7395	-0.3132	39	41	116	1	5	0.0016	0.4583	0	0.0142
0.0142	0.0297	0.073	0.0652	-0.2471	0.7454	0.4627	-0.4799	40	42	116	1	6	0.0096	0.3125	0	0.014
0.0142	0.0053	0.0966	0.0805	-0.263	0.8396	-0.419	0.3457	41	0	116	1	7	0.01	0.05	0	0.01
0.0134	0.061	-0.0941	0.0104	-0.1087	0.0889	0.0223	0.9958	7	44	8	1	1	0.0012	0.4583	1	0.0148
0.0134	0.0442	-0.0886	0.0117	-0.048	0.0687	0.5171	0.8532	43	45	8	1	2	0.0012	0.4583	0	0.0148
0.0122	0.0345	-0.0699	0.0409	-0.0169	0.3141	0.1961	0.9289	44	46	8	1	3	0.0014	0.2917	0	0.0122
0.0106	0.0504	-0.0669	0.0399	0.0189	0.1667	0.295	0.9408	45	47	8	1	4	0.0015	0.4583	0	0.0106
0.0126	0.0445	-0.0607	0.0595	0.064	0.1276	0.4829	0.8663	46	48	8	1	5	0.0018	0.2083	0	0.0126
0.0108	0.0205	-0.0566	0.0625	0.1091	0.5279	0.2401	0.8146	47	49	8	1	6	0.001	0.2917	0	0.0108
0.0128	0.0141	-0.0439	0.0671	0.1259	0.1463	0.9839	0.1024	48	50	8	1	7	0.001	0.3333	0	0.0128
0.0123	0.0541	-0.0496	0.0691	0.1366	0.5802	0.2282	0.7819	49	51	8	1	8	0.0014	0.4583	0	0.0123
0.0101	0.0292	-0.022	0.0883	0.1758	-0.438	0.1525	0.8859	50	52	8	1	9	0.0008	0.375	0	0.0101
0.0094	0.0422	-0.0199	0.0861	0.2043	0.02	0.4077	0.9129	51	53	8	1	10	0.0008	0.375	0	0.0094
0.012	0.0425	-0.0198	0.089	0.2377	0.2878	-0.3391	0.8956	52	54	8	1	11	0.0079	0.2813	0	0.012
0.01	0.0246	-0.0142	0.1065	0.281	0.0408	-0.1522	0.9875	53	55	8	1	12	0.01	0.05	0	0.01
0.0124	0.0359	-0.0032	0.0837	0.2976	0.2683	-0.2376	0.9336	54	56	8	1	13	0.0022	0.2917	0	0.0134
0.01	0.0232	-0.0188	0.0689	0.3183	-0.1983	-0.6662	0.7189	55	57	8	1	14	0.01	0.05	0	0.01
0.0092	0.0397	-0.0018	0.0665	0.325	0.6034	-0.5914	0.5349	56	58	8	1	15	0.0012	0.375	0	0.0092
0.0118	0.0336	0.0258	0.0579	0.322	0.9902	-0.1179	0.0753	57	59	8	1	16	0.0084	0.3125	0	0.0154
0.01	0.0313	0.0422	0.0346	0.3219	0.5336	-0.3589	-0.7658	58	60	8	1	17	0.01	0.05	0	0.01
0.0117	0.0485	0.0419	0.0537	0.3238	0.1731	-0.5823	0.7943	59	61	8	1	18	0.0012	0.375	0	0.0141
0.0115	0.0251	0.0695	0.0338	0.3465	0.2175	-0.947	-0.2364	60	62	8	1	19	0.001	0.375	0	0.0137
0.0066	0.0471	0.0756	0.0085	0.35	0.9024	-0.4111	-0.1286	61	63	8	1	20	0.0038	0.3125	0	0.0064
0.006	0.0241	0.1168	0.013	0.3527	0.9982	0.0598	-0.0042	62	64	8	1	21	0.0058	0.4583	0	0.0051
0.0077	0.0237	0.1385	0.0074	0.341	0.8621	0.3379	-0.3776	63	65	8	1	22	0.01	0.05	0	0.01
0.0074	0.0291	0.1378	0.0124	0.3522	0.3934	0.7554	0.5241	64	66	8	1	23	0.01	0.05	0	0.01
0.0073	0.0249	0.1495	0.0274	0.3716	0.2065	0.5023	0.8397	65	0	8	1	24	0.001	0.2917	0	0.008
0.0122	0.0819	-0.0352	0.0381	-0.3749	-0.2693	0.4583	0.847	11	68	5	2	1	0.0026	0.375	0	0.0123
0.011	0.0249	-0.0682	0.0681	-0.3125	-0.4287	-0.1863	0.884	67	69	5	2	2	0.01	0.05	0	0.01
0.0105	0.0231	-0.0788	0.0635	-0.2905	-0.1142	0.5448	0.8308	68	70	5	2	3	0.01	0.05	0	0.01
0.01	0.0238	-0.0815	0.076	-0.2713	-0.6607	0.4779	0.5789	69	0	5	2	4	0.01	0.05	0	0.01
0.012	0.0402	0.0135	-0.0402	-0.3063	-0.149	-0.7347	-0.6619	12	72	7	2	1	0.0023	0.5	1	0.012
0.012	0.0568	0.0075	-0.0697	-0.3329	-0.6658	-0.7365	0.1193	71	73	7	2	2	0.0023	0.5	0	0.012
0.012	0.0295	-0.0119	-0.116	-0.3423	-0.3391	-0.9321	-0.1276	72	74	7	2	3	0.0101	0.4167	0	0.0166
0.012	0.0373	-0.0238	-0.1434	-0.3286	0.524	-0.8495	0.0604	73	75	7	2	4	0.0038	0.35	0	0.0064
0.012	0.0215	-0.0376	-0.1551	-0.3366	-0.5212	-0.8528	0.033	74	76	7	2	5	0.01	0.05	0	0.01
0.012	0.0331	-0.0245	-0.1503	-0.3374	0.6199	-0.6201	0.4809	75	0	7	2	6	0.01	0.05	0	0.01
0.0048	0.0951	0.0666	-0.0749	-0.2936	-0.4329	0.7794	0.4529	14	0	12	2	1	0.001	0.3333	0	0.0048
0.008	0.0599	0.0964	-0.1183	-0.2583	-0.4982	-0.8106	0.3076	17	79	35	2	1	0.0021	0.4583	0	0.008
0.008	0.0482	0.0814	-0.1431	-0.2434	0.7494	-0.3918	0.5338	78	80	35	2	2	0.008	0.3333	0	0.0075
0.0082	0.0308	0.1077	-0.1632	-0.2068	0.7258	0.1399	0.6736	79	81	35	2	3	0.01	0.05	0	0.01
0.0082	0.0235	0.1325	-0.1447	-0.2002	0.7797	0.367	0.5074	80	82	35	2	4	0.0012	0.2917	0	0.0097
0.008	0.0127	0.1097	-0.156	-0.2147	-0.6247	0.5481	0.5562	81	0	35	2	5	0.01	0.05	0	0.01
0.0083	0.0558	0.1196	-0.1275	-0.2649	-0.0074	0.9471	-0.321	17	84	40	2	1	0.0019	0.4583	0	0.0108
0.0083	0.008	0.1194	-0.0773	-0.28	0.8005	0.464	0.3793	83	85	40	2	2	0.01	0.05	0	0.01
0.0083	0.0232	0.1258	-0.0736	-0.277	-0.0086	0.7209	-0.693	84	86	40	2	3	0.01	0.05	0	0.01
0.0083	0.0143	0.1258	-0.0584	-0.291	-0.7893	-0.5213	-0.3243	85	0	40	2	4	0.01	0.05	0	0.01
0.0071	0.0323	0.1964	-0.2108	-0.2572	-0.7087	-0.4394	0.5519	21	88	44	2	1	0.0007	0.4583	0	0.0071
0.0071	0.0362	0.1797	-0.2255	-0.2389	-0.0978	-0.9431	0.3178	87	89	44	2	2	0.01	0.05	0	0.01
0.0071	0.016	0.1768	-0.2605	-0.2271	-0.1657	0.182	0.9692	88	0	44	2	3	0.01	0.05	0	0.01
0.0095	0.0199	0.2759	-0.2488	-0.2509	0.0469	-0.7145	-0.698	27	91	53	2	1	0.0021	0.4583	1	0.0118
0.0095	0.0415	0.2769	-0.263	-0.2648	-0.3059	-0.722	0.6206	90	92	53	2	2	0.0021	0.4583	0	0.0118
0.0089	0.0477	0.2761	-0.2926	-0.2538	0.1701	-0.9794	0.1085	91	93	53	2	3	0.0057	0.4167	0	0.0089
0.0092	0.0176	0.2655	-0.3401	-0.2332	0.2656	-0.9237	0.276	92	94	53	2	4	0.01	0.05	0	0.01
0.0092	0.0027	0.284	-0.3447	-0.2401	0.5338	-0.8252	-0.1845	93	95	53	2	5	0.001	0.25	0	0.0121
0.0089	0.0059	0.2863	-0.3479	-0.2422	-0.267	-0.8844	0.3828	94	96	53	2	6	0.01	0.05	0	0.01
0.0089	0.0142	0.2847	-0.3531	-0.2399	0.5547	-0.4548	-0.6967	95	0	53	2	7	0.01	0.05	0	0.01
0.0095	0.053	0.3241	-0.2839	-0.2677	0.9653	-0.2451	-0.0895	31	98	59	2	1	0.0031	0.4167	0	0.0102
0.0095	0.0021	0.3708	-0.2994	-0.2742	0.5423	-0.8223	-0.1725	97	99	59	2	2	0.01	0.05	0	0.01
0.0095	0.0226	0.372	-0.2984	-0.2708	0.8434	-0.4417	0.3058	98	100	59	2	3	0.0013	0.3333	0	0.0103
0.0095	0.0166	0.3882	-0.3049	-0.2633	-0.7779	-0.6284	0.003	99	0	59	2	4	0.01	0.05	0	0.01
0.0129	0.0622	-0.0732	0.0381	-0.1949	-0.0103	0.896	-0.444	37	102	13	2	1	0.0032	0.4583	1	0.0187
0.0128	0.0553	-0.0715	0.0892	-0.2205	-0.7735	-0.5302	-0.3472	101	103	13	2	2	0.0046	0.3	0	0.0187
0.0105	0.0362	-0.115	0.0596	-0.214	-0.8808	0.4731	-0.0189	102	104	13	2	3	0.0017	0.3333	0	0.0105
0.0081	0.0254	-0.1473	0.0716	-0.2195	-0.6205	0.5604	-0.5486	103	105	13	2	4	0.0008	0.4167	0	0.0077
0.0078	0.0167	-0.1558	0.0924	-0.2365	-0.6824	0.5141	-0.5197	104	106	13	2	5	0.0053	0.5	0	0.0074
0.0074	0.0392	-0.1788	0.0947	-0.2375	-0.5664	0.7934	-0.223	105	107	13	2	6	0.0043	0.375	0	0.0069
0.0088	0.0178	-0.1979	0.1258	-0.2541	-0.7506	0.5838	-0.3094	106	108	13	2	7	0.01	0.05	0	0.01
0.0074	0.0095	-0.2114	0.1182	-0.2413	-0.9756	0.1597	0.1504	107	109	13	2	8	0.0009	0.25	0	0.0058
0.0076	0.0117	-0.221	0.1202	-0.2403	-0.8649	-0.2585	0.4303	108	0	13	2	9	0.01	0.05	0	0.01
0.0118	0.0455	-0.0151	0.0435	-0.233	-0.3107	0.9502	0.0254	38	111	14	2	1	0.0023	0.5417	1	0.0118
0.0118	0.0351	-0.0292	0.0867	-0.2319	-0.4417	0.7913	-0.4229	110	112	14	2	2	0.0023	0.5417	0	0.0118
0.0127	0.054	-0.0471	0.1227	-0.2509	-0.887	-0.0208	0.4612	111	113	14	2	3	0.0019	0.5833	0	0.0127
0.0133	0.0418	-0.0971	0.1098	-0.2457	-0.8963	0.4163	-0.1526	112	114	14	2	4	0.0016	0.5417	0	0.0147
0.0129	0.0306	-0.1392	0.1441	-0.2519	-0.8461	-0.2406	0.4756	113	115	14	2	5	0.0013	0.3333	0	0.014
0.0134	0.0071	-0.1636	0.1405	-0.2402	-0.9303	0.3664	-0.0184	114	116	14	2	6	0.006	0.6667	0	0.0136
0.0096	0.0229	-0.1815	0.1355	-0.248	-0.207	0.8308	-0.5166	115	117	14	2	7	0.0008	0.5	0	0.0096
0.01	0.0034	-0.1861	0.1568	-0.2589	0.0413	0.3999	-0.9156	116	118	14	2	8	0.01	0.05	0	0.01
0.01	0.0325	-0.1798	0.1578	-0.2581	0.1697	-0.9207	-0.3515	117	0	14	2	9	0.01	0.05	0	0.01
0.01	0.069	0.0291	0.018	-0.2426	0.32	-0.4027	-0.8576	40	0	17	2	1	0.01	0.05	0	0.01
0.01	0.0719	0.0372	0.0423	-0.2397	0.4282	-0.8952	0.1234	39	121	19	2	1	0.01	0.05	1	0.01
0.01	0.0579	0.068	-0.0221	-0.2309	0.1533	-0.7233	-0.6733	120	0	19	2	2	0.01	0.05	0	0.01
0.0118	0.0325	-0.012	0.0813	0.3118	-0.8279	-0.5351	0.1679	55	123	57	2	1	0.0041	0.325	0	0.0182
0.0118	0.0279	-0.0413	0.0649	0.2964	0.0591	-0.9968	-0.0541	122	124	57	2	2	0.0011	0.2917	0	0.0129
0.0118	0.0268	-0.0296	0.0412	0.3018	0.5175	-0.8083	-0.281	123	125	57	2	3	0.01	0.05	0	0.01
0.0118	0.003	-0.0399	0.0261	0.294	-0.2337	-0.8814	-0.4105	124	0	57	2	4	0.01	0.05	0	0.01
0.0068	0.08	0.0001	0.0558	0.3385	-0.9892	0.1339	-0.0596	57	127	60	2	1	0.0015	0.5417	0	0.0068
0.0086	0.033	-0.0707	0.0807	0.3343	-0.797	0.4815	-0.3646	126	128	60	2	2	0.0007	0.2917	0	0.0134
0.0085	0.0024	-0.1016	0.0936	0.3305	-0.7109	0.689	-0.1412	127	129	60	2	3	0.01	0.05	0	0.01
0.0086	0.0361	-0.108	0.1098	0.3352	0.3268	0.402	-0.8554	128	130	60	2	4	0.0071	0.275	0	0.0191
0.0085	0.0525	-0.0993	0.1113	0.3086	-0.8563	0.3347	0.3934	129	131	60	2	5	0.0077	0.4167	0	0.0104
0.0059	0.0169	-0.1346	0.1517	0.3206	-0.8783	0.443	0.1798	130	132	60	2	6	0.0051	0.5417	0	0.0049
0.0082	0.0282	-0.1423	0.1614	0.3296	-0.1383	0.9688	-0.2059	131	133	60	2	7	0.001	0.3333	0	0.0111
0.0079	0.0375	-0.1509	0.1878	0.3242	-0.2237	0.9205	-0.3205	132	134	60	2	8	0.0007	0.25	0	0.011
0.0073	0.037	-0.1461	0.2211	0.3073	-0.0306	0.9521	-0.3044	133	135	60	2	9	0.01	0.05	0	0.01
0.0079	0.0351	-0.1618	0.2308	0.3099	-0.8931	0.4163	-0.1706	134	136	60	2	10	0.0009	0.375	0	0.0091
0.0068	0.0155	-0.1934	0.2421	0.3044	-0.8261	0.1579	0.5409	135	137	60	2	11	0.01	0.05	0	0.01
0.0066	0.0091	-0.1931	0.2458	0.3034	-0.3633	0.845	-0.3924	136	138	60	2	12	0.01	0.05	0	0.01
0.0063	0.0296	-0.1964	0.2535	0.2998	-0.0246	0.7178	-0.6958	137	0	60	2	13	0.01	0.05	0	0.01
0.0079	0.0344	0.0791	0.0253	0.335	0.8389	0.5443	0.0067	61	140	71	2	1	0.0026	0.4583	0	0.0079
0.0099	0.0163	0.1073	0.0456	0.3358	0.929	0.3415	0.1429	139	141	71	2	2	0.01	0.05	0	0.01
0.0103	0.0132	0.1223	0.0443	0.3219	0.9445	0.3002	-0.1336	140	142	71	2	3	0.0008	0.3333	0	0.0133
0.0097	0.0054	0.1344	0.0566	0.31	0.8061	-0.4454	-0.3897	141	143	71	2	4	0.01	0.05	0	0.01
0.0093	0.0389	0.1558	0.0469	0.3194	0.6228	0.3158	-0.7158	142	144	71	2	5	0.0089	0.375	0	0.0093
0.0091	0.0283	0.1694	0.0743	0.3143	0.9053	0.3926	0.1622	143	145	71	2	6	0.01	0.05	0	0.01
0.0088	0.0188	0.167	0.0665	0.3063	0.5969	-0.4373	-0.6727	144	146	71	2	7	0.01	0.05	0	0.01
0.0085	0.0172	0.1782	0.0583	0.2937	0.7134	0.7008	0	145	0	71	2	8	0.01	0.05	0	0.01
0.0079	0.0656	0.0462	0.0252	0.3245	0.3074	-0.7447	0.5924	59	148	83	2	1	0.0025	0.4167	0	0.0079
0.0079	0.0319	0.064	-0.0237	0.3622	-0.1487	-0.9305	0.3349	147	0	83	2	2	0.0023	0.2	0	0.0206
0.0077	0.0104	-0.1655	0.0844	-0.2248	-0.6794	0.1798	0.7114	104	150	121	3	1	0.01	0.05	1	0.01
0.0077	0.0261	-0.1725	0.0863	-0.2175	-0.878	-0.4658	0.11	149	151	121	3	2	0.01	0.05	0	0.01
0.0077	0.015	-0.1955	0.0741	-0.2146	-0.3149	-0.8764	0.3644	150	152	121	3	3	0.01	0.05	0	0.01
0.0077	0.0113	-0.1992	0.0541	-0.2154	-0.7026	-0.532	0.4725	151	0	121	3	4	0.01	0.05	0	0.01
0.0083	0.0455	-0.2004	0.1287	-0.2461	-0.0115	-0.9005	0.4347	107	154	31	3	1	0.0023	0.4583	0	0.0097
0.0083	0.0052	-0.1949	0.096	-0.2305	0.1616	0.3454	0.9245	153	155	31	3	2	0.01	0.05	0	0.01
0.0083	0.0166	-0.1941	0.0978	-0.2256	-0.6856	-0.6474	0.3329	154	156	31	3	3	0.01	0.05	0	0.01
0.0083	0.0502	-0.2055	0.087	-0.2201	-0.4162	-0.8944	0.1638	155	0	31	3	4	0.01	0.05	0	0.01
0.0112	0.0868	-0.0164	0.0782	-0.2392	-0.0375	0.9839	-0.1748	110	158	23	3	1	0.0011	0.25	1	0.014
0.0112	0.0333	-0.0197	0.1636	-0.2544	-0.7567	0.6213	-0.2035	157	159	23	3	2	0.0011	0.25	0	0.014
0.0103	0.0023	-0.0437	0.171	-0.2492	-0.155	0.6534	0.7409	158	160	23	3	3	0.01	0.05	0	0.01
0.01	0.0203	-0.0433	0.173	-0.2471	-0.4345	0.8687	-0.2379	159	0	23	3	4	0.01	0.05	0	0.01
0.0065	0.0632	-0.0311	0.0556	0.3315	-0.2509	-0.9649	0.0776	126	162	124	3	1	0.0019	0.4583	0	0.0089
0.0065	0.0227	-0.0461	-0.0043	0.3393	-0.407	-0.8116	0.4191	161	163	124	3	2	0.0006	0.4167	0	0.0096
0.0064	0.0375	-0.0616	-0.0216	0.3453	-0.387	-0.834	0.3932	162	164	124	3	3	0.0009	0.3333	0	0.0068
0.0064	0.0283	-0.0872	-0.0509	0.354	-0.3748	-0.8211	0.4305	163	165	124	3	4	0.0011	0.3333	0	0.0112
0.0064	0.0205	-0.0883	-0.0811	0.3595	-0.6362	-0.7638	-0.1088	164	166	124	3	5	0.0039	0.5	0	0.0094
0.0062	0.0333	-0.0921	-0.0895	0.3622	0.676	-0.6931	-0.2503	165	167	124	3	6	0.0008	0.3333	0	0.0097
0.0048	0.0219	-0.0647	-0.1084	0.3564	0.6486	-0.7606	-0.0273	166	168	124	3	7	0.0034	0.5	0	0.0048
0.0054	0.0232	-0.0538	-0.1235	0.3605	0.635	-0.4667	0.6156	167	169	124	3	8	0.01	0.05	0	0.01
0.0052	0.0162	-0.0565	-0.1264	0.3508	0.3676	-0.7702	-0.5212	168	170	124	3	9	0.01	0.05	0	0.01
0.005	0.0117	-0.0494	-0.1401	0.3416	-0.7079	-0.7013	0.0844	169	171	124	3	10	0.0005	0.125	0	0.01
0.0048	0.0178	-0.0523	-0.1523	0.3452	-0.449	-0.0191	0.8933	170	0	124	3	11	0.0009	0.075	0	0.01
0.0065	0.0754	-0.0608	0.0706	0.3371	0.608	0.6886	-0.3951	126	173	66	3	1	0.0025	0.4167	0	0.0065
0.0065	0.0268	-0.031	0.1164	0.2988	0.2625	0.4836	-0.835	172	174	66	3	2	0.0069	0.625	0	0.0074
0.0065	0.0066	-0.0268	0.1183	0.3018	-0.7014	-0.6222	-0.3477	173	175	66	3	3	0.01	0.05	0	0.01
0.0065	0.0275	-0.0315	0.1142	0.2995	0.2595	0.5329	-0.8054	174	176	66	3	4	0.01	0.05	0	0.01
0.0065	0.0839	-0.0251	0.128	0.2787	-0.7818	0.6185	-0.0798	175	0	66	3	5	0.01	0.05	0	0.01
0.0082	0.0981	-0.1068	0.1177	0.3385	0.4603	0.7107	-0.532	129	178	69	3	1	0.0029	0.4583	0	0.0111
0.0082	0.0294	-0.0592	0.1862	0.2893	0.4937	0.8671	-0.0661	177	179	69	3	2	0.001	0.3333	0	0.013
0.0082	0.0262	-0.0469	0.2148	0.2889	0.7586	0.6335	-0.1526	178	180	69	3	3	0.01	0.05	0	0.01
0.0082	0.0074	-0.0356	0.2093	0.2774	0.9178	-0.2544	-0.3048	179	0	69	3	4	0.01	0.05	0	0.01
0.0072	0.0284	-0.1392	0.2276	0.3071	0.7782	0.4136	-0.4726	134	182	93	3	1	0.0024	0.4167	0	0.0092
0.0072	0.0266	-0.1204	0.2423	0.2846	0.9411	0.1576	-0.2991	181	183	93	3	2	0.0011	0.3333	0	0.0077
0.0072	0.0323	-0.1022	0.26	0.273	0.8688	0.3426	-0.3575	182	184	93	3	3	0.0046	0.5833	0	0.0072
0.0072	0.0338	-0.0883	0.2692	0.2634	-0.1293	0.9916	0.0097	183	185	93	3	4	0.01	0.05	0	0.01
0.0072	0.0145	-0.0868	0.2691	0.2631	0.9727	0.1722	-0.1554	184	186	93	3	5	0.01	0.05	0	0.01
0.0072	0.0409	-0.0727	0.2716	0.2609	0.7431	-0.4495	0.4958	185	0	93	3	6	0.01	0.05	0	0.01
0.0035	0.03	0.1291	0.044	0.3345	0.4096	-0.8168	-0.4064	140	188	90	3	1	0.0007	0.3333	1	0.0072
0.0035	0.0467	0.1414	0.0196	0.3224	0.6015	0.5209	-0.6056	187	189	90	3	2	0.0007	0.3333	0	0.0072
0.0025	0.0089	0.1687	0.041	0.2936	0.1342	0.1342	-0.9818	188	0	90	3	3	0.0025	0.125	0	0.01
0.0088	0.042	0.1621	0.0411	0.3231	0.0888	-0.9199	0.3818	143	191	101	3	1	0.0029	0.5	0	0.0096
0.0088	0.0452	0.1501	0.0066	0.3366	-0.2702	-0.5235	0.8081	190	192	101	3	2	0.0068	0.4583	0	0.0096
0.0079	0.0277	0.1494	-0.0268	0.3506	-0.5724	-0.8179	0.058	191	193	101	3	3	0.0054	0.4063	0	0.0079
0.0083	0.0298	0.1329	-0.048	0.3482	-0.2325	-0.9313	-0.2803	192	194	101	3	4	0.01	0.05	0	0.01
0.0081	0.0223	0.1396	-0.0769	0.3497	0.0355	-0.9868	-0.1581	193	195	101	3	5	0.01	0.05	0	0.01
0.0079	0.0367	0.12	-0.0617	0.3319	-0.5223	-0.5396	-0.6604	194	0	101	3	6	0.01	0.05	0	0.01
0.0036	0.0185	0.0694	-0.0226	0.3677	0.5796	-0.4641	-0.6699	148	0	99	3	1	0.0023	0.125	0	0.0158
0.0108	0.0361	0.3457	-0.3367	-0.2521	-0.5824	0.8128	-0.0103	0	198	126	0	1	0.0022	0.4167	0	0.0108
0.0108	0.0436	0.3263	-0.3261	-0.2678	-0.9036	-0.3158	0.2896	197	199	126	0	2	0.0057	0.375	0	0.0099
0.0108	0.009	0.3019	-0.336	-0.2595	-0.1403	-0.4326	-0.8906	198	0	126	0	3	0.0027	0.2917	0	0.01
0.0062	0.0172	-0.0432	-0.0129	0.3334	0.7215	-0.489	-0.4902	161	201	70	4	1	0.003	0.4583	1	0.0096
0.0062	0.0469	-0.0308	-0.0213	0.3249	0.3564	-0.7637	0.5383	200	202	70	4	2	0.003	0.4583	0	0.0096
0.006	0.0277	-0.0053	-0.0514	0.3485	0.4682	-0.8121	-0.3482	201	203	70	4	3	0.0048	0.4167	0	0.006
0.0061	0.0414	0.0074	-0.069	0.3352	0.8366	-0.2911	-0.464	202	204	70	4	4	0.004	0.4375	0	0.0076
0.006	0.0066	0.0125	-0.0714	0.3245	-0.2591	0.053	-0.9644	203	205	70	4	5	0.01	0.05	0	0.01
0.006	0.0331	0.0108	-0.071	0.3181	0.95	-0.3051	-0.0663	204	206	70	4	6	0.01	0.05	0	0.01
0.006	0.0307	0.0422	-0.0811	0.3159	-0.1226	-0.9217	0.3681	205	0	70	4	7	0.01	0.05	0	0.01
0.0109	0.0177	-0.0399	0.0054	0.3405	0.6217	-0.1284	0.7727	161	208	73	4	1	0.0025	0.5417	1	0.0109
0.0109	0.0457	-0.0289	0.0031	0.3541	0.7041	0.0163	-0.7099	207	209	73	4	2	0.0025	0.5417	0	0.0109
0.0109	0.004	-0.0007	0.0144	0.3246	0.1365	0.3169	-0.9386	208	210	73	4	3	0.01	0.05	0	0.01
0.0109	0.0166	-0.0024	0.0071	0.3118	0.1231	0.7075	-0.6959	209	211	73	4	4	0.01	0.05	0	0.01
0.0109	0.0208	-0.0004	0.0189	0.3002	-0.8282	0.2698	-0.4912	210	0	73	4	5	0.01	0.05	0	0.01
0.0025	0.0684	-0.0798	-0.0251	0.3358	-0.9741	0.2253	-0.0186	164	0	87	4	1	0.01	0.05	0	0.01
0.0059	0.0332	-0.101	-0.0829	0.3589	-0.7683	0.5723	-0.2867	166	214	88	4	1	0.0044	0.3333	1	0.012
0.0059	0.0465	-0.126	-0.0641	0.3493	0.3242	0.8812	-0.3442	213	215	88	4	2	0.0066	0.3	0	0.012
0.0059	0.0023	-0.1196	-0.0256	0.326	0.1207	0.8872	-0.4454	214	216	88	4	3	0.01	0.05	0	0.01
0.0059	0.0241	-0.1194	-0.0236	0.3249	0.4403	0.6256	-0.6441	215	0	88	4	4	0.01	0.05	0	0.01
0.0064	0.0464	-0.0571	0.2057	0.2904	-0.9177	0.3943	0.0497	178	218	86	4	1	0.0023	0.375	0	0.0062
0.0078	0.0485	-0.0926	0.2151	0.3035	-0.6586	-0.7331	-0.1701	217	219	86	4	2	0.0033	0.175	0	0.0217
0.0059	0.0409	-0.1105	0.1839	0.2945	0.2936	-0.9554	-0.0328	218	220	86	4	3	0.0042	0.5313	0	0.0059
0.0078	0.0017	-0.1031	0.148	0.2852	0.0452	-0.913	-0.4054	219	0	86	4	4	0.0019	0.3333	0	0.0083
0.0025	0.0349	-0.0793	-0.0232	0.3373	-0.2702	0.9509	0.151	212	222	95	5	1	0.0038	0.225	0	0.0076
0.0025	0.0227	-0.0861	0.0105	0.347	0.8185	0.2492	-0.5176	221	223	95	5	2	0.01	0.05	0	0.01
0.0025	0.0187	-0.068	0.016	0.3348	0.5803	0.5387	-0.6108	222	0	95	5	3	0.0022	0.125	0	0.01
