radius (m)	length (m)	start_point	axis_direction	parent	extension	branch	branch_order	position_in_branch	mad	SurfCov	added	UnmodRadius (m)
0.0088	0.0788	-0.1119	0.0162	-0.0951	0.1202	0.7951	0.5945	0	2	1	0	1	0.0026	0.4583	0	0.0079
0.012	0.0446	-0.1013	0.0844	-0.0494	0.5512	0.0632	0.832	1	3	1	0	2	0.0017	0.2917	0	0.0125
0.0116	0.0618	-0.0789	0.0844	-0.0118	-0.3302	0.4087	0.8509	2	4	1	0	3	0.0014	0.4583	0	0.0117
0.0106	0.0383	-0.094	0.1019	0.0478	-0.2275	0.5664	0.7921	3	5	1	0	4	0.0014	0.5833	0	0.0106
0.0088	0.0382	-0.1139	0.1267	0.0677	-0.4739	0.5607	0.6789	4	6	1	0	5	0.0046	0.875	0	0.0088
0.0145	0.0227	-0.1132	0.111	0.0836	-0.41	-0.4261	0.8065	5	7	1	0	6	0.0017	0.5417	0	0.0156
0.0088	0.0281	-0.1222	0.1049	0.1099	-0.3513	-0.8513	0.3897	6	8	1	0	7	0.0067	0.4583	0	0.0081
0.0098	0.0316	-0.1382	0.0849	0.1163	-0.4908	0.2174	0.8437	7	0	1	0	8	0.01	0.05	0	0.01
0.012	0.0586	-0.1161	0.0153	-0.0864	0.1435	-0.4746	0.8684	1	10	2	1	1	0.0029	0.5	0	0.012
0.012	0.0263	-0.1133	0	-0.0394	-0.048	0.2719	0.9611	9	11	2	1	2	0.001	0.2083	0	0.0075
0.012	0.0522	-0.1188	0.0043	-0.0186	-0.225	-0.7002	0.6776	10	12	2	1	3	0.0008	0.375	0	0.0085
0.012	0.0473	-0.1294	-0.0353	0.0134	-0.0405	-0.7507	0.6594	11	13	2	1	4	0.001	0.3333	0	0.008
0.012	0.0139	-0.1215	-0.0709	0.0247	0.0627	-0.9973	0.038	12	14	2	1	5	0.0068	0.3333	0	0.012
0.012	0.0193	-0.1286	-0.0904	0.0352	-0.0104	-0.8687	-0.4952	13	15	2	1	6	0.01	0.05	0	0.01
0.012	0.0259	-0.1187	-0.0865	0.0205	0.3596	-0.3852	-0.8499	14	0	2	1	7	0.01	0.05	0	0.01
0.0094	0.0172	-0.1037	0.0133	-0.0934	0.8621	0.1558	0.4821	1	17	3	1	1	0.0024	0.4167	1	0.0116
0.0094	0.062	-0.0888	0.016	-0.0851	0.1361	0.3236	0.9363	16	18	3	1	2	0.0024	0.4167	0	0.0116
0.0094	0.0338	-0.0682	0.0297	-0.0356	0.3935	-0.3661	0.8433	17	19	3	1	3	0.0012	0.3333	0	0.0124
0.0094	0.0125	-0.0508	0.0167	-0.0121	0.528	-0.6816	0.5066	18	20	3	1	4	0.0054	0.6563	0	0.0107
0.0094	0.0645	-0.0447	0.0115	-0.0115	0.9386	-0.2489	-0.2391	19	21	3	1	5	0.004	0.2	0	0.0188
0.0094	0.0593	0.0139	0.0014	-0.0062	0.9858	0.1619	0.0454	20	22	3	1	6	0.0047	0.25	0	0.0118
0.0094	0.0314	0.0459	-0.0071	0.0112	0.6009	-0.2669	0.7535	21	23	3	1	7	0.0061	0.4063	0	0.0094
0.0094	0.0575	0.0705	-0.0255	0.0269	0.0492	-0.6042	0.7953	22	24	3	1	8	0.0064	0.5833	0	0.0102
0.0094	0.0031	0.0881	-0.0338	0.0212	0.6617	-0.727	-0.1832	23	25	3	1	9	0.0014	0.5833	0	0.0123
0.0094	0.0466	0.0869	-0.0372	0.0172	0.7317	-0.4131	-0.5422	24	26	3	1	10	0.0056	0.325	0	0.0149
0.0094	0.0548	0.121	-0.0567	-0.0056	0.9521	-0.3001	-0.0587	25	27	3	1	11	0.0013	0.2917	0	0.0139
0.0094	0.034	0.1718	-0.0809	-0.0136	0.9445	-0.2818	0.1689	26	28	3	1	12	0.01	0.05	0	0.01
0.0094	0.0081	0.1903	-0.0656	-0.0022	0.8764	0.4313	0.2142	27	29	3	1	13	0.0011	0.25	0	0.0082
0.0094	0.0628	0.2078	-0.0548	-0.0163	0.7728	-0.5878	0.2392	28	30	3	1	14	0.0039	0.225	0	0.0328
0.0094	0.0318	0.2597	-0.0764	-0.0187	0.8545	-0.4603	-0.2408	29	31	3	1	15	0.01	0.05	0	0.01
0.0094	0.005	0.2609	-0.0897	-0.0027	0.4395	-0.7323	0.5202	30	32	3	1	16	0.01	0.05	0	0.01
0.0094	0.0138	0.2629	-0.0941	0.0016	0.9177	-0.3881	-0.0845	31	0	3	1	17	0.01	0.05	0	0.01
0.0105	0.0645	-0.0826	0.0869	-0.0428	0.6391	-0.7411	-0.2059	2	34	6	1	1	0.0028	0.5833	0	0.0105
0.0105	0.018	-0.038	0.0427	-0.0413	0.8334	-0.5497	-0.0573	33	0	6	1	2	0.0057	0.5417	0	0.0122
0.0146	0.0432	-0.0724	0.0822	-0.0002	0.816	-0.5774	-0.0273	3	36	7	1	1	0.0015	0.6667	1	0.0146
0.0146	0.0297	-0.0371	0.0573	-0.0014	0.9293	-0.351	-0.1153	35	37	7	1	2	0.0015	0.6667	0	0.0146
0.0146	0.0864	-0.0086	0.0439	0.0103	0.5144	-0.8342	-0.1988	36	38	7	1	3	0.006	0.32	0	0.0241
0.0146	0.0045	0.041	-0.0188	0.0098	0.8046	-0.5878	0.0839	37	39	7	1	4	0.01	0.05	0	0.01
0.0146	0.0312	0.0445	-0.0214	0.0102	0.0203	-0.7186	-0.6951	38	0	7	1	5	0.01	0.05	0	0.01
0.0084	0.026	-0.1206	0.1479	0.0837	0.774	0.4307	-0.4642	5	41	17	1	1	0.0014	0.5417	1	0.0093
0.0084	0.0481	-0.1005	0.1591	0.0716	0.9333	0.2605	-0.2471	40	42	17	1	2	0.0014	0.5417	0	0.0093
0.0084	0.0337	-0.0551	0.1738	0.0582	0.9791	-0.1946	0.0595	41	43	17	1	3	0.0048	0.225	0	0.0153
0.0084	0.0152	-0.0184	0.1694	0.0603	0.0114	-0.0485	0.9988	42	0	17	1	4	0.01	0.05	0	0.01
0.01	0.0783	-0.0779	0.0753	-0.0042	0.0401	0.2559	0.9659	3	45	26	1	1	0.0029	0.4583	0	0.0098
0.011	0.0179	-0.0742	0.0741	0.065	-0.7703	0.1651	-0.616	44	46	26	1	2	0.006	0.225	0	0.0172
0.01	0.0171	-0.0815	0.0646	0.0581	-0.4125	0.0839	0.9071	45	47	26	1	3	0.01	0.05	0	0.01
0.0099	0.0164	-0.0909	0.0692	0.0768	-0.6176	-0.7383	0.271	46	0	26	1	4	0.01	0.05	0	0.01
0.0097	0.055	-0.1345	-0.0053	-0.0057	-0.2279	-0.3678	-0.9016	11	49	4	2	1	0.0015	0.5833	0	0.0097
0.0097	0.0395	-0.1442	-0.0272	-0.0556	-0.3925	-0.5342	-0.7487	48	50	4	2	2	0.0009	0.3333	0	0.01
0.0097	0.0165	-0.1601	-0.0569	-0.0808	0.1213	-0.4567	-0.8813	49	0	4	2	3	0.01	0.05	0	0.01
0.0025	0.0326	-0.1211	0.0036	-0.0806	-0.9633	-0.1312	-0.234	9	52	44	2	1	0.0084	0.3	1	0.01
0.0025	0.0135	-0.1534	0.0067	-0.0859	-0.9813	-0.0474	-0.1868	51	53	44	2	2	0.0051	0.175	0	0.01
0.0025	0.0066	-0.1667	0.0087	-0.087	-0.6903	-0.3349	0.6413	52	0	44	2	3	0.007	0.15	0	0.01
0.0025	0.0771	-0.1402	-0.0792	0.0391	-0.2692	0.9527	-0.1408	14	55	9	2	1	0.01	0.05	0	0.01
0.0025	0.0142	-0.1609	-0.0057	0.0283	-0.2131	0.89	0.4031	54	0	9	2	2	0.01	0.05	0	0.01
0.0108	0.0293	-0.0658	0.0149	-0.0209	-0.639	-0.6224	0.4521	18	57	5	2	1	0.0028	0.5	0	0.0108
0.0108	0.0351	-0.0993	-0.0105	-0.0161	0.4317	-0.902	0.0088	56	58	5	2	2	0.0012	0.3333	0	0.0157
0.0108	0.0325	-0.0846	-0.0345	-0.0107	-0.9223	-0.2564	0.2893	57	59	5	2	3	0.0013	0.2917	0	0.0149
0.0108	0.024	-0.1188	-0.0378	0.0017	-0.6164	-0.0498	-0.7858	58	60	5	2	4	0.0018	0.2917	0	0.0145
0.0108	0.0266	-0.1355	-0.044	-0.0092	-0.8065	-0.399	-0.4363	59	61	5	2	5	0.0036	0.125	0	0.0174
0.0108	0.0051	-0.1423	-0.0417	-0.0288	-0.2682	-0.273	-0.9239	60	62	5	2	6	0.01	0.05	0	0.01
0.0108	0.0304	-0.1436	-0.0431	-0.0336	-0.4194	-0.5477	-0.724	61	63	5	2	7	0.01	0.05	0	0.01
0.0108	0.03	-0.1564	-0.0598	-0.0556	0.4293	-0.5075	-0.7471	62	0	5	2	8	0.01	0.05	0	0.01
0.0104	0.0564	0.0898	-0.0465	0.0046	-0.5264	-0.3353	-0.7813	25	65	15	2	1	0.0121	0.325	0	0.0303
0.0104	0.0568	0.061	-0.0648	-0.0486	-0.1207	-0.9892	-0.0831	64	66	15	2	2	0.0015	0.5	0	0.0104
0.0104	0.0341	0.0441	-0.1061	-0.0704	-0.2869	-0.7996	-0.5276	65	67	15	2	3	0.0044	0.5	0	0.0114
0.0104	0.0326	0.0432	-0.1317	-0.0928	-0.3942	-0.2372	-0.8879	66	68	15	2	4	0.01	0.05	0	0.01
0.0104	0.0285	0.0201	-0.1208	-0.1056	-0.7255	0.1767	-0.6652	67	0	15	2	5	0.01	0.05	0	0.01
0.009	0.0269	0.0577	-0.0034	0.0145	0.9235	0.2842	0.2575	22	70	22	2	1	0.0022	0.5	1	0.014
0.009	0.0494	0.0825	0.0042	0.0214	0.0041	-0.2527	0.9675	69	71	22	2	2	0.0022	0.5	0	0.014
0.0071	0.0478	0.0949	-0.0244	0.0587	0.2615	-0.3806	0.887	70	72	22	2	3	0.0046	0.4063	0	0.0069
0.009	0.0271	0.1047	-0.0382	0.1044	-0.0335	-0.6123	0.7899	71	0	22	2	4	0.01	0.05	0	0.01
0.009	0.0713	0.1181	-0.0585	-0.0177	-0.3783	-0.8265	-0.4169	25	74	24	2	1	0.0033	0.4167	0	0.0113
0.009	0.0064	0.0975	-0.1139	-0.0399	0.2156	-0.9422	0.2565	73	75	24	2	2	0.01	0.05	0	0.01
0.009	0.0278	0.1039	-0.1192	-0.0382	0.1286	-0.9917	0.0073	74	76	24	2	3	0.01	0.05	0	0.01
0.009	0.0162	0.1075	-0.1468	-0.038	-0.4523	-0.3095	-0.8364	75	0	24	2	4	0.01	0.05	0	0.01
0.0152	0.0116	0.193	-0.0538	0.0009	0.854	0.2593	0.4511	28	78	32	2	1	0.002	0.4167	0	0.0152
0.0152	0.0171	0.2027	-0.0506	0.0046	0.1862	-0.9682	-0.167	77	79	32	2	2	0.0027	0.125	0	0.01
0.0152	0.057	0.1959	-0.0741	0.0086	0.2211	-0.824	-0.5217	78	80	32	2	3	0.0011	0.375	0	0.0156
0.0152	0.0396	0.2026	-0.1144	-0.0236	-0.288	-0.5494	-0.7843	79	81	32	2	4	0.0015	0.2917	0	0.0133
0.0152	0.0387	0.1966	-0.1359	-0.0481	0.1632	-0.9808	-0.107	80	82	32	2	5	0.002	0.2917	0	0.0145
0.0152	0.0209	0.2115	-0.1799	-0.0668	0.0426	-0.9157	0.3997	81	83	32	2	6	0.0009	0.2083	0	0.0131
0.0152	0.0317	0.2072	-0.196	-0.07	-0.1792	-0.9684	-0.1734	82	84	32	2	7	0.0013	0.25	0	0.0187
0.0152	0.0197	0.2051	-0.2275	-0.0779	-0.4113	-0.8426	-0.3476	83	85	32	2	8	0.001	0.25	0	0.0103
0.0152	0.0055	0.1967	-0.2436	-0.0845	-0.8356	-0.5148	-0.1917	84	86	32	2	9	0.01	0.05	0	0.01
0.0152	0.028	0.1989	-0.2482	-0.0925	-0.2427	-0.97	0.0132	85	0	32	2	10	0.0026	0.15	0	0.0093
0.0081	0.0237	-0.0524	0.0656	0.0136	-0.4683	0.183	0.8644	35	88	18	2	1	0.0023	0.4583	1	0.008
0.008	0.0496	-0.0635	0.0699	0.0341	-0.9794	0.1845	0.0819	87	89	18	2	2	0.0023	0.4583	0	0.008
0.0082	0.0218	-0.1064	0.0785	0.0329	-0.5067	0.6064	-0.6128	88	90	18	2	3	0.01	0.05	0	0.01
0.0081	0.0307	-0.1175	0.0918	0.0196	-0.971	-0.1175	-0.2083	89	0	18	2	4	0.01	0.05	0	0.01
0.0108	0.0921	-0.0227	0.0674	-0.0016	-0.3532	0.6404	0.682	36	92	20	2	1	0.0035	0.5417	0	0.0111
0.0088	0.0006	-0.069	0.1279	0.052	-0.3079	0.7537	0.5806	91	93	20	2	2	0.0042	0.5417	0	0.0086
0.009	0.0075	-0.071	0.1284	0.0558	-0.8722	0.0921	-0.4804	92	94	20	2	3	0.01	0.05	0	0.01
0.0086	0.0322	-0.0794	0.1271	0.0535	-0.5556	-0.0366	-0.8306	93	0	20	2	4	0.0016	0.375	0	0.0081
0.0113	0.0523	0.0152	0.033	0.0074	0.3292	0.8583	0.3936	37	96	45	2	1	0.0049	0.5417	0	0.0128
0.0113	0.0058	0.0269	0.0825	0.0209	0.1784	0.8813	0.4375	95	97	45	2	2	0.0052	0.5833	0	0.0113
0.0113	0.0098	0.0286	0.0893	0.0257	-0.0237	0.8157	-0.578	96	0	45	2	3	0.01	0.05	0	0.01
0.0092	0.0978	-0.1578	-0.039	-0.0641	0.0962	0.7286	0.6781	50	99	10	3	1	0.0021	0.4583	1	0.0175
0.0092	0.0565	-0.1532	0.0252	0.002	0.7551	-0.541	0.3703	98	100	10	3	2	0.0037	0.325	0	0.0175
0.0092	0.0267	-0.0992	0.0005	0.0083	0.81	-0.2591	0.5261	99	101	10	3	3	0.0011	0.2917	0	0.0107
0.0092	0.0131	-0.0787	-0.0043	0.0214	-0.6076	0.0471	0.7929	100	0	10	3	4	0.0026	0.2917	0	0.0124
0.0139	0.0712	-0.1483	-0.01	-0.0363	0.1716	0.9258	-0.3368	48	103	14	3	1	0.0034	0.4583	0	0.0139
0.0139	0.0074	-0.1395	0.0564	-0.0692	0.7742	0.5744	-0.266	102	104	14	3	2	0.01	0.05	0	0.01
0.0139	0.0178	-0.135	0.0638	-0.0699	-0.3819	0.2214	-0.8973	103	0	14	3	3	0.01	0.05	0	0.01
0.0089	0.0355	-0.0953	-0.0433	0.0027	0.0419	-0.504	0.8627	58	106	16	3	1	0.0012	0.2917	1	0.0118
0.0089	0.0311	-0.0938	-0.0613	0.0334	-0.2536	-0.9469	0.1977	105	107	16	3	2	0.0012	0.2917	0	0.0118
0.0089	0.0117	-0.1009	-0.0844	0.0327	0.7769	-0.5068	-0.3737	106	0	16	3	3	0.0023	0.4167	0	0.0089
0.0085	0.0256	0.0898	-0.0066	0.0417	0.801	-0.5981	-0.0253	70	109	29	3	1	0.0013	0.4583	1	0.0112
0.0085	0.0422	0.1103	-0.0219	0.0411	0.5829	0.3861	0.7149	108	110	29	3	2	0.0013	0.4583	0	0.0112
0.0085	0.0067	0.1265	-0.0023	0.0731	0.4055	0.8423	0.3552	109	111	29	3	3	0.01	0.05	0	0.01
0.0085	0.0154	0.1292	0.0033	0.0755	0.712	0.7003	0.051	110	0	29	3	4	0.01	0.05	0	0.01
0.0115	0.0507	0.0973	-0.034	0.1073	0.3499	0.5109	-0.7852	72	113	33	3	1	0.0025	0.4583	0	0.0162
0.0115	0.0228	0.1121	0.0133	0.0587	0.8982	-0.055	-0.4361	112	114	33	3	2	0.0014	0.4167	0	0.0115
0.0115	0.0349	0.1257	0.0053	0.0413	-0.5838	0.7933	-0.173	113	0	33	3	3	0.0023	0.2917	0	0.0138
0.0086	0.02	0.2225	-0.0758	-0.0042	0.6228	-0.7344	-0.2699	78	116	48	3	1	0.01	0.05	1	0.01
0.0084	0.0323	0.235	-0.0904	-0.0095	0.4446	-0.895	0.036	115	117	48	3	2	0.01	0.05	0	0.01
0.0081	0.0267	0.2498	-0.1235	-0.0113	-0.0146	0.568	-0.8229	116	0	48	3	3	0.0019	0.375	0	0.0081
0.0082	0.0179	0.2373	-0.08	-0.0063	0.7156	0.6739	0.1838	115	119	37	4	1	0.0027	0.5	1	0.0106
0.0082	0.0558	0.2501	-0.0679	-0.003	0.4992	0.3142	0.8075	118	120	37	4	2	0.0027	0.5	0	0.0106
0.0082	0.0197	0.2629	-0.0603	0.0336	-0.4126	-0.1416	0.8999	119	121	37	4	3	0.01	0.05	0	0.01
0.0082	0.0266	0.2605	-0.056	0.0278	0.7777	0.5233	0.3484	120	0	37	4	4	0.01	0.05	0	0.01
