radius (m)	length (m)	start_point	axis_direction	parent	extension	branch	branch_order	position_in_branch	mad	SurfCov	added	UnmodRadius (m)
0.0159	0.0496	-0.1446	-0.2889	-0.8908	0.2598	0.8378	0.4802	0	2	1	0	1	0.0023	0.75	0	0.0159
0.0299	0.1524	-0.1458	-0.235	-0.8762	0.005	0.6074	0.7944	1	3	1	0	2	0.0068	0.2875	0	0.0393
0.0142	0.0678	-0.1163	-0.1329	-0.756	-0.1623	0.5625	0.8107	2	4	1	0	3	0.0019	0.6667	0	0.0128
0.0164	0.0644	-0.1326	-0.1026	-0.6885	0.4257	0.672	0.606	3	5	1	0	4	0.0022	0.8333	0	0.0164
0.0222	0.0905	-0.0976	-0.0522	-0.6515	0.5555	-0.3803	0.7394	4	6	1	0	5	0.0034	0.8333	0	0.0222
0.0222	0.0749	-0.0409	-0.0844	-0.5927	0.4949	-0.8524	0.169	5	7	1	0	6	0.0033	0.75	0	0.0222
0.0198	0.1179	0.003	-0.1482	-0.5344	0.1967	-0.9801	-0.0281	6	8	1	0	7	0.0152	0.5833	0	0.0343
0.018	0.0901	0.0406	-0.2622	-0.536	-0.096	-0.1797	0.979	7	9	1	0	8	0.0028	0.7188	0	0.018
0.0179	0.0405	0.0329	-0.2724	-0.4445	0.1634	-0.4965	0.8525	8	10	1	0	9	0.0022	0.7917	0	0.0179
0.015	0.0864	0.0361	-0.2837	-0.4087	-0.0528	-0.1652	0.9848	9	11	1	0	10	0.002	0.9167	0	0.015
0.0161	0.0675	0.027	-0.3078	-0.3226	0.0994	0.0546	0.9935	10	12	1	0	11	0.002	0.875	0	0.0161
0.014	0.0614	0.0327	-0.2999	-0.2552	-0.0612	-0.0944	0.9937	11	13	1	0	12	0.0016	0.8333	0	0.014
0.0137	0.0539	0.0273	-0.3046	-0.1945	-0.1666	0.0743	0.9832	12	14	1	0	13	0.0022	0.75	0	0.0137
0.0164	0.0556	0.0265	-0.3109	-0.1418	-0.0231	-0.0473	0.9986	13	15	1	0	14	0.0021	0.7083	0	0.0164
0.0159	0.1805	0.003	-0.285	-0.0809	0.0253	-0.1667	0.9857	14	16	1	0	15	0.0031	0.6042	0	0.0205
0.0154	0.0378	0.0171	-0.3106	0.0978	0.01	-0.1925	0.9812	15	17	1	0	16	0.0017	0.7083	0	0.0154
0.0142	0.0668	0.0223	-0.3195	0.1351	-0.0805	-0.166	0.9828	16	18	1	0	17	0.0021	0.9583	0	0.0142
0.0136	0.0766	0.0171	-0.3321	0.2006	0.0412	-0.1215	0.9917	17	19	1	0	18	0.002	0.9583	0	0.0136
0.0134	0.0701	0.0182	-0.3404	0.277	0.1258	-0.2126	0.969	18	20	1	0	19	0.002	0.9167	0	0.0134
0.0128	0.043	0.0228	-0.3576	0.3447	-0.01	-0.0631	0.998	19	21	1	0	20	0.0017	0.8333	0	0.0128
0.0132	0.0663	0.0269	-0.361	0.3872	0.0857	-0.1854	0.9789	20	22	1	0	21	0.0021	0.8333	0	0.0132
0.0155	0.062	0.0304	-0.3855	0.4549	-0.0978	0.2392	0.966	21	23	1	0	22	0.0022	0.7917	0	0.0155
0.0152	0.0667	0.0298	-0.3846	0.5209	-0.2285	0.3185	0.92	22	24	1	0	23	0.0024	0.7917	0	0.0152
0.015	0.0448	0.0223	-0.3667	0.5826	-0.0765	-0.0874	0.9932	23	25	1	0	24	0.0021	0.8333	0	0.015
0.0161	0.0444	0.0169	-0.3654	0.6284	-0.0553	-0.2503	0.9666	24	26	1	0	25	0.0022	0.75	0	0.0161
0.0138	0.0545	0.0207	-0.3643	0.6768	-0.0114	-0.4099	0.912	25	27	1	0	26	0.0016	0.75	0	0.0138
0.0129	0.0568	0.0141	-0.3805	0.7274	-0.0597	-0.211	0.9757	26	28	1	0	27	0.002	0.8333	0	0.0129
0.0117	0.0557	0.0118	-0.3877	0.7841	-0.0355	-0.2562	0.966	27	29	1	0	28	0.0016	0.7917	0	0.0117
0.0136	0.0586	0.0118	-0.4025	0.838	-0.0247	0.0797	0.9965	28	30	1	0	29	0.0019	0.875	0	0.0136
0.0131	0.0709	0.0127	-0.4063	0.8966	-0.0201	0.0162	0.9997	29	31	1	0	30	0.0019	1	0	0.0131
0.0125	0.0498	0.0146	-0.4041	0.9679	-0.15	0.0589	0.9869	30	32	1	0	31	0.0018	0.7917	0	0.0125
0.0143	0.0313	0.0149	-0.4033	1.0179	-0.0968	0.0555	0.9938	31	33	1	0	32	0.0017	0.7083	0	0.0143
0.0119	0.058	0.0075	-0.4	1.0508	0.3402	-0.1283	0.9316	32	0	1	0	33	0.0021	0.625	0	0.0119
0.0054	0.0767	0.0152	-0.4153	1.0767	-0.8921	0.3817	0.2417	33	0	2	1	1	0.0113	0.3	0	0.0207
0.0166	0.174	-0.1636	-0.2973	-0.895	-0.6787	0.6	0.4234	1	36	13	1	1	0.0016	0.75	0	0.0166
0.0166	0.0779	-0.2843	-0.1895	-0.8209	0.6654	0.582	-0.4674	35	0	13	1	2	0.002	0.5417	0	0.0151
0.0207	0.0609	-0.0445	-0.0643	-0.5816	0.1778	0.964	0.1977	5	38	3	1	1	0.0042	0.525	1	0.0207
0.0207	0.1246	-0.0336	-0.0057	-0.5696	-0.5613	0.6587	0.5011	37	39	3	1	2	0.0042	0.525	0	0.0207
0.0223	0.0918	-0.0957	0.0836	-0.5153	-0.0899	0.786	0.6117	38	40	3	1	3	0.003	0.7813	0	0.0223
0.0195	0.0477	-0.097	0.1526	-0.4555	0.042	0.7979	0.6013	39	41	3	1	4	0.0025	0.875	0	0.0195
0.0212	0.0908	-0.0957	0.1899	-0.4256	0.1109	0.8063	0.581	40	42	3	1	5	0.0027	0.9583	0	0.0212
0.0206	0.0848	-0.0846	0.2628	-0.3725	0.0252	0.8444	0.5351	41	43	3	1	6	0.0026	0.7917	0	0.0206
0.0202	0.0834	-0.0839	0.3346	-0.3266	0.3107	0.6682	0.676	42	44	3	1	7	0.0022	0.875	0	0.0202
0.0207	0.0554	-0.0605	0.3909	-0.27	0.2139	0.6899	0.6915	43	45	3	1	8	0.0025	0.875	0	0.0207
0.0217	0.0795	-0.0444	0.4352	-0.2397	0.1368	0.7578	0.638	44	46	3	1	9	0.0023	0.875	0	0.0217
0.0186	0.0736	-0.037	0.495	-0.1874	0.2209	0.7031	0.6759	45	47	3	1	10	0.0024	0.9583	0	0.0186
0.0218	0.0568	-0.0125	0.5435	-0.1368	0.259	0.8046	0.5344	46	48	3	1	11	0.0024	0.8333	0	0.0218
0.02	0.0713	-0.0029	0.5916	-0.1079	0.1911	0.7626	0.618	47	49	3	1	12	0.002	0.875	0	0.02
0.021	0.065	0.0126	0.6456	-0.0638	0.133	0.7715	0.6222	48	50	3	1	13	0.0021	0.9167	0	0.021
0.0204	0.0632	0.028	0.6942	-0.0206	0.0409	0.9053	0.4228	49	51	3	1	14	0.0024	0.8333	0	0.0204
0.0176	0.0508	0.0316	0.747	0.0131	-0.0387	0.8441	0.5347	50	52	3	1	15	0.0023	0.875	0	0.0176
0.0178	0.0617	0.032	0.796	0.0294	0.1028	0.8567	0.5055	51	53	3	1	16	0.0021	0.9167	0	0.0178
0.0201	0.0656	0.0365	0.8507	0.0587	0.0535	0.7519	0.6571	52	54	3	1	17	0.0024	0.8333	0	0.0201
0.0196	0.0629	0.0384	0.9096	0.0933	0.2433	0.6653	0.7058	53	55	3	1	18	0.0024	0.875	0	0.0196
0.02	0.0572	0.0492	0.9547	0.1331	-0.0205	0.8147	0.5795	54	56	3	1	19	0.0024	0.7917	0	0.02
0.0196	0.0446	0.0513	1.0046	0.1602	0.2076	0.802	0.56	55	57	3	1	20	0.0022	0.75	0	0.0196
0.0177	0.0542	0.0651	1.037	0.1886	-0.0148	0.6989	0.715	56	58	3	1	21	0.002	0.75	0	0.0177
0.0196	0.0543	0.0646	1.0735	0.2293	0.2091	0.8238	0.527	57	59	3	1	22	0.0024	0.8333	0	0.0196
0.019	0.0555	0.0758	1.1164	0.2608	0.2795	0.7912	0.5439	58	60	3	1	23	0.0022	0.875	0	0.019
0.0171	0.0601	0.0899	1.1641	0.2882	0.1554	0.6257	0.7644	59	61	3	1	24	0.0021	0.8333	0	0.0171
0.018	0.0543	0.1032	1.2037	0.3324	-0.0294	0.6906	0.7227	60	62	3	1	25	0.0022	0.7917	0	0.018
0.018	0.0211	0.1035	1.24	0.3711	0.5496	0.621	0.5589	61	63	3	1	26	0.0017	0.4583	0	0.0181
0.0196	0.0444	0.1138	1.249	0.3904	0.8153	0.4334	0.384	62	0	3	1	27	0.0026	0.4167	0	0.0209
0.0168	0.2178	0.0079	-0.1468	-0.5597	-0.2286	0.1766	0.9574	6	65	4	1	1	0.0024	0.875	0	0.0168
0.0167	0.0665	-0.0483	-0.1046	-0.3499	0.1847	-0.0392	0.982	64	66	4	1	2	0.0026	0.75	0	0.0167
0.016	0.0663	-0.0291	-0.0994	-0.2849	0.0951	-0.0362	0.9948	65	67	4	1	3	0.0026	0.6667	0	0.0219
0.0153	0.0699	-0.0351	-0.1169	-0.2194	0.023	-0.0477	0.9986	66	68	4	1	4	0.0021	0.75	0	0.0153
0.0144	0.0758	-0.0307	-0.1229	-0.1499	0.0632	-0.0543	0.9965	67	69	4	1	5	0.0019	0.7917	0	0.0144
0.016	0.087	-0.0263	-0.1239	-0.0738	0.0582	-0.1604	0.9853	68	70	4	1	6	0.0023	0.875	0	0.016
0.0162	0.0771	-0.0209	-0.1349	0.0122	0.1767	-0.1175	0.9772	69	71	4	1	7	0.0022	0.8333	0	0.0162
0.0139	0.0852	-0.0141	-0.1416	0.0885	0.0359	-0.272	0.9616	70	72	4	1	8	0.0021	0.9167	0	0.0139
0.013	0.083	0.0035	-0.1491	0.1772	-0.1764	-0.2505	0.9519	71	73	4	1	9	0.0018	0.9167	0	0.013
0.0124	0.0803	-0.0051	-0.1735	0.2559	0.0097	-0.0664	0.9977	72	74	4	1	10	0.0017	0.9583	0	0.0124
0.0119	0.0756	-0.0087	-0.1902	0.3357	0.0666	-0.0599	0.996	73	75	4	1	11	0.0019	0.9583	0	0.0119
0.0136	0.037	0.0013	-0.1924	0.4106	0.0673	0.0148	0.9976	74	76	4	1	12	0.0018	0.75	0	0.0136
0.0126	0.068	0.0011	-0.2034	0.4459	0.1497	-0.1674	0.9745	75	77	4	1	13	0.0019	0.7917	0	0.0126
0.0117	0.0655	0.0066	-0.2202	0.5117	0.0762	-0.1407	0.9871	76	78	4	1	14	0.0015	0.7917	0	0.0117
0.0134	0.0634	0.0166	-0.2253	0.5762	0.1549	-0.162	0.9745	77	79	4	1	15	0.0021	0.875	0	0.0134
0.0138	0.0652	0.0103	-0.2371	0.6415	0.2164	-0.1024	0.9709	78	80	4	1	16	0.0021	0.75	0	0.0138
0.0144	0.0544	0.043	-0.2477	0.7085	-0.1467	0.2143	0.9657	79	81	4	1	17	0.0019	0.7083	0	0.0144
0.0144	0.0447	0.0279	-0.2397	0.7618	0.1663	-0.1049	0.9805	80	82	4	1	18	0.0017	0.7917	0	0.0144
0.0143	0.0403	0.0381	-0.244	0.8056	0.0204	-0.0872	0.996	81	83	4	1	19	0.0017	0.7917	0	0.0143
0.0141	0.0539	0.0423	-0.2475	0.8451	0.185	-0.0643	0.9806	82	84	4	1	20	0.0017	0.7917	0	0.0141
0.0131	0.0492	0.0375	-0.2554	0.9019	0.2626	-0.0293	0.9645	83	85	4	1	21	0.0018	0.7083	0	0.0131
0.0136	0.057	0.0465	-0.2519	0.9508	0.045	-0.2478	0.9678	84	86	4	1	22	0.0022	0.7083	0	0.0136
0.0141	0.0482	0.053	-0.265	1.0057	0.0893	-0.1397	0.9862	85	87	4	1	23	0.0019	0.7083	0	0.0141
0.0134	0.051	0.0506	-0.2807	1.0538	0.0579	0.0134	0.9982	86	0	4	1	24	0.0015	0.7917	0	0.0134
0.0177	0.1693	-0.0282	-0.1233	-0.6066	0.2922	-0.901	-0.3206	6	89	6	1	1	0.0049	0.45	1	0.0177
0.0177	0.1289	0.0212	-0.2759	-0.6608	0.8276	-0.2807	0.4861	88	0	6	1	2	0.0049	0.45	0	0.0177
0.0071	0.1144	0.0275	-0.288	-0.2407	-0.2692	0.6128	0.743	12	91	7	1	1	0.0037	0.375	1	0.0145
0.0071	0.1372	-0.0074	-0.2177	-0.1553	0.0884	-0.1387	0.9864	90	0	7	1	2	0.0064	0.3714	0	0.0145
0.0144	0.0496	-0.0106	-0.2931	-0.0818	-0.8557	-0.5	-0.1331	15	93	8	1	1	0.0023	0.5833	1	0.0146
0.0143	0.0831	-0.0531	-0.3179	-0.0884	0.6427	-0.7397	0.1996	92	94	8	1	2	0.0023	0.5833	0	0.0146
0.012	0.0492	-0.0048	-0.3887	-0.0739	0.8254	-0.5082	0.2458	93	95	8	1	3	0.0018	0.4167	0	0.0118
0.0121	0.0309	0.039	-0.419	-0.0685	0.7783	-0.2502	0.5759	94	0	8	1	4	0.003	0.5417	0	0.0122
0.0131	0.16	0.0417	-0.4059	0.4275	0.1974	-0.2965	0.9344	22	97	9	1	1	0.0017	0.75	0	0.0131
0.0144	0.0666	0.0728	-0.4585	0.5749	-0.0476	-0.3802	0.9237	96	98	9	1	2	0.002	0.7083	0	0.0144
0.0126	0.0643	0.0642	-0.4877	0.6351	0.0792	-0.4152	0.9063	97	99	9	1	3	0.0016	0.5417	0	0.01
0.0108	0.0632	0.0759	-0.5157	0.6933	-0.0575	-0.2831	0.9574	98	100	9	1	4	0.0013	0.7083	0	0.0108
0.0145	0.0486	0.0781	-0.5318	0.7535	0.1174	-0.2092	0.9708	99	101	9	1	5	0.0016	0.7083	0	0.0145
0.0128	0.0562	0.076	-0.5441	0.8027	0.326	-0.4479	0.8326	100	102	9	1	6	0.002	0.75	0	0.0128
0.0123	0.0557	0.0954	-0.5691	0.8494	0.1407	-0.2812	0.9493	101	103	9	1	7	0.0014	0.625	0	0.0123
0.0118	0.0561	0.1135	-0.587	0.9006	0.0362	-0.4647	0.8847	102	104	9	1	8	0.0014	0.5833	0	0.0118
0.0129	0.0406	0.1137	-0.6138	0.9505	0.1956	-0.2261	0.9543	103	105	9	1	9	0.0015	0.6667	0	0.0129
0.013	0.0535	0.1266	-0.6212	0.9917	-0.1196	-0.6832	0.7203	104	106	9	1	10	0.0019	0.7083	0	0.013
0.0145	0.0445	0.1312	-0.655	1.0347	-0.0862	-0.7336	0.6741	105	107	9	1	11	0.0022	0.625	0	0.0146
0.0145	0.053	0.1228	-0.6912	1.0579	-0.2527	-0.7827	0.5688	106	108	9	1	12	0.0021	0.5417	0	0.0219
0.0146	0.0409	0.1211	-0.7556	1.0802	-0.5102	-0.4984	0.7009	107	0	9	1	13	0.0015	0.625	0	0.0153
0.0172	0.1118	-0.0473	0.0302	-0.5299	0.3953	0.3902	0.8316	38	110	11	2	1	0.0037	0.625	1	0.0173
0.0171	0.0794	-0.0032	0.0738	-0.437	0.0672	0.0767	0.9948	109	111	11	2	2	0.0037	0.625	0	0.0173
0.0148	0.0816	0.0034	0.0814	-0.3591	0.2754	0.3737	0.8857	110	112	11	2	3	0.0017	0.6667	0	0.0148
0.0131	0.0653	0.0262	0.1091	-0.2861	0.1682	0.2541	0.9524	111	113	11	2	4	0.0015	0.875	0	0.0131
0.0123	0.0402	0.0356	0.1241	-0.2226	0.4719	0.2186	0.8541	112	114	11	2	5	0.0013	0.5833	0	0.0129
0.0115	0.0629	0.0544	0.1305	-0.1873	0.3601	0.3138	0.8785	113	115	11	2	6	0.0017	0.7917	0	0.0115
0.0115	0.0356	0.0745	0.1503	-0.1313	0.2992	0.1917	0.9348	114	116	11	2	7	0.0015	0.5833	0	0.0102
0.0117	0.0504	0.0914	0.1594	-0.0997	0.2161	0.1518	0.9645	115	117	11	2	8	0.0017	0.625	0	0.0117
0.0126	0.0604	0.1021	0.164	-0.0495	0.304	0.416	0.8571	116	118	11	2	9	0.0016	0.625	0	0.0127
0.0115	0.0233	0.1215	0.1887	0.0021	-0.0059	-0.1607	0.987	117	119	11	2	10	0.0007	0.375	0	0.0109
0.0115	0.0371	0.1237	0.1864	0.023	0.3369	0.5933	0.7311	118	0	11	2	11	0.0027	0.4583	0	0.011
0.0069	0.1115	0.0555	-0.2404	0.7011	0.6815	-0.6163	0.3945	80	0	12	2	1	0.0031	0.375	0	0.0129
