radius (m)	length (m)	start_point	axis_direction	parent	extension	branch	branch_order	position_in_branch	mad	SurfCov	added	UnmodRadius (m)
0.01	0.0352	-0.4583	-0.3378	-0.246	0.5781	0.578	0.5759	0	2	1	0	1	0.0028	0.5	0	0.0101
0.0096	0.0383	-0.4291	-0.3142	-0.2384	0.5025	0.6855	0.5268	1	3	1	0	2	0.0009	0.375	0	0.0096
0.0091	0.039	-0.4112	-0.2877	-0.216	0.8279	0.362	0.4283	2	4	1	0	3	0.0012	0.375	0	0.0091
0.0076	0.0211	-0.3836	-0.265	-0.1965	0.8545	0.3453	0.3881	3	5	1	0	4	0.0047	0.5833	0	0.0076
0.0092	0.0273	-0.3573	-0.2633	-0.1937	0.6438	0.73	0.2296	4	6	1	0	5	0.0045	0.5	0	0.0092
0.0075	0.0174	-0.3512	-0.2307	-0.1882	0.7399	0.6727	0.0056	5	7	1	0	6	0.0047	0.4583	0	0.0075
0.0088	0.0198	-0.3336	-0.2267	-0.1767	0.2757	0.845	0.4583	6	8	1	0	7	0.0043	0.4063	0	0.0088
0.0097	0.0406	-0.3262	-0.221	-0.1623	0.5716	0.4399	0.6926	7	9	1	0	8	0.01	0.05	0	0.01
0.0111	0.0159	-0.3186	-0.2035	-0.1576	0.5681	0.7227	-0.3937	8	10	1	0	9	0.0032	0.25	0	0.0184
0.011	0.0289	-0.2976	-0.1967	-0.1445	0.7073	0.6477	-0.2833	9	11	1	0	10	0.0013	0.3333	0	0.0136
0.0112	0.0083	-0.2769	-0.1664	-0.1337	0.9426	0.2792	-0.1833	10	12	1	0	11	0.0009	0.375	0	0.0154
0.0092	0.0253	-0.2631	-0.1678	-0.1369	0.5305	0.5665	0.6306	11	13	1	0	12	0.0061	0.5417	0	0.0092
0.0095	0.0059	-0.262	-0.1719	-0.1287	0.8124	-0.3422	-0.4721	12	14	1	0	13	0.01	0.05	0	0.01
0.0095	0.0189	-0.2579	-0.1746	-0.1274	0.2075	0.9622	0.1764	13	15	1	0	14	0.01	0.05	0	0.01
0.0095	0.0119	-0.254	-0.1564	-0.124	-0.1096	0.5018	0.858	14	0	1	0	15	0.01	0.05	0	0.01
0.0076	0.0126	-0.2925	-0.1911	-0.1353	-0.5872	-0.1703	0.7913	10	17	3	1	1	0.0012	0.4167	0	0.0076
0.0093	0.0347	-0.2957	-0.1935	-0.1286	0.413	-0.724	0.5526	16	18	3	1	2	0.0013	0.375	0	0.01
0.0088	0.0275	-0.2821	-0.2107	-0.1079	0.8089	-0.0497	0.5859	17	19	3	1	3	0.0009	0.2917	0	0.0093
0.0088	0.0266	-0.2607	-0.2124	-0.0911	0.6252	-0.0555	0.7785	18	20	3	1	4	0.001	0.2917	0	0.0092
0.0077	0.0275	-0.2518	-0.2155	-0.0671	0.4033	-0.0439	0.914	19	21	3	1	5	0.0011	0.2917	0	0.0077
0.0086	0.024	-0.2505	-0.2219	-0.0425	-0.091	0.0608	0.994	20	22	3	1	6	0.003	0.5417	0	0.0086
0.0063	0.0528	-0.2406	-0.2264	-0.0192	-0.0317	-0.167	0.9854	21	23	3	1	7	0.0051	0.4063	0	0.006
0.0084	0.022	-0.2494	-0.2458	0.0295	0.1019	-0.3591	0.9277	22	24	3	1	8	0.01	0.05	0	0.01
0.0061	0.0159	-0.2467	-0.2376	0.0516	0.169	-0.1086	0.9796	23	25	3	1	9	0.0007	0.375	0	0.0061
0.006	0.0328	-0.2371	-0.2401	0.0655	0.2302	-0.0908	0.9689	24	26	3	1	10	0.0041	0.3438	0	0.0049
0.0068	0.0196	-0.2334	-0.2495	0.0959	0.1319	-0.2833	0.9499	25	27	3	1	11	0.0049	0.5417	0	0.0068
0.0075	0.0178	-0.2266	-0.2512	0.1171	0.0279	-0.5784	0.8153	26	28	3	1	12	0.003	0.4688	0	0.0075
0.0076	0.0005	-0.2253	-0.2566	0.1157	0.9713	-0.2367	-0.0246	27	29	3	1	13	0.01	0.05	0	0.01
0.0073	0.0371	-0.2192	-0.2593	0.1176	-0.154	0.3602	0.9201	28	30	3	1	14	0.0007	0.4583	0	0.0073
0.0073	0.0234	-0.2233	-0.2469	0.1516	-0.0748	-0.2898	0.9541	29	31	3	1	15	0.0011	0.2083	0	0.0076
0.0073	0.0194	-0.2287	-0.253	0.1728	-0.3158	-0.0683	0.9464	30	32	3	1	16	0.01	0.05	0	0.01
0.0074	0.0205	-0.2215	-0.2611	0.1875	0.0828	-0.3353	0.9385	31	33	3	1	17	0.001	0.375	0	0.0077
0.0071	0.0208	-0.2254	-0.2615	0.2021	-0.457	0.2326	0.8585	32	34	3	1	18	0.01	0.05	0	0.01
0.007	0.0047	-0.2231	-0.2646	0.2172	0.1119	-0.1738	0.9784	33	0	3	1	19	0.01	0.05	0	0.01
0.0067	0.0757	-0.2485	-0.1698	-0.131	0.722	0.684	0.1037	14	36	4	1	1	0.0013	0.3333	0	0.0038
0.009	0.0294	-0.1996	-0.1127	-0.1203	0.7193	0.6668	0.1951	35	37	4	1	2	0.0009	0.2917	0	0.0096
0.009	0.0222	-0.172	-0.0916	-0.1171	0.0684	0.7931	0.6052	36	38	4	1	3	0.0007	0.3333	0	0.0136
0.009	0.0207	-0.1666	-0.0722	-0.1074	0.518	0.4072	0.7523	37	39	4	1	4	0.0011	0.375	0	0.0094
0.009	0.026	-0.1446	-0.0687	-0.1002	0.5412	0.8002	0.2586	38	40	4	1	5	0.0052	0.4583	0	0.0091
0.0077	0.0415	-0.1375	-0.0434	-0.0807	0.6776	0.7255	0.1207	39	41	4	1	6	0.0054	0.3	0	0.0077
0.0089	0.0338	-0.1058	-0.0205	-0.0703	0.5824	0.6534	0.4836	40	42	4	1	7	0.0036	0.375	0	0.0092
0.0089	0.0246	-0.1097	0.0027	-0.0665	-0.1712	0.8999	0.4012	41	43	4	1	8	0.01	0.05	0	0.01
0.0089	0.0271	-0.0887	-0.003	-0.0646	0.7429	0.5777	0.3381	42	44	4	1	9	0.0011	0.3333	0	0.0097
0.0074	0.0395	-0.0675	0.0125	-0.059	0.8879	-0.3552	0.2922	43	45	4	1	10	0.0011	0.25	0	0.0074
0.0089	0.0366	-0.0439	0.0037	-0.0375	0.3472	0.9334	-0.0906	44	46	4	1	11	0.001	0.25	0	0.0128
0.0089	0.0345	-0.023	0.0253	-0.0256	0.7595	0.6385	0.1244	45	47	4	1	12	0.001	0.375	0	0.012
0.0084	0.039	0.0049	0.0435	-0.0275	0.9423	0.3289	0.0619	46	48	4	1	13	0.0008	0.2917	0	0.0084
0.0089	0.0326	0.0302	0.0671	-0.0217	0.6977	0.6957	0.1707	47	49	4	1	14	0.0037	0.375	0	0.0107
0.0081	0.0134	0.056	0.088	-0.0197	0.4081	0.9071	-0.1032	48	50	4	1	15	0.0036	0.5833	0	0.0081
0.0067	0.0605	0.0669	0.0791	-0.0103	0.9537	0.2902	0.0795	49	51	4	1	16	0.0038	0.375	0	0.0067
0.0087	0.052	0.1153	0.0745	-0.0089	0.893	-0.4038	0.1988	50	52	4	1	17	0.01	0.05	0	0.01
0.0088	0.0221	0.1112	0.1044	-0.005	0.706	0.7061	0.0548	51	53	4	1	18	0.0012	0.375	0	0.0092
0.0087	0.0352	0.1252	0.1371	0.0096	0.9716	-0.0809	0.2223	52	54	4	1	19	0.0024	0.2	0	0.0394
0.0086	0.0242	0.1565	0.1449	0.0114	0.9248	0.3429	0.1648	53	55	4	1	20	0.01	0.05	0	0.01
0.0074	0.0379	0.1714	0.1525	0.0259	0.6827	0.505	0.5282	54	56	4	1	21	0.0008	0.4167	0	0.0074
0.008	0.0309	0.1899	0.167	0.0507	0.2235	0.5094	0.831	55	57	4	1	22	0.0034	0.4063	0	0.008
0.0073	0.0157	0.2204	0.1834	0.0655	0.3607	0.4765	0.8018	56	58	4	1	23	0.0054	0.2917	0	0.0073
0.0087	0.0207	0.2222	0.1945	0.0649	0.7942	0.6034	-0.072	57	59	4	1	24	0.0034	0.4063	0	0.0095
0.0074	0.0362	0.2389	0.2074	0.0681	0.8166	0.5677	-0.1041	58	60	4	1	25	0.0037	0.4063	0	0.0074
0.0083	0.0235	0.2477	0.2303	0.062	0.1223	0.9904	-0.0643	59	61	4	1	26	0.01	0.05	0	0.01
0.0067	0.0404	0.2586	0.2284	0.0664	0.8861	0.3513	0.3023	60	62	4	1	27	0.001	0.4167	0	0.0067
0.0062	0.0345	0.2961	0.2418	0.0748	0.8976	0.2457	0.366	61	63	4	1	28	0.0032	0.5	0	0.0062
0.006	0.0417	0.3236	0.2571	0.0862	0.8096	0.473	0.3477	62	64	4	1	29	0.0032	0.5	0	0.0059
0.008	0.0234	0.3484	0.2836	0.1052	0.6638	0.6925	0.2826	63	65	4	1	30	0.01	0.05	0	0.01
0.0084	0.0029	0.3709	0.2911	0.114	0.7358	0.645	0.2061	64	66	4	1	31	0.0005	0.3333	0	0.0093
0.0082	0.04	0.3801	0.2949	0.103	0.747	0.4174	0.5175	65	67	4	1	32	0.0028	0.275	0	0.0197
0.0079	0.0235	0.3996	0.319	0.1238	0.5377	0.7498	0.3856	66	68	4	1	33	0.01	0.05	0	0.01
0.0085	0.0198	0.4065	0.3237	0.115	0.945	-0.3185	-0.0742	67	69	4	1	34	0.0012	0.4167	0	0.0093
0.0078	0.0019	0.4258	0.3205	0.1174	0.7485	-0.5726	0.3346	68	70	4	1	35	0.01	0.05	0	0.01
0.0078	0.0141	0.4301	0.3206	0.1192	0.4186	-0.9017	-0.108	69	71	4	1	36	0.01	0.05	0	0.01
0.0081	0.0306	0.4312	0.3111	0.1141	0.4418	0.8737	0.2035	70	72	4	1	37	0.0009	0.3333	0	0.0086
0.0079	0.0305	0.4413	0.341	0.1228	0.6741	0.7386	-0.0056	71	73	4	1	38	0.0012	0.3333	0	0.0082
0.0057	0.0325	0.4607	0.3653	0.1184	0.7373	0.6682	0.0993	72	74	4	1	39	0.0036	0.5	0	0.0052
0.0081	0.0316	0.4863	0.3766	0.1264	0.9469	0.2433	0.2102	73	75	4	1	40	0.0041	0.4375	0	0.0085
0.0084	0.0059	0.5096	0.3993	0.1359	0.9072	0.3606	0.2168	74	76	4	1	41	0.0062	0.4583	0	0.0094
0.0079	0.0254	0.5194	0.3903	0.1356	0.8651	0.2913	0.4084	75	77	4	1	42	0.0043	0.5	0	0.0082
0.0064	0.031	0.5397	0.4011	0.149	0.9314	0.3427	0.1224	76	78	4	1	43	0.0043	0.5	0	0.0064
0.0053	0.0312	0.5692	0.4109	0.152	0.838	0.2472	0.4864	77	79	4	1	44	0.0039	0.375	0	0.005
0.0071	0.0244	0.5972	0.4098	0.1654	0.8731	0.0856	0.48	78	80	4	1	45	0.01	0.05	0	0.01
0.0075	0.0264	0.6159	0.4062	0.1788	0.8282	-0.2103	0.5195	79	81	4	1	46	0.0008	0.3333	0	0.0082
0.0071	0.0274	0.6046	0.4199	0.1854	-0.1895	-0.6106	-0.7689	80	0	4	1	47	0.01	0.05	0	0.01
0.0077	0.0954	-0.2924	-0.188	-0.1252	-0.8589	0.372	0.352	16	83	6	2	1	0.0015	0.25	0	0.0085
0.0077	0.0467	-0.3734	-0.1523	-0.09	-0.594	0.7831	0.1842	82	84	6	2	2	0.0011	0.3333	0	0.009
0.0077	0.0217	-0.398	-0.1143	-0.0826	-0.3925	0.9197	-0.0073	83	85	6	2	3	0.003	0.4583	0	0.0077
0.0077	0.0216	-0.4114	-0.096	-0.0773	-0.2342	0.9684	0.0853	84	86	6	2	4	0.01	0.05	0	0.01
0.0077	0.0219	-0.4031	-0.0909	-0.0863	0.4339	0.7299	-0.5282	85	0	6	2	5	0.01	0.05	0	0.01
0.0074	0.0501	-0.2462	-0.223	-0.044	0.6685	-0.7395	0.0795	20	88	7	2	1	0.0026	0.4167	0	0.0097
0.0074	0.0319	-0.2122	-0.2591	-0.0354	0.6322	-0.7716	0.0709	87	89	7	2	2	0.0009	0.2917	0	0.0089
0.0074	0.0198	-0.1933	-0.2844	-0.0359	0.3704	-0.9284	0.0298	88	90	7	2	3	0.0025	0.625	0	0.0074
0.0074	0.0216	-0.1838	-0.2978	-0.0381	0.8866	-0.45	-0.1071	89	91	7	2	4	0.0038	0.5417	0	0.0093
0.0074	0.0044	-0.1714	-0.2888	-0.0251	0.901	0.418	-0.1156	90	92	7	2	5	0.01	0.05	0	0.01
0.0074	0.003	-0.1586	-0.301	-0.0273	0.5877	0.279	0.7595	91	93	7	2	6	0.01	0.05	0	0.01
0.0074	0.017	-0.1572	-0.3009	-0.0256	-0.8207	0.5434	-0.1766	92	0	7	2	7	0.01	0.05	0	0.01
0.007	0.0414	-0.0621	0.0154	-0.0517	0.1058	0.6309	0.7686	44	95	15	2	1	0.0012	0.25	1	0.009
0.007	0.0232	-0.0577	0.0415	-0.0199	0.0518	0.5483	0.8347	94	96	15	2	2	0.0012	0.25	0	0.009
0.007	0.022	-0.0584	0.0421	-0.003	-0.2244	-0.1533	0.9623	95	97	15	2	3	0.0034	0.5417	0	0.0084
0.0064	0.0289	-0.0677	0.0402	0.0165	-0.4721	-0.5477	0.6908	96	98	15	2	4	0.004	0.5417	0	0.0064
0.0068	0.0222	-0.0902	0.0323	0.0259	-0.8107	-0.4974	0.3089	97	99	15	2	5	0.0041	0.3333	0	0.0083
0.0065	0.0178	-0.106	0.0305	0.028	-0.9788	0.1784	-0.1003	98	100	15	2	6	0.01	0.05	0	0.01
0.0064	0.024	-0.1187	0.0206	0.0361	-0.945	-0.1113	0.3075	99	101	15	2	7	0.01	0.05	0	0.01
0.0064	0.0196	-0.1216	0.0082	0.028	-0.6201	-0.703	-0.3481	100	0	15	2	8	0.01	0.05	0	0.01
0.0085	0.053	-0.0101	0.025	-0.022	0.8765	-0.03	0.4805	46	103	18	2	1	0.0015	0.375	0	0.0085
0.0085	0.0549	0.038	0.0303	0.0037	0.9168	-0.2305	0.326	102	104	18	2	2	0.0006	0.4167	0	0.0089
0.0084	0.0514	0.0781	0.0185	0.0173	-0.2073	-0.9343	0.2899	103	105	18	2	3	0.0009	0.3333	0	0.0099
0.0083	0.0012	0.0629	-0.0228	0.0393	-0.4865	-0.7698	0.4133	104	106	18	2	4	0.01	0.05	0	0.01
0.0084	0.018	0.0653	-0.0315	0.0478	0.7867	-0.2706	-0.5548	105	107	18	2	5	0.0013	0.4167	0	0.0106
0.0083	0.0363	0.0674	-0.0454	0.0512	0.4624	-0.8698	-0.1723	106	108	18	2	6	0.001	0.2917	0	0.0105
0.0082	0.03	0.087	-0.0789	0.0463	-0.3912	-0.8417	-0.3722	107	109	18	2	7	0.0008	0.2083	0	0.0105
0.008	0.0332	0.0926	-0.1046	0.0446	0.2381	-0.8456	-0.4777	108	110	18	2	8	0.01	0.05	0	0.01
0.008	0.0184	0.094	-0.0947	0.0305	0.9795	0.1615	0.1206	109	111	18	2	9	0.01	0.05	0	0.01
0.0081	0.0383	0.1017	-0.0931	0.0244	-0.4834	-0.5493	0.6817	110	112	18	2	10	0.0009	0.375	0	0.0084
0.0081	0.0152	0.0816	-0.116	0.0386	-0.4511	-0.8704	0.1975	111	113	18	2	11	0.0007	0.2917	0	0.0107
0.0076	0.03	0.0856	-0.1292	0.0468	0.1851	-0.9072	-0.3777	112	114	18	2	12	0.0055	0.5417	0	0.0076
0.0076	0.0241	0.1029	-0.1466	0.0385	0.5871	-0.7737	0.2381	113	115	18	2	13	0.01	0.05	0	0.01
0.0076	0.0222	0.0893	-0.1613	0.0372	-0.1538	-0.9867	0.0529	114	116	18	2	14	0.01	0.05	0	0.01
0.0076	0.0191	0.1028	-0.1719	0.0357	0.5488	-0.8347	-0.0449	115	0	18	2	15	0.01	0.05	0	0.01
0.0115	0.0233	0.2763	0.2282	0.0708	0.1279	-0.726	0.6757	61	118	25	2	1	0.0023	0.4167	0	0.0115
0.0115	0.0388	0.2727	0.2142	0.0819	-0.4779	-0.8665	0.144	117	119	25	2	2	0.0012	0.2917	0	0.0078
0.0115	0.0201	0.2483	0.1878	0.0883	-0.7667	-0.6286	0.1302	118	120	25	2	3	0.01	0.05	0	0.01
0.0115	0.0144	0.2452	0.176	0.0822	-0.4318	-0.6011	-0.6725	119	121	25	2	4	0.0007	0.25	0	0.0067
0.0115	0.0081	0.2426	0.1708	0.0702	-0.6317	0.143	-0.7619	120	122	25	2	5	0.01	0.05	0	0.01
0.0115	0.0153	0.2375	0.172	0.064	-0.2819	0.5638	-0.7763	121	0	25	2	6	0.01	0.05	0	0.01
0.0059	0.0536	0.3425	0.2501	0.0982	-0.557	-0.8292	-0.0474	62	124	26	2	1	0.01	0.05	0	0.01
0.0059	0.0013	0.3046	0.2071	0.0935	0.126	-0.5451	-0.8288	123	125	26	2	2	0.01	0.05	0	0.01
0.0059	0.0199	0.3049	0.2074	0.0955	-0.9884	0.1511	-0.0164	124	126	26	2	3	0.01	0.05	0	0.01
0.0059	0.0139	0.2853	0.2104	0.0952	-0.5963	-0.7213	0.3524	125	0	26	2	4	0.01	0.05	0	0.01
0.0076	0.0491	0.3388	0.2634	0.1028	0.8345	0.0678	0.5468	64	128	27	2	1	0.0008	0.375	0	0.0082
0.0072	0.0266	0.379	0.2649	0.1316	0.36	0.6162	0.7005	127	129	27	2	2	0.01	0.05	0	0.01
0.0071	0.0329	0.3903	0.2644	0.1323	0.9828	0.1718	-0.0683	128	130	27	2	3	0.001	0.375	0	0.008
0.0065	0.0291	0.4296	0.263	0.1384	0.7987	0.0847	-0.5957	129	131	27	2	4	0.0009	0.2917	0	0.0143
0.0052	0.0005	0.4546	0.2779	0.1278	0.9184	0.0765	-0.3882	130	132	27	2	5	0.01	0.05	0	0.01
0.0044	0.0205	0.4544	0.2776	0.1258	0.6844	-0.7174	-0.1299	131	133	27	2	6	0.01	0.05	0	0.01
0.0034	0.0123	0.4686	0.2634	0.1283	0.6011	0.7923	-0.1046	132	0	27	2	7	0.01	0.05	0	0.01
0.0078	0.0328	0.0753	-0.0845	0.0426	-0.4854	0.8098	-0.3295	108	135	23	3	1	0.01	0.05	0	0.01
0.0078	0.0146	0.0496	-0.0579	0.0344	-0.1787	-0.7308	-0.6588	134	136	23	3	2	0.0011	0.25	0	0.0082
0.0078	0.0318	0.0437	-0.0714	0.0312	0.0912	-0.9277	-0.3619	135	137	23	3	3	0.01	0.05	0	0.01
0.0078	0.0351	0.0519	-0.0722	0.0326	-0.9686	0.2255	-0.1049	136	0	23	3	4	0.01	0.05	0	0.01
