radius (m)	length (m)	start_point	axis_direction	parent	extension	branch	branch_order	position_in_branch	mad	SurfCov	added	UnmodRadius (m)
0.01	0.036	-0.1475	-0.0514	-0.1089	0.1197	-0.0598	0.991	0	2	1	0	1	0.0021	0.5417	0	0.01
0.0113	0.0661	-0.134	-0.0382	-0.0755	0.7275	-0.3451	0.593	1	3	1	0	2	0.0015	0.4167	0	0.0113
0.0105	0.0203	-0.0739	-0.0583	-0.0421	0.4619	-0.5325	0.7093	2	4	1	0	3	0.0071	0.4583	0	0.0105
0.0124	0.041	-0.0745	-0.0647	-0.0306	0.4682	0.7466	-0.4726	3	5	1	0	4	0.0015	0.25	0	0.0137
0.0107	0.0365	-0.0485	-0.0491	-0.0474	0.8079	0.4363	0.3962	4	6	1	0	5	0.0015	0.2917	0	0.0107
0.0134	0.0215	-0.0417	-0.0346	-0.0329	-0.0656	0.9932	-0.0967	5	7	1	0	6	0.0074	0.5	0	0.0142
0.01	0.0153	-0.0175	-0.0168	-0.0418	0.2701	0.7142	0.6458	6	8	1	0	7	0.01	0.05	0	0.01
0.01	0.0225	-0.0336	-0.0036	-0.0342	0.1358	0.9615	-0.239	7	9	1	0	8	0.01	0.05	0	0.01
0.0099	0.0467	-0.0403	-0.0051	-0.0317	0.9288	-0.3413	0.1444	8	10	1	0	9	0.0012	0.4167	0	0.0099
0.0099	0.0434	0.0032	-0.0168	-0.0244	0.7415	-0.0935	0.6644	9	11	1	0	10	0.0009	0.2917	0	0.0071
0.01	0.0306	0.0323	-0.0225	0.008	0.7485	0.0375	0.662	10	12	1	0	11	0.01	0.05	0	0.01
0.0099	0.0031	0.0597	-0.0177	0.0123	0.9512	0.1014	0.2915	11	13	1	0	12	0.0008	0.2917	0	0.0063
0.0099	0.0515	0.0631	-0.0146	0.007	0.997	-0.0722	0.029	12	14	1	0	13	0.0009	0.3333	0	0.0094
0.01	0.0257	0.115	-0.0112	0.0075	0.9965	-0.0816	0.0172	13	15	1	0	14	0.01	0.05	0	0.01
0.0106	0.0123	0.1371	-0.0204	0	0.9105	0.0069	-0.4135	14	16	1	0	15	0.0008	0.2917	0	0.0109
0.01	0.0035	0.1457	-0.0181	-0.0067	0.688	0.7083	-0.1582	15	17	1	0	16	0.01	0.05	0	0.01
0.01	0.0197	0.1481	-0.0157	-0.0072	0.478	0.4798	-0.7358	16	0	1	0	17	0.01	0.05	0	0.01
0.0097	0.0558	-0.0641	-0.082	-0.0269	-0.3639	-0.9289	-0.0691	3	19	3	1	1	0.0016	0.25	0	0.0121
0.0096	0.0233	-0.0571	-0.1376	-0.0382	-0.1429	-0.9893	-0.0297	18	20	3	1	2	0.0053	0.4167	0	0.0097
0.007	0.0424	-0.0647	-0.163	-0.026	0.4699	-0.8827	-0.0052	19	21	3	1	3	0.0043	0.4688	0	0.0052
0.0092	0.0411	-0.0542	-0.1972	-0.0172	0.1839	-0.8522	0.4899	20	22	3	1	4	0.01	0.05	0	0.01
0.0094	0.0544	-0.0554	-0.2358	-0.0017	0.0351	-0.8242	0.5653	21	23	3	1	5	0.0008	0.2917	0	0.0119
0.0088	0.0198	-0.0559	-0.2884	0.0046	-0.1402	-0.9398	0.3115	22	24	3	1	6	0.01	0.05	0	0.01
0.0087	0.0509	-0.0593	-0.2931	0.0325	-0.0543	-0.8422	0.5364	23	25	3	1	7	0.0009	0.4167	0	0.0088
0.0083	0.0404	-0.0223	-0.3085	0.0591	0.4412	-0.6214	0.6474	24	26	3	1	8	0.001	0.2917	0	0.0086
0.008	0.0335	0.012	-0.2869	0.07	0.8106	-0.0949	0.5779	25	27	3	1	9	0.01	0.05	0	0.01
0.0083	0.0539	-0.0463	-0.2852	0.0418	-0.2795	-0.866	0.4146	26	28	3	1	10	0.001	0.25	0	0.0135
0.0071	0.0071	-0.051	-0.3305	0.0703	-0.0768	-0.9341	0.3486	27	29	3	1	11	0.01	0.05	0	0.01
0.0068	0.0145	-0.0527	-0.3371	0.0715	-0.7433	-0.2445	0.6226	28	0	3	1	12	0.01	0.05	0	0.01
0.0095	0.0449	-0.0261	0.0075	-0.0455	0.9755	0.0276	0.2184	8	31	5	1	1	0.0028	0.5	0	0.0106
0.0095	0.0362	0.0155	0.0177	-0.0434	0.7558	0.5245	0.392	30	32	5	1	2	0.001	0.375	0	0.0106
0.0094	0.0617	0.0364	0.0306	-0.0248	0.7483	-0.4272	0.5076	31	33	5	1	3	0.0065	0.3438	0	0.0133
0.0094	0.0028	0.0912	0.0197	-0.0075	0.8928	-0.1114	0.4365	32	34	5	1	4	0.0057	0.4583	0	0.011
0.009	0.0156	0.0745	0.0077	-0.0039	0.0072	0.1872	0.9823	33	35	5	1	5	0.01	0.05	0	0.01
0.009	0.0299	0.0808	0.012	0.0165	0.6062	0.1498	-0.7811	34	36	5	1	6	0.0007	0.4167	0	0.009
0.009	0.0144	0.099	0.0144	-0.0084	-0.3724	-0.5749	0.7286	35	0	5	1	7	0.01	0.05	0	0.01
0.0095	0.044	0.0506	-0.0193	0.0114	0.1325	0.977	-0.1673	11	38	12	1	1	0.0022	0.2	1	0.0205
0.0095	0.0583	0.0404	0.0156	0.0078	-0.3425	0.856	0.3871	37	39	12	1	2	0.0048	0.3	0	0.0205
0.0071	0.0541	0.0288	0.0605	0.0362	0.2452	0.8816	0.4033	38	40	12	1	3	0.0047	0.4	0	0.0065
0.0081	0.0273	0.0579	0.0985	0.0426	0.7374	0.5138	0.4385	39	41	12	1	4	0.0052	0.3125	0	0.0081
0.0095	0.0188	0.073	0.1068	0.0698	0.8115	0.4035	0.4226	40	42	12	1	5	0.0056	0.4688	0	0.0099
0.0095	0.0277	0.0611	0.1067	0.0688	-0.375	0.3179	0.8708	41	43	12	1	6	0.0097	0.4583	0	0.0099
0.0094	0.0228	0.0524	0.122	0.0731	-0.9608	0.2772	0.0095	42	44	12	1	7	0.0068	0.4375	0	0.0103
0.0093	0.0429	0.0337	0.122	0.0678	-0.6852	0.2596	-0.6805	43	45	12	1	8	0.01	0.05	0	0.01
0.0092	0.0351	0.0306	0.1196	0.07	-0.0395	0.9053	0.423	44	46	12	1	9	0.0009	0.3333	0	0.0092
0.007	0.0443	0.0258	0.1535	0.0829	0.6056	0.7683	-0.2071	45	47	12	1	10	0.0038	0.375	0	0.005
0.0093	0.0191	0.0337	0.1812	0.073	-0.2204	0.7343	-0.6421	46	48	12	1	11	0.01	0.05	0	0.01
0.0069	0.0245	0.0491	0.1883	0.0666	0.4214	0.6915	-0.5867	47	49	12	1	12	0.0008	0.2917	0	0.0062
0.0092	0.0008	0.0547	0.2032	0.0507	0.0142	0.5856	-0.8105	48	50	12	1	13	0.01	0.05	0	0.01
0.0093	0.0242	0.0621	0.2031	0.0362	0.0254	-0.998	0.0584	49	51	12	1	14	0.0009	0.3333	0	0.0134
0.0092	0.0032	0.0563	0.1811	0.026	-0.4398	-0.8943	0.0821	50	52	12	1	15	0.01	0.05	0	0.01
0.0093	0.0244	0.0532	0.1731	0.0175	-0.8352	0.5302	-0.146	51	53	12	1	16	0.0009	0.3333	0	0.0111
0.0091	0.0042	0.0411	0.1867	0.0142	-0.0872	0.8939	0.4396	52	54	12	1	17	0.01	0.05	0	0.01
0.0092	0.0532	0.035	0.1914	0.0238	-0.8032	-0.0457	-0.5939	53	55	12	1	18	0.0018	0.25	0	0.0119
0.009	0.0027	0.0071	0.1921	-0.0214	-0.6728	-0.018	-0.7396	54	56	12	1	19	0.01	0.05	0	0.01
0.0093	0.0544	0.0072	0.1783	-0.016	-0.9915	-0.0967	0.0869	55	57	12	1	20	0.0015	0.4583	0	0.013
0.0094	0.0264	-0.0211	0.1865	-0.0154	-0.426	0.8757	0.2274	56	58	12	1	21	0.0077	0.5417	0	0.0121
0.0093	0.016	-0.0525	0.2094	-0.011	-0.0072	0.9978	-0.0658	57	59	12	1	22	0.0055	0.5417	0	0.0107
0.0092	0.0063	-0.062	0.2116	-0.0079	-0.7325	0.5961	0.3287	58	60	12	1	23	0.0058	0.4167	0	0.0112
0.0091	0.0189	-0.0705	0.2254	-0.01	-0.7673	-0.0239	0.6408	59	61	12	1	24	0.0007	0.375	0	0.0094
0.0087	0.0262	-0.083	0.2329	-0.0013	-0.7418	0.4053	0.5343	60	62	12	1	25	0.01	0.05	0	0.01
0.0087	0.0043	-0.08	0.2267	-0.0031	0.3837	0.8503	-0.3601	61	0	12	1	26	0.01	0.05	0	0.01
0.0107	0.0431	-0.0619	-0.2428	0.0107	-0.9705	0.1709	-0.1699	22	64	18	2	1	0.0025	0.4583	0	0.0107
0.0107	0.0354	-0.088	-0.217	-0.003	-0.7628	0.5218	-0.3819	63	65	18	2	2	0.0082	0.3333	0	0.0141
0.0107	0.032	-0.1258	-0.2147	-0.0242	-0.4067	0.6006	-0.6884	64	66	18	2	3	0.01	0.05	0	0.01
0.0107	0.0238	-0.1047	-0.2027	-0.0191	0.4647	0.804	-0.3711	65	67	18	2	4	0.01	0.05	0	0.01
0.0107	0.0014	-0.1058	-0.1952	-0.0039	0.2188	0.8303	0.5126	66	68	18	2	5	0.01	0.05	0	0.01
0.0107	0.0099	-0.1083	-0.1951	-0.0033	0.1228	-0.4622	0.8783	67	0	18	2	6	0.01	0.05	0	0.01
0.009	0.0199	0.0603	0.0129	0.0137	0.5717	0.0978	0.8146	37	70	16	2	1	0.0043	0.375	1	0.0158
0.0089	0.0292	0.0742	0.0168	0.0312	0.6306	-0.3551	-0.6901	69	71	16	2	2	0.0067	0.2	0	0.0158
0.0084	0.0524	0.097	0.0141	0.03	0.0426	-0.9302	0.3646	70	72	16	2	3	0.0011	0.3333	0	0.0113
0.0062	0.0349	0.1033	-0.0373	0.0388	0.0398	-0.9638	0.2636	71	73	16	2	4	0.01	0.05	0	0.01
0.0042	0.0341	0.0849	-0.0599	0.0445	-0.5056	-0.8126	0.29	72	0	16	2	5	0.0004	0.1	0	0.01
0.0101	0.0308	0.0438	0.1826	0.0816	-0.37	0.4218	0.8277	46	75	25	2	1	0.0058	0.4583	1	0.0101
0.0101	0.0426	0.0324	0.1956	0.1072	-0.8517	0.522	0.0464	74	76	25	2	2	0.0058	0.4583	0	0.0101
0.0101	0.0466	0.0014	0.1908	0.0885	-0.3777	-0.6079	0.6984	75	77	25	2	3	0.0039	0.375	0	0.0101
0.0101	0.0297	-0.0057	0.1623	0.1149	0.0612	-0.9905	0.1232	76	78	25	2	4	0.01	0.05	0	0.01
0.0101	0.026	-0.0084	0.136	0.0999	-0.0061	-0.9871	-0.16	77	0	25	2	5	0.01	0.05	0	0.01
0.0086	0.0438	0.0547	0.2032	0.0419	0.0402	0.9619	-0.2704	50	80	26	2	1	0.0026	0.375	0	0.0085
0.0085	0.0253	0.0564	0.2391	0.0343	0.9096	-0.2417	-0.3379	79	81	26	2	2	0.0011	0.25	0	0.0085
0.0089	0.0012	0.0809	0.2369	0.0245	0.8013	-0.4424	-0.4028	80	82	26	2	3	0.01	0.05	0	0.01
0.0089	0.0247	0.0819	0.2364	0.024	0.6647	-0.708	-0.2388	81	0	26	2	4	0.01	0.05	0	0.01
0.0106	0.0302	0.0119	-0.1639	-0.0264	-0.1309	-0.9644	0.2299	0	84	14	0	1	0.0025	0.375	0	0.0087
0.0106	0.0275	0.0066	-0.1884	-0.0153	-0.7639	-0.546	0.3438	83	85	14	0	2	0.0006	0.4167	0	0.0106
0.0106	0.0092	-0.0037	-0.1945	-0.0138	0.669	-0.7395	0.0746	84	86	14	0	3	0.01	0.05	0	0.01
0.0106	0.0175	-0.0008	-0.2001	-0.0153	-0.5613	-0.043	0.8265	85	87	14	0	4	0.01	0.05	0	0.01
0.0106	0.0062	-0.0094	-0.201	-0.0025	0.0159	0.9976	-0.0672	86	0	14	0	5	0.01	0.05	0	0.01
0.0086	0.063	0.0583	0.0142	0.0266	-0.0513	0.7623	-0.6452	69	89	19	3	1	0.0022	0.4167	0	0.0086
0.0086	0.0427	0.0647	0.0443	-0.0041	0.5699	-0.1438	-0.809	88	90	19	3	2	0.0067	0.3125	0	0.0065
0.0086	0.0195	0.0797	0.0293	-0.0303	0.5306	-0.8067	-0.2602	89	91	19	3	3	0.01	0.05	0	0.01
0.0086	0.0213	0.0954	0.0358	-0.0389	0.8516	-0.2784	-0.4441	90	0	19	3	4	0.01	0.05	0	0.01
