radius (m)	length (m)	start_point	axis_direction	parent	extension	branch	branch_order	position_in_branch	mad	SurfCov	added	UnmodRadius (m)
0.0193	0.0484	0.1025	0.324	-0.1289	-0.6317	-0.074	0.7716	0	2	1	0	1	0.0027	0.5833	0	0.0195
0.0185	0.105	0.1053	0.3546	-0.0794	-0.7054	0.7068	-0.0535	1	3	1	0	2	0.0029	0.7188	0	0.0185
0.0186	0.1483	0.0299	0.4305	-0.088	0.6897	0.7186	0.0893	2	4	1	0	3	0.0068	0.5156	0	0.0186
0.0185	0.027	0.0948	0.4473	-0.0032	0.6111	0.3218	0.7232	3	0	1	0	4	0.0001	0.075	0	0.01
0.0167	0.298	0.1042	0.3048	-0.1293	0.0845	-0.9962	-0.02	1	6	2	1	1	0.0028	0.7917	1	0.0167
0.0167	0.0503	0.1293	0.008	-0.1352	-0.0601	0.3071	0.9498	5	7	2	1	2	0.0028	0.7917	0	0.0167
0.0148	0.0476	0.1287	0.0259	-0.0881	-0.572	0.6597	0.4875	6	8	2	1	3	0.0016	0.625	0	0.0148
0.0169	0.0717	0.1025	0.0452	-0.038	-0.4837	0.7902	0.3763	7	9	2	1	4	0.0022	0.5	0	0.0169
0.0151	0.0399	0.0827	0.0863	0.0012	-0.7526	-0.237	0.6144	8	10	2	1	5	0.0016	0.7083	0	0.0151
0.0168	0.045	0.0409	0.0798	0.0194	-0.5024	-0.4863	0.7149	9	11	2	1	6	0.0017	0.7083	0	0.0168
0.0184	0.0652	0.0151	0.0559	0.0611	-0.1434	-0.9582	-0.2476	10	12	2	1	7	0.0022	0.875	0	0.0184
0.0205	0.0773	-0.0224	-0.008	0.0403	0.0235	-0.9834	0.18	11	13	2	1	8	0.0029	0.7083	0	0.0205
0.0154	0.0447	-0.0043	-0.0887	0.0806	-0.5617	-0.8012	0.2064	12	14	2	1	9	0.002	0.75	0	0.0154
0.0151	0.0497	-0.0272	-0.1406	0.0807	-0.6693	-0.4343	0.6029	13	15	2	1	10	0.0027	0.6667	0	0.0164
0.0148	0.0444	-0.063	-0.1578	0.1174	-0.6985	-0.6882	0.1962	14	16	2	1	11	0.002	0.7083	0	0.0148
0.0125	0.0612	-0.0876	-0.1718	0.1462	-0.4917	-0.5901	0.6403	15	17	2	1	12	0.0028	0.5417	0	0.0157
0.0103	0.0199	-0.1145	-0.2124	0.1868	0.1542	0.3894	0.9081	16	18	2	1	13	0.0057	0.8125	0	0.0103
0.0171	0.078	-0.1163	-0.2038	0.1987	-0.3524	-0.9215	0.1631	17	0	2	1	14	0.003	0.5417	0	0.0207
0.0171	0.0433	0.0284	0.4296	-0.0695	-0.9917	0.1158	-0.0552	3	20	3	1	1	0.0055	0.3	0	0.0226
0.0165	0.0967	-0.0222	0.4318	-0.0703	-0.3809	0.8765	-0.2944	19	21	3	1	2	0.0111	0.15	0	0.0268
0.0113	0.084	-0.0579	0.5148	-0.0953	-0.7344	0.4729	0.4868	20	22	3	1	3	0.002	0.5417	0	0.0109
0.0146	0.0483	-0.1053	0.5687	-0.0641	-0.6447	0.7494	0.151	21	23	3	1	4	0.0014	0.2917	0	0.0152
0.0109	0.0219	-0.1263	0.6097	-0.057	-0.408	0.8602	-0.3059	22	24	3	1	5	0.0074	0.375	0	0.0092
0.0109	0.0042	-0.1289	0.6232	-0.0635	0.6281	0.7717	0.0997	23	25	3	1	6	0.01	0.05	0	0.01
0.0109	0.012	-0.1278	0.6214	-0.0618	-0.9538	0.3005	0.0029	24	0	3	1	7	0.01	0.05	0	0.01
0.0201	0.2531	-0.0505	0.3226	-0.0917	0.6187	-0.5229	0.5863	3	27	19	1	1	0.0176	0.475	0	0.0201
0.0201	0.0201	0.1058	0.1895	0.0564	0.56	-0.4375	0.7036	26	0	19	1	2	0.01	0.05	0	0.01
0.0143	0.1097	-0.0471	-0.1712	0.1088	0.7747	-0.631	-0.041	14	29	5	2	1	0.0037	0.0391	1	0.0749
0.0138	0.2318	0.0083	-0.2443	0.0963	0.2845	-0.2716	-0.9194	28	30	5	2	2	0.0519	0.0333	0	0.0749
0.0138	0.0678	0.057	-0.3814	-0.0896	0.6928	0.1007	0.7141	29	31	5	2	3	0.0012	0.4167	0	0.0153
0.0137	0.0379	0.0899	-0.3812	-0.0508	0.1752	-0.9108	0.3737	30	32	5	2	4	0.0013	0.4167	0	0.0179
0.0117	0.0293	0.0928	-0.4073	-0.023	-0.2505	-0.8516	0.4605	31	33	5	2	5	0.0013	0.625	0	0.0117
0.0129	0.0516	0.0984	-0.4308	-0.0086	0.1136	-0.9886	-0.0984	32	34	5	2	6	0.0015	0.5833	0	0.0131
0.0129	0.0291	0.1023	-0.4841	-0.0174	0.7112	-0.7004	0.0603	33	35	5	2	7	0.001	0.3333	0	0.016
0.0117	0.0107	0.1245	-0.4963	-0.0038	0.2611	-0.8075	0.5289	34	36	5	2	8	0.01	0.05	0	0.01
0.0117	0.02	0.1273	-0.5049	0.0018	-0.7976	-0.5838	-0.1517	35	0	5	2	9	0.01	0.05	0	0.01
0.0107	0.0076	-0.1076	-0.2046	0.2134	-0.3986	0.9013	-0.1697	18	38	6	2	1	0.0118	0.475	0	0.0233
0.0104	0.0272	-0.1767	-0.2714	0.1942	0.6382	-0.6671	0.3842	37	39	6	2	2	0.0017	0.4167	0	0.0104
0.0104	0.0129	-0.1595	-0.2892	0.2059	-0.3618	-0.9023	0.2343	38	0	6	2	3	0.01	0.05	0	0.01
0.0172	0.1775	-0.0384	-0.1406	0.105	-0.0766	-0.4808	-0.8735	14	41	20	2	1	0.0084	0.32	0	0.0233
0.0172	0.0492	-0.0451	-0.2384	-0.0473	0.0055	-0.2082	-0.9781	40	42	20	2	2	0.0024	0.6667	0	0.0175
0.0172	0.0514	-0.0432	-0.2482	-0.0962	0.2986	-0.9542	0.0198	41	43	20	2	3	0.002	0.625	0	0.0204
0.0143	0.0686	-0.0246	-0.2943	-0.0953	0.6701	-0.7208	0.1773	42	44	20	2	4	0.0026	0.7083	0	0.0172
0.0172	0.0767	0.0279	-0.3429	-0.0934	0.8279	0.1363	0.544	43	45	20	2	5	0.0024	0.5417	0	0.0159
0.0172	0.0504	0.0997	-0.3499	-0.0431	0.8978	0.4398	0.0249	44	46	20	2	6	0.0052	0.25	0	0.0105
0.0172	0.0075	0.1293	-0.3136	-0.0435	0.6327	0.7314	0.2543	45	47	20	2	7	0.01	0.05	0	0.01
0.0172	0.0549	0.1347	-0.3056	-0.0505	0.5723	-0.7989	-0.1852	46	48	20	2	8	0.0046	0.3	0	0.0119
0.0172	0.0518	0.1762	-0.3495	-0.0567	0.0362	-0.9926	-0.1163	47	49	20	2	9	0.0068	0.3438	0	0.015
0.0172	0.0245	0.1616	-0.3709	-0.0272	0.4842	-0.5439	0.6853	48	50	20	2	10	0.0036	0.15	0	0.01
0.0172	0.0418	0.1766	-0.3686	-0.0282	0.3098	-0.7405	-0.5964	49	0	20	2	11	0.0021	0.15	0	0.01
0.0073	0.0826	-0.1282	0.6162	-0.0619	0.8471	-0.5288	-0.0526	22	52	17	2	1	0.0023	0.5	0	0.0072
0.0076	0.0384	-0.0583	0.5772	-0.0686	0.9693	0.1173	0.2161	51	53	17	2	2	0.0012	0.2917	0	0.0077
0.0075	0.0516	-0.0211	0.5821	-0.0612	0.6742	0.6902	0.2629	52	54	17	2	3	0.0008	0.25	0	0.0078
0.0074	0.0093	0.0177	0.6131	-0.0471	0.7422	0.6655	0.0793	53	0	17	2	4	0.01	0.05	0	0.01
0.0109	0.0409	-0.0614	0.4084	-0.0832	-0.7968	0.5382	0.2748	0	56	14	0	1	0.0016	0.3333	0	0.0151
0.0109	0.0338	-0.0926	0.4299	-0.0678	-0.8199	-0.5338	0.2069	55	0	14	0	2	0.0014	0.4167	0	0.0109
0.0152	0.0579	0.0982	-0.3741	-0.0666	0.7569	-0.2638	-0.5979	30	58	11	3	1	0.0035	0.5417	0	0.0152
0.0152	0.0232	0.1438	-0.3981	-0.1203	0.9546	-0.2265	0.1936	57	0	11	3	2	0.0002	0.05	0	0.01
0.013	0.0485	0.1024	-0.3743	-0.0509	0.8877	0.4604	0.0064	31	60	12	3	1	0.0038	0.375	1	0.0133
0.013	0.0634	0.1455	-0.352	-0.0506	0.0749	-0.9272	-0.367	59	61	12	3	2	0.0038	0.375	0	0.0133
0.013	0.042	0.1522	-0.4132	-0.0743	-0.5456	-0.3111	-0.7782	60	62	12	3	3	0.0013	0.3333	0	0.0136
0.0097	0.0159	0.1243	-0.4342	-0.1095	0.8562	-0.5122	-0.0682	61	0	12	3	4	0.0031	0.2917	0	0.0097
0.0116	0.0186	-0.0283	-0.1712	0.0352	0.8878	0.2215	-0.4034	40	64	7	3	1	0.0016	0.5417	1	0.0116
0.0116	0.0313	-0.0118	-0.1671	0.0277	0.6224	-0.7752	-0.1078	63	65	7	3	2	0.0016	0.5417	0	0.0116
0.0132	0.031	0.0129	-0.1937	0.0063	0.0252	-0.9901	0.1382	64	66	7	3	3	0.0014	0.4583	0	0.0132
0.0147	0.0558	0.0095	-0.2251	0.0154	0.1954	-0.9804	0.0242	65	67	7	3	4	0.0011	0.3333	0	0.0167
0.0116	0.0062	0.029	-0.2786	0.0135	0.2203	-0.9494	0.2239	66	68	7	3	5	0.0042	0.35	0	0.0103
0.0119	0.0502	0.0375	-0.2803	0.0046	0.5532	0.5679	0.6094	67	69	7	3	6	0.0013	0.3333	0	0.0119
0.0116	0.0109	0.0639	-0.2513	0.0297	0.8575	0.4867	-0.1668	68	70	7	3	7	0.01	0.05	0	0.01
0.0116	0.0178	0.0801	-0.2515	0.034	0.7143	0.6713	-0.1979	69	71	7	3	8	0.01	0.05	0	0.01
0.0116	0.0173	0.0923	-0.2406	0.0308	0.9125	-0.4087	0.0179	70	0	7	3	9	0.01	0.05	0	0.01
0.0207	0.0669	-0.0649	-0.1989	-0.0003	-0.9871	-0.093	-0.1306	40	73	9	3	1	0.0022	0.4167	1	0.0207
0.0207	0.0368	-0.131	-0.2051	-0.009	-0.756	-0.6489	0.0861	72	74	9	3	2	0.0022	0.4167	0	0.0207
0.0207	0.0306	-0.1565	-0.2312	-0.0034	-0.5064	-0.8143	-0.2839	73	0	9	3	3	0.0022	0.375	0	0.0185
0.0154	0.1177	-0.0635	-0.1972	0.0112	0.1455	-0.9308	0.3354	40	76	21	3	1	0.0189	0.4	0	0.0422
0.0154	0.0425	-0.0788	-0.3105	0.0794	0.2354	-0.9615	0.1416	75	77	21	3	2	0.0023	0.4167	0	0.0154
0.0154	0.0163	-0.0648	-0.3538	0.1004	-0.3772	-0.9247	-0.052	76	0	21	3	3	0.0013	0.15	0	0.01
0.0117	0.0105	0.127	-0.3869	-0.0713	0.5971	-0.3875	0.7024	57	79	15	4	1	0.0022	0.375	1	0.0117
0.0117	0.0382	0.1333	-0.3909	-0.0639	-0.7929	-0.533	-0.2954	78	80	15	4	2	0.0022	0.375	0	0.0117
0.01	0.0092	0.1024	-0.4099	-0.0779	-0.5971	0.6473	0.4737	79	81	15	4	3	0.01	0.05	0	0.01
0.0085	0.0264	0.0911	-0.4087	-0.0736	0.012	0.0068	-0.9999	80	82	15	4	4	0.01	0.05	0	0.01
0.0051	0.0084	0.0912	-0.4081	-0.0995	-0.8707	-0.4868	0.0704	81	0	15	4	5	0.01	0.05	0	0.01
0.0184	0.0675	0.095	-0.2349	0.0211	-0.9352	0.3459	0.0751	71	84	16	4	1	0.0035	0.4167	0	0.0184
0.0184	0.0154	0.0392	-0.2125	0.0224	0.3708	0.7705	0.5185	83	0	16	4	2	0.0026	0.1	0	0.01
0.0138	0.0554	-0.1346	-0.1562	0.0311	0.0555	0.6902	-0.7215	0	0	22	0	1	0.003	0.5833	0	0.0138
