radius (m)	length (m)	start_point	axis_direction	parent	extension	branch	branch_order	position_in_branch	mad	SurfCov	added	UnmodRadius (m)
0.0151	0.0999	-0.048	-0.0693	-0.1279	-0.8188	0.0876	0.5673	0	2	1	0	1	0.0027	0.7188	0	0.0151
0.0152	0.0474	-0.1128	-0.056	-0.0584	-0.6172	0.4178	0.6667	1	3	1	0	2	0.0021	0.7917	0	0.0152
0.0151	0.0648	-0.138	-0.0351	-0.028	-0.1385	0.9242	0.3559	2	4	1	0	3	0.0016	0.5833	0	0.0124
0.0151	0.0417	-0.1515	0.0219	-0.017	-0.0219	0.9729	-0.2303	3	5	1	0	4	0.0016	0.2917	0	0.0114
0.0176	0.0579	-0.1488	0.0582	-0.0087	-0.142	0.9557	0.2577	4	6	1	0	5	0.0014	0.3333	0	0.0201
0.0162	0.0377	-0.1525	0.1207	-0.0018	-0.1623	0.781	0.6031	5	7	1	0	6	0.0082	0.3333	0	0.0162
0.0165	0.0051	-0.1628	0.1248	0.0171	0.199	-0.1778	0.9638	6	8	1	0	7	0.0014	0.25	0	0.0174
0.0151	0.0096	-0.1579	0.1232	0.026	-0.2319	-0.9712	0.0544	7	9	1	0	8	0.0026	0.225	0	0.01
0.0151	0.0114	-0.152	0.0978	0.016	-0.7768	-0.5684	0.2711	8	0	1	0	9	0.0028	0.175	0	0.01
0.011	0.037	-0.0878	-0.0644	-0.082	0.9899	-0.0758	0.1201	1	11	3	1	1	0.01	0.05	1	0.01
0.0107	0.0354	-0.0512	-0.0672	-0.0775	0.9677	-0.2334	0.095	10	12	3	1	2	0.01	0.05	0	0.01
0.0109	0.0573	-0.0113	-0.0698	-0.0661	0.6041	-0.7868	0.1263	11	13	3	1	3	0.0006	0.3333	0	0.0115
0.01	0.0078	0.0209	-0.0986	-0.0652	0.3354	-0.2994	-0.8932	12	0	3	1	4	0.01	0.05	0	0.01
0.0102	0.0341	-0.1228	-0.0654	-0.0461	-0.2638	-0.885	0.3838	2	15	4	1	1	0.0037	0.6667	1	0.0102
0.0102	0.0801	-0.1318	-0.0956	-0.033	0.7512	0.6314	0.1923	14	16	4	1	2	0.0037	0.6667	0	0.0102
0.0139	0.0482	-0.0906	-0.0229	-0.0138	0.7661	0.6332	0.1106	15	17	4	1	3	0.0036	0.325	0	0.0193
0.014	0.0424	-0.0597	0.0128	-0.0236	0.7546	0.6516	-0.0772	16	18	4	1	4	0.0015	0.5	0	0.0188
0.0142	0.0325	-0.0272	0.0415	-0.0255	0.8291	0.2679	-0.4907	17	19	4	1	5	0.0016	0.5833	0	0.019
0.0112	0.0516	-0.0067	0.0666	-0.027	0.7437	0.5799	-0.3327	18	20	4	1	6	0.0018	0.5417	0	0.0112
0.011	0.0046	0.0317	0.0965	-0.0446	0.5651	0.8229	-0.0584	19	21	4	1	7	0.0053	0.475	0	0.011
0.0091	0.0623	0.0344	0.1005	-0.0422	0.8494	-0.5277	0.0049	20	22	4	1	8	0.0012	0.4583	0	0.0084
0.009	0.0422	0.0911	0.0791	-0.038	0.9355	-0.204	-0.2885	21	23	4	1	9	0.0008	0.3333	0	0.009
0.0128	0.0589	0.1325	0.064	-0.0427	0.9763	0.0544	-0.2093	22	24	4	1	10	0.0035	0.1	0	0.0201
0.0128	0.0157	0.1797	0.0837	-0.0418	0.8989	0.3717	0.232	23	25	4	1	11	0.0054	0.3438	0	0.0152
0.0125	0.0326	0.2009	0.0773	-0.0434	0.8705	0.4911	0.0312	24	26	4	1	12	0.0011	0.3333	0	0.0152
0.0098	0.0418	0.2252	0.0947	-0.0511	0.8644	0.37	-0.3405	25	27	4	1	13	0.0011	0.3333	0	0.0098
0.0112	0.0529	0.2573	0.1102	-0.0526	0.7195	0.6554	0.2296	26	28	4	1	14	0.0013	0.375	0	0.0122
0.0085	0.0284	0.2977	0.1451	-0.0497	0.7313	0.652	0.2004	27	29	4	1	15	0.0009	0.2917	0	0.0085
0.0075	0.0293	0.3196	0.1621	-0.0465	0.8951	0.4212	0.1462	28	30	4	1	16	0.0028	0.5	0	0.0075
0.0092	0.0071	0.3446	0.1761	-0.0438	0.7813	0.6216	0.0566	29	31	4	1	17	0.01	0.05	0	0.01
0.0089	0.0278	0.3501	0.1805	-0.0433	0.6811	-0.3082	-0.6642	30	0	4	1	18	0.01	0.05	0	0.01
0.0133	0.0273	-0.131	0.0136	-0.0157	0.9164	0.1744	-0.3601	3	33	5	1	1	0.0042	0.4167	1	0.0133
0.0133	0.0507	-0.106	0.0184	-0.0255	-0.0818	-0.1688	0.9822	32	34	5	1	2	0.0042	0.4167	0	0.0133
0.0133	0.0107	-0.1084	0.0023	0.0159	-0.0462	-0.7472	0.663	33	35	5	1	3	0.01	0.05	0	0.01
0.0133	0.0331	-0.1194	-0.0072	0.0201	0.0228	-0.9166	0.3993	34	0	5	1	4	0.0031	0.175	0	0.0076
0.0134	0.0864	-0.1558	-0.0175	-0.0201	-0.3412	0.9175	0.2042	3	37	77	1	1	0.0035	0.5417	0	0.0134
0.0134	0.0527	-0.196	0.0578	0.0064	-0.5901	0.7075	-0.3888	36	38	77	1	2	0.0008	0.2917	0	0.0091
0.0134	0.0394	-0.2314	0.094	-0.0078	-0.7183	0.5695	-0.3996	37	39	77	1	3	0.01	0.05	0	0.01
0.0134	0.0277	-0.2642	0.1101	-0.0086	-0.8845	0.4617	-0.0672	38	0	77	1	4	0.01	0.05	0	0.01
0.0083	0.0793	-0.168	0.0927	0.0056	-0.7286	0.5459	0.4138	9	41	18	1	1	0.0023	0.5	0	0.0073
0.0112	0.0701	-0.2244	0.1389	0.0406	-0.9336	0.3154	0.1699	40	42	18	1	2	0.0012	0.4167	0	0.0118
0.0104	0.0297	-0.2864	0.1631	0.0481	-0.6147	0.7811	-0.1096	41	43	18	1	3	0.0013	0.2917	0	0.0118
0.0102	0.0305	-0.3079	0.1852	0.0504	-0.1491	0.9814	0.1213	42	44	18	1	4	0.0013	0.2917	0	0.0122
0.0064	0.0149	-0.3089	0.2115	0.0591	-0.2579	0.6956	0.6705	43	45	18	1	5	0.0046	0.625	0	0.0064
0.0046	0.0223	-0.3133	0.2203	0.0714	-0.923	0.379	0.0672	44	0	18	1	6	0.0042	0.4375	0	0.0046
0.0115	0.135	-0.071	-0.0008	0.0026	-0.5534	0.4363	-0.7095	16	47	10	2	1	0.01	0.05	0	0.01
0.0116	0.0316	-0.1468	0.0501	-0.0977	-0.9765	0.1927	-0.0963	46	48	10	2	2	0.0014	0.3333	0	0.0123
0.0105	0.0236	-0.1728	0.0564	-0.1001	0.005	-0.9753	0.2208	47	49	10	2	3	0.01	0.05	0	0.01
0.01	0.0141	-0.1711	0.0331	-0.0936	-0.6279	0.1602	0.7616	48	0	10	2	4	0.01	0.05	0	0.01
0.0134	0.0545	0.027	0.0977	-0.0511	-0.4246	0.5372	0.7287	20	51	12	2	1	0.0071	0.475	0	0.02
0.0134	0.0572	0.0126	0.1376	-0.0282	-0.8959	0.3831	-0.2251	50	52	12	2	2	0.0058	0.625	0	0.0194
0.0134	0.0631	-0.0286	0.1562	-0.0328	-0.0289	0.917	0.3979	51	53	12	2	3	0.0021	0.5417	0	0.0134
0.0134	0.0303	-0.029	0.2172	-0.0162	-0.3746	0.8912	0.2557	52	54	12	2	4	0.0014	0.4167	0	0.0163
0.0134	0.0266	-0.0364	0.2533	-0.0029	-0.8802	0.097	0.4645	53	0	12	2	5	0.0029	0.3333	0	0.0085
0.0133	0.0392	-0.0583	0.0168	-0.0099	-0.0127	0.1879	0.9821	17	56	78	2	1	0.0044	0.625	1	0.0161
0.0132	0.0694	-0.0588	0.0241	0.0285	0.4335	-0.9005	0.034	55	57	78	2	2	0.0044	0.625	0	0.0161
0.0121	0.0586	-0.0328	-0.0415	0.0329	0.5742	-0.2404	0.7826	56	58	78	2	3	0.0014	0.5833	0	0.0121
0.009	0.0633	0.0131	-0.044	0.0696	0.547	-0.7928	-0.269	57	59	78	2	4	0.001	0.4583	0	0.0085
0.0093	0.0389	0.0428	-0.0952	0.0577	0.1933	-0.9811	0.0022	58	60	78	2	5	0.0011	0.375	0	0.0093
0.0105	0.0387	0.0377	-0.1332	0.0488	-0.2062	-0.939	0.2753	59	61	78	2	6	0.001	0.4583	0	0.0105
0.0105	0.0285	0.0359	-0.1723	0.0536	-0.5703	-0.7845	-0.2436	60	62	78	2	7	0.0012	0.25	0	0.0105
0.011	0.0495	0.012	-0.1836	0.0402	0.2376	-0.363	-0.901	61	63	78	2	8	0.0012	0.375	0	0.0115
0.0094	0.0195	0.0267	-0.2034	-0.0029	0.5232	0.1149	-0.8444	62	64	78	2	9	0.0008	0.3333	0	0.0094
0.0071	0.0192	0.0362	-0.1947	-0.0204	0.7912	-0.0285	-0.6109	63	65	78	2	10	0.0042	0.6667	0	0.0061
0.0107	0.0403	0.059	-0.2055	-0.0307	0.581	0.5189	0.6271	64	66	78	2	11	0.0035	0.2	0	0.0161
0.0075	0.0474	0.0817	-0.1847	-0.0198	-0.191	-0.9814	0.018	65	67	78	2	12	0.001	0.3333	0	0.0075
0.0075	0.0246	0.0652	-0.2239	-0.017	-0.6819	-0.7235	0.1071	66	68	78	2	13	0.01	0.05	0	0.01
0.0064	0.011	0.0725	-0.2388	-0.0237	-0.0497	-0.909	-0.4139	67	69	78	2	14	0.0007	0.3333	0	0.0064
0.0066	0.0106	0.0783	-0.2504	-0.0298	-0.2236	-0.9694	0.1018	68	0	78	2	15	0.01	0.05	0	0.01
0.0106	0.0677	-0.0362	0.0423	-0.0387	-0.6349	0.6763	-0.3736	17	71	23	2	1	0.0028	0.5417	0	0.0106
0.0106	0.0009	-0.081	0.0788	-0.061	-0.9785	0.1462	-0.1456	70	0	23	2	2	0.01	0.05	0	0.01
0.0076	0.1396	-0.0351	0.0533	-0.0189	-0.0188	0.9087	-0.417	18	73	24	2	1	0.0065	0.275	0	0.0086
0.0056	0.0412	-0.0445	0.165	-0.0645	-0.5983	0.6542	0.4626	72	0	24	2	2	0.0024	0.2917	0	0.0192
0.0099	0.0755	0.0046	0.0879	-0.029	0.466	0.881	-0.0819	19	75	25	2	1	0.0051	0.6667	1	0.0099
0.0099	0.0417	0.0398	0.1544	-0.0352	0.998	-0.0629	-0.0074	74	0	25	2	2	0.0051	0.6667	0	0.0099
0.008	0.0727	0.1441	0.0771	-0.0424	-0.9257	0.3273	0.1897	23	77	39	2	1	0.0022	0.5417	0	0.008
0.008	0.0001	0.0772	0.102	-0.0289	-0.878	0.4463	0.1734	76	0	39	2	2	0.0019	0.25	0	0.0074
0.0101	0.0293	0.156	0.0526	-0.0488	-0.4206	-0.8602	-0.2884	23	79	40	2	1	0.0015	0.4167	0	0.0101
0.0101	0.044	0.1478	0.0284	-0.0657	-0.3396	-0.898	-0.2797	78	80	40	2	2	0.01	0.05	0	0.01
0.0101	0.0276	0.1329	-0.0112	-0.078	0.8241	-0.2139	-0.5246	79	0	40	2	3	0.01	0.05	0	0.01
0.0103	0.0654	0.1863	0.0789	-0.0518	0.3847	-0.4297	-0.8169	24	82	41	2	1	0.0026	0.2333	1	0.0471
0.0103	0.0417	0.2078	0.0756	-0.0728	0.2001	-0.7666	0.6102	81	83	41	2	2	0.0048	0.25	0	0.0471
0.0094	0.0075	0.2144	0.0516	-0.0434	-0.7178	-0.4297	0.5479	82	84	41	2	3	0.01	0.05	0	0.01
0.007	0.0601	0.2047	0.0449	-0.0458	-0.1101	-0.8449	0.5234	83	85	41	2	4	0.0009	0.4583	0	0.0068
0.0091	0.0318	0.199	-0.0119	-0.0246	0.0179	-0.8642	0.5029	84	86	41	2	5	0.004	0.375	0	0.0091
0.0095	0.0174	0.1902	-0.0353	-0.0053	-0.198	-0.8557	0.4781	85	87	41	2	6	0.0044	0.5	0	0.0096
0.0067	0.0177	0.1947	-0.0529	-0.0127	-0.4962	-0.8621	-0.1032	86	88	41	2	7	0.0049	0.7917	0	0.0067
0.007	0.0281	0.181	-0.071	-0.0121	0.075	-0.7274	-0.6821	87	89	41	2	8	0.0047	0.5417	0	0.005
0.0069	0.0329	0.176	-0.0823	-0.034	-0.5767	-0.6089	-0.5447	88	90	41	2	9	0.0044	0.4375	0	0.0063
0.0108	0.0163	0.1703	-0.1093	-0.055	-0.4446	-0.5246	-0.726	89	91	41	2	10	0.0042	0.5417	0	0.0113
0.0069	0.0293	0.1661	-0.1147	-0.0673	0.4596	-0.5573	-0.6915	90	92	41	2	11	0.0035	0.5	0	0.0053
0.0109	0.0073	0.1694	-0.1399	-0.0689	0.3947	-0.895	-0.2079	91	93	41	2	12	0.0066	0.4167	0	0.0155
0.0098	0.0327	0.1787	-0.1541	-0.0844	-0.0417	-0.8839	0.4658	92	94	41	2	13	0.0009	0.4167	0	0.0102
0.0097	0.0391	0.1794	-0.1816	-0.0729	0.4061	-0.9076	-0.1063	93	95	41	2	14	0.001	0.25	0	0.0107
0.0085	0.0282	0.1921	-0.2185	-0.0774	0.4102	-0.9112	0.0385	94	96	41	2	15	0.0063	0.5313	0	0.0085
0.0091	0.0013	0.2073	-0.2201	-0.0828	0.9732	-0.0907	0.2112	95	97	41	2	16	0.01	0.05	0	0.01
0.0107	0.0379	0.1965	-0.2206	-0.0786	-0.0594	-0.9599	-0.2741	96	98	41	2	17	0.001	0.4167	0	0.012
0.009	0.0136	0.2011	-0.2614	-0.09	-0.5236	-0.7026	-0.4818	97	99	41	2	18	0.01	0.05	0	0.01
0.009	0.0147	0.1962	-0.2678	-0.0982	0.7543	-0.6311	-0.1807	98	100	41	2	19	0.01	0.05	0	0.01
0.0089	0.0309	0.2073	-0.2771	-0.1008	0.9131	-0.362	0.1878	99	101	41	2	20	0.01	0.05	0	0.01
0.0089	0.0275	0.2355	-0.2883	-0.095	0.8775	0.4258	-0.2205	100	0	41	2	21	0.01	0.05	0	0.01
0.0093	0.0636	0.2703	0.1095	-0.0589	0.9382	0.3064	-0.1607	26	103	42	2	1	0.0015	0.2083	1	0.0117
0.0093	0.0393	0.33	0.1289	-0.0691	0.6664	0.6266	0.4041	102	104	42	2	2	0.0015	0.2083	0	0.0117
0.0093	0.0018	0.3528	0.1533	-0.0448	0.0668	0.9965	0.0506	103	105	42	2	3	0.01	0.05	0	0.01
0.0093	0.027	0.3606	0.1549	-0.0455	0.0785	0.737	0.6713	104	0	42	2	4	0.01	0.05	0	0.01
0.0118	0.0259	-0.1843	0.0366	-0.0187	-0.9777	-0.0758	0.1956	36	107	80	2	1	0.0037	0.4583	0	0.0118
0.0118	0.0058	-0.2077	0.032	-0.0256	-0.9253	-0.373	-0.0685	106	108	80	2	2	0.01	0.05	0	0.01
0.0118	0.0264	-0.2154	0.0324	-0.0157	-0.2557	0.9242	-0.2838	107	0	80	2	3	0.01	0.05	0	0.01
0.0094	0.0567	-0.2162	0.1263	0.0235	-0.9594	-0.2462	-0.1378	40	110	31	2	1	0.0033	0.225	0	0.0145
0.0094	0.0368	-0.2633	0.0956	0.0344	-0.7905	0.2731	0.5482	109	111	31	2	2	0.0072	0.375	0	0.0109
0.0094	0.0185	-0.302	0.1201	0.0488	-0.6324	-0.1142	0.7662	110	112	31	2	3	0.0071	0.375	0	0.0105
0.0094	0.0284	-0.3139	0.1193	0.0457	-0.8983	0.4377	0.038	111	113	31	2	4	0.0056	0.4375	0	0.0124
0.0094	0.0279	-0.3259	0.1344	0.0507	-0.2007	0.9793	0.0272	112	114	31	2	5	0.0018	0.25	0	0.0129
0.0094	0.0302	-0.328	0.161	0.0526	0.0291	0.8778	0.4781	113	115	31	2	6	0.0012	0.5	0	0.0094
0.0094	0.0088	-0.3398	0.18	0.0653	-0.513	0.7907	0.3341	114	116	31	2	7	0.0056	0.5	0	0.0122
0.0094	0.0093	-0.3418	0.1976	0.0719	-0.3357	-0.2382	0.9114	115	0	31	2	8	0.0013	0.375	0	0.0142
0.0209	0.051	-0.2813	0.1488	0.0434	-0.8341	0.0469	-0.5496	41	118	45	2	1	0.0033	0.4583	0	0.0209
0.0209	0.022	-0.3112	0.1543	0.0275	0.1987	-0.9792	0.0411	117	0	45	2	2	0.0032	0.175	0	0.01
0.0148	0.0384	-0.0155	0.1578	-0.0351	0.3947	0.7771	0.4903	52	120	27	3	1	0.0024	0.5417	0	0.0148
0.0148	0.0445	0.0253	0.2159	-0.0182	-0.0076	-0.0628	-0.998	119	121	27	3	2	0.0011	0.2917	0	0.0141
0.0148	0.0203	0.0221	0.2191	-0.0671	0.9267	0.2173	-0.3065	120	0	27	3	3	0.01	0.05	0	0.01
0.0104	0.0322	-0.0469	-0.0311	0.0316	-0.9711	-0.2252	0.0787	56	123	14	3	1	0.0023	0.375	1	0.0105
0.0104	0.0359	-0.0781	-0.0384	0.0341	-0.5656	0.1757	0.8057	122	124	14	3	2	0.0023	0.375	0	0.0105
0.0101	0.0277	-0.1009	-0.0189	0.0582	-0.2939	0.2773	0.9147	123	125	14	3	3	0.01	0.05	0	0.01
0.01	0.0352	-0.109	-0.0112	0.0836	0.5642	0.7282	0.3892	124	0	14	3	4	0.01	0.05	0	0.01
0.0098	0.0831	0.0241	-0.0683	0.0544	-0.4647	-0.152	0.8723	58	127	82	3	1	0.0039	0.6667	0	0.0138
0.0098	0.0617	-0.0184	-0.0869	0.1367	-0.8101	0.5851	0.0366	126	128	82	3	2	0.002	0.5833	0	0.0136
0.0098	0.0566	-0.0628	-0.0335	0.1339	-0.9532	0.3003	-0.035	127	129	82	3	3	0.0064	0.7917	0	0.0098
0.0098	0.0413	-0.1178	-0.0311	0.1385	-0.9978	0.0654	-0.0147	128	130	82	3	4	0.0054	0.525	0	0.0151
0.0098	0.0582	-0.1511	-0.019	0.1273	-0.8575	0.4617	-0.2271	129	131	82	3	5	0.0059	0.625	0	0.0149
0.0098	0.0247	-0.2037	0.0042	0.1316	-0.8759	0.4811	-0.0373	130	132	82	3	6	0.0016	0.5417	0	0.0121
0.0098	0.0338	-0.2218	-0.0021	0.153	-0.8923	0.2723	0.36	131	133	82	3	7	0.0016	0.5833	0	0.0114
0.0098	0.0188	-0.2486	0.0122	0.1663	-0.753	0.3967	0.525	132	0	82	3	8	0.01	0.05	0	0.01
0.0088	0.0224	0.0513	-0.1318	0.0487	0.1812	-0.2019	-0.9625	59	135	29	3	1	0.0029	0.4583	1	0.0105
0.0088	0.0766	0.0554	-0.1363	0.0271	-0.6165	-0.5702	-0.5429	134	136	29	3	2	0.0029	0.4583	0	0.0105
0.0087	0.0378	0.0017	-0.1762	-0.005	-0.6124	-0.7835	-0.1053	135	137	29	3	3	0.0036	0.1	0	0.0139
0.0085	0.0378	0.002	-0.2024	-0.0052	0.087	-0.9471	0.309	136	138	29	3	4	0.0037	0.5	0	0.0085
0.0085	0.0154	0.01	-0.2334	0.0085	0.6005	-0.7381	0.3075	137	139	29	3	5	0.01	0.05	0	0.01
0.0085	0.0274	0.0193	-0.2448	0.0133	0.7972	0.0583	-0.6009	138	0	29	3	6	0.01	0.05	0	0.01
0.0106	0.0534	0.0569	-0.1194	0.0564	0.9309	0.3312	-0.1544	59	141	35	3	1	0.01	0.05	1	0.01
0.0106	0.0273	0.1066	-0.1017	0.0481	0.4647	0.3127	-0.8284	140	142	35	3	2	0.01	0.05	0	0.01
0.0106	0.0316	0.1133	-0.0844	0.0059	0.5182	0.8281	0.2139	141	143	35	3	3	0.0062	0.35	0	0.0159
0.0106	0.0231	0.1333	-0.0697	0.0028	0.95	0.0285	0.3109	142	144	35	3	4	0.001	0.4167	0	0.0106
0.0106	0.0186	0.1528	-0.0693	0.0064	-0.3657	0.9124	0.1838	143	145	35	3	5	0.0009	0.2917	0	0.0096
0.0106	0.0457	0.1624	-0.0628	-0.0051	-0.3379	0.5544	-0.7605	144	146	35	3	6	0.0091	0.375	0	0.0137
0.0106	0.0272	0.1452	-0.0201	-0.0197	0.1795	0.7516	-0.6347	145	147	35	3	7	0.01	0.05	0	0.01
0.0106	0.0083	0.1494	-0.0441	-0.0224	0.4106	-0.2893	-0.8647	146	0	35	3	8	0.01	0.05	0	0.01
0.0099	0.0397	0.0442	-0.1521	0.0546	0.6493	-0.3961	-0.6492	60	149	38	3	1	0.0045	0.3	1	0.015
0.0098	0.0524	0.0558	-0.1586	0.0231	0.1297	-0.3768	-0.9172	148	150	38	3	2	0.0033	0.25	0	0.015
0.0088	0.0455	0.0548	-0.1665	-0.0126	-0.8068	0.0857	-0.5846	149	151	38	3	3	0.0049	0.375	0	0.009
0.0075	0.0203	0.0352	-0.1541	-0.0384	-0.4012	0.8392	-0.3671	150	152	38	3	4	0.01	0.05	0	0.01
0.0075	0.0365	0.0168	-0.1563	-0.0424	-0.8478	0.4899	0.2031	151	153	38	3	5	0.0054	0.275	0	0.0152
0.0043	0.0138	-0.0053	-0.1385	-0.0397	-0.0521	0.9919	-0.1161	152	0	38	3	6	0.0093	0.175	0	0.01
0.0067	0.0354	0.2008	0.006	-0.0197	-0.364	0.1821	0.9134	84	155	47	3	1	0.0049	0.325	0	0.012
0.0067	0.0059	0.1958	0.0131	0.021	-0.5887	-0.5413	0.6004	154	156	47	3	2	0.01	0.05	0	0.01
0.0067	0.0006	0.1913	0.0086	0.0251	-0.1683	0.5205	0.8371	155	157	47	3	3	0.01	0.05	0	0.01
0.0067	0.0137	0.1896	0.0107	0.0253	0.7337	0.6699	0.1131	156	0	47	3	4	0.01	0.05	0	0.01
0.011	0.0317	0.2053	-0.0286	-0.007	0.5597	0.7702	0.3057	85	159	56	3	1	0.0024	0.4167	1	0.0118
0.011	0.0597	0.2231	-0.0042	0.0027	0.1864	-0.956	-0.2265	158	160	56	3	2	0.0024	0.4167	0	0.0118
0.011	0.0283	0.2265	-0.0598	0.0004	-0.3169	-0.9441	-0.0913	159	161	56	3	3	0.0013	0.4167	0	0.011
0.011	0.0041	0.2155	-0.0772	-0.0039	-0.9617	-0.1764	0.21	160	162	56	3	4	0.01	0.05	0	0.01
0.011	0.0421	0.2115	-0.0779	-0.0031	0.2117	-0.9708	-0.113	161	0	56	3	5	0.01	0.05	0	0.01
0.0086	0.0485	0.1904	-0.0352	-0.0111	-0.3845	0.4395	-0.8118	85	164	62	3	1	0.0036	0.3333	0	0.0111
0.0086	0.0077	0.172	-0.0156	-0.0387	-0.4748	0.869	0.1394	163	165	62	3	2	0.01	0.05	0	0.01
0.0086	0.0279	0.1668	-0.0114	-0.0394	-0.6896	0.6565	-0.3058	164	166	62	3	3	0.01	0.05	0	0.01
0.0086	0.0137	0.1472	0.0182	-0.0424	-0.9848	0.05	-0.1661	165	0	62	3	4	0.01	0.05	0	0.01
0.0066	0.0873	0.19	-0.0966	-0.0327	0.7537	0.4232	-0.5028	88	168	65	3	1	0.0019	0.3333	0	0.021
0.0066	0.0389	0.2514	-0.0789	-0.0738	0.9582	-0.2392	-0.1568	167	169	65	3	2	0.0075	0.4688	0	0.0128
0.0066	0.004	0.2903	-0.0748	-0.0854	0.4845	-0.3782	-0.7888	168	170	65	3	3	0.0052	0.4167	0	0.0118
0.0066	0.0033	0.2917	-0.0729	-0.0814	0.9839	0.1776	-0.0212	169	0	65	3	4	0.0021	0.375	0	0.0079
0.0165	0.033	0.1823	-0.1763	-0.081	0.2864	0.5273	-0.8	94	172	69	3	1	0.004	0.4167	1	0.0165
0.0165	0.0751	0.1917	-0.1589	-0.1074	0.767	0.5026	0.399	171	173	69	3	2	0.004	0.4167	0	0.0165
0.0165	0.0251	0.2484	-0.1219	-0.0803	0.6135	0.71	-0.3458	172	174	69	3	3	0.0008	0.3333	0	0.0119
0.0165	0.0278	0.2662	-0.1046	-0.0838	0.5789	0.7964	-0.1747	173	175	69	3	4	0.0008	0.2917	0	0.0144
0.0165	0.005	0.2802	-0.0768	-0.0888	0.9207	0.3378	-0.1956	174	176	69	3	5	0.0025	0.175	0	0.01
0.0165	0.0148	0.283	-0.078	-0.0867	0.9126	-0.1626	0.375	175	0	69	3	6	0.0009	0.075	0	0.01
0.0112	0.0416	0.2957	0.1086	-0.0593	-0.1353	-0.9903	-0.0303	102	178	84	3	1	0.0026	0.5417	0	0.0112
0.0112	0.01	0.2906	0.0665	-0.0608	0.2947	-0.0501	0.9543	177	179	84	3	2	0.01	0.05	0	0.01
0.0112	0.0062	0.2953	0.064	-0.0545	-0.6127	-0.7809	0.1218	178	0	84	3	3	0.01	0.05	0	0.01
0.0123	0.0633	-0.1589	0.043	0.0069	0.6761	0.6225	-0.3943	0	181	85	0	1	0.0036	0.4583	0	0.0124
0.01	0.0235	-0.1195	0.083	-0.0014	0.8505	0.5028	0.1545	180	182	85	0	2	0.01	0.05	0	0.01
0.01	0.0579	-0.1154	0.082	0	0.2006	-0.0841	-0.976	181	183	85	0	3	0.0009	0.4167	0	0.01
0.01	0.0482	-0.1089	0.0825	-0.0574	0.1197	-0.0413	-0.992	182	184	85	0	4	0.01	0.05	0	0.01
0.01	0.0275	-0.0858	0.0878	-0.0932	0.5315	0.1233	-0.8381	183	185	85	0	5	0.01	0.05	0	0.01
0.01	0.0238	-0.0765	0.0835	-0.1187	0.4415	-0.0163	-0.8971	184	0	85	0	6	0.01	0.05	0	0.01
0.0148	0.0456	-0.293	0.1728	0.0546	0.9506	-0.0885	0.2976	0	187	59	0	1	0.0037	0.4167	0	0.0148
0.0148	0.0119	-0.2537	0.1869	0.0675	0.9561	0.2025	-0.212	186	0	59	0	2	0.01	0.05	0	0.01
0.0126	0.0482	-0.1364	-0.0297	0.1285	0.0416	0.0127	-0.9991	129	189	17	4	1	0.0013	0.4583	1	0.0126
0.0126	0.056	-0.1344	-0.0291	0.0804	-0.6387	-0.7695	0.0081	188	190	17	4	2	0.0013	0.4583	0	0.0126
0.0126	0.0162	-0.1683	-0.0601	0.0824	0.562	0.0169	-0.8269	189	0	17	4	3	0.01	0.05	0	0.01
0.0025	0.0432	0.1579	-0.0794	0.0123	0.2281	-0.9661	-0.121	143	192	63	4	1	0.01	0.05	0	0.01
0.0025	0.023	0.1677	-0.1211	0.007	-0.973	0.0998	-0.2079	191	0	63	4	2	0.01	0.05	0	0.01
