radius (m)	length (m)	start_point	axis_direction	parent	extension	branch	branch_order	position_in_branch	mad	SurfCov	added	UnmodRadius (m)
0.0095	0.0692	0.4678	-0.3113	-0.0857	-0.2123	0.9738	-0.0819	0	2	1	0	1	0.0025	0.375	0	0.0095
0.0105	0.0809	0.4442	-0.2393	-0.0506	-0.9734	-0.108	-0.202	1	3	1	0	2	0.0017	0.6667	0	0.0105
0.0108	0.0568	0.3643	-0.2474	-0.0728	-0.7293	0.6531	0.2039	2	4	1	0	3	0.0014	0.625	0	0.0109
0.0096	0.0553	0.3251	-0.2128	-0.0572	0.3006	0.8769	0.3751	3	5	1	0	4	0.0013	0.5	0	0.0096
0.0086	0.0539	0.3371	-0.1646	-0.0373	-0.1538	0.8831	0.4432	4	6	1	0	5	0.0008	0.3333	0	0.0076
0.0092	0.0519	0.329	-0.1169	-0.0135	-0.7625	0.6384	0.1053	5	7	1	0	6	0.001	0.4167	0	0.0092
0.0086	0.0288	0.2915	-0.0843	-0.0068	0.0375	0.9295	0.3669	6	8	1	0	7	0.0009	0.2917	0	0.0078
0.0099	0.0197	0.2881	-0.0589	0.005	-0.0286	0.7311	0.6816	7	9	1	0	8	0.01	0.05	0	0.01
0.01	0.0154	0.279	-0.0507	0.0155	-0.6258	0.7228	0.2931	8	10	1	0	9	0.0011	0.375	0	0.0102
0.0086	0.0283	0.2717	-0.0441	0.0066	-0.9177	0.2983	-0.2625	9	11	1	0	10	0.0035	0.5417	0	0.0086
0.0095	0.0377	0.2648	-0.0257	0.0198	-0.6987	0.6259	0.3466	10	12	1	0	11	0.0081	0.4583	0	0.0096
0.0087	0.0552	0.2476	0.0012	0.031	-0.1322	0.7339	0.6662	11	13	1	0	12	0.0029	0.5417	0	0.0087
0.0088	0.0302	0.2529	0.0357	0.0273	0.177	0.98	-0.0904	12	0	1	0	13	0.0017	0.2917	0	0.0088
0.0074	0.0523	0.3246	-0.1423	-0.0255	-0.927	-0.3559	0.1179	5	15	3	1	1	0.0016	0.5417	0	0.0074
0.0074	0.0483	0.2736	-0.1666	-0.0208	-0.9034	0.3217	0.2834	14	16	3	1	2	0.0012	0.375	0	0.0074
0.0081	0.0475	0.229	-0.1539	-0.0124	-0.8535	-0.3907	0.3448	15	17	3	1	3	0.0014	0.375	0	0.0107
0.0081	0.0064	0.184	-0.1676	-0.0001	-0.7664	-0.635	0.0965	16	18	3	1	4	0.0052	0.5417	0	0.0082
0.0061	0.0703	0.1812	-0.1702	0.0012	-0.5213	0.8188	-0.2405	17	19	3	1	5	0.0008	0.4583	0	0.0055
0.007	0.0613	0.1378	-0.1243	-0.0088	-0.8607	0.5087	0.0228	18	20	3	1	6	0.0046	0.3333	0	0.007
0.0061	0.0349	0.0914	-0.08	-0.0122	-0.8875	0.4532	0.0833	19	21	3	1	7	0.0037	0.4	0	0.0061
0.0077	0.0174	0.0751	-0.0552	-0.009	-0.5177	0.8505	-0.0932	20	22	3	1	8	0.0034	0.4063	0	0.0077
0.0081	0.0391	0.068	-0.0402	-0.0081	-0.091	0.9957	-0.0157	21	23	3	1	9	0.0048	0.4688	0	0.0098
0.008	0.0461	0.0523	-0.0249	-0.0097	-0.8843	0.4505	0.1225	22	24	3	1	10	0.008	0.2813	0	0.0081
0.0081	0.0282	0.0286	-0.0359	-0.0014	-0.8743	-0.4576	0.1619	23	25	3	1	11	0.0057	0.3	0	0.0108
0.0061	0.0255	-0.0045	-0.0175	-0.0006	-0.9541	-0.2372	0.1826	24	26	3	1	12	0.0054	0.4063	0	0.0061
0.0081	0.0119	-0.03	-0.0313	0.0023	-0.9848	0.1643	-0.0565	25	27	3	1	13	0.0038	0.5417	0	0.0082
0.008	0.0314	-0.0418	-0.0281	-0.0041	-0.8745	-0.4754	-0.0965	26	28	3	1	14	0.0031	0.3	0	0.0155
0.008	0.0347	-0.0674	-0.0404	-0.0004	-0.824	0.5665	0.0078	27	29	3	1	15	0.0011	0.375	0	0.0107
0.0081	0.0263	-0.0915	-0.0167	-0.0059	-0.7144	0.6974	-0.0576	28	30	3	1	16	0.0012	0.4583	0	0.0094
0.008	0.0304	-0.1136	-0.005	-0.0128	-0.8227	0.5415	-0.1729	29	31	3	1	17	0.0013	0.2917	0	0.0106
0.008	0.0387	-0.1357	0.012	-0.0062	-0.7866	0.5933	0.1709	30	32	3	1	18	0.0009	0.4167	0	0.0092
0.0081	0.0008	-0.1676	0.0342	-0.002	-0.8214	0.4414	0.3612	31	33	3	1	19	0.003	0.5833	0	0.0081
0.0081	0.0375	-0.169	0.0356	-0.0007	-0.8283	-0.5435	-0.1361	32	34	3	1	20	0.0007	0.625	0	0.0088
0.0075	0.0339	-0.2009	0.0235	-0.0024	-0.9834	-0.147	0.1065	33	35	3	1	21	0.0008	0.2917	0	0.0075
0.0064	0.0336	-0.2333	0.0159	-0.0042	-0.9797	-0.1841	-0.0795	34	36	3	1	22	0.0007	0.3333	0	0.0064
0.0078	0.0269	-0.2664	0.0114	-0.0082	-0.9896	-0.1431	0.0106	35	37	3	1	23	0.0007	0.25	0	0.0079
0.0079	0.0328	-0.2917	0.0061	-0.0093	-0.8034	-0.5635	-0.1923	36	38	3	1	24	0.0007	0.2917	0	0.009
0.008	0.0207	-0.3216	-0.0081	-0.0007	-0.8613	-0.5047	-0.0577	37	39	3	1	25	0.0038	0.4167	0	0.0086
0.0079	0.0268	-0.3305	-0.0251	-0.0048	-0.622	-0.7397	-0.257	38	40	3	1	26	0.0008	0.3333	0	0.0116
0.0079	0.0566	-0.3486	-0.0457	0.005	-0.6323	-0.7695	-0.0899	39	41	3	1	27	0.0008	0.25	0	0.0086
0.0074	0.0191	-0.393	-0.0762	-0	-0.8361	-0.5486	-0.0001	40	42	3	1	28	0.0055	0.4063	0	0.0074
0.0072	0.0346	-0.4091	-0.089	-0.0075	-0.9907	0.135	-0.0189	41	43	3	1	29	0.0038	0.4375	0	0.0072
0.0078	0.0396	-0.4254	-0.0916	-0.0052	-0.353	-0.9263	-0.1316	42	44	3	1	30	0.0018	0.225	0	0.0161
0.0079	0.0111	-0.4561	-0.1195	-0.004	-0.4502	-0.8915	0.0506	43	45	3	1	31	0.0089	0.4167	0	0.0109
0.0075	0.0205	-0.4536	-0.1195	-0.0107	-0.809	0.5874	-0.022	44	46	3	1	32	0.01	0.05	0	0.01
0.0078	0.0249	-0.4635	-0.1335	-0.0014	-0.9534	-0.1463	0.264	45	47	3	1	33	0.0013	0.375	0	0.0095
0.0077	0.0319	-0.4853	-0.131	0.0064	-0.9545	0.2799	0.1033	46	48	3	1	34	0.0012	0.2917	0	0.0107
0.0079	0.0213	-0.5159	-0.1219	0.008	-0.9254	0.3698	0.0826	47	49	3	1	35	0.0034	0.4583	0	0.0084
0.0059	0.0264	-0.5341	-0.1203	0.0105	-0.975	-0.2211	-0.021	48	50	3	1	36	0.0051	0.5417	0	0.0059
0.0074	0.0238	-0.5495	-0.1133	-0.0001	-0.7507	0.0993	-0.6532	49	51	3	1	37	0.01	0.05	0	0.01
0.0074	0.0074	-0.5494	-0.1219	0.0105	-0.6996	-0.6878	0.1937	50	52	3	1	38	0.01	0.05	0	0.01
0.0074	0.0069	-0.5543	-0.1261	0.0116	-0.8724	0.1671	-0.4593	51	0	3	1	39	0.01	0.05	0	0.01
0.0081	0.0487	0.3394	-0.1285	-0.0184	0.9838	-0.179	-0.0079	5	54	140	1	1	0.0015	0.3333	1	0.0096
0.0081	0.0159	0.3874	-0.1372	-0.0188	0.8709	-0.3852	0.3052	53	55	140	1	2	0.0015	0.3333	0	0.0096
0.0081	0.0096	0.3982	-0.1382	-0.0199	0.7899	-0.2005	-0.5795	54	56	140	1	3	0.01	0.05	0	0.01
0.0081	0.0228	0.4058	-0.1401	-0.0254	0.9343	-0.1158	-0.3372	55	0	140	1	4	0.01	0.05	0	0.01
0.0089	0.0304	0.2356	-0.0039	0.0237	-0.8749	-0.4731	-0.1032	11	58	9	1	1	0.0015	0.5	0	0.0095
0.0089	0.0518	0.2089	-0.0157	0.0139	-0.2954	-0.8939	-0.3373	57	59	9	1	2	0.0013	0.5	0	0.01
0.0087	0.0374	0.1909	-0.0596	-0.0046	-0.6245	-0.7711	-0.1243	58	60	9	1	3	0.0009	0.25	0	0.0096
0.0088	0.0518	0.1789	-0.079	-0.0199	-0.5387	0.8276	0.1576	59	61	9	1	4	0.0047	0.25	0	0.0151
0.0087	0.0387	0.1533	-0.037	-0.0093	0.0486	0.9629	0.2654	60	62	9	1	5	0.0012	0.25	0	0.0113
0.0087	0.05	0.1527	0.0018	-0.001	0.3242	0.9072	0.2681	61	63	9	1	6	0.0045	0.225	0	0.0273
0.0088	0.0183	0.1595	0.0432	0.0074	-0.4644	0.8667	0.1819	62	64	9	1	7	0.0013	0.3333	0	0.0093
0.0088	0.0384	0.1548	0.0648	0.0142	-0.7716	0.6081	-0.1866	63	65	9	1	8	0.0011	0.3333	0	0.01
0.0064	0.034	0.1332	0.0933	0.007	-0.539	0.8423	-0.0094	64	66	9	1	9	0.0041	0.5313	0	0.0054
0.0069	0.0061	0.1113	0.1215	0.0062	-0.1389	0.9897	0.0332	65	67	9	1	10	0.0059	0.5833	0	0.0069
0.0084	0.0445	0.1257	0.1329	0.0104	-0.3361	0.9418	0.0077	66	68	9	1	11	0.0053	0.5313	0	0.0084
0.0083	0.0163	0.0994	0.1756	0.0075	0.0329	0.988	0.1507	67	69	9	1	12	0.0054	0.425	0	0.0083
0.0087	0.0301	0.0935	0.1865	0.0104	-0.6322	0.7744	0.0234	68	70	9	1	13	0.0009	0.375	0	0.0088
0.0075	0.0481	0.0731	0.2077	0.0118	-0.8462	0.5324	0.0206	69	71	9	1	14	0.0009	0.25	0	0.0075
0.0077	0.0278	0.0365	0.2374	0.0152	-0.7352	0.6682	0.1141	70	72	9	1	15	0.0007	0.2917	0	0.0077
0.0063	0.0156	0.0103	0.2421	0.0195	-0.9224	0.3848	-0.0321	71	73	9	1	16	0.0071	0.3333	0	0.0058
0.0063	0.0709	0.0046	0.2424	0.0124	-0.5891	-0.8041	-0.0799	72	74	9	1	17	0.0035	0.3	0	0.0062
0.0085	0.0276	-0.0335	0.1847	0.0042	-0.3727	-0.8809	-0.2918	73	75	9	1	18	0.01	0.05	0	0.01
0.0087	0.0332	-0.0521	0.1708	0.0094	-0.8098	-0.585	-0.0457	74	76	9	1	19	0.0032	0.325	0	0.0154
0.0084	0.0208	-0.0676	0.1496	0.0006	-0.2048	-0.976	-0.0745	75	77	9	1	20	0.01	0.05	0	0.01
0.0087	0.0402	-0.0828	0.1498	0.0074	-0.8884	-0.3524	-0.2944	76	78	9	1	21	0.0008	0.3333	0	0.0114
0.0078	0.0501	-0.119	0.1359	0.0001	-0.9884	-0.1004	-0.1141	77	79	9	1	22	0.0008	0.5	0	0.0078
0.0086	0.0311	-0.1623	0.1403	0.0005	-0.5458	0.6794	-0.4904	78	80	9	1	23	0.0013	0.25	0	0.0116
0.0084	0.031	-0.1846	0.1583	-0.0136	-0.5288	0.8166	-0.2314	79	81	9	1	24	0.0012	0.2917	0	0.0086
0.0076	0.0294	-0.1961	0.186	-0.0192	-0.4396	0.8964	0.0576	80	82	9	1	25	0.0009	0.2917	0	0.0076
0.0075	0.0466	-0.2077	0.2131	-0.0182	-0.4857	0.8736	-0.0311	81	83	9	1	26	0.0008	0.25	0	0.0075
0.0077	0.0514	-0.2343	0.2494	-0.0187	-0.7423	0.6583	-0.125	82	84	9	1	27	0.0039	0.425	0	0.0077
0.0083	0.0354	-0.2713	0.2852	-0.0215	-0.8345	0.5502	-0.028	83	85	9	1	28	0.01	0.05	0	0.01
0.0062	0.0506	-0.2912	0.3126	-0.0249	-0.6279	0.7772	0.0422	84	86	9	1	29	0.0006	0.375	0	0.0052
0.0061	0.0709	-0.3208	0.352	-0.0163	-0.5569	0.8128	0.1706	85	87	9	1	30	0.0025	0.4375	0	0.0053
0.0087	0.0646	-0.3827	0.3695	0.0038	-0.8248	0.51	0.2441	86	88	9	1	31	0.0047	0.4688	0	0.01
0.0083	0.091	-0.4468	0.3618	0.0054	-0.9642	0.1949	0.1797	87	89	9	1	32	0.0043	0.35	0	0.0084
0.0084	0.115	-0.4764	0.4612	0.0016	-0.8016	0.592	0.0835	88	90	9	1	33	0.0092	0.2708	0	0.0126
0.0081	0.0589	-0.4917	0.5676	-0.0032	-0.4406	0.8971	0.0324	89	91	9	1	34	0.01	0.05	0	0.01
0.0066	0.056	-0.4843	0.6288	0.0168	-0.2941	0.9505	0.1005	90	92	9	1	35	0.001	0.375	0	0.0066
0.008	0.0265	-0.5281	0.6629	0.0504	-0.4089	0.8884	0.2089	91	93	9	1	36	0.0007	0.3333	0	0.0081
0.0083	0.0374	-0.5306	0.4594	0.0109	-0.9949	-0.0535	0.0854	92	94	9	1	37	0.0011	0.25	0	0.0101
0.008	0.0375	-0.568	0.4715	0.0072	-0.9999	-0.0132	-0.0032	93	95	9	1	38	0.01	0.05	0	0.01
0.0083	0.0298	-0.589	0.4614	0.0508	-0.936	0.0014	0.3519	94	96	9	1	39	0.0012	0.25	0	0.0106
0.008	0.0087	-0.5163	0.485	0.0168	-0.1204	0.9641	0.2367	95	97	9	1	40	0.0007	0.3333	0	0.0083
0.0079	0.0046	-0.511	0.4925	0.0137	-0.1858	0.9064	-0.3794	96	98	9	1	41	0.01	0.05	0	0.01
0.0084	0.0517	-0.5161	0.4861	0.0161	-0.8165	0.4629	0.345	97	99	9	1	42	0.0026	0.35	0	0.0171
0.0078	0.027	-0.5572	0.5112	0.0308	-0.6568	0.7505	0.0734	98	100	9	1	43	0.001	0.3333	0	0.0079
0.0087	0.0203	-0.5775	0.5287	0.0266	-0.764	0.6447	0.0263	99	101	9	1	44	0.0039	0.5417	0	0.0097
0.0078	0.0027	-0.577	0.5349	0.0319	0.4629	0.7156	-0.5231	100	102	9	1	45	0.01	0.05	0	0.01
0.0078	0.0133	-0.5837	0.5413	0.0319	-0.4466	-0.5973	-0.6662	101	0	9	1	46	0.01	0.05	0	0.01
0.0025	0.0271	0.2287	-0.1467	-0.0086	-0.1621	0.9734	0.1617	16	104	8	2	1	0.0068	0.25	1	0.01
0.0025	0.0418	0.2204	-0.1211	-0.0055	-0.2114	0.9766	0.0386	103	105	8	2	2	0.01	0.05	0	0.01
0.0025	0.0298	0.211	-0.0794	-0.0061	-0.7744	-0.6292	-0.0671	104	0	8	2	3	0.0015	0.2917	0	0.006
0.0025	0.0442	0.0621	-0.0199	-0.0119	0.3014	0.9239	0.2357	23	107	19	2	1	0.0063	0.175	1	0.01
0.0025	0.0181	0.0727	0.0226	0.0017	0.1819	0.9249	-0.3338	106	0	19	2	2	0.0063	0.2	0	0.01
0.0123	0.0393	-0.0377	-0.035	-0.0038	0.5377	-0.8424	0.0355	27	109	35	2	1	0.0018	0.4167	1	0.0123
0.0123	0.0616	-0.0166	-0.068	-0.0024	0.4911	-0.8084	0.3245	108	110	35	2	2	0.0018	0.4167	0	0.0123
0.0123	0.0356	0.0134	-0.1186	0.005	0.7859	-0.6181	0.0182	109	111	35	2	3	0.0009	0.375	0	0.0099
0.0123	0.0437	0.0414	-0.14	0.0084	0.805	-0.5842	0.1034	110	112	35	2	4	0.0011	0.2917	0	0.0094
0.0123	0.0312	0.0771	-0.1646	0.0134	0.8743	-0.4847	-0.0275	111	113	35	2	5	0.01	0.05	0	0.01
0.0123	0.0297	0.106	-0.1763	0.0124	0.8976	-0.4376	-0.0527	112	114	35	2	6	0.01	0.05	0	0.01
0.0123	0.0009	0.0813	-0.1651	0.0137	0.425	0.8764	0.2264	113	0	35	2	7	0.01	0.05	0	0.01
0.0114	0.0645	-0.3267	-0.0026	0.0023	-0.9582	0.0074	0.286	38	116	41	2	1	0.002	0.4167	0	0.0114
0.0114	0.0575	-0.3852	-0.0045	0.013	-0.8906	-0.3651	-0.2712	115	117	41	2	2	0.001	0.25	0	0.007
0.0114	0.0005	-0.4369	-0.0197	-0.0023	-0.929	-0.0617	-0.365	116	118	41	2	3	0.01	0.05	0	0.01
0.0114	0.0534	-0.4345	-0.0312	-0.0009	-0.9317	-0.1881	0.3106	117	119	41	2	4	0.0008	0.2917	0	0.0133
0.0114	0.0485	-0.4862	-0.0429	0.0113	-0.9278	0.1263	0.3511	118	120	41	2	5	0.0021	0.15	0	0.0064
0.0114	0.0024	-0.5331	-0.0383	0.0183	-0.8908	-0.3905	0.2324	119	121	41	2	6	0.01	0.05	0	0.01
0.0114	0.0131	-0.5346	-0.0393	0.0195	-0.7206	0.1444	0.6782	120	0	41	2	7	0.01	0.05	0	0.01
0.0076	0.0766	-0.1356	0.0199	-0.0005	0.9654	-0.1466	0.2157	31	123	53	2	1	0.01	0.05	1	0.01
0.0076	0.0217	-0.0616	0.0087	0.0161	0.9949	-0.0847	-0.0541	122	124	53	2	2	0.01	0.05	0	0.01
0.0076	0.007	-0.0345	0.0122	0.0072	0.6446	-0.7618	-0.0639	123	125	53	2	3	0.01	0.05	0	0.01
0.0076	0.0191	-0.0341	0.0018	0.0111	0.8113	-0.572	0.1209	124	0	53	2	4	0.01	0.05	0	0.01
0.0037	0.0705	-0.2397	0.0076	-0.0104	0.6228	-0.7823	0.0001	36	127	56	2	1	0.0006	0.375	0	0.007
0.0033	0.0491	-0.1949	-0.0504	-0.0131	-0.9396	-0.3382	0.0523	126	128	56	2	2	0.0009	0.3333	0	0.0069
0.0025	0.0093	-0.2336	-0.0712	-0.0094	-0.4969	-0.8677	-0.0117	127	0	56	2	3	0.01	0.05	0	0.01
0.0132	0.0222	-0.2235	0.0148	-0.0053	-0.4733	-0.6803	-0.5596	34	130	59	2	1	0.0029	0.4167	1	0.0132
0.0132	0.078	-0.234	-0.0003	-0.0177	-0.5985	-0.7756	0.2005	129	131	59	2	2	0.0029	0.4167	0	0.0132
0.0132	0.0556	-0.2801	-0.0574	-0.015	-0.8278	-0.5314	-0.1798	130	132	59	2	3	0.01	0.05	0	0.01
0.0132	0.0236	-0.3214	-0.0865	-0.0034	-0.8048	-0.5634	0.1869	131	133	59	2	4	0.01	0.05	0	0.01
0.0132	0.0218	-0.3094	-0.1118	0.002	-0.3542	-0.9037	0.2407	132	0	59	2	5	0.01	0.05	0	0.01
0.007	0.032	-0.3926	-0.0843	-0.0023	0.6429	-0.7031	-0.3039	41	135	76	2	1	0.0027	0.625	1	0.0092
0.007	0.0603	-0.372	-0.1069	-0.012	0.6692	-0.683	0.2927	134	136	76	2	2	0.0027	0.625	0	0.0092
0.007	0.052	-0.3302	-0.1472	-0.001	0.8381	-0.5332	0.1152	135	137	76	2	3	0.0024	0.325	0	0.0133
0.007	0.0443	-0.2855	-0.1753	0.0025	0.8245	-0.3905	0.4095	136	138	76	2	4	0.0009	0.2917	0	0.0083
0.007	0.0194	-0.25	-0.1958	0.0167	0.7737	-0.5763	0.2632	137	139	76	2	5	0.0038	0.4688	0	0.0078
0.007	0.0279	-0.2334	-0.2071	0.0221	-0.0153	-0.9581	-0.2859	138	140	76	2	6	0.0009	0.3333	0	0.0102
0.007	0.0021	-0.2194	-0.2297	0.0169	0.3157	-0.5604	-0.7657	139	141	76	2	7	0.01	0.05	0	0.01
0.007	0.0305	-0.2199	-0.2384	0.0169	0.9882	-0.1529	-0.0086	140	142	76	2	8	0.0009	0.375	0	0.0096
0.007	0.0426	-0.19	-0.2428	0.0137	0.8221	-0.555	-0.1267	141	143	76	2	9	0.0008	0.375	0	0.008
0.007	0.0218	-0.1553	-0.2602	0.0131	0.9966	-0.014	0.0815	142	144	76	2	10	0.0052	0.5417	0	0.008
0.007	0.0374	-0.1374	-0.2555	0.0144	0.6966	0.5695	0.4365	143	145	76	2	11	0.0007	0.2917	0	0.008
0.007	0.0288	-0.1096	-0.2434	0.0231	0.976	0.0109	0.2176	144	146	76	2	12	0.0013	0.25	0	0.0097
0.0052	0.0219	-0.0807	-0.2391	0.0223	0.9358	-0.341	-0.0896	145	147	76	2	13	0.0037	0.625	0	0.0051
0.007	0.0058	-0.0786	-0.2484	0.0212	-0.1037	0.7385	-0.6662	146	148	76	2	14	0.01	0.05	0	0.01
0.007	0.0376	-0.0777	-0.2408	0.014	0.9047	0.0248	0.4254	147	149	76	2	15	0.0007	0.4167	0	0.0078
0.007	0.0434	-0.0455	-0.2385	0.0331	0.8145	0.533	0.229	148	150	76	2	16	0.0011	0.3333	0	0.0116
0.007	0.0238	-0.011	-0.2154	0.0443	0.5156	0.7776	0.3598	149	151	76	2	17	0.01	0.05	0	0.01
0.007	0.0206	-0.0136	-0.2237	0.0422	0.815	-0.5382	0.2148	150	152	76	2	18	0.0009	0.3333	0	0.0081
0.007	0.027	0.0004	-0.2402	0.0414	0.9304	-0.3413	-0.1336	151	153	76	2	19	0.0031	0.075	0	0.0139
0.007	0.0384	0.022	-0.2388	0.0271	0.8216	-0.2377	-0.5182	152	154	76	2	20	0.007	0.4583	0	0.0109
0.007	0.0249	0.0547	-0.2622	0.0133	0.7295	-0.217	-0.6486	153	155	76	2	21	0.0008	0.06	0	0.0132
0.0069	0.0249	0.0619	-0.2774	0.0049	0.5679	-0.7967	-0.2067	154	156	76	2	22	0.0042	0.3125	0	0.0076
0.0069	0.0191	0.0838	-0.2868	-0.0071	0.4112	-0.6921	-0.5932	155	157	76	2	23	0.01	0.05	0	0.01
0.0069	0.028	0.0792	-0.3018	-0.0083	0.1319	-0.9912	-0.0081	156	158	76	2	24	0.0028	0.2	0	0.0124
0.0069	0.0371	0.0827	-0.3222	-0.0043	-0.9807	0.0785	-0.1793	157	159	76	2	25	0.0007	0.3333	0	0.0086
0.0069	0.0384	0.0545	-0.3203	-0.007	-0.0018	-0.967	-0.2548	158	160	76	2	26	0.0034	0.15	0	0.013
0.0069	0.041	0.0644	-0.3472	-0.0163	0.6988	-0.6702	-0.25	159	161	76	2	27	0.0041	0.4375	0	0.0077
0.0059	0.0348	0.0928	-0.3762	-0.0142	0.7936	-0.6052	-0.0618	160	162	76	2	28	0.0042	0.375	0	0.0059
0.0068	0.0441	0.1111	-0.4014	-0.0184	0.3852	-0.9172	0.1018	161	163	76	2	29	0.01	0.05	0	0.01
0.007	0.0306	0.1396	-0.3915	-0.0112	0.8533	-0.2187	0.4734	162	164	76	2	30	0.0012	0.5417	0	0.0109
0.0051	0.0189	0.1639	-0.3897	-0.0138	0.8837	0.4486	0.1338	163	165	76	2	31	0.0037	0.3333	0	0.0035
0.0067	0.0202	0.1523	-0.3941	-0.0167	0.4334	-0.7408	-0.5132	164	166	76	2	32	0.01	0.05	0	0.01
0.0068	0.0302	0.1688	-0.3858	-0.0153	0.9569	-0.2328	-0.1735	165	167	76	2	33	0.001	0.3333	0	0.0104
0.0068	0.0312	0.1863	-0.4046	-0.0187	0.6715	-0.6978	-0.2493	166	168	76	2	34	0.0036	0.2	0	0.016
0.0068	0.0446	0.2104	-0.4266	-0.0184	0.6761	-0.6754	-0.2945	167	169	76	2	35	0.0054	0.35	0	0.0072
0.0068	0.02	0.2388	-0.4594	-0.0331	0.8528	-0.517	-0.0737	168	170	76	2	36	0.0029	0.5313	0	0.0068
0.0057	0.0506	0.2559	-0.4548	-0.0302	0.9978	-0.0201	0.0634	169	171	76	2	37	0.0061	0.4063	0	0.0057
0.0066	0.0214	0.2936	-0.4704	-0.0047	0.861	0.0204	0.5082	170	172	76	2	38	0.01	0.05	0	0.01
0.0067	0	0.3004	-0.4772	-0.0315	0.8745	-0.4491	-0.1835	171	173	76	2	39	0.0043	0.25	0	0.0124
0.0067	0.0289	0.3027	-0.482	-0.0232	0.4819	-0.6964	-0.5318	172	174	76	2	40	0.001	0.2917	0	0.0098
0.0068	0.0315	0.3186	-0.5015	-0.0282	0.9195	-0.3627	-0.1516	173	175	76	2	41	0.0009	0.4167	0	0.0103
0.0068	0.0227	0.3519	-0.5045	-0.0271	0.9131	-0.3913	-0.1142	174	176	76	2	42	0.0048	0.5313	0	0.0069
0.0066	0.0225	0.3712	-0.5215	-0.0359	0.9611	-0.2532	0.1106	175	177	76	2	43	0.0008	0.2083	0	0.0076
0.0068	0.0309	0.3927	-0.5116	-0.0211	0.9618	-0.1662	0.2174	176	178	76	2	44	0.0051	0.5	0	0.0082
0.0067	0.0383	0.4272	-0.522	-0.0249	0.9257	0.2091	0.3152	177	179	76	2	45	0.0052	0.4063	0	0.0078
0.0063	0.0384	0.4618	-0.5174	-0.0164	0.9847	-0.1424	-0.1	178	180	76	2	46	0.01	0.05	0	0.01
0.0063	0.0223	0.4992	-0.5145	-0.012	0.999	-0	0.0442	179	0	76	2	47	0.01	0.05	0	0.01
0.0078	0.0598	0.1288	0.0915	0.0027	-0.5653	-0.8023	-0.1915	65	182	10	2	1	0.0022	0.375	0	0.0088
0.0078	0.0366	0.1066	0.0454	-0.0128	0.1687	-0.9855	0.0177	181	183	10	2	2	0.0052	0.3333	0	0.0063
0.0078	0.0007	0.1143	0.0098	-0.0067	0.7405	-0.6554	-0.1489	182	0	10	2	3	0.0014	0.4167	0	0.0078
0.0101	0.015	0.125	0.1106	0.0128	0.6115	-0.5003	0.613	65	185	12	2	1	0.0019	0.2917	1	0.0162
0.0101	0.0298	0.1346	0.1016	0.015	0.8601	-0.4835	0.1624	184	186	12	2	2	0.002	0.15	0	0.0162
0.0101	0.0264	0.1532	0.1028	0.0221	0.7811	0.4167	-0.4651	185	187	12	2	3	0.001	0.4583	0	0.0101
0.0101	0.0214	0.1712	0.1178	0.0195	0.9282	0.3574	0.1037	186	188	12	2	4	0.0008	0.3333	0	0.0072
0.0101	0.0217	0.1955	0.1242	0.0202	0.072	0.8658	-0.4952	187	189	12	2	5	0.0011	0.4583	0	0.0112
0.0101	0.026	0.1997	0.1383	0.0281	0.9897	-0.0074	-0.1431	188	190	12	2	6	0.0012	0.4583	0	0.0125
0.0101	0.052	0.2259	0.1408	0.0212	0.9892	-0.0063	0.1467	189	191	12	2	7	0.0029	0.3	0	0.0067
0.0101	0.023	0.2704	0.1286	0.0294	0.8504	-0.4842	0.2057	190	192	12	2	8	0.01	0.05	0	0.01
0.0101	0.0251	0.2879	0.1417	0.0303	0.9843	0.1074	0.1403	191	0	12	2	9	0.01	0.05	0	0.01
0.0076	0.0553	0.0756	0.1953	0.0085	0.1174	-0.9781	-0.1721	69	194	13	2	1	0.0021	0.625	1	0.0076
0.0076	0.048	0.0821	0.1412	-0.0011	-0.2185	0.9142	0.3415	193	195	13	2	2	0.0021	0.625	0	0.0076
0.0076	0.0196	0.0679	0.1833	0.0079	-0.1978	0.9712	-0.133	194	0	13	2	3	0.01	0.05	0	0.01
0.0082	0.0858	0.11	0.1797	0.0083	0.4103	0.8717	0.268	69	197	14	2	1	0.0017	0.4167	0	0.0134
0.0082	0.0203	0.1429	0.2554	0.0315	0.3667	0.8492	0.38	196	198	14	2	2	0.001	0.375	0	0.0125
0.0082	0.0303	0.1448	0.2804	0.0273	0.4872	0.8182	0.3053	197	199	14	2	3	0.001	0.375	0	0.011
0.0082	0.0199	0.1686	0.2973	0.0381	0.6444	0.7561	0.1143	198	200	14	2	4	0.001	0.25	0	0.0088
0.0082	0.0366	0.175	0.3221	0.0446	0.7385	0.6065	-0.2945	199	201	14	2	5	0.005	0.375	0	0.0094
0.0061	0.0508	0.2099	0.3369	0.0384	0.7124	0.6948	-0.0988	200	202	14	2	6	0.0031	0.45	0	0.0058
0.0081	0.0321	0.231	0.3842	0.029	0.6346	0.7681	-0.0855	201	203	14	2	7	0.0057	0.3	0	0.011
0.0073	0.0202	0.2458	0.4101	0.0297	0.1702	0.9823	-0.0783	202	204	14	2	8	0.0028	0.4375	0	0.0073
0.008	0.0418	0.248	0.4297	0.0262	-0.2127	0.9767	0.0285	203	205	14	2	9	0.0035	0.45	0	0.0084
0.0076	0.0271	0.2506	0.4696	0.0321	0.033	0.9944	0.1009	204	206	14	2	10	0.01	0.05	0	0.01
0.0078	0.0191	0.2644	0.4799	0.0262	0.7164	0.6639	-0.2146	205	207	14	2	11	0.0012	0.375	0	0.0081
0.0076	0.0668	0.2586	0.5068	0.0156	0.6104	0.786	-0.098	206	208	14	2	12	0.0086	0.2708	0	0.0179
0.0071	0.0326	0.3172	0.5207	0.0091	0.825	0.3805	-0.4178	207	209	14	2	13	0.01	0.05	0	0.01
0.006	0.063	0.2945	0.5365	0.017	0.0145	0.9922	-0.1235	208	210	14	2	14	0.0008	0.4583	0	0.006
0.0067	0.0302	0.287	0.5975	0.0102	-0.1821	0.9805	-0.0744	209	211	14	2	15	0.01	0.05	0	0.01
0.0066	0.0315	0.2988	0.6162	-0.0007	0.3486	0.8582	-0.3767	210	212	14	2	16	0.01	0.05	0	0.01
0.0065	0.0257	0.2963	0.644	-0.0092	-0.0255	0.9512	-0.3077	211	213	14	2	17	0.01	0.05	0	0.01
0.0064	0.0052	0.3129	0.6499	-0.0081	0.7478	0.6594	-0.0774	212	0	14	2	18	0.01	0.05	0	0.01
0.0071	0.0421	0.0341	0.2395	0.0172	0.9586	0.2008	-0.202	70	215	16	2	1	0.0016	0.5	0	0.0083
0.0071	0.0425	0.0681	0.2512	0.0165	0.6783	0.6819	0.2738	214	216	16	2	2	0.0005	0.4167	0	0.0071
0.0071	0.0236	0.0715	0.285	0.0298	0.1859	0.7796	0.598	215	217	16	2	3	0.0069	0.3125	0	0.0081
0.0061	0.0067	0.0703	0.2857	0.0284	-0.9724	0.1896	0.1356	216	218	16	2	4	0.0058	0.4583	0	0.0061
0.0071	0.0383	0.07	0.3063	0.0442	-0.9411	0.335	-0.0457	217	219	16	2	5	0.007	0.4167	0	0.0111
0.0071	0.0286	0.061	0.3235	0.0314	-0.0926	0.9826	0.1608	218	220	16	2	6	0.0077	0.3333	0	0.0113
0.0071	0.0292	0.0645	0.3486	0.0401	0.4368	0.8996	-0.0025	219	221	16	2	7	0.0037	0.4375	0	0.0071
0.0071	0.0457	0.0578	0.3802	0.0306	0.2682	0.9633	-0.0031	220	222	16	2	8	0.0051	0.375	0	0.0071
0.0071	0.0179	0.0671	0.4235	0.0344	-0.3029	0.9513	-0.0579	221	223	16	2	9	0.0009	0.25	0	0.0096
0.0071	0.046	0.0464	0.4281	0.0213	-0.6016	0.7967	-0.0578	222	224	16	2	10	0.0097	0.3438	0	0.0074
0.007	0.0268	0.0249	0.4739	0.0153	-0.8368	0.5443	-0.0585	223	225	16	2	11	0.0046	0.325	0	0.0081
0.007	0.0521	-0.0042	0.4787	0.0236	-0.7839	0.6153	0.0833	224	226	16	2	12	0.0038	0.375	0	0.0101
0.0069	0.0324	-0.0433	0.5134	0.0172	-0.9321	0.3573	-0.0599	225	227	16	2	13	0.0047	0.35	0	0.007
0.0067	0.0331	-0.0724	0.514	0.0319	-0.9901	0.079	0.116	226	228	16	2	14	0.01	0.05	0	0.01
0.0069	0.0246	-0.0798	0.545	0.0223	-0.7355	0.6768	0.033	227	229	16	2	15	0.0009	0.375	0	0.0111
0.0069	0.0544	-0.0865	0.5277	0.0226	0.9482	0.3178	0.0051	228	230	16	2	16	0.001	0.375	0	0.0093
0.0061	0.0621	-0.0404	0.5439	0.0174	-0.0753	0.9892	-0.1257	229	231	16	2	17	0.0009	0.3333	0	0.0059
0.0066	0.0338	-0.0404	0.602	0.0028	0.1571	0.926	-0.3432	230	232	16	2	18	0.01	0.05	0	0.01
0.0068	0.0119	-0.0428	0.6357	0.006	-0.195	0.9482	-0.2509	231	233	16	2	19	0.0014	0.375	0	0.0096
0.0065	0.024	-0.0497	0.6405	0.0086	-0.7068	0.6773	0.2041	232	234	16	2	20	0.01	0.05	0	0.01
0.0065	0.0043	-0.0481	0.6573	0.0113	-0.0075	0.9852	0.1712	233	0	16	2	21	0.01	0.05	0	0.01
0.0069	0.0541	0.0249	0.2442	0.0239	-0.1036	0.9904	0.091	71	236	17	2	1	0.0017	0.5	0	0.0069
0.0073	0.0248	0.0131	0.2872	0.0274	-0.8327	0.5139	-0.2064	235	237	17	2	2	0.001	0.3333	0	0.0094
0.0061	0.0224	-0.0093	0.298	0.0306	-0.967	-0.11	-0.23	236	238	17	2	3	0.0056	0.6667	0	0.0061
0.007	0.0403	-0.0244	0.2871	0.0222	-0.8018	-0.4687	-0.3708	237	239	17	2	4	0.0052	0.5833	0	0.007
0.0073	0.0398	-0.0568	0.2955	0.0092	-0.8779	0.0325	-0.4777	238	240	17	2	5	0.0017	0.15	0	0.0146
0.0073	0.0248	-0.0661	0.3149	0.0088	-0.5257	0.8447	-0.1007	239	241	17	2	6	0.0039	0.375	0	0.008
0.0056	0.0416	-0.0849	0.3341	0.0135	-0.1875	0.9772	0.1001	240	242	17	2	7	0.0041	0.4063	0	0.0056
0.0072	0.0327	-0.099	0.3721	0.0102	-0.4745	0.8749	0.0964	241	243	17	2	8	0.01	0.05	0	0.01
0.0073	0.0442	-0.1063	0.4015	0.0061	-0.2585	0.9473	-0.189	242	244	17	2	9	0.0009	0.4583	0	0.0084
0.0067	0.0079	-0.1366	0.4164	0.0024	-0.809	0.5196	-0.2749	243	245	17	2	10	0.0008	0.25	0	0.0067
0.0072	0.0615	-0.1441	0.3993	0.0064	-0.9933	0.0126	-0.115	244	246	17	2	11	0.0062	0.3	0	0.0105
0.0071	0.0159	-0.2041	0.3983	-0.0051	-0.9439	-0.3226	-0.0708	245	247	17	2	12	0.0032	0.375	0	0.0071
0.0072	0.0183	-0.2187	0.4124	-0.0039	-0.9943	0.0366	-0.1	246	248	17	2	13	0.0046	0.5	0	0.0083
0.0072	0.0372	-0.2523	0.4059	-0.011	-0.4335	0.9004	0.0371	247	249	17	2	14	0.0053	0.2	0	0.024
0.0071	0.0231	-0.2744	0.431	-0.0086	-0.7925	0.5878	0.1629	248	250	17	2	15	0.0013	0.25	0	0.0112
0.0071	0.0392	-0.2845	0.4511	-0.0116	-0.4453	0.8522	0.2748	249	251	17	2	16	0.0012	0.375	0	0.01
0.0072	0.0144	-0.3031	0.4844	-0.0021	-0.1393	0.9855	0.0974	250	252	17	2	17	0.0025	0.4688	0	0.0095
0.0071	0.0354	-0.2987	0.4985	-0.0034	-0.0018	0.9997	-0.0251	251	253	17	2	18	0.0007	0.375	0	0.0086
0.0068	0.0378	-0.3059	0.5345	-0.0028	0.0595	0.9965	-0.0581	252	254	17	2	19	0.01	0.05	0	0.01
0.0068	0.0297	-0.3049	0.5652	0.0127	0.0348	0.9284	0.3699	253	0	17	2	20	0.01	0.05	0	0.01
0.0077	0.0786	-0.2031	0.1759	-0.0256	-0.4182	-0.8793	0.2279	80	256	51	2	1	0.0028	0.375	0	0.0077
0.007	0.0268	-0.2351	0.1066	-0.0046	-0.5663	-0.8126	0.1377	255	257	51	2	2	0.001	0.25	0	0.007
0.0074	0.0351	-0.2522	0.0835	0.0019	-0.8464	0.2403	-0.4752	256	258	51	2	3	0.0009	0.2917	0	0.0102
0.0069	0.0362	-0.2826	0.0849	-0.0144	-0.8756	0.1069	0.471	257	259	51	2	4	0.0045	0.225	0	0.0129
0.0054	0.0227	-0.3111	0.0892	0.0051	-0.5001	0.6694	0.5494	258	260	51	2	5	0.01	0.05	0	0.01
0.0057	0.0017	-0.3322	0.0985	0.0051	-0.7518	0.5814	0.3112	259	261	51	2	6	0.001	0.25	0	0.0098
0.0039	0.012	-0.3336	0.0957	0.0079	-0.9908	0.0738	0.1131	260	0	51	2	7	0.0027	0.225	0	0.01
0.0073	0.0548	-0.2425	0.2669	-0.0197	0.9271	-0.3317	0.1744	83	263	52	2	1	0.0028	0.4375	1	0.0092
0.0073	0.0691	-0.1917	0.2487	-0.0101	0.9224	-0.3335	0.1951	262	264	52	2	2	0.0028	0.4375	0	0.0092
0.0073	0.0211	-0.1283	0.2266	0.0037	0.8906	0.1607	0.4255	263	265	52	2	3	0.01	0.05	0	0.01
0.0073	0.0268	-0.1103	0.2255	0.0019	0.9978	-0.0437	-0.05	264	0	52	2	4	0.01	0.05	0	0.01
0.0059	0.0299	-0.3204	0.3585	-0.0218	0.0504	0.9282	0.3685	85	267	98	2	1	0.0017	0.3333	0	0.006
0.0057	0.0359	-0.3193	0.3847	-0.0111	0.9176	-0.1962	-0.3456	266	268	98	2	2	0.0011	0.3333	0	0.0072
0.0049	0.0013	-0.2837	0.3756	-0.0183	0.8946	0.2641	-0.3604	267	269	98	2	3	0.0011	0.15	0	0.01
0.0043	0.0128	-0.2809	0.3799	-0.0175	0.9257	-0.3134	-0.2116	268	270	98	2	4	0.0027	0.15	0	0.01
0.0034	0.0237	-0.268	0.3755	-0.0195	-0.2503	-0.9489	-0.1921	269	0	98	2	5	0.0018	0.175	0	0.01
0.0025	0.0946	-0.3625	0.4036	-0.0082	-0.5347	-0.8448	0.0183	86	272	99	2	1	0.0066	0.18	1	0.01
0.0025	0.0374	-0.4077	0.3203	-0.002	-0.5328	-0.8461	-0.0132	271	273	99	2	2	0.0046	0.175	0	0.01
0.0025	0.047	-0.4269	0.2897	-0.0005	-0.9444	0.2178	0.2464	272	0	99	2	3	0.0023	0.15	0	0.01
0.0071	0.0692	-0.0296	-0.0676	0.0033	-0.5864	-0.8049	-0.091	108	275	42	3	1	0.0015	0.4167	0	0.0071
0.0087	0.0179	-0.0645	-0.1243	0.0051	-0.5475	-0.7866	0.2854	274	276	42	3	2	0.01	0.05	0	0.01
0.0077	0.0126	-0.0744	-0.1236	0.0004	-0.9967	-0.0485	-0.0653	275	277	42	3	3	0.0009	0.4167	0	0.0077
0.0092	0.0437	-0.0933	-0.1271	0.001	-0.4439	0.8771	-0.1835	276	278	42	3	4	0.0012	0.5833	0	0.0094
0.0068	0.037	-0.1297	-0.1039	0.0009	-0.6809	0.7291	-0.0693	277	279	42	3	5	0.0066	0.4688	0	0.0068
0.0077	0.0392	-0.1535	-0.0776	-0.0119	-0.9743	0.1733	-0.1439	278	280	42	3	6	0.01	0.05	0	0.01
0.0074	0.0311	-0.1698	-0.0841	0.0121	-0.8213	-0.0983	0.5619	279	0	42	3	7	0.01	0.05	0	0.01
0.0058	0.0502	-0.4376	-0.0211	-0.0052	-0.5532	0.8166	0.165	118	282	61	3	1	0.0025	0.375	0	0.006
0.0025	0.0103	-0.4641	0.0212	0.0001	-0.6407	0.7655	0.06	281	0	61	3	2	0.0016	0.175	0	0.01
0.0056	0.0522	-0.4037	-0.0001	0.0116	-0.785	0.5934	-0.1777	116	284	69	3	1	0.0011	0.4583	0	0.0055
0.008	0.0351	-0.4363	0.0286	-0.0012	0.3325	0.9196	0.2094	283	285	69	3	2	0.001	0.3333	0	0.0088
0.0073	0.0131	-0.4218	0.0604	0.0002	0.4203	0.8984	0.1273	284	286	69	3	3	0.01	0.05	0	0.01
0.0069	0.042	-0.4163	0.0722	0.0019	0.3541	0.9275	0.12	285	287	69	3	4	0.01	0.05	0	0.01
0.0064	0.0226	-0.4014	0.1111	0.0069	0.9395	0.2993	0.1666	286	0	69	3	5	0.01	0.05	0	0.01
0.0098	0.0785	-0.3088	-0.0622	-0.0047	0.5911	0.8008	-0.0962	132	289	68	3	1	0.0022	0.4167	1	0.0098
0.0098	0.0589	-0.2624	0.0007	-0.0122	-0.6719	-0.7405	-0.0133	288	290	68	3	2	0.0022	0.4167	0	0.0098
0.0098	0.0373	-0.2934	-0.0415	-0.0245	-0.2101	-0.9372	-0.2784	289	291	68	3	3	0.01	0.05	0	0.01
0.0098	0.0004	-0.2937	-0.0461	-0.0105	-0.0912	-0.6097	0.7874	290	0	68	3	4	0.01	0.05	0	0.01
0.0092	0.0734	-0.1962	-0.2469	0.0127	-0.8277	-0.5477	-0.1219	142	293	93	3	1	0.0013	0.3333	1	0.0085
0.0092	0.0411	-0.257	-0.2871	0.0038	-0.8059	0.5868	0.0781	292	294	93	3	2	0.0013	0.3333	0	0.0085
0.0092	0.0268	-0.2878	-0.267	0.0061	-0.8399	-0.4109	-0.3545	293	295	93	3	3	0.0009	0.375	0	0.0077
0.0092	0.0497	-0.3197	-0.2728	0.0062	-0.6916	-0.6423	-0.3304	294	296	93	3	4	0.0041	0.4063	0	0.0092
0.0092	0.0447	-0.3468	-0.2796	-0.0017	-0.9622	0.2705	0.0319	295	297	93	3	5	0.01	0.05	0	0.01
0.0092	0.0126	-0.3487	-0.2971	-0.0076	-0.5932	-0.753	-0.2849	296	298	93	3	6	0.01	0.05	0	0.01
0.0092	0.0156	-0.3614	-0.3043	-0.011	-0.396	-0.8909	-0.2224	297	299	93	3	7	0.01	0.05	0	0.01
0.0092	0.0082	-0.3679	-0.3189	-0.0128	-0.9101	0.4137	-0.0232	298	0	93	3	8	0.01	0.05	0	0.01
0.0067	0.0866	-0.1235	-0.2528	0.0182	0.3367	-0.8994	-0.2789	144	301	100	3	1	0.0023	0.375	0	0.0081
0.0067	0.0436	-0.0938	-0.3307	-0.0052	0.428	-0.8569	-0.2873	300	302	100	3	2	0.0008	0.4167	0	0.0087
0.006	0.0332	-0.0771	-0.3686	-0.0175	0.2027	-0.9366	-0.2859	301	303	100	3	3	0.0008	0.2917	0	0.006
0.0067	0.0378	-0.0725	-0.4021	-0.0153	0.0462	-0.9787	-0.1998	302	304	100	3	4	0.0012	0.2917	0	0.0105
0.0066	0.0008	-0.0632	-0.4351	-0.0152	0.0063	-0.888	0.4598	303	305	100	3	5	0.01	0.05	0	0.01
0.0066	0.079	-0.0598	-0.4482	-0.0316	-0.6523	-0.6661	0.3617	304	306	100	3	6	0.0059	0.25	0	0.0196
0.0066	0.0641	-0.1142	-0.4953	-0.0178	-0.9738	-0.1985	0.1106	305	307	100	3	7	0.0009	0.2083	0	0.0071
0.0059	0.0299	-0.161	-0.5247	-0.0212	-0.7046	-0.706	0.0711	306	308	100	3	8	0.006	0.2813	0	0.0059
0.0059	0.0213	-0.1824	-0.5461	-0.016	-0.1059	-0.9879	-0.1137	307	309	100	3	9	0.0028	0.5313	0	0.0059
0.0066	0.0234	-0.1954	-0.5341	-0.0099	-0.8687	-0.3688	0.3307	308	310	100	3	10	0.0051	0.3333	0	0.0097
0.0059	0.0363	-0.2203	-0.559	-0.004	-0.9079	0.2103	0.3626	309	311	100	3	11	0.0031	0.4	0	0.0059
0.0065	0.0669	-0.2538	-0.5437	0.0085	-0.9627	-0.0576	0.2642	310	312	100	3	12	0.0031	0.3125	0	0.0069
0.0065	0.0208	-0.3191	-0.5433	0.0166	-0.9802	0.1299	0.1496	311	313	100	3	13	0.0029	0.475	0	0.0088
0.0063	0.0851	-0.3387	-0.5457	0.0257	-0.9367	0.2003	0.2873	312	314	100	3	14	0.01	0.05	0	0.01
0.0064	0.0362	-0.3471	-0.5525	0.0353	0.132	0.7769	-0.6156	313	0	100	3	15	0.0018	0.3333	0	0.0107
0.0067	0.0921	0.0556	-0.2552	0.0287	0.9293	0.2081	-0.3052	152	316	115	3	1	0.0009	0.25	0	0.0077
0.0066	0.0219	0.1411	-0.2348	-0.0003	0.8887	-0.2171	-0.4039	315	317	115	3	2	0.0008	0.3333	0	0.0081
0.0065	0.0494	0.1609	-0.2371	-0.0096	0.9418	-0.1573	-0.2972	316	318	115	3	3	0.0006	0.2917	0	0.0079
0.0064	0.0355	0.1978	-0.2495	-0.0286	0.1966	-0.854	0.4816	317	319	115	3	4	0.0011	0.25	0	0.0178
0.0063	0.0608	0.2146	-0.2795	-0.0284	0.049	-0.9988	0.006	318	320	115	3	5	0.0008	0.2917	0	0.0082
0.0059	0.0474	0.2319	-0.3307	-0.0276	0.5512	-0.8344	-0.0017	319	321	115	3	6	0.0051	0.3125	0	0.0068
0.0056	0.0329	0.2519	-0.3766	-0.0273	0.6968	-0.6974	-0.1676	320	322	115	3	7	0.0032	0.375	0	0.0081
0.0038	0.0494	0.2807	-0.3936	-0.027	0.692	-0.7213	0.0293	321	323	115	3	8	0.01	0.05	0	0.01
0.0033	0.0303	0.2569	-0.4079	-0.0353	-0.2985	-0.923	-0.243	322	0	115	3	9	0.01	0.05	0	0.01
0.0035	0.0625	0.0852	-0.3012	-0.0049	0.9835	-0.089	-0.1573	157	325	120	3	1	0.0024	0.375	0	0.0076
0.0025	0.0059	0.1448	-0.3066	-0.0102	0.9233	-0.0067	0.3841	324	326	120	3	2	0.0045	0.175	0	0.01
0.0033	0.0188	0.1511	-0.3066	-0.0089	-0.105	-0.9803	-0.1671	325	0	120	3	3	0.0008	0.375	0	0.0062
0.0064	0.0464	0.1232	-0.4136	-0.0145	-0.2775	-0.6525	-0.7052	162	328	123	3	1	0.0071	0.35	0	0.0174
0.0064	0.0746	0.1101	-0.4479	-0.0451	-0.9645	0.1563	0.2129	327	329	123	3	2	0.0008	0.4167	0	0.0067
0.0064	0.0213	0.0395	-0.4336	-0.0276	-0.9101	0.2259	0.3474	328	330	123	3	3	0.0008	0.3333	0	0.0066
0.0064	0.0196	0.0264	-0.4406	-0.0236	-0.8768	-0.4791	0.0413	329	331	123	3	4	0.0039	0.375	0	0.0083
0.0062	0.0248	0.0031	-0.4409	-0.0222	-0.8042	-0.5206	-0.2869	330	332	123	3	5	0.01	0.05	0	0.01
0.0061	0.0054	0.0089	-0.4441	-0.0217	0.4007	-0.8896	-0.2192	331	333	123	3	6	0.01	0.05	0	0.01
0.0061	0.0759	0.0166	-0.4492	-0.0252	-0.0587	-0.9976	-0.0365	332	334	123	3	7	0.001	0.3333	0	0.0067
0.0057	0.0225	0.0177	-0.524	-0.0267	0.1284	-0.9841	0.1226	333	335	123	3	8	0.01	0.05	0	0.01
0.0049	0.0287	0.0103	-0.5441	-0.0309	-0.1641	-0.985	-0.0532	334	336	123	3	9	0.0004	0.4167	0	0.0049
0.0052	0.0205	0.0101	-0.5724	-0.0309	-0.0489	-0.9955	0.0815	335	337	123	3	10	0.01	0.05	0	0.01
0.0051	0.0026	-0.0008	-0.5859	-0.0308	-0.5749	-0.8181	0.0131	336	338	123	3	11	0.01	0.05	0	0.01
0.0049	0.0142	-0.0022	-0.5881	-0.0317	-0.3629	-0.9307	0.0451	337	0	123	3	12	0.0015	0.125	0	0.01
0.0066	0.0578	0.0959	-0.387	-0.0298	-0.9515	-0.3038	0.0489	160	340	126	3	1	0.001	0.3333	0	0.0091
0.0066	0.0336	0.042	-0.3989	-0.028	-0.9349	0.2377	0.2637	339	341	126	3	2	0.005	0.4167	0	0.0066
0.0066	0.0289	0.0127	-0.4132	-0.0195	-0.9603	-0.0908	0.2639	340	342	126	3	3	0.0051	0.375	0	0.0115
0.0066	0.0324	-0.0176	-0.4106	-0.01	-0.8857	-0.4529	0.1022	341	343	126	3	4	0.01	0.05	0	0.01
0.0066	0.0338	-0.0412	-0.4297	-0.0191	-0.8196	-0.5567	-0.1355	342	0	126	3	5	0.01	0.05	0	0.01
0.0065	0.0746	0.232	-0.455	-0.0243	0.3501	-0.8819	-0.3156	168	345	134	3	1	0.0021	0.5417	0	0.0071
0.0064	0.0336	0.2598	-0.5205	-0.0462	0.3486	-0.9123	-0.215	344	346	134	3	2	0.01	0.05	0	0.01
0.0064	0.0453	0.2527	-0.526	-0.0427	-0.8203	-0.5571	-0.1296	345	347	134	3	3	0.0011	0.2917	0	0.009
0.0049	0.0669	0.2151	-0.5459	-0.0425	-0.998	-0.0456	-0.0433	346	348	134	3	4	0.0005	0.4583	0	0.0049
0.006	0.0504	0.152	-0.5595	-0.0472	-0.9424	-0.3314	0.0455	347	349	134	3	5	0.0044	0.25	0	0.0087
0.0055	0.0311	0.1015	-0.5593	-0.0424	-0.9844	-0.1759	-0.0007	348	350	134	3	6	0.01	0.05	0	0.01
0.0052	0.0375	0.0987	-0.5838	-0.0421	-0.5646	-0.8253	0.007	349	0	134	3	7	0.01	0.05	0	0.01
0.0062	0.1053	0.4207	-0.5167	-0.0251	-0.758	0.6449	0.0975	178	352	138	3	1	0.0034	0.5417	0	0.0062
0.0064	0.0138	0.3586	-0.4528	-0.0131	0.2334	0.7958	-0.5587	351	353	138	3	2	0.01	0.05	0	0.01
0.0064	0.0279	0.3576	-0.453	-0.0129	-0.9537	0.2733	-0.1257	352	354	138	3	3	0.01	0.05	0	0.01
0.0064	0.0216	0.331	-0.4453	-0.0164	-0.5588	0.5231	-0.6436	353	0	138	3	4	0.01	0.05	0	0.01
0.0074	0.0589	0.1104	0.07	0.0057	-0.6591	0.7299	-0.1812	181	356	146	3	1	0.0022	0.4583	0	0.0075
0.0074	0.0038	0.0646	0.1036	0.0061	-0.8682	0.4738	-0.1472	355	357	146	3	2	0.01	0.05	0	0.01
0.0074	0.0037	0.0575	0.109	0.0019	-0.7792	-0.2396	0.5792	356	358	146	3	3	0.01	0.05	0	0.01
0.0074	0.0091	0.057	0.1085	0.0057	0.1879	0.8626	-0.4697	357	0	146	3	4	0.01	0.05	0	0.01
0.0095	0.104	0.1574	0.2878	0.0269	-0.0903	-0.9931	-0.0748	198	360	20	3	1	0.0018	0.4167	0	0.0095
0.0095	0.0406	0.1463	0.1816	0.0155	0.6653	-0.6976	0.2659	359	361	20	3	2	0.0009	0.375	0	0.0098
0.0095	0.0082	0.1756	0.1559	0.0208	0.8437	-0.5265	0.1046	360	362	20	3	3	0.0032	0.3333	0	0.0062
0.0095	0.0213	0.1763	0.1501	0.0244	-0.3573	0.8769	-0.3214	361	363	20	3	4	0.01	0.05	0	0.01
0.0095	0.0147	0.1687	0.1688	0.0176	-0.5563	0.8188	-0.1418	362	0	20	3	5	0.01	0.05	0	0.01
0.0087	0.0449	0.1671	0.2893	0.0445	0.8297	-0.4836	-0.2788	199	365	21	3	1	0.01	0.05	0	0.01
0.0087	0.0366	0.205	0.2673	0.0344	0.399	0.9168	0.0174	364	366	21	3	2	0.0008	0.4167	0	0.0087
0.0087	0.0311	0.2318	0.2718	0.0286	0.9067	0.4068	-0.1114	365	367	21	3	3	0.0066	0.3125	0	0.0093
0.0087	0.0182	0.2601	0.2869	0.0231	0.8587	-0.3308	-0.3915	366	368	21	3	4	0.01	0.05	0	0.01
0.0087	0.0259	0.2755	0.2804	0.0283	0.9554	-0.2951	0.0097	367	0	21	3	5	0.0017	0.2917	0	0.0071
0.007	0.0653	0.2519	0.3977	0.0301	0.2766	-0.9589	-0.0632	202	370	22	3	1	0.0025	0.5	0	0.007
0.0072	0.0205	0.2624	0.3359	0.0271	-0.1189	-0.9894	-0.0834	369	371	22	3	2	0.0036	0.5833	0	0.0072
0.0077	0.0035	0.2524	0.3279	0.0298	-0.8366	-0.3676	-0.4061	370	372	22	3	3	0.01	0.05	0	0.01
0.0077	0.0665	0.2493	0.3228	0.0384	0.7778	-0.5938	-0.206	371	373	22	3	4	0.0009	0.375	0	0.0106
0.0067	0.0388	0.2972	0.2733	0.0274	0.8729	-0.4051	-0.2719	372	374	22	3	5	0.0009	0.375	0	0.0067
0.0068	0.0166	0.3191	0.2502	0.0145	0.5435	-0.7772	-0.3172	373	375	22	3	6	0.0035	0.5417	0	0.0068
0.0073	0.0402	0.3263	0.2389	0.0155	-0.5784	-0.8141	0.0525	374	376	22	3	7	0.0008	0.25	0	0.0073
0.0076	0.035	0.303	0.2114	0.0231	-0.8544	-0.375	0.3596	375	377	22	3	8	0.0015	0.25	0	0.0105
0.0076	0.0298	0.2789	0.1859	0.0298	-0.8589	-0.4823	0.1724	376	378	22	3	9	0.01	0.05	0	0.01
0.0075	0.0377	0.2795	0.1909	0.0282	0.5783	-0.8108	-0.0899	377	379	22	3	10	0.0008	0.25	0	0.0076
0.0076	0.0319	0.297	0.1591	0.0272	0.3648	-0.9167	0.1627	378	380	22	3	11	0.0008	0.3333	0	0.0087
0.0068	0.0389	0.3145	0.1333	0.0321	0.5087	-0.8424	0.1779	379	381	22	3	12	0.0008	0.25	0	0.0068
0.0076	0.0402	0.3432	0.1158	0.0346	0.8321	-0.5304	-0.1622	380	382	22	3	13	0.0043	0.375	0	0.0097
0.0071	0.0331	0.3735	0.0852	0.0257	0.9096	-0.2206	-0.3521	381	383	22	3	14	0.0041	0.375	0	0.0071
0.0063	0.0165	0.4008	0.0737	0.0248	0.8346	-0.5509	0.0032	382	384	22	3	15	0.0042	0.5833	0	0.0063
0.0075	0.0136	0.4093	0.0504	0.0213	0.9339	-0.3566	0.0246	383	385	22	3	16	0.0063	0.5	0	0.0077
0.0073	0.0333	0.4338	0.0517	0.0294	0.4283	-0.9014	0.064	384	386	22	3	17	0.0049	0.25	0	0.0098
0.007	0.0308	0.444	0.0166	0.0204	0.7506	-0.6603	0.0249	385	387	22	3	18	0.01	0.05	0	0.01
0.007	0.0176	0.4517	0.0267	0.0366	0.7409	0.033	0.6708	386	388	22	3	19	0.01	0.05	0	0.01
0.0069	0.0224	0.4463	0.0244	0.0309	0.266	-0.9557	-0.126	387	0	22	3	20	0.01	0.05	0	0.01
0.0078	0.0186	0.1542	0.31	0.0414	-0.8124	0.3074	0.4956	198	390	147	3	1	0.0011	0.375	1	0.0108
0.0078	0.0394	0.1391	0.3157	0.0506	0.3051	0.9495	-0.0731	389	391	147	3	2	0.0011	0.375	0	0.0108
0.0078	0.0355	0.157	0.3494	0.0391	0.147	0.9393	-0.31	390	392	147	3	3	0.01	0.05	0	0.01
0.0078	0.0262	0.1622	0.3827	0.0281	0.6916	0.7105	-0.1297	391	0	147	3	4	0.01	0.05	0	0.01
0.0025	0.0796	0.2573	0.4572	0.0336	0.8185	0.5359	-0.2071	205	0	37	3	1	0.01	0.05	0	0.01
0.006	0.123	0.2899	0.6117	0.0029	-0.9137	0.4058	-0.021	211	395	62	3	1	0.0055	0.35	0	0.006
0.0063	0.0325	0.1747	0.6473	0.0013	-0.9628	0.2003	0.1813	394	396	62	3	2	0.01	0.05	0	0.01
0.0063	0.0237	0.1734	0.6696	0.0009	-0.4534	0.8889	0.0651	395	397	62	3	3	0.01	0.05	0	0.01
0.0063	0.0008	0.1562	0.6659	0.0002	-0.9673	0.2535	-0.0007	396	0	62	3	4	0.01	0.05	0	0.01
0.0063	0.012	0.306	0.617	-0.0039	0.8858	-0.3809	-0.2651	211	399	63	3	1	0.0021	0.5	1	0.0104
0.0063	0.0365	0.3166	0.6124	-0.007	0.9627	-0.2066	0.175	398	400	63	3	2	0.0021	0.5	0	0.0104
0.0063	0.0305	0.3514	0.6045	-0.0037	0.9525	-0.2828	-0.1131	399	401	63	3	3	0.001	0.375	0	0.0077
0.0063	0.0143	0.3764	0.5887	-0.0039	0.7669	-0.5615	-0.3108	400	0	63	3	4	0.01	0.05	0	0.01
0.0078	0.0571	0.0748	0.4151	0.0293	0.8001	0.5993	0.0272	221	403	44	3	1	0.0034	0.5	0	0.012
0.0078	0.0015	0.1214	0.4491	0.031	0.327	0.7515	-0.5729	402	404	44	3	2	0.01	0.05	0	0.01
0.0078	0.0099	0.1201	0.4596	0.0309	0.9737	0.1729	0.1484	403	405	44	3	3	0.01	0.05	0	0.01
0.0078	0.0437	0.1355	0.4645	0.0296	0.5559	-0.795	0.2426	404	406	44	3	4	0.0006	0.4167	0	0.0078
0.0078	0.0027	0.1578	0.4291	0.0361	0.2496	-0.9674	0.0429	405	407	44	3	5	0.01	0.05	0	0.01
0.0078	0.0148	0.1584	0.4266	0.0362	0.6515	-0.7484	-0.1241	406	0	44	3	6	0.01	0.05	0	0.01
0.0032	0.0584	0.0554	0.4384	0.0309	-0.1246	0.9857	-0.113	222	409	45	3	1	0.0044	0.2	0	0.0105
0.0025	0.0182	0.0467	0.494	0.0209	0.8835	-0.4587	-0.0951	408	410	45	3	2	0.0029	0.2	0	0.01
0.0025	0.0335	0.0626	0.4858	0.019	0.5007	0.8561	0.1277	409	0	45	3	3	0.003	0.175	0	0.01
0.0073	0.0507	-0.0256	0.4879	0.0219	-0.2138	-0.948	0.2359	225	412	46	3	1	0.0032	0.5	0	0.0073
0.0073	0.0314	-0.0285	0.4443	0.0323	0.5092	-0.8316	0.2215	411	413	46	3	2	0.01	0.05	0	0.01
0.0073	0.0182	-0.021	0.4394	0.017	0.6154	-0.4396	-0.6542	412	0	46	3	3	0.01	0.05	0	0.01
0.0053	0.1004	-0.0807	0.2882	0.0122	-0.8618	0.3909	-0.3231	241	415	39	3	1	0.0009	0.375	0	0.0096
0.0053	0.0432	-0.1721	0.3237	-0.0109	-0.7667	0.6242	-0.1501	414	416	39	3	2	0.0036	0.4063	0	0.0096
0.0053	0.0498	-0.2054	0.3511	-0.0212	-0.9706	0.2333	0.0586	415	417	39	3	3	0.0042	0.4	0	0.0074
0.0053	0.0393	-0.2556	0.3559	-0.0166	-0.961	0.2648	0.0799	416	0	39	3	4	0.01	0.05	0	0.01
0.0028	0.0707	-0.0836	0.3517	0.012	0.8977	0.2744	0.3448	241	419	49	3	1	0.0078	0.3	0	0.0231
0.0025	0.0296	-0.0252	0.3796	0.0304	0.8069	0.5768	0.1276	418	420	49	3	2	0.007	0.175	0	0.01
0.0025	0.0478	-0.0299	0.3855	0.0291	0.364	-0.9314	0.0091	419	0	49	3	3	0.0029	0.2	0	0.01
0.0069	0.0263	-0.1813	0.4068	0.004	-0.0974	0.9637	0.2487	245	422	73	3	1	0.0022	0.4167	1	0.0088
0.0068	0.0278	-0.1839	0.4321	0.0105	-0.0471	0.8215	-0.5683	421	423	73	3	2	0.0022	0.4167	0	0.0088
0.0063	0.0458	-0.1845	0.4563	0.0043	-0.9491	0.3139	0.0249	422	424	73	3	3	0.0006	0.4167	0	0.0063
0.0066	0.0207	-0.2274	0.4715	0.0095	-0.9476	0.3175	0.0353	423	425	73	3	4	0.01	0.05	0	0.01
0.0065	0.0327	-0.2447	0.4697	0.0004	-0.9655	0.0296	-0.2588	424	426	73	3	5	0.01	0.05	0	0.01
0.0063	0.0125	-0.2459	0.4818	0.0066	-0.4576	0.8306	0.3174	425	0	73	3	6	0.01	0.05	0	0.01
0.0148	0.0269	-0.2902	0.2177	-0.038	0.9732	-0.183	-0.1396	0	428	87	0	1	0.0029	0.375	0	0.0164
0.0106	0.0271	-0.2673	0.2111	-0.0296	0.9646	0.0154	0.2631	427	429	87	0	2	0.0008	0.25	0	0.0088
0.0102	0.0169	-0.2428	0.2133	-0.0281	0.9223	-0.1901	-0.3365	428	430	87	0	3	0.01	0.05	0	0.01
0.0089	0.0039	-0.2288	0.2081	-0.0256	0.9387	-0.328	0.1063	429	0	87	0	4	0.01	0.05	0	0.01
0.0102	0.0499	-0.3079	-0.2841	0.0033	-0.5553	-0.8176	-0.1524	294	432	96	4	1	0.0038	0.5	0	0.0102
0.0102	0.0296	-0.3358	-0.3227	-0.0035	0.9689	-0.0089	0.2471	431	433	96	4	2	0.0008	0.3333	0	0.0092
0.0102	0.0121	-0.3048	-0.3291	-0.0038	0.9734	0.1445	0.1778	432	0	96	4	3	0.01	0.05	0	0.01
0.0034	0.0438	-0.0901	-0.3413	-0.0154	-0.9966	-0.0757	-0.0328	301	435	104	4	1	0.0047	0.35	0	0.0088
0.0025	0.0012	-0.1338	-0.3445	-0.0175	-0.9946	-0.1042	0.0025	434	436	104	4	2	0.01	0.05	0	0.01
0.0025	0.0314	-0.1347	-0.3464	-0.0144	-0.9944	-0.1053	0.0101	435	0	104	4	3	0.0038	0.2	0	0.01
0.0095	0.0537	-0.0838	-0.3359	-0.0085	0.9097	-0.2525	0.3297	301	438	105	4	1	0.0026	0.4583	0	0.0095
0.0095	0.0207	-0.0398	-0.3544	0.0002	0.7754	-0.6271	-0.075	437	439	105	4	2	0.01	0.05	0	0.01
0.0095	0.0239	-0.0238	-0.3673	-0.0014	0.2051	-0.8979	-0.3895	438	0	105	4	3	0.01	0.05	0	0.01
0.0025	0.1273	-0.1592	-0.5155	-0.0245	-0.7076	0.6834	0.1797	307	441	117	4	1	0.01	0.05	0	0.01
0.0025	0.012	-0.2506	-0.4288	-0.0022	0.4156	-0.7188	-0.5574	440	442	117	4	2	0.01	0.05	0	0.01
0.0025	0.0067	-0.2468	-0.4412	-0.0033	-0.8156	-0.3738	-0.4418	441	0	117	4	3	0.01	0.05	0	0.01
0.0047	0.0229	0.0134	-0.5487	-0.0341	0.779	-0.0999	-0.619	335	444	133	4	1	0.0032	0.375	1	0.0146
0.0046	0.0371	0.0297	-0.5444	-0.0469	0.5922	-0.0367	0.8049	443	445	133	4	2	0.0075	0.2	0	0.0146
0.0045	0.068	0.0511	-0.5456	-0.0283	0.6524	-0.7565	-0.0455	444	446	133	4	3	0.0008	0.3333	0	0.006
0.0039	0.032	0.0983	-0.5918	-0.0344	0.7226	-0.5976	-0.3474	445	447	133	4	4	0.0006	0.15	0	0.01
0.0036	0.021	0.1216	-0.6128	-0.0393	0.7878	-0.5809	-0.2049	446	448	133	4	5	0.0035	0.2	0	0.01
0.0032	0.0293	0.1266	-0.5875	-0.0358	0.9487	0.3086	-0.0695	447	449	133	4	6	0.0022	0.15	0	0.01
0.0028	0.0212	0.1297	-0.5795	-0.0533	0.4869	0.352	-0.7994	448	0	133	4	7	0.0032	0.15	0	0.01
0.0057	0.0968	0.2835	0.2763	0.0376	-0.7084	-0.7022	-0.071	373	451	25	4	1	0.0041	0.4375	0	0.0057
0.006	0.0368	0.2208	0.2058	0.0267	-0.387	-0.9215	0.0319	450	452	25	4	2	0.0033	0.375	0	0.006
0.006	0.0277	0.2047	0.175	0.0394	-0.3407	-0.9201	0.1934	451	453	25	4	3	0.01	0.05	0	0.01
0.006	0.027	0.2031	0.1543	0.0219	-0.2175	-0.9378	-0.2708	452	454	25	4	4	0.01	0.05	0	0.01
0.0059	0.0271	0.1829	0.1656	0.0163	-0.8608	-0.3159	-0.399	453	455	25	4	5	0.01	0.05	0	0.01
0.0059	0.0123	0.1792	0.1726	0.0216	-0.7426	0.5651	0.3594	454	0	25	4	6	0.01	0.05	0	0.01
0.0069	0.0695	0.2678	0.3304	0.0229	0.9072	-0.4103	-0.0924	370	457	30	4	1	0.002	0.5417	0	0.0091
0.0069	0.0205	0.3322	0.3035	0.0134	0.9084	-0.3701	0.1945	456	458	30	4	2	0.01	0.05	0	0.01
0.0069	0.0104	0.3209	0.3022	0.0167	-0.1606	-0.6966	0.6993	457	459	30	4	3	0.01	0.05	0	0.01
0.0069	0.0224	0.3193	0.2949	0.024	0.2644	-0.9197	-0.2901	458	0	30	4	4	0.01	0.05	0	0.01
0.0081	0.0283	0.3313	0.2444	0.0092	0.7501	-0.6191	-0.2325	374	461	31	4	1	0.0024	0.5	0	0.0081
0.0081	0.0104	0.3549	0.2298	0.0061	0.8291	-0.5516	-0.0912	460	462	31	4	2	0.01	0.05	0	0.01
0.0081	0.0261	0.3635	0.2241	0.0052	0.7845	-0.62	-0.0134	461	0	31	4	3	0.01	0.05	0	0.01
0.0025	0.0645	0.1976	0.6406	-0.0092	-0.2428	-0.9408	0.2365	395	464	79	4	1	0.01	0.05	0	0.01
0.0025	0.0183	0.1791	0.579	0.0025	0.6189	-0.7094	-0.3372	463	0	79	4	2	0.0033	0.25	0	0.0107
0.0073	0.0572	0.1728	-0.4621	-0.0372	0.6295	-0.7676	-0.1206	0	466	129	0	1	0.0021	0.4583	0	0.0073
0.0073	0.002	0.2049	-0.5078	-0.0422	0.5083	-0.8071	0.3003	465	467	129	0	2	0.01	0.05	0	0.01
0.0073	0.0162	0.2059	-0.5095	-0.0416	0.5566	0.8138	-0.1671	466	0	129	0	3	0.01	0.05	0	0.01
0.0122	0.0398	-0.0326	-0.3083	0.0284	-0.3156	0.9091	-0.272	0	469	109	0	1	0.0026	0.5	0	0.0122
0.0122	0.0131	-0.0451	-0.2749	0.0234	0.8956	0.4042	0.1859	468	470	109	0	2	0.01	0.05	0	0.01
0.0122	0.0123	-0.0334	-0.2696	0.0259	0.8995	-0.4368	0.004	469	0	109	0	3	0.01	0.05	0	0.01
