radius (m)	length (m)	start_point	axis_direction	parent	extension	branch	branch_order	position_in_branch	mad	SurfCov	added	UnmodRadius (m)
0.0345	0.0651	-0.221	0.1712	-0.1651	0.4887	-0.1179	0.8644	0	2	1	0	1	0.0065	0.2045	0	0.0425
0.0185	0.0509	-0.2011	0.1864	-0.0858	0.1036	-0.6789	0.7269	1	3	1	0	2	0.0023	0.175	0	0.0124
0.0177	0.0292	-0.2058	0.1629	-0.0447	-0.1342	-0.4445	0.8856	2	4	1	0	3	0.0024	0.15	0	0.01
0.0168	0.0492	-0.2136	0.1602	-0.0517	0.9857	-0.0876	-0.1443	3	5	1	0	4	0.0012	0.375	0	0.0168
0.0151	0.0374	-0.1666	0.1554	-0.0536	0.8357	0.4715	0.2818	4	6	1	0	5	0.0017	0.3333	0	0.014
0.0136	0.0421	-0.143	0.1684	-0.0478	0.2354	-0.8538	0.4644	5	7	1	0	6	0.0014	0.2917	0	0.0119
0.0114	0.0148	-0.1254	0.141	-0.0151	0.2212	-0.8726	0.4354	6	8	1	0	7	0.0053	0.4375	0	0.0114
0.0114	0.0013	-0.125	0.1398	-0.0142	0.3141	0.4659	0.8272	7	0	1	0	8	0.01	0.05	0	0.01
0.0138	0.0274	-0.2107	0.1337	-0.1212	-0.3575	-0.8254	0.437	1	10	2	1	1	0.0033	0.4583	0	0.0139
0.0112	0.0486	-0.2214	0.1149	-0.1057	0.9485	-0.0571	0.3116	9	11	2	1	2	0.0014	0.3333	0	0.0112
0.0102	0.0473	-0.1814	0.1101	-0.0856	0.6585	-0.2013	0.7251	10	12	2	1	3	0.001	0.25	0	0.0094
0.0102	0.0226	-0.1478	0.1065	-0.0517	0.6433	-0.211	0.736	11	13	2	1	4	0.001	0.25	0	0.0086
0.0102	0.0478	-0.1357	0.1185	-0.04	0.8372	0.2633	0.4794	12	14	2	1	5	0.0101	0.3438	0	0.0092
0.0101	0.0435	-0.0967	0.1058	-0.0086	0.6682	0.2148	0.7123	13	15	2	1	6	0.01	0.05	0	0.01
0.0163	0.0384	-0.0902	0.1437	0.0173	0.5583	0.5542	0.6174	14	16	2	1	7	0.0012	0.2917	0	0.0203
0.0144	0.0326	-0.0995	0.1581	0.0029	-0.3167	0.9447	0.0844	15	17	2	1	8	0.0015	0.4167	0	0.015
0.012	0.0485	-0.104	0.1888	0.0033	-0.164	0.8871	-0.4314	16	18	2	1	9	0.0011	0.3333	0	0.012
0.0163	0.0129	-0.0969	0.2373	-0.0138	-0.2649	0.924	-0.2756	17	19	2	1	10	0.0083	0.375	0	0.019
0.01	0.0004	-0.102	0.2447	-0.029	0.7572	0.5619	-0.3329	18	20	2	1	11	0.01	0.05	0	0.01
0.0113	0.0375	-0.109	0.2511	-0.0197	0.299	-0.6745	0.675	19	21	2	1	12	0.0015	0.3333	0	0.0113
0.01	0.0081	-0.0974	0.2326	0.0011	-0.4802	0.5046	0.7175	20	22	2	1	13	0.01	0.05	0	0.01
0.0116	0.0327	-0.0971	0.2255	0.0057	0.1212	-0.0689	0.9902	21	23	2	1	14	0.001	0.4167	0	0.0116
0.0133	0.0279	-0.0941	0.23	0.0358	0.9854	0.1644	0.0443	22	24	2	1	15	0.0018	0.375	0	0.0137
0.01	0.0065	-0.0748	0.2429	0.0339	0.5179	0.6919	0.5031	23	25	2	1	16	0.01	0.05	0	0.01
0.0168	0.0725	-0.071	0.2285	0.0363	0.9998	0.0185	0.0125	24	26	2	1	17	0.0018	0.4167	0	0.0196
0.0104	0.0265	-0.0095	0.228	0.051	0.6661	-0.5964	0.4479	25	27	2	1	18	0.0011	0.2917	0	0.0104
0.0099	0.0358	0.0035	0.2004	0.051	0.2029	-0.7336	0.6486	26	28	2	1	19	0.0009	0.25	0	0.0099
0.0093	0.0502	0.0198	0.181	0.0769	0.573	-0.8082	0.1356	27	29	2	1	20	0.0039	0.35	0	0.0093
0.009	0.0143	0.0287	0.1365	0.0875	0.2573	-0.8369	0.4832	28	30	2	1	21	0.0056	0.4583	0	0.0047
0.0088	0.0474	0.0487	0.132	0.0881	0.4422	-0.8919	0.0947	29	31	2	1	22	0.0033	0.4688	0	0.0086
0.01	0.0298	0.0696	0.0906	0.1	0.6855	-0.7224	0.0906	30	32	2	1	23	0.01	0.05	0	0.01
0.0102	0.0335	0.0707	0.0671	0.086	0.214	-0.9683	-0.129	31	33	2	1	24	0.001	0.4167	0	0.0102
0.0133	0.0601	0.0752	0.0368	0.0995	0.3774	-0.9105	0.1688	32	34	2	1	25	0.0062	0.3	0	0.0163
0.0079	0.0368	0.1044	-0.0162	0.1088	0.2809	-0.83	0.4818	33	35	2	1	26	0.0037	0.375	0	0.0062
0.008	0.0113	0.1161	-0.0373	0.1323	0.2501	-0.5332	0.8082	34	36	2	1	27	0.0041	0.4688	0	0.008
0.01	0.0411	0.1138	-0.0351	0.1389	-0.355	0.0704	0.9322	35	37	2	1	28	0.0011	0.2917	0	0.0101
0.0108	0.0226	0.1245	-0.0518	0.1731	0.0467	-0.1473	0.988	36	38	2	1	29	0.0043	0.375	0	0.0119
0.0097	0.0314	0.1171	-0.0401	0.2034	0.4943	-0.1735	0.8518	37	39	2	1	30	0.0041	0.4375	0	0.01
0.0095	0.0397	0.1379	-0.0618	0.2227	0.2758	-0.3201	0.9063	38	40	2	1	31	0.0061	0.4063	0	0.0101
0.0112	0.022	0.1364	-0.0592	0.2716	0.4066	-0.3702	0.8352	39	41	2	1	32	0.006	0.375	0	0.0139
0.008	0.0199	0.1612	-0.0633	0.2729	0.6795	0.2418	0.6927	40	42	2	1	33	0.01	0.05	0	0.01
0.0079	0.003	0.1443	-0.0693	0.2834	-0.1004	-0.0199	0.9948	41	43	2	1	34	0.01	0.05	0	0.01
0.0064	0.0391	0.1434	-0.0665	0.2876	0.5441	-0.235	0.8054	42	0	2	1	35	0.0018	0.2917	0	0.0064
0.009	0.0949	-0.2115	0.1606	-0.0778	-0.6767	-0.2849	-0.6789	2	45	3	1	1	0.0016	0.4583	1	0.009
0.009	0.0636	-0.2757	0.1336	-0.1422	0.9208	-0.0916	0.3792	44	46	3	1	2	0.0016	0.4583	0	0.009
0.0141	0.0349	-0.2361	0.1283	-0.1048	-0.2427	-0.9182	-0.3131	45	47	3	1	3	0.0045	0.275	0	0.0237
0.01	0.0001	-0.2532	0.1002	-0.099	-0.6244	-0.7677	-0.144	46	48	3	1	4	0.01	0.05	0	0.01
0.01	0.0205	-0.2533	0.1001	-0.099	0.5891	-0.7291	-0.3483	47	49	3	1	5	0.01	0.05	0	0.01
0.01	0.0264	-0.2412	0.0852	-0.1061	-0.465	-0.7137	0.5239	48	0	3	1	6	0.01	0.05	0	0.01
0.014	0.0598	-0.2123	0.193	-0.1086	-0.6082	0.7928	0.0388	1	51	4	1	1	0.0032	0.3333	1	0.0277
0.014	0.0446	-0.2487	0.2247	-0.1021	-0.9373	-0.092	-0.3363	50	52	4	1	2	0.0047	0.25	0	0.0277
0.014	0.0393	-0.2891	0.2164	-0.085	-0.338	0.9315	0.1343	51	0	4	1	3	0.0022	0.4583	0	0.014
0.0118	0.1074	-0.2161	0.1758	-0.0441	-0.4297	0.6609	-0.6152	4	54	5	1	1	0.0024	0.4167	0	0.0118
0.0136	0.0437	-0.257	0.2411	-0.0872	-0.2149	0.936	0.2787	53	55	5	1	2	0.0061	0.375	0	0.0144
0.0121	0.0165	-0.2518	0.2871	-0.0783	-0.0023	0.5419	0.8404	54	56	5	1	3	0.0052	0.35	0	0.0121
0.0092	0.0335	-0.2604	0.2953	-0.0683	-0.2015	0.9495	0.2406	55	57	5	1	4	0.0033	0.4063	0	0.0092
0.0097	0.0135	-0.2549	0.3282	-0.0588	-0.1266	0.9347	0.3322	56	58	5	1	5	0.0044	0.5	0	0.0097
0.013	0.0153	-0.2723	0.336	-0.0673	-0.5099	0.7996	0.3174	57	59	5	1	6	0.0059	0.5	0	0.0137
0.0088	0.0177	-0.2779	0.3602	-0.0534	-0.7463	0.486	-0.4548	58	60	5	1	7	0.0042	0.4375	0	0.0088
0.0092	0.0298	-0.2808	0.3753	-0.0449	-0.7223	0.6654	0.1886	59	61	5	1	8	0.007	0.2917	0	0.0092
0.0088	0.0312	-0.3149	0.3918	-0.0547	-0.456	0.8713	0.1814	60	62	5	1	9	0.0062	0.3438	0	0.0073
0.0092	0.0193	-0.3095	0.4236	-0.0587	-0.2824	0.9519	-0.119	61	63	5	1	10	0.01	0.05	0	0.01
0.0089	0.0052	-0.325	0.412	-0.0506	-0.8979	0.3779	0.2257	62	0	5	1	11	0.01	0.05	0	0.01
0.0128	0.0546	-0.198	0.174	-0.0613	0.5822	0.6502	-0.4881	4	65	7	1	1	0.0036	0.4583	0	0.0128
0.0128	0.0422	-0.1849	0.2166	-0.0995	-0.1456	-0.929	-0.3403	64	66	7	1	2	0.006	0.3	0	0.0164
0.0128	0.0313	-0.1962	0.1862	-0.1139	-0.537	-0.3123	-0.7836	65	0	7	1	3	0.01	0.05	0	0.01
0.01	0.0271	-0.1454	0.1829	-0.0515	0.6105	0.7896	0.0628	5	68	14	1	1	0.01	0.05	1	0.01
0.01	0.023	-0.1288	0.2042	-0.0498	0.9548	0.2187	-0.2015	67	69	14	1	2	0.01	0.05	0	0.01
0.0101	0.056	-0.1011	0.2175	-0.0516	0.8298	-0.5035	-0.2407	68	70	14	1	3	0.001	0.4167	0	0.0101
0.01	0.0299	-0.0729	0.1898	-0.0708	0.1365	-0.851	-0.5071	69	71	14	1	4	0.01	0.05	0	0.01
0.0134	0.0609	-0.0723	0.1604	-0.0788	0.6051	0.5352	0.5895	70	72	14	1	5	0.0051	0.325	0	0.0193
0.0123	0.0332	-0.0312	0.1739	-0.0412	0.8917	0.2358	0.3863	71	73	14	1	6	0.0017	0.2917	0	0.0126
0.01	0.0304	-0.0071	0.1839	-0.0213	0.7995	0.2563	0.5433	72	74	14	1	7	0.01	0.05	0	0.01
0.0109	0.0699	0.0023	0.1925	-0.0186	0.1167	-0.9762	-0.1827	73	75	14	1	8	0.0012	0.375	0	0.0109
0.0128	0.0648	0.0205	0.1186	-0.0358	-0.4019	-0.8888	0.2203	74	76	14	1	9	0.0013	0.25	0	0.0169
0.01	0.052	-0.0162	0.0649	-0.0262	-0.3686	-0.9266	0.0743	75	77	14	1	10	0.0079	0.375	0	0.01
0.01	0.0014	0.0026	0.0357	-0.0132	0.4576	-0.887	-0.0611	76	78	14	1	11	0.01	0.05	0	0.01
0.0089	0.0913	0.0038	0.0315	-0.0119	-0.8284	-0.3685	-0.422	77	79	14	1	12	0.0014	0.2917	0	0.0084
0.01	0.031	-0.0741	0.0031	-0.0463	-0.848	0.0381	-0.5286	78	80	14	1	13	0.01	0.05	0	0.01
0.013	0.0417	-0.0885	-0.0004	-0.0456	0.56	-0.6111	-0.5595	79	81	14	1	14	0.0017	0.3333	0	0.0177
0.0129	0.0428	-0.0702	-0.0254	-0.0634	0.2751	-0.8998	0.3386	80	82	14	1	15	0.0018	0.2917	0	0.0169
0.009	0.0355	-0.0599	-0.0685	-0.0566	0.5758	-0.7486	0.3286	81	83	14	1	16	0.0049	0.5313	0	0.009
0.0122	0.0203	-0.0223	-0.0797	-0.0416	0.4771	-0.6586	0.5819	82	84	14	1	17	0.0078	0.4375	0	0.0124
0.0122	0.0411	-0.0219	-0.1022	-0.0551	0.9434	-0.1655	-0.2873	83	85	14	1	18	0.0059	0.3125	0	0.013
0.0087	0.0253	0.0161	-0.0982	-0.0254	0.9274	-0.3577	0.1096	84	86	14	1	19	0.0091	0.4167	0	0.0073
0.01	0.0258	0.0451	-0.1136	-0.0372	0.8791	-0.2106	0.4276	85	87	14	1	20	0.01	0.05	0	0.01
0.0101	0.0258	0.0684	-0.1075	-0.0265	0.9617	-0.0474	0.2701	86	88	14	1	21	0.0013	0.4583	0	0.0101
0.0086	0.0268	0.0917	-0.1031	-0.0164	0.9766	0.1992	0.0809	87	89	14	1	22	0.0046	0.5417	0	0.0086
0.01	0.0253	0.1149	-0.104	-0.0099	0.9039	-0.1709	0.3922	88	90	14	1	23	0.01	0.05	0	0.01
0.0104	0.0281	0.1381	-0.1109	-0.0146	0.9695	-0.2371	0.0615	89	91	14	1	24	0.0009	0.375	0	0.0104
0.0125	0.03	0.1672	-0.1217	-0.03	0.8988	-0.3925	0.195	90	92	14	1	25	0.0038	0.225	0	0.0218
0.01	0.0313	0.1895	-0.1358	-0.0163	0.4607	-0.8875	0.0088	91	93	14	1	26	0.01	0.05	0	0.01
0.0129	0.0366	0.1795	-0.1503	-0.032	0.2406	-0.5333	-0.811	92	94	14	1	27	0.0018	0.375	0	0.0157
0.01	0.0289	0.1913	-0.158	-0.0632	0.7789	-0.2674	-0.5673	93	95	14	1	28	0.01	0.05	0	0.01
0.0102	0.05	0.2041	-0.1738	-0.049	0.5209	-0.8516	-0.058	94	96	14	1	29	0.0015	0.375	0	0.0102
0.0101	0.0608	0.2296	-0.2148	-0.039	0.323	-0.938	0.126	95	97	14	1	30	0.0074	0.3	0	0.0101
0.01	0.061	0.264	-0.2436	-0.0242	0.5925	-0.475	0.6506	96	98	14	1	31	0.01	0.05	0	0.01
0.0079	0.0468	0.2522	-0.2665	-0.0234	-0.2629	-0.9485	0.1764	97	99	14	1	32	0.0008	0.4167	0	0.0058
0.01	0.0185	0.2487	-0.3101	-0.0148	0.075	-0.9777	0.1961	98	100	14	1	33	0.01	0.05	0	0.01
0.01	0.0021	0.2407	-0.322	-0.0056	-0.2944	-0.8461	0.4443	99	101	14	1	34	0.01	0.05	0	0.01
0.0078	0.0472	0.2365	-0.3287	-0.0076	-0.81	0.2897	0.5098	100	102	14	1	35	0.0007	0.3333	0	0.0059
0.0118	0.0224	0.1998	-0.3218	0.0063	-0.0579	-0.8342	0.5484	101	103	14	1	36	0.0013	0.2917	0	0.0139
0.0093	0.0337	0.201	-0.3365	0.0181	0.8462	-0.5226	0.1041	102	104	14	1	37	0.0009	0.2917	0	0.0093
0.0088	0.042	0.2267	-0.3385	0.0337	0.9289	-0.1083	0.354	103	105	14	1	38	0.0067	0.375	0	0.0088
0.0101	0.0172	0.2642	-0.3661	0.0451	0.8662	-0.132	0.482	104	106	14	1	39	0.0066	0.5	0	0.0102
0.0074	0.0043	0.2835	-0.3446	0.0505	0.9804	-0.1736	0.0932	105	107	14	1	40	0.0095	0.4167	0	0.0056
0.0103	0.02	0.2841	-0.3499	0.0588	0.6536	0.4788	0.5862	106	108	14	1	41	0.001	0.2917	0	0.011
0.0122	0.0285	0.3004	-0.3515	0.0677	0.9613	0.2595	0.0922	107	109	14	1	42	0.0011	0.375	0	0.0154
0.0097	0.0007	0.3157	-0.3324	0.0779	0.6792	0.2632	0.6851	108	110	14	1	43	0.01	0.05	0	0.01
0.0115	0.0698	0.3133	-0.3366	0.0648	0.8461	-0.533	-0.0053	109	111	14	1	44	0.0014	0.4583	0	0.0125
0.0094	0.0328	0.3632	-0.383	0.0623	0.6718	-0.7146	0.1948	110	112	14	1	45	0.01	0.05	0	0.01
0.0117	0.0402	0.3704	-0.4051	0.0623	-0.0436	-0.9934	-0.1057	111	113	14	1	46	0.0032	0.25	0	0.0173
0.0093	0.0274	0.3883	-0.4122	0.0804	0.2295	-0.6376	0.7354	112	114	14	1	47	0.01	0.05	0	0.01
0.0092	0.0163	0.396	-0.4144	0.0793	0.9523	-0.2744	-0.1331	113	0	14	1	48	0.01	0.05	0	0.01
0.0076	0.0152	-0.1525	0.1666	-0.0639	0.2645	0.3563	-0.8962	5	116	18	1	1	0.0021	0.375	1	0.0076
0.0076	0.0444	-0.1484	0.172	-0.0775	-0.1047	0.8766	-0.4698	115	117	18	1	2	0.0021	0.375	0	0.0076
0.007	0.0084	-0.1399	0.2046	-0.0818	0.6948	0.6499	-0.3082	116	118	18	1	3	0.01	0.05	0	0.01
0.0057	0.0287	-0.1331	0.2109	-0.0848	0.5122	-0.7519	-0.4151	117	119	18	1	4	0.01	0.05	0	0.01
0.0041	0.0142	-0.1181	0.1912	-0.0857	0.5271	-0.8393	0.1333	118	0	18	1	5	0.0038	0.125	0	0.01
0.01	0.0697	-0.2151	0.1538	-0.122	-0.7847	-0.1306	0.6059	9	121	8	2	1	0.0013	0.2917	0	0.0084
0.011	0.044	-0.2657	0.1366	-0.0794	-0.3316	-0.1422	0.9326	120	122	8	2	2	0.0015	0.2917	0	0.0111
0.01	0.0308	-0.2905	0.1271	-0.055	-0.8441	0.2612	0.4683	121	123	8	2	3	0.0103	0.4167	0	0.01
0.0103	0.0189	-0.3126	0.125	-0.0302	-0.9463	-0.3213	0.0354	122	124	8	2	4	0.006	0.5	0	0.0103
0.01	0.0277	-0.3174	0.1299	-0.0246	-0.2016	-0.1944	0.96	123	125	8	2	5	0.01	0.05	0	0.01
0.01	0.0135	-0.3205	0.1262	-0.0282	-0.8227	-0.5601	-0.0973	124	126	8	2	6	0.01	0.05	0	0.01
0.01	0.017	-0.3313	0.1194	-0.0323	-0.8793	0.4738	0.0482	125	0	8	2	7	0.01	0.05	0	0.01
0.0025	0.074	-0.2244	0.1003	-0.0884	0.811	-0.2878	0.5093	9	128	9	2	1	0.01	0.05	0	0.01
0.0025	0.0205	-0.1644	0.079	-0.0507	0.4303	-0.3657	0.8253	127	129	9	2	2	0.01	0.05	0	0.01
0.0025	0.0389	-0.1556	0.0715	-0.0338	0.7897	-0.51	-0.3409	128	0	9	2	3	0.01	0.05	0	0.01
0.011	0.1185	-0.1115	0.2296	-0.0112	-0.8014	-0.0302	0.5973	18	131	32	2	1	0.0008	0.2917	0	0.011
0.0137	0.0383	-0.2058	0.2451	0.0674	-0.9061	-0.1334	0.4016	130	132	32	2	2	0.006	0.275	0	0.0147
0.0131	0.0286	-0.2189	0.2514	0.077	-0.0974	0.5878	0.8031	131	133	32	2	3	0.0065	0.375	0	0.0138
0.0087	0.0247	-0.2432	0.2534	0.1028	-0.3236	0.6098	0.7234	132	134	32	2	4	0.0034	0.375	0	0.0055
0.01	0.025	-0.2545	0.2668	0.1132	-0.9106	0.2287	0.3443	133	135	32	2	5	0.01	0.05	0	0.01
0.0087	0.0069	-0.2771	0.2746	0.1217	-0.9901	0.0808	0.1146	134	136	32	2	6	0.0009	0.4167	0	0.0087
0.0094	0.0044	-0.2842	0.269	0.1236	-0.9765	0.0848	0.1979	135	137	32	2	7	0.01	0.05	0	0.01
0.0089	0.0243	-0.2886	0.2693	0.1245	-0.7671	0.6359	-0.0841	136	0	32	2	8	0.01	0.05	0	0.01
0.0025	0.1148	-0.0918	0.2257	0.0014	-0.6276	-0.074	0.775	22	139	42	2	1	0.0166	0.1	1	0.01
0.0025	0.048	-0.1613	0.2214	0.0798	-0.8635	-0.355	-0.3582	138	140	42	2	2	0.0049	0.125	0	0.01
0.0025	0.0377	-0.1996	0.1977	0.0698	-0.9541	-0.2286	0.1934	139	0	42	2	3	0.0043	0.225	0	0.01
0.01	0.0593	0.013	0.2338	0.0209	0.4734	-0.577	-0.6655	25	142	59	2	1	0.01	0.05	0	0.01
0.01	0.025	0.0426	0.1981	-0.0167	0.0929	-0.7614	-0.6416	141	143	59	2	2	0.01	0.05	0	0.01
0.01	0.0312	0.045	0.1791	-0.0327	0.7256	-0.6457	0.2377	142	0	59	2	3	0.01	0.05	0	0.01
0.0123	0.0291	0.1257	-0.0471	0.1389	0.6319	-0.6432	0.4325	35	145	90	2	1	0.0008	0.375	1	0.0126
0.0123	0.0236	0.1441	-0.0658	0.1515	-0.2837	-0.9032	0.3222	144	146	90	2	2	0.0008	0.375	0	0.0126
0.0123	0.0428	0.1439	-0.0902	0.1555	0.5066	0.074	0.859	145	147	90	2	3	0.0015	0.3333	0	0.0149
0.0123	0.015	0.1721	-0.0904	0.1755	0.4835	-0.8045	0.3449	146	148	90	2	4	0.001	0.2917	0	0.0089
0.0123	0.0183	0.1639	-0.1044	0.1819	0.0966	-0.9534	-0.2859	147	149	90	2	5	0.0012	0.4167	0	0.0123
0.0123	0.008	0.1604	-0.1027	0.1758	-0.7404	-0.1747	0.6491	148	150	90	2	6	0.01	0.05	0	0.01
0.0123	0.0147	0.1543	-0.1052	0.1823	-0.1749	0.7956	0.58	149	0	90	2	7	0.01	0.05	0	0.01
0.0134	0.0421	0.1389	-0.0569	0.2364	-0.2273	0.9095	0.348	39	152	93	2	1	0.0028	0.4167	1	0.0134
0.0134	0.0578	0.1293	-0.0186	0.251	-0.9918	-0.0192	0.1266	151	153	93	2	2	0.0028	0.4167	0	0.0134
0.0134	0.0414	0.082	-0.0316	0.248	-0.8221	-0.25	-0.5115	152	154	93	2	3	0.01	0.05	0	0.01
0.0134	0.0152	0.0655	-0.0256	0.255	-0.8772	0.3148	0.3626	153	155	93	2	4	0.01	0.05	0	0.01
0.0134	0.0198	0.0522	-0.0209	0.2605	-0.124	0.6179	0.7764	154	0	93	2	5	0.01	0.05	0	0.01
0.0095	0.024	-0.315	0.3746	-0.0612	0.08	-0.9408	-0.3294	61	157	22	2	1	0.0016	0.4167	1	0.0095
0.0095	0.0473	-0.3131	0.3521	-0.0692	0.334	-0.9406	-0.0614	156	158	22	2	2	0.0016	0.4167	0	0.0095
0.0095	0.0346	-0.2974	0.3091	-0.0631	0.6195	-0.7721	0.1419	157	159	22	2	3	0.01	0.05	0	0.01
0.0095	0.0048	-0.29	0.2981	-0.0778	0.3837	-0.5665	-0.7293	158	160	22	2	4	0.01	0.05	0	0.01
0.0095	0.0186	-0.2881	0.2954	-0.0814	-0.3239	-0.9421	0.087	159	0	22	2	5	0.01	0.05	0	0.01
0.0087	0.0395	-0.2731	0.3807	-0.0464	0.2763	-0.1215	-0.9534	60	162	26	2	1	0.0025	0.375	0	0.0105
0.0083	0.0443	-0.2628	0.3757	-0.0837	-0.5898	0.3032	-0.7485	161	163	26	2	2	0.0012	0.3333	0	0.0106
0.0065	0.0311	-0.2837	0.3813	-0.1167	-0.5194	-0.3659	-0.7722	162	164	26	2	3	0.01	0.05	0	0.01
0.005	0.0019	-0.2957	0.3895	-0.1184	-0.6485	0.6272	-0.4314	163	165	26	2	4	0.0038	0.175	0	0.01
0.0036	0.0081	-0.298	0.3902	-0.1201	0.3284	0.5723	-0.7514	164	0	26	2	5	0.0012	0.1	0	0.01
0.0096	0.0543	-0.1127	0.214	-0.0451	-0.842	-0.2562	0.4748	69	167	167	2	1	0.0023	0.4167	1	0.017
0.0096	0.0468	-0.1605	0.203	-0.0241	-0.7623	-0.6456	-0.0459	166	168	167	2	2	0.0054	0.25	0	0.017
0.009	0.0479	-0.1973	0.1722	-0.0241	0.4851	0.7531	0.4445	167	169	167	2	3	0.0011	0.4167	0	0.009
0.009	0.0471	-0.167	0.2024	-0.013	0.6033	0.7967	-0.0359	168	170	167	2	4	0.0048	0.3	0	0.0075
0.0094	0.0349	-0.1343	0.2211	-0.0154	0.8994	0.2189	-0.3785	169	171	167	2	5	0.01	0.05	0	0.01
0.0094	0.0436	-0.1334	0.2231	0.002	-0.6592	0.4976	-0.5638	170	172	167	2	6	0.0008	0.375	0	0.013
0.0092	0.0565	-0.1478	0.2469	-0.02	0.1121	0.3806	-0.9179	171	173	167	2	7	0.001	0.3333	0	0.0092
0.0091	0.0419	-0.1457	0.2787	-0.0648	0.042	0.5757	-0.8166	172	174	167	2	8	0.01	0.05	0	0.01
0.009	0.0027	-0.128	0.2678	-0.0765	0.6553	-0.1729	-0.7353	173	175	167	2	9	0.01	0.05	0	0.01
0.009	0.0179	-0.1263	0.2672	-0.077	0.8754	0.4574	0.1566	174	0	167	2	10	0.01	0.05	0	0.01
0.0095	0.0037	-0.0306	0.0554	-0.0268	-0.3462	0.6839	-0.6422	76	177	60	2	1	0.0017	0.5417	0	0.0109
0.0095	0.0656	-0.0364	0.0528	-0.0328	-0.4551	0.7448	-0.4879	176	178	60	2	2	0.01	0.05	0	0.01
0.0095	0.0117	-0.0463	0.0443	-0.0557	-0.3914	-0.2756	-0.878	177	179	60	2	3	0.01	0.05	0	0.01
0.0095	0.0152	-0.0509	0.041	-0.066	0.26	-0.5028	-0.8244	178	0	60	2	4	0.01	0.05	0	0.01
0.0086	0.0292	-0.0532	-0.0733	-0.0446	0.1269	0.259	0.9575	82	181	91	2	1	0.0036	0.4583	1	0.0126
0.0086	0.0446	-0.0495	-0.0657	-0.0166	0.2118	0.8068	-0.5516	180	182	91	2	2	0.0036	0.4583	0	0.0126
0.0086	0.041	-0.048	-0.0291	-0.0434	0.1671	0.9264	-0.3374	181	183	91	2	3	0.01	0.05	0	0.01
0.0086	0.0036	-0.0324	-0.028	-0.0351	0.8621	0.3942	0.3185	182	0	91	2	4	0.0015	0.3333	0	0.007
0.0086	0.034	0.0164	-0.0948	-0.0175	-0.0875	-0.958	-0.2729	85	185	92	2	1	0.0067	0.325	0	0.0203
0.0086	0.047	0.0215	-0.1219	-0.0188	0.6481	-0.7492	-0.1364	184	186	92	2	2	0.0012	0.4167	0	0.0086
0.0086	0.0662	0.057	-0.1533	-0.0271	0.627	-0.7726	0.1	185	187	92	2	3	0.0031	0.3333	0	0.0077
0.0086	0.0288	0.0827	-0.2099	-0.0111	0.3476	-0.9368	0.0397	186	188	92	2	4	0.01	0.05	0	0.01
0.0086	0.0215	0.0863	-0.2081	-0.0299	-0.2564	-0.5886	-0.7667	187	189	92	2	5	0.0005	0.4583	0	0.0117
0.0086	0.0439	0.078	-0.2239	-0.0488	0.4985	-0.751	0.433	188	190	92	2	6	0.0018	0.175	0	0.0163
0.0086	0.0561	0.0986	-0.2583	-0.0302	0.5401	-0.6519	0.5323	189	191	92	2	7	0.01	0.05	0	0.01
0.0086	0.0039	0.095	-0.3011	-0.0203	-0.0646	-0.9159	0.3961	190	192	92	2	8	0.001	0.3333	0	0.0096
0.0086	0.0091	0.0872	-0.3026	-0.0233	-0.226	-0.9713	-0.0742	191	193	92	2	9	0.01	0.05	0	0.01
0.0086	0.0136	0.0852	-0.3114	-0.0239	0.0038	-0.9568	-0.2909	192	0	92	2	10	0.01	0.05	0	0.01
0.0114	0.0221	0.0762	-0.1002	-0.0175	-0.1282	0.7646	0.6316	87	195	103	2	1	0.0026	0.4167	1	0.0114
0.0114	0.0411	0.0734	-0.0833	-0.0035	0.1653	0.5448	-0.8221	194	196	103	2	2	0.0026	0.4167	0	0.0114
0.0114	0.0488	0.078	-0.0619	-0.0296	-0.9628	0.0987	-0.2517	195	197	103	2	3	0.0012	0.2917	0	0.0103
0.0114	0.0366	0.0311	-0.0567	-0.0427	-0.9794	0.1979	0.0405	196	198	103	2	4	0.0013	0.3333	0	0.0108
0.0114	0.0313	0.0058	-0.033	-0.0339	-0.8587	0.4947	0.1339	197	199	103	2	5	0.01	0.05	0	0.01
0.0114	0.0483	-0.0054	-0.0404	-0.0312	0.4736	0.3766	-0.7962	198	200	103	2	6	0.0013	0.2917	0	0.0117
0.0114	0.0277	0.0035	-0.0179	-0.0663	-0.0486	0.493	-0.8686	199	201	103	2	7	0.001	0.2917	0	0.0113
0.0114	0.0092	0.0029	-0.0071	-0.0837	-0.9068	0.3434	0.2447	200	202	103	2	8	0.01	0.05	0	0.01
0.0114	0.0174	-0.0055	0.002	-0.0883	-0.1071	-0.7538	-0.6483	201	203	103	2	9	0.01	0.05	0	0.01
0.0114	0.0041	-0.007	-0.0088	-0.0975	0.2372	0.6313	-0.7384	202	0	103	2	10	0.01	0.05	0	0.01
0.01	0.0392	0.1391	-0.1205	-0.0426	0.8224	0.4793	-0.3064	91	205	113	2	1	0.01	0.05	0	0.01
0.0117	0.0512	0.1782	-0.0949	-0.0564	0.6549	-0.5009	0.5658	204	206	113	2	2	0.001	0.3333	0	0.0118
0.0115	0.0298	0.2251	-0.1053	-0.0361	0.6176	-0.0997	0.7801	205	207	113	2	3	0.0015	0.2917	0	0.0188
0.01	0.0109	0.221	-0.1173	-0.0094	0.3523	-0.5902	0.7263	206	208	113	2	4	0.01	0.05	0	0.01
0.0106	0.0819	0.2214	-0.1229	-0.0126	0.4456	0.8925	-0.07	207	209	113	2	5	0.0016	0.3333	0	0.0133
0.0079	0.0217	0.2632	-0.0535	-0.0272	0.4195	0.8985	-0.1291	208	210	113	2	6	0.01	0.05	0	0.01
0.009	0.0026	0.2717	-0.0341	-0.0311	0.8103	0.3307	-0.4838	209	211	113	2	7	0.0013	0.2917	0	0.0237
0.0062	0.0272	0.2787	-0.0233	-0.0142	0.2554	0.8174	-0.5164	210	212	113	2	8	0.01	0.05	0	0.01
0.0046	0.0149	0.2784	-0	-0.0261	0	0.8897	-0.4566	211	0	113	2	9	0.01	0.05	0	0.01
0.009	0.111	0.2105	-0.178	-0.0397	0.8736	-0.4865	-0.0148	95	214	128	2	1	0.0032	0.5	0	0.009
0.009	0.0353	0.3054	-0.2331	-0.0497	0.7382	-0.6656	-0.1097	213	215	128	2	2	0.01	0.05	0	0.01
0.009	0.0202	0.3225	-0.2404	-0.0298	0.7247	-0.4125	0.5519	214	0	128	2	3	0.01	0.05	0	0.01
0.0077	0.0539	0.2718	-0.2371	-0.0223	-0.601	0.232	0.7649	97	217	129	2	1	0.001	0.4583	0	0.0077
0.0077	0.0207	0.2441	-0.2277	0.0182	0.55	0.8297	-0.0955	216	218	129	2	2	0.01	0.05	0	0.01
0.0077	0.0152	0.2583	-0.2074	0.0149	-0.5761	0.6944	0.4312	217	0	129	2	3	0.0015	0.3333	0	0.0086
0.0115	0.0284	0.2295	-0.2287	-0.0284	0.4135	0.6399	0.6477	96	220	131	2	1	0.0024	0.4167	0	0.0115
0.0115	0.0372	0.2379	-0.2059	-0.0158	0.6491	0.7304	0.2126	219	221	131	2	2	0.01	0.05	0	0.01
0.0115	0.0474	0.2496	-0.2046	-0.0012	-0.8186	0.2615	-0.5114	220	222	131	2	3	0.0014	0.25	0	0.0137
0.0115	0.0129	0.208	-0.1894	-0.0173	-0.7701	-0.6358	-0.0513	221	223	131	2	4	0.01	0.05	0	0.01
0.0115	0.0396	0.198	-0.1976	-0.0179	-0.8408	0.0117	0.5412	222	0	131	2	5	0.01	0.05	0	0.01
0.0095	0.0242	0.2544	-0.2603	-0.0376	0.7236	0.4623	-0.5125	96	225	132	2	1	0.0044	0.375	1	0.0188
0.0095	0.0551	0.263	-0.241	-0.0496	-0.6463	-0.7028	-0.2971	224	226	132	2	2	0.0048	0.3	0	0.0188
0.0095	0.029	0.2369	-0.276	-0.0649	0.133	-0.5544	0.8216	225	227	132	2	3	0.0009	0.3333	0	0.0097
0.0094	0.0365	0.2413	-0.2926	-0.0387	-0.8037	-0.5941	0.0337	226	228	132	2	4	0.0011	0.2917	0	0.0107
0.0093	0.0327	0.2134	-0.3167	-0.0338	-0.8174	0.2733	0.5071	227	229	132	2	5	0.0018	0.2083	0	0.0139
0.0091	0.0004	0.1972	-0.3206	-0.0318	-0.7509	0.1213	-0.6492	228	230	132	2	6	0.01	0.05	0	0.01
0.0091	0.0497	0.2041	-0.3231	-0.0163	0.1806	-0.9549	-0.2358	229	231	132	2	7	0.0049	0.325	0	0.0125
0.0086	0.0402	0.2187	-0.368	-0.0273	0.4266	-0.9023	-0.0615	230	232	132	2	8	0.0044	0.3333	0	0.0092
0.0081	0.0417	0.2342	-0.4025	-0.0192	0.4681	-0.856	0.2195	231	233	132	2	9	0.0045	0.3333	0	0.0094
0.0061	0.0402	0.2618	-0.4302	-0.0326	0.7338	-0.679	0.0212	232	234	132	2	10	0.01	0.05	0	0.01
0.0055	0.042	0.2505	-0.4499	-0.0107	0.1509	-0.7989	0.5823	233	235	132	2	11	0.01	0.05	0	0.01
0.007	0.0085	0.2529	-0.4458	-0.0161	0.197	-0.5966	-0.778	234	0	132	2	12	0.0022	0.3333	0	0.0104
0.0081	0.0882	0.2383	-0.3259	-0.0145	0.3306	0.863	-0.3821	100	237	133	2	1	0.0022	0.3333	0	0.0081
0.0092	0.0302	0.2698	-0.2459	-0.0561	-0.5376	-0.6847	-0.4922	236	238	133	2	2	0.0011	0.2917	0	0.0094
0.0084	0.0506	0.2569	-0.2686	-0.0806	-0.7439	-0.657	-0.1219	237	239	133	2	3	0.0007	0.25	0	0.0122
0.006	0.0056	0.2186	-0.301	-0.0748	-0.943	-0.3321	-0.0213	238	240	133	2	4	0.01	0.05	0	0.01
0.0042	0.0205	0.2161	-0.3046	-0.0753	-0.5332	-0.7376	-0.4143	239	0	133	2	5	0.0022	0.1	0	0.01
0.0095	0.0123	0.2705	-0.2515	-0.0027	-0.7423	0.3313	0.5824	97	242	134	2	1	0.0022	0.4583	1	0.0123
0.0095	0.0432	0.2614	-0.2475	0.0045	-0.9248	-0.3725	-0.0768	241	243	134	2	2	0.0022	0.4583	0	0.0123
0.0095	0.0529	0.2245	-0.2483	0.0005	-0.8804	0.1981	0.4309	242	244	134	2	3	0.0016	0.2917	0	0.0134
0.0086	0.0266	0.1792	-0.2463	0.0245	-0.7038	-0.0038	0.7104	243	245	134	2	4	0.0045	0.5313	0	0.0086
0.0092	0.0429	0.1639	-0.2338	0.0179	-0.7794	-0.5134	-0.3592	244	246	134	2	5	0.009	0.3438	0	0.0106
0.0087	0.0396	0.1257	-0.2581	0.0083	-0.7082	-0.2303	-0.6674	245	247	134	2	6	0.01	0.05	0	0.01
0.0086	0.0066	0.1427	-0.2489	0.0127	0.3573	0.4741	-0.8047	246	0	134	2	7	0.01	0.05	0	0.01
0.0084	0.027	0.2292	-0.3303	0.0367	0.4243	0.4256	0.7993	104	249	136	2	1	0.0017	0.2917	0	0.01
0.0083	0.0171	0.2398	-0.3193	0.0588	0.4268	0.2335	0.8737	248	250	136	2	2	0.005	0.225	0	0.0138
0.0081	0.0498	0.2461	-0.3126	0.0735	0.0947	0.1187	0.9884	249	251	136	2	3	0.001	0.2917	0	0.0113
0.0073	0.0331	0.2538	-0.3202	0.1222	0.2284	0.0091	0.9735	250	252	136	2	4	0.01	0.05	0	0.01
0.0069	0.0316	0.2404	-0.3168	0.1415	-0.5039	0.1471	0.8512	251	253	136	2	5	0.0036	0.25	0	0.0129
0.0049	0.0271	0.2221	-0.3173	0.158	-0.8862	-0.3056	0.3481	252	254	136	2	6	0.0015	0.15	0	0.01
0.0037	0.0224	0.2197	-0.3197	0.1625	0.3293	-0.5865	0.74	253	0	136	2	7	0.0031	0.175	0	0.01
0.0107	0.041	0.1877	-0.3403	0.0134	-0.8132	-0.5814	0.0264	102	256	142	2	1	0.0011	0.2917	1	0.0108
0.0107	0.0246	0.1543	-0.3641	0.0145	-0.5363	-0.8191	-0.2037	255	257	142	2	2	0.0011	0.2917	0	0.0108
0.0084	0.0404	0.1426	-0.36	0.0133	-0.6745	0.1527	-0.7223	256	258	142	2	3	0.0073	0.4583	0	0.0084
0.01	0.0407	0.1092	-0.3542	-0.009	-0.6112	0.604	-0.5114	257	259	142	2	4	0.01	0.05	0	0.01
0.0109	0.0285	0.0785	-0.3447	-0.0344	-0.8218	0.4303	-0.3736	258	260	142	2	5	0.0011	0.4167	0	0.0135
0.0106	0.0164	0.0881	-0.3624	-0.0213	-0.7571	-0.4989	0.4216	259	261	142	2	6	0.0012	0.25	0	0.0118
0.0084	0.023	0.0808	-0.3603	-0.0012	-0.6369	-0.4684	0.6124	260	262	142	2	7	0.004	0.375	0	0.0071
0.0084	0.0337	0.0693	-0.3924	-0.0019	-0.7458	-0.4525	0.4889	261	263	142	2	8	0.0061	0.375	0	0.0076
0.0091	0.0324	0.0398	-0.3977	-0.0002	-0.8273	-0.5484	-0.1221	262	264	142	2	9	0.0043	0.4063	0	0.0091
0.009	0.0285	0.022	-0.4268	0.0003	-0.7081	-0.6616	-0.2468	263	265	142	2	10	0.01	0.05	0	0.01
0.0086	0.005	0.0176	-0.4112	0.0002	-0.8675	0.4435	-0.2254	264	0	142	2	11	0.0021	0.2917	0	0.0086
0.011	0.1072	0.1908	-0.3449	0.0109	0.6959	-0.6537	-0.2973	102	267	143	2	1	0.0027	0.25	0	0.0131
0.01	0.0045	0.2684	-0.4143	-0.0156	0.7703	-0.532	-0.3517	266	268	143	2	2	0.01	0.05	0	0.01
0.0107	0.0369	0.2582	-0.4232	-0.0268	0.4753	-0.8752	-0.09	267	269	143	2	3	0.0044	0.2	0	0.0436
0.0107	0.0388	0.2643	-0.4406	-0.0267	-0.7796	-0.6207	0.0831	268	270	143	2	4	0.0012	0.2917	0	0.0156
0.0076	0.0319	0.2339	-0.4632	-0.0417	-0.7296	-0.682	-0.0507	269	271	143	2	5	0.0028	0.4688	0	0.0076
0.0083	0.0451	0.2073	-0.485	-0.0405	-0.4253	-0.7569	-0.4962	270	272	143	2	6	0.0047	0.375	0	0.0083
0.009	0.0475	0.1896	-0.4955	-0.0325	-0.6343	-0.5958	0.4927	271	273	143	2	7	0.01	0.05	0	0.01
0.0082	0.0175	0.1908	-0.5054	-0.0611	-0.3294	-0.8102	-0.4848	272	274	143	2	8	0.0009	0.2917	0	0.0082
0.0084	0.0056	0.184	-0.5176	-0.0666	-0.8967	-0.4422	-0.0178	273	275	143	2	9	0.01	0.05	0	0.01
0.0081	0.0383	0.1794	-0.5201	-0.0669	0.0903	-0.9926	0.0808	274	0	143	2	10	0.01	0.05	0	0.01
0.0108	0.0434	0.3814	-0.412	0.065	0.4845	0.8497	0.2078	112	277	165	2	1	0.0026	0.4167	0	0.0108
0.0108	0.0269	0.404	-0.3764	0.0677	-0.3332	0.9033	-0.2704	276	278	165	2	2	0.01	0.05	0	0.01
0.0108	0.0045	0.4069	-0.3535	0.0658	0.1176	0.9928	-0.022	277	279	165	2	3	0.01	0.05	0	0.01
0.0108	0.0098	0.4027	-0.3468	0.0674	-0.2939	0.1283	-0.9472	278	0	165	2	4	0.01	0.05	0	0.01
0.0025	0.0541	-0.3223	0.1304	-0.0371	0.4884	-0.1119	-0.8654	125	281	25	3	1	0.0166	0.175	1	0.01
0.0025	0.0445	-0.3072	0.1148	-0.0817	0.6539	-0.7475	0.117	280	282	25	3	2	0.0033	0.175	0	0.01
0.0025	0.0314	-0.2769	0.0845	-0.0781	0.4339	-0.5663	-0.7007	281	0	25	3	3	0.0018	0.1	0	0.01
0.0104	0.0527	-0.1226	0.2368	0.0067	0.6054	0.6877	0.4006	130	284	37	3	1	0.001	0.3333	1	0.0111
0.0104	0.0366	-0.0907	0.273	0.0279	0.2343	0.899	-0.37	283	285	37	3	2	0.001	0.3333	0	0.0111
0.0101	0.011	-0.086	0.3028	0.0147	-0.6098	0.7748	-0.1669	284	286	37	3	3	0.01	0.05	0	0.01
0.01	0.0161	-0.0927	0.3113	0.0128	0.7374	0.4158	0.5323	285	0	37	3	4	0.01	0.05	0	0.01
0.0025	0.0551	-0.2165	0.2361	0.061	-0.0745	-0.6363	-0.7679	131	288	40	3	1	0.0074	0.275	1	0.01
0.0025	0.0238	-0.2242	0.1955	0.0186	-0.1948	0.1371	-0.9712	287	289	40	3	2	0.0034	0.175	0	0.01
0.0025	0.04	-0.2346	0.2008	-0.0026	0.087	0.7893	-0.6079	288	0	40	3	3	0.0055	0.175	0	0.01
0.0104	0.0367	-0.1744	0.2231	0.0485	-0.3712	-0.9117	0.176	130	291	46	3	1	0.0031	0.375	0	0.0114
0.0104	0.048	-0.1958	0.1879	0.0626	-0.1816	-0.905	-0.3847	290	292	46	3	2	0.0015	0.175	0	0.0174
0.0101	0.0278	-0.1963	0.1543	0.0714	0.0137	-0.9428	0.3331	291	293	46	3	3	0.01	0.05	0	0.01
0.01	0.046	-0.1977	0.1724	0.0702	0.1294	-0.2229	-0.9662	292	0	46	3	4	0.01	0.05	0	0.01
0.0025	0.0323	-0.2109	0.2318	0.0643	-0.6099	-0.7443	-0.2719	131	295	47	3	1	0.0048	0.225	1	0.01
0.0025	0.0322	-0.2332	0.2234	0.0629	-0.8771	-0.3162	0.3614	294	296	47	3	2	0.0038	0.175	0	0.01
0.0025	0.0278	-0.2604	0.213	0.0733	-0.6687	-0.6156	-0.417	295	0	47	3	3	0.003	0.15	0	0.01
0.0096	0.0189	-0.2268	0.2476	0.0626	-0.4481	0.338	-0.8276	131	298	48	3	1	0.0015	0.5	1	0.0094
0.0095	0.0344	-0.2352	0.2539	0.047	0.189	-0.9485	-0.2544	297	299	48	3	2	0.0015	0.5	0	0.0094
0.013	0.0284	-0.2426	0.2159	0.0401	-0.0428	0.418	0.9074	298	300	48	3	3	0.0012	0.2917	0	0.0154
0.0094	0.027	-0.2546	0.2101	0.057	-0.5389	0.6176	-0.5728	299	0	48	3	4	0.01	0.05	0	0.01
0.0117	0.0583	-0.2175	0.2707	0.0818	0.6489	0.406	-0.6435	132	302	63	3	1	0.0024	0.375	0	0.0117
0.0091	0.055	-0.1742	0.2895	0.0536	0.1248	0.9071	0.402	301	303	63	3	2	0.0012	0.375	0	0.0091
0.0087	0.0016	-0.1659	0.3364	0.0816	0.047	0.8925	0.4487	302	304	63	3	3	0.01	0.05	0	0.01
0.0066	0.0303	-0.1658	0.3378	0.0823	0.6027	0.7858	0.1392	303	305	63	3	4	0.01	0.05	0	0.01
0.0044	0.0235	-0.1481	0.3626	0.0861	0.8501	0.2568	-0.4598	304	0	63	3	5	0.0018	0.15	0	0.01
0.0082	0.0287	-0.2386	0.2625	0.112	0.5491	0.5932	0.5887	133	307	70	3	1	0.0017	0.3333	0	0.0096
0.0082	0.0001	-0.2192	0.2728	0.1329	0.5673	0.6277	0.533	306	308	70	3	2	0.01	0.05	0	0.01
0.0082	0.0431	-0.2156	0.2634	0.1432	0.211	0.7485	0.6287	307	309	70	3	3	0.0047	0.25	0	0.0156
0.0082	0.0234	-0.2084	0.2932	0.1735	-0.6473	0.7382	0.1896	308	0	70	3	4	0.01	0.05	0	0.01
0.0076	0.0263	0.0109	0.2269	0.0066	-0.8018	0.0341	-0.5967	141	311	64	3	1	0.0021	0.4167	1	0.0076
0.0076	0.0631	-0.0102	0.2278	-0.009	0.4874	0.7938	-0.3637	310	312	64	3	2	0.0021	0.4167	0	0.0076
0.009	0.0334	0.012	0.2698	-0.0424	-0.0029	0.7878	-0.6159	311	313	64	3	3	0.0017	0.2917	0	0.013
0.009	0.0466	0.0065	0.2994	-0.0586	0.5796	-0.1102	0.8074	312	314	64	3	4	0.0012	0.3333	0	0.0106
0.0084	0.0382	0.0381	0.29	-0.0241	0.4605	-0.1387	0.8768	313	315	64	3	5	0.01	0.05	0	0.01
0.0082	0.0106	0.0423	0.3058	-0.0339	0.6191	0.7644	0.1799	314	0	64	3	6	0.01	0.05	0	0.01
0.0136	0.0437	0.0811	0.1532	-0.0128	-0.0742	0.8958	0.4383	143	317	82	3	1	0.0066	0.5	0	0.0136
0.0136	0.0044	0.0769	0.1906	-0.0019	-0.898	0.4398	0.0143	316	0	82	3	2	0.0027	0.3333	0	0.0124
0.0083	0.0161	-0.2651	0.386	-0.0523	0.5846	0.7163	0.3811	161	319	172	3	1	0.0042	0.4167	1	0.0129
0.0083	0.0606	-0.2557	0.3976	-0.0462	-0.7616	-0.0185	-0.6478	318	320	172	3	2	0.0042	0.4167	0	0.0129
0.0083	0.018	-0.3076	0.404	-0.0777	-0.855	-0.143	-0.4985	319	321	172	3	3	0.01	0.05	0	0.01
0.0083	0.0222	-0.3239	0.4003	-0.076	-0.9869	-0.1283	-0.0983	320	0	172	3	4	0.01	0.05	0	0.01
0.0094	0.0473	-0.1618	0.2217	-0.0186	-0.625	0.0638	-0.778	169	323	38	3	1	0.0032	0.5	0	0.0094
0.0094	0.0264	-0.1924	0.2202	-0.0476	0.5092	-0.7753	-0.3737	322	0	38	3	2	0.0021	0.1	0	0.0165
0.0143	0.0296	0.028	-0.1273	-0.0113	0.6973	-0.6702	0.2543	185	325	97	3	1	0.0038	0.375	0	0.0141
0.0143	0.0606	0.0286	-0.1551	0.0128	-0.5735	-0.2099	-0.7919	324	326	97	3	2	0.0013	0.4167	0	0.0143
0.0143	0.0348	-0.0169	-0.1639	-0.0263	-0.6612	-0.1846	-0.7271	325	327	97	3	3	0.01	0.05	0	0.01
0.0143	0.051	0.0033	-0.1738	-0.0275	0.2011	-0.8542	-0.4795	326	328	97	3	4	0.0043	0.225	0	0.0093
0.0143	0.0272	-0.0068	-0.203	-0.0485	-0.5735	-0.7227	-0.3857	327	329	97	3	5	0.01	0.05	0	0.01
0.0143	0.0264	0.0012	-0.2142	-0.0592	0.2594	-0.7331	-0.6287	328	330	97	3	6	0.01	0.05	0	0.01
0.0143	0.0297	0.0081	-0.2336	-0.0759	0.342	-0.862	-0.3742	329	0	97	3	7	0.01	0.05	0	0.01
0.01	0.0791	0.1003	-0.2459	-0.0277	0.0399	0.9803	0.1933	189	332	100	3	1	0.0037	0.3333	1	0.0132
0.01	0.05	0.1035	-0.1684	-0.0124	0.5967	-0.7844	-0.1693	331	333	100	3	2	0.0037	0.3333	0	0.0132
0.01	0.0243	0.1337	-0.1979	-0.0061	0.462	-0.7465	0.4789	332	334	100	3	3	0.01	0.05	0	0.01
0.01	0.0316	0.1448	-0.214	-0.0194	0.6627	-0.7458	-0.0686	333	335	100	3	4	0.0013	0.4167	0	0.01
0.01	0.0279	0.1622	-0.2314	-0.0286	0.4498	-0.5515	-0.7025	334	336	100	3	5	0.01	0.05	0	0.01
0.01	0.0103	0.1617	-0.2371	-0.0234	0.3433	-0.7996	0.4927	335	0	100	3	6	0.01	0.05	0	0.01
0.0185	0.0333	0.0145	-0.0141	-0.0674	0.4093	-0.2604	0.8744	200	338	127	3	1	0.0026	0.4167	0	0.0185
0.0185	0.0093	0.0356	-0.0108	-0.0235	0.9299	-0.2373	-0.281	337	339	127	3	2	0.0037	0.15	0	0.01
0.0185	0.0161	0.034	-0.0211	-0.0267	0.5133	-0.688	0.513	338	0	127	3	3	0.0022	0.075	0	0.01
0.0077	0.0968	0.2167	-0.1181	-0.0213	-0.7311	0.6813	0.0368	208	341	118	3	1	0.0017	0.375	0	0.0077
0.0079	0.011	0.1487	-0.0488	-0.0238	-0.8342	0.5439	-0.0912	340	342	118	3	2	0.01	0.05	0	0.01
0.007	0.017	0.1385	-0.0406	-0.0308	-0.2013	0.9087	0.3658	341	343	118	3	3	0.01	0.05	0	0.01
0.006	0.0002	0.1349	-0.0244	-0.0241	-0.0128	0.5359	-0.8442	342	344	118	3	4	0.01	0.05	0	0.01
0.0044	0.0269	0.1349	-0.0259	-0.0213	0.6508	0.6609	0.3737	343	0	118	3	5	0.0011	0.1	0	0.01
0.0104	0.0471	0.2442	-0.2134	-0.009	-0.2672	-0.7978	-0.5405	221	346	135	3	1	0.0028	0.5	1	0.0104
0.0104	0.0484	0.2317	-0.251	-0.0345	-0.0318	0.2907	0.9563	345	347	135	3	2	0.0028	0.5	0	0.0104
0.0108	0.04	0.233	-0.2363	0.0096	-0.5684	-0.1372	-0.8112	346	348	135	3	3	0.0028	0.225	0	0.0173
0.0104	0.0351	0.2026	-0.2326	-0.0179	-0.5965	-0.0743	-0.7992	347	349	135	3	4	0.01	0.05	0	0.01
0.0104	0.0014	0.1884	-0.218	-0.0405	-0.4874	0.4317	-0.759	348	350	135	3	5	0.01	0.05	0	0.01
0.0104	0.0316	0.1877	-0.2175	-0.0415	-0.6923	-0.701	-0.171	349	0	135	3	6	0.01	0.05	0	0.01
0.0025	0.0629	0.1796	-0.2955	-0.0113	0.3089	0.6594	-0.6854	228	352	146	3	1	0.01	0.05	0	0.01
0.0025	0.0307	0.199	-0.254	-0.0544	-0.2537	0.9614	-0.1064	351	0	146	3	2	0.01	0.05	0	0.01
0.0087	0.078	0.1904	-0.283	-0.0131	-0.8473	-0.4544	-0.2752	230	354	152	3	1	0.0012	0.375	0	0.015
0.0087	0.0757	0.1325	-0.315	-0.0452	-0.2511	0.9606	0.1189	353	355	152	3	2	0.0033	0.5313	0	0.0139
0.0087	0.0519	0.1335	-0.258	-0.0034	0.0596	0.914	0.4014	354	356	152	3	3	0.01	0.05	0	0.01
0.0087	0.0427	0.1188	-0.2656	-0.0498	-0.2522	0.7798	-0.5729	355	0	152	3	4	0.01	0.05	0	0.01
0.009	0.0209	0.2467	-0.2632	0.0056	0.3723	-0.8859	0.2766	242	358	174	3	1	0.0024	0.375	1	0.0151
0.009	0.0775	0.2507	-0.2823	0.009	0.5415	-0.1352	-0.8297	357	359	174	3	2	0.0044	0.25	0	0.0151
0.009	0.0298	0.2937	-0.2908	-0.0579	0.7298	0.3566	0.5833	358	360	174	3	3	0.0011	0.2917	0	0.0108
0.009	0.0195	0.3176	-0.2855	-0.0419	0.9299	0.3474	0.1206	359	0	174	3	4	0.01	0.05	0	0.01
0.0103	0.0338	0.0953	-0.3511	-0.0086	-0.2201	-0.6135	0.7584	258	362	162	3	1	0.0024	0.4167	1	0.0103
0.0103	0.0507	0.0878	-0.3719	0.0171	0.1214	0.8896	-0.4403	361	363	162	3	2	0.0024	0.4167	0	0.0103
0.0103	0.0384	0.0933	-0.3327	-0.0042	-0.9721	0.1474	0.1827	362	0	162	3	3	0.0025	0.3333	0	0.0113
0.014	0.0609	-0.2381	0.2021	0.0518	-0.349	-0.5136	-0.7838	294	365	56	4	1	0.0011	0.4167	0	0.014
0.014	0.0345	-0.252	0.1737	0.0054	-0.2054	0.093	0.9743	364	366	56	4	2	0.0012	0.2083	0	0.0108
0.014	0.041	-0.2573	0.1803	0.0372	0.0592	0.452	0.8901	365	367	56	4	3	0.01	0.05	0	0.01
0.014	0.01	-0.2707	0.183	0.0686	-0.277	-0.0322	0.9603	366	368	56	4	4	0.01	0.05	0	0.01
0.014	0.0305	-0.276	0.1977	0.0505	-0.6869	0.6108	0.3938	367	0	56	4	5	0.01	0.05	0	0.01
0.0041	0.0264	-0.1673	0.3173	0.0755	-0.7499	0.6543	-0.0978	302	370	84	4	1	0.0081	0.15	0	0.0182
0.0025	0.0301	-0.1878	0.3269	0.0665	-0.6228	0.5327	-0.573	369	371	84	4	2	0.0025	0.175	0	0.01
0.0036	0.0184	-0.2073	0.3431	0.0447	-0.1352	0.9887	0.0643	370	0	84	4	3	0.0041	0.15	0	0.0089
0.0104	0.0594	0.1516	-0.3349	-0.0137	-0.1591	-0.5291	-0.8335	0	373	186	0	1	0.0023	0.4583	0	0.0104
0.0104	0.0059	0.1423	-0.3632	-0.0476	-0.6445	-0.7479	0.1589	372	374	186	0	2	0.01	0.05	0	0.01
0.0104	0.0016	0.1386	-0.3674	-0.0467	0.6856	-0.6339	0.3579	373	0	186	0	3	0.01	0.05	0	0.01
0.012	0.0352	-0.2128	0.1861	0.0072	-0.5153	0.4062	-0.7546	0	376	187	0	1	0.0032	0.2917	0	0.0127
0.011	0.0233	-0.2333	0.1921	-0.0237	0.5535	0.2511	-0.7941	375	377	187	0	2	0.0013	0.2917	0	0.011
0.0105	0.0031	-0.2224	0.1859	-0.0453	0.4786	0.1465	-0.8657	376	378	187	0	3	0.01	0.05	0	0.01
0.01	0.0331	-0.221	0.1863	-0.0479	0.1928	0.9775	-0.0858	377	0	187	0	4	0.01	0.05	0	0.01
0.0122	0.0431	-0.1891	0.2236	0.0114	-0.1285	-0.988	0.0858	0	380	188	0	1	0.0026	0.5417	0	0.0122
0.0122	0.0007	-0.1982	0.1851	0.0243	-0.2985	-0.9091	0.2907	379	381	188	0	2	0.01	0.05	0	0.01
0.0122	0.0061	-0.1973	0.1856	0.0224	-0.9039	0.225	-0.3639	380	0	188	0	3	0.01	0.05	0	0.01
