radius (m)	length (m)	start_point	axis_direction	parent	extension	branch	branch_order	position_in_branch	mad	SurfCov	added	UnmodRadius (m)
0.0634	0.2444	0.9998	1.8593	-0.6763	-0.4237	-0.0796	0.9023	0	2	1	0	1	0.0599	0.5731	0	0.0634
0.0634	0.4624	0.9499	1.8881	-0.4448	-0.6551	0.7496	-0.0947	1	0	1	0	2	0.0267	0.1463	0	0.1542
0.0521	0.8667	0.9344	1.8856	-0.4338	0.1434	-0.9596	0.242	1	4	29	1	1	0.0647	0.2693	1	0.148
0.0519	0.5003	1.0557	1.0576	-0.2298	-0.7206	-0.6895	-0.0727	3	5	29	1	2	0.0705	0.5647	0	0.148
0.0461	0.6258	0.705	0.6999	-0.245	-0.5817	-0.7875	-0.2035	4	6	29	1	3	0.0367	0.6688	0	0.1556
0.0423	0.4019	0.1922	0.2533	-0.338	-0.2647	-0.954	0.141	5	7	29	1	4	0.0452	0.3261	0	0.1048
0.0359	0.1125	0.0658	-0.1483	-0.3635	-0.8267	-0.4718	0.3066	6	8	29	1	5	0.0043	0.5938	0	0.0365
0.0312	0.397	-0.0207	-0.2108	-0.2561	-0.7035	-0.71	-0.0302	7	9	29	1	6	0.0042	0.375	0	0.0312
0.0171	0.1462	-0.3139	-0.4811	-0.2511	-0.6725	-0.7385	-0.0481	8	10	29	1	7	0.0021	0.725	0	0.0171
0.0234	0.1048	-0.4026	-0.6009	-0.2571	-0.7623	-0.6335	-0.1325	9	11	29	1	8	0.0054	0.4167	0	0.0157
0.0231	0.2388	-0.4794	-0.67	-0.2761	-0.7264	-0.6836	-0.0709	10	12	29	1	9	0.0067	0.4167	0	0.0148
0.0196	0.141	-0.6443	-0.8417	-0.2806	-0.6912	-0.7226	-0.0143	11	13	29	1	10	0.0021	0.775	0	0.0196
0.0225	0.1069	-0.7632	-0.9321	-0.2928	-0.4988	-0.8629	0.0812	12	14	29	1	11	0.0029	0.625	0	0.0206
0.0151	0.1754	-0.8164	-1.0241	-0.2734	-0.5922	-0.8053	0.0284	13	15	29	1	12	0.0027	0.7292	0	0.0151
0.0219	0.107	-0.9175	-1.1671	-0.2597	-0.7023	-0.7075	0.0785	14	16	29	1	13	0.0059	0.3833	0	0.0145
0.0238	0.0979	-0.9753	-1.2651	-0.2786	-0.6247	-0.7501	0.2172	15	17	29	1	14	0.0027	0.5938	0	0.0238
0.0318	0.0829	-1.0382	-1.3359	-0.2455	-0.7446	-0.666	0.0443	16	18	29	1	15	0.0034	0.5	0	0.033
0.0289	0.2351	-1.0931	-1.4067	-0.2511	-0.9271	-0.3705	-0.0572	17	19	29	1	16	0.0056	0.625	0	0.029
0.0216	0.1086	-1.2813	-1.5277	-0.2722	-0.7333	-0.6701	0.1152	18	20	29	1	17	0.0032	0.75	0	0.0216
0.0435	0.3013	-1.396	-1.5687	-0.2802	-0.7089	-0.6898	0.1469	19	21	29	1	18	0.0197	0.3616	0	0.0614
0.0262	0.0667	-1.6064	-1.776	-0.2559	-0.2437	-0.9674	-0.0686	20	22	29	1	19	0.0028	0.625	0	0.0262
0.016	0.1138	-1.6656	-1.8396	-0.2862	-0.0708	-0.994	0.0834	21	23	29	1	20	0.0024	0.875	0	0.016
0.0285	0.0852	-1.6904	-1.9545	-0.2728	0.1583	-0.9576	0.2407	22	24	29	1	21	0.0039	0.6667	0	0.0287
0.0325	0.1621	-1.6899	-2.0413	-0.2554	0.3473	-0.9316	0.1073	23	25	29	1	22	0.0053	0.5833	0	0.034
0.0356	0.0847	-1.6583	-2.2171	-0.2082	0.7181	-0.6958	0.0162	24	26	29	1	23	0.0042	0.5938	0	0.0376
0.0375	0.1356	-1.6252	-2.2951	-0.2155	0.5094	-0.836	0.2038	25	27	29	1	24	0.0089	0.3333	0	0.0613
0.0148	0.1047	-1.525	-2.3832	-0.1606	0.179	-0.8144	0.552	26	28	29	1	25	0.0017	0.9375	0	0.0148
0.0144	0.135	-1.5051	-2.47	-0.1049	0.1322	-0.7711	0.6228	27	29	29	1	26	0.0019	0.95	0	0.0144
0.0142	0.1054	-1.4864	-2.5758	-0.0228	0.0183	-0.7486	0.6628	28	30	29	1	27	0.002	0.9063	0	0.0142
0.0136	0.1132	-1.4747	-2.6569	0.045	-0.0219	-0.737	0.6756	29	31	29	1	28	0.0019	0.9063	0	0.0136
0.0134	0.1271	-1.4817	-2.7457	0.1176	0.1079	-0.6355	0.7645	30	32	29	1	29	0.0019	0.9	0	0.0134
0.0177	0.0865	-1.4741	-2.8271	0.227	-0.3512	-0.909	-0.2245	31	33	29	1	30	0.0026	0.875	0	0.0177
0.0176	0.2867	-1.5074	-2.9271	0.2465	-0.6014	-0.6806	-0.4184	32	34	29	1	31	0.0213	0.5	0	0.0499
0.0176	0.0815	-1.6961	-3.1339	0.163	-0.7915	-0.3842	-0.4754	33	35	29	1	32	0.0021	0.875	0	0.0176
0.0185	0.1562	-1.766	-3.161	0.1367	-0.8923	-0.3592	-0.2735	34	36	29	1	33	0.0024	0.6458	0	0.0198
0.0195	0.1352	-1.9083	-3.2595	0.0807	-0.9793	0.1175	-0.1646	35	37	29	1	34	0.003	0.8	0	0.0195
0.0171	0.0744	-2.0429	-3.2478	0.062	-0.9087	0.1581	-0.3864	36	38	29	1	35	0.0028	0.8333	0	0.0171
0.0232	0.1757	-2.1205	-3.2416	0.0575	-0.832	-0.3583	-0.4236	37	39	29	1	36	0.0036	0.8125	0	0.0247
0.0208	0.0667	-2.2807	-3.2918	-0.0413	-0.8122	-0.5558	0.1775	38	40	29	1	37	0.0026	0.8333	0	0.0208
0.0171	0.0986	-2.3342	-3.3295	-0.0329	-0.8168	-0.5725	-0.0715	39	41	29	1	38	0.0028	0.7188	0	0.0171
0.0136	0.0693	-2.4227	-3.3786	-0.0382	-0.6818	-0.7292	-0.0587	40	42	29	1	39	0.0018	0.9167	0	0.0136
0.0145	0.0605	-2.4709	-3.428	-0.0478	-0.7618	-0.6477	-0.0056	41	43	29	1	40	0.0018	0.9167	0	0.0145
0.0207	0.107	-2.5118	-3.4794	-0.061	-0.8702	-0.4813	0.1056	42	0	29	1	41	0.0037	0.625	0	0.0215
0.0325	0.3259	0.0068	-0.2114	-0.3634	0.2608	-0.9614	0.0879	7	45	2	2	1	0.0063	0.4688	0	0.0354
0.0247	0.1973	0.0856	-0.5257	-0.3358	0.1686	-0.9825	-0.0792	44	46	2	2	2	0.0031	0.7679	0	0.0247
0.0211	0.2603	0.1243	-0.7199	-0.3781	0.1072	-0.9937	0.0331	45	47	2	2	3	0.0038	0.7222	0	0.0211
0.0273	0.1235	0.1317	-0.9804	-0.367	0.0997	-0.9912	0.0874	46	48	2	2	4	0.0042	0.65	0	0.0273
0.0318	0.5065	0.1171	-1.1099	-0.3734	0.1961	-0.9761	0.0936	47	49	2	2	5	0.0285	0.7154	0	0.1068
0.0217	0.442	0.1885	-1.6065	-0.3183	0.0937	-0.994	0.0568	48	50	2	2	6	0.0043	0.7583	0	0.0217
0.0253	0.1662	0.1309	-1.9896	-0.2987	-0.4951	-0.8592	0.129	49	51	2	2	7	0.0253	0.45	0	0.0635
0.0289	0.0728	0.066	-2.1616	-0.2689	-0.8654	-0.4538	0.2126	50	52	2	2	8	0.0034	0.7917	0	0.0289
0.0282	0.0905	0.0151	-2.2105	-0.2288	-0.8943	0.0128	0.4473	51	53	2	2	9	0.0042	0.7813	0	0.0282
0.0273	0.1379	-0.089	-2.2579	-0.2138	-0.482	-0.2171	0.8488	52	54	2	2	10	0.0034	0.775	0	0.0273
0.0313	0.1695	-0.2062	-2.2305	-0.0887	-0.4049	-0.4676	0.7858	53	55	2	2	11	0.0046	0.5833	0	0.0324
0.0257	0.1416	-0.2375	-2.3776	0.0786	-0.852	-0.2321	0.4693	54	56	2	2	12	0.0041	0.625	0	0.0258
0.0207	0.1177	-0.3705	-2.3738	0.1761	-0.2256	-0.6717	0.7056	55	57	2	2	13	0.0029	0.775	0	0.0207
0.0213	0.1109	-0.4296	-2.4702	0.2523	0.1036	-0.5245	0.8451	56	0	2	2	14	0.0041	0.7188	0	0.0213
0.0494	0.2872	0.8868	1.9129	-0.4121	-0.796	-0.1683	0.5815	3	59	30	2	1	0.006	0.595	1	0.0508
0.0494	0.3135	0.6582	1.8646	-0.2451	-0.0621	-0.0646	0.996	58	60	30	2	2	0.006	0.595	0	0.0508
0.0404	0.4703	0.7113	1.8207	0.1107	-0.455	0.2028	0.8671	59	61	30	2	3	0.0086	0.5069	0	0.0404
0.0413	0.2092	0.516	1.9183	0.5205	-0.1015	-0.0114	0.9948	60	62	30	2	4	0.0042	0.8571	0	0.0413
0.0409	0.1718	0.4912	1.9099	0.7286	-0.0351	0.0283	0.999	61	63	30	2	5	0.0042	0.8704	0	0.0409
0.0364	0.098	0.4734	1.9164	0.9017	0.1066	-0.1344	0.9852	62	64	30	2	6	0.0035	0.8125	0	0.0364
0.0378	0.144	0.4864	1.8987	0.998	-0.0165	-0.0662	0.9977	63	65	30	2	7	0.0043	0.8	0	0.0378
0.0412	0.1812	0.4777	1.9011	1.1425	-0.0271	-0.085	0.996	64	0	30	2	8	0.0047	0.8704	0	0.0412
0.0172	1.5121	0.2491	0.3188	-0.3289	0.7373	0.6529	0.1738	6	67	6	2	1	0.0026	0.8	1	0.0172
0.0172	0.1407	1.3639	1.3061	-0.0661	-0.5203	-0.7923	0.3187	66	68	6	2	2	0.0026	0.8	0	0.0172
0.0167	0.1046	1.2958	1.1927	-0.0214	-0.3345	-0.8872	0.3177	67	69	6	2	3	0.0021	0.8125	0	0.0167
0.0183	0.0957	1.2465	1.103	0.0214	-0.1767	-0.9826	0.0572	68	70	6	2	4	0.0023	0.8438	0	0.0183
0.0182	0.1316	1.2189	1.0111	0.0538	-0.2424	-0.97	-0.0207	69	71	6	2	5	0.0029	0.7	0	0.0182
0.0272	0.082	1.1891	0.8764	0.0265	-0.4371	-0.8746	0.2099	70	72	6	2	6	0.0035	0.625	0	0.0284
0.0335	0.0886	1.1631	0.796	0.0319	-0.2594	-0.8658	0.4279	71	73	6	2	7	0.0038	0.5938	0	0.0365
0.0232	0.0936	1.1203	0.7269	0.0748	-0.3533	-0.9353	0.0225	72	74	6	2	8	0.0029	0.6563	0	0.0237
0.0135	0.0943	1.0756	0.6408	0.1035	-0.3462	-0.9329	-0.0995	73	75	6	2	9	0.0018	0.9063	0	0.0135
0.0133	0.0973	1.045	0.5505	0.1016	-0.4729	-0.8711	-0.1323	74	76	6	2	10	0.0018	0.8438	0	0.0133
0.015	0.1021	1.0045	0.4624	0.0886	-0.5143	-0.8571	-0.028	75	77	6	2	11	0.0022	0.7813	0	0.015
0.017	0.0877	0.9497	0.3754	0.0724	-0.456	-0.8889	0.0437	76	78	6	2	12	0.002	0.8333	0	0.017
0.0133	0.0751	0.9076	0.2967	0.0872	-0.5047	-0.8487	-0.1579	77	79	6	2	13	0.0017	0.9167	0	0.0133
0.0147	0.0799	0.874	0.2308	0.0744	-0.4927	-0.8034	-0.3344	78	80	6	2	14	0.0021	0.8333	0	0.0147
0.0134	0.1029	0.8326	0.1638	0.0566	-0.5672	-0.7435	-0.3543	79	81	6	2	15	0.0016	0.9688	0	0.0134
0.0143	0.0699	0.7795	0.0854	0.0115	-0.6343	-0.7417	-0.2183	80	82	6	2	16	0.0016	0.9167	0	0.0143
0.0134	0.0817	0.7333	0.0349	-0.0033	-0.6006	-0.7739	-0.2011	81	83	6	2	17	0.0018	0.9167	0	0.0134
0.0132	0.0838	0.6815	-0.0256	-0.0232	-0.616	-0.779	-0.1173	82	84	6	2	18	0.0016	1	0	0.0132
0.0145	0.0933	0.6318	-0.0932	-0.0301	-0.6114	-0.7655	-0.2005	83	85	6	2	19	0.0018	0.9063	0	0.0145
0.0136	0.0897	0.5723	-0.1668	-0.0398	-0.5987	-0.7256	-0.339	84	86	6	2	20	0.0015	1	0	0.0136
0.013	0.0796	0.5143	-0.2317	-0.0625	-0.6216	-0.7077	-0.3359	85	87	6	2	21	0.0018	0.875	0	0.013
0.0149	0.0831	0.4676	-0.2894	-0.093	-0.6699	-0.6989	-0.2506	86	88	6	2	22	0.0023	0.7917	0	0.0149
0.0151	0.1172	0.407	-0.3462	-0.1235	-0.5042	-0.8526	0.1376	87	89	6	2	23	0.0022	0.8125	0	0.0151
0.0149	0.1336	0.3533	-0.4512	-0.1013	-0.6834	-0.7298	-0.0185	88	90	6	2	24	0.0023	0.875	0	0.0149
0.0184	0.1385	0.2718	-0.565	-0.1165	-0.7846	-0.5992	0.1595	89	91	6	2	25	0.0022	0.775	0	0.0184
0.0151	0.103	0.1534	-0.6439	-0.0769	-0.6537	-0.7322	-0.191	90	92	6	2	26	0.0016	0.8438	0	0.0151
0.0137	0.1189	0.0786	-0.716	-0.0923	-0.5116	-0.8205	-0.255	91	93	6	2	27	0.002	0.9063	0	0.0137
0.0183	0.1157	0.0015	-0.799	-0.1221	-0.6586	-0.7353	-0.1601	92	94	6	2	28	0.0028	0.6563	0	0.0213
0.022	0.0564	-0.0451	-0.9239	-0.1512	-0.775	-0.615	0.1451	93	95	6	2	29	0.0028	0.8333	0	0.0232
0.0231	0.1346	-0.1126	-0.9497	-0.1663	-0.5422	-0.8029	0.2477	94	96	6	2	30	0.0037	0.8	0	0.025
0.0174	0.1013	-0.1829	-1.0589	-0.1137	-0.398	-0.9173	0.0081	95	97	6	2	31	0.0022	0.9375	0	0.0174
0.0185	0.1687	-0.2499	-1.1442	-0.1154	-0.259	-0.9565	-0.1342	96	98	6	2	32	0.0107	0.6556	0	0.0274
0.0198	0.0717	-0.2976	-1.3052	-0.1222	-0.3769	-0.9231	-0.0769	97	99	6	2	33	0.0027	0.75	0	0.0198
0.0206	0.0777	-0.3255	-1.3762	-0.1479	-0.4062	-0.8852	0.2267	98	100	6	2	34	0.0027	0.8333	0	0.0216
0.0195	0.1131	-0.363	-1.4388	-0.1382	-0.7391	-0.673	0.0263	99	101	6	2	35	0.0025	0.8438	0	0.0203
0.0194	0.1195	-0.4331	-1.5551	-0.1178	-0.9153	-0.3728	-0.1523	100	102	6	2	36	0.0031	0.775	0	0.0207
0.0195	0.1011	-0.5454	-1.5956	-0.1435	-0.7864	-0.617	-0.0311	101	103	6	2	37	0.003	0.75	0	0.0195
0.0179	0.07	-0.6302	-1.6511	-0.1503	-0.7537	-0.6469	-0.1158	102	104	6	2	38	0.0025	0.7917	0	0.0179
0.0186	0.097	-0.6923	-1.6921	-0.1519	-0.582	-0.7327	-0.3529	103	105	6	2	39	0.0027	0.75	0	0.0186
0.0158	0.1017	-0.7447	-1.7638	-0.1898	-0.443	-0.8296	-0.3398	104	0	6	2	40	0.0024	0.7188	0	0.0158
0.0188	0.3238	1.1008	1.1185	-0.2475	0.6551	0.7012	-0.2813	3	107	7	2	1	0.0061	0.5893	1	0.0188
0.0188	0.18	1.313	1.3456	-0.3386	-0.3127	-0.9313	-0.1871	106	0	7	2	2	0.0061	0.5893	0	0.0188
0.0176	0.2018	0.0121	-0.166	-0.3097	-0.0033	0.3537	0.9354	7	109	8	2	1	0.0078	0.575	1	0.0176
0.0176	0.1464	0.0115	-0.0947	-0.121	0.7113	-0.685	-0.1573	108	0	8	2	2	0.0078	0.575	0	0.0176
0.0186	0.3437	-1.635	-1.7986	-0.2717	-0.1977	0.9588	-0.2041	21	111	18	2	1	0.0033	0.75	1	0.0186
0.0186	0.1526	-1.703	-1.4691	-0.3419	-0.2382	0.9678	-0.0813	110	112	18	2	2	0.0033	0.75	0	0.0186
0.0202	0.109	-1.733	-1.3136	-0.353	-0.7741	0.6329	-0.0112	111	113	18	2	3	0.0075	0.55	0	0.0262
0.0218	0.192	-1.8037	-1.1963	-0.3654	-0.9283	0.3101	0.2051	112	114	18	2	4	0.0034	0.7321	0	0.0218
0.0252	0.1177	-1.9855	-1.1248	-0.3352	-0.9728	-0.2043	0.1087	113	115	18	2	5	0.0032	0.7188	0	0.0252
0.0157	0.1659	-2.1045	-1.1235	-0.2962	-0.9767	-0.2116	0.037	114	116	18	2	6	0.0027	0.7083	0	0.0157
0.0138	0.1134	-2.2659	-1.1614	-0.2882	-0.9841	-0.1393	0.1107	115	117	18	2	7	0.0026	0.8125	0	0.0138
0.0208	0.1754	-2.3844	-1.1594	-0.2864	-0.9395	-0.3412	0.0291	116	118	18	2	8	0.0023	0.6458	0	0.0208
0.0213	0.1113	-2.5586	-1.199	-0.265	-0.9363	-0.3187	-0.1477	117	119	18	2	9	0.0026	0.6875	0	0.0213
0.0269	0.1165	-2.6625	-1.2346	-0.2854	-0.9827	0.1652	-0.0832	118	120	18	2	10	0.0038	0.75	0	0.0289
0.0249	0.0812	-2.7745	-1.22	-0.2907	-0.9073	-0.1168	0.404	119	121	18	2	11	0.0114	0.8	0	0.0347
0.0239	0.153	-2.8661	-1.186	-0.2732	-0.8017	-0.1243	0.5847	120	122	18	2	12	0.005	0.5208	0	0.0288
0.0239	0.0799	-3.0013	-1.1924	-0.2	-0.7853	0.0089	0.6191	121	123	18	2	13	0.0102	0.525	0	0.0357
0.0222	0.1334	-3.07	-1.191	-0.1538	-0.4681	0.1808	0.865	122	124	18	2	14	0.0025	0.525	0	0.0228
0.0143	0.1023	-3.1392	-1.1853	-0.032	-0.7457	0.4471	0.494	123	0	18	2	15	0.0022	0.75	0	0.0143
0.0195	0.325	-1.7095	-2.0135	-0.2599	-0.8707	-0.4494	-0.1998	23	126	19	2	1	0.0045	0.6667	0	0.0204
0.0185	0.0746	-1.9995	-2.1471	-0.3253	-0.871	-0.4905	-0.0267	125	127	19	2	2	0.0024	0.7917	0	0.0185
0.0228	0.2119	-2.0672	-2.1782	-0.3324	-0.9267	-0.3546	0.1247	126	0	19	2	3	0.0043	0.5893	0	0.0275
0.0151	0.1235	-1.5164	-2.9385	0.2592	-0.4108	-0.5325	0.7401	33	129	20	2	1	0.0058	0.75	1	0.0151
0.0151	0.2046	-1.5671	-3.0043	0.3506	-0.5364	-0.422	0.7308	128	0	20	2	2	0.0058	0.75	0	0.0151
0.0198	0.4057	-2.2393	-3.2531	-0.0322	-0.5993	-0.2994	0.7424	39	131	22	2	1	0.0036	0.625	0	0.0304
0.0194	0.2105	-2.4867	-3.3919	0.2613	-0.8664	0.367	-0.3387	130	132	22	2	2	0.0041	0.5357	0	0.0287
0.0216	0.0795	-2.6992	-3.3094	0.2198	-0.6294	0.3463	-0.6957	131	133	22	2	3	0.0029	0.7083	0	0.0216
0.0154	0.1061	-2.7591	-3.2644	0.1867	-0.8166	0.2146	-0.5359	132	134	22	2	4	0.0022	0.7188	0	0.0154
0.0177	0.1407	-2.842	-3.2526	0.0845	-0.9285	0.3349	-0.1606	133	0	22	2	5	0.0025	0.65	0	0.0178
0.0246	0.3283	0.0351	-0.3973	-0.3223	-0.4666	-0.8819	0.0679	44	136	9	3	1	0.0055	0.875	0	0.0246
0.0215	0.1406	-0.1288	-0.6829	-0.2909	-0.3898	-0.9189	-0.0611	135	137	9	3	2	0.0042	0.625	0	0.0215
0.0149	0.0651	-0.1957	-0.8071	-0.2934	-0.4141	-0.9068	-0.0791	136	138	9	3	3	0.0018	0.6667	0	0.0143
0.0144	0.1501	-0.2239	-0.8699	-0.2869	-0.5314	-0.7877	-0.3117	137	139	9	3	4	0.0024	0.8125	0	0.0144
0.0177	0.108	-0.292	-0.9959	-0.3365	-0.5729	-0.7672	-0.2883	138	0	9	3	5	0.0021	0.5938	0	0.0182
0.0214	0.3022	0.1371	-1.3485	-0.3349	-0.3326	-0.8688	0.3669	48	141	10	3	1	0.0039	0.6563	1	0.0214
0.0214	0.1078	0.0366	-1.611	-0.224	-0.3703	-0.9132	0.17	140	142	10	3	2	0.0039	0.6563	0	0.0214
0.0223	0.091	-0	-1.714	-0.2072	-0.6579	-0.6272	0.4168	141	143	10	3	3	0.0028	0.75	0	0.0223
0.0188	0.1748	-0.0554	-1.7927	-0.1597	-0.9303	-0.0318	0.3654	142	0	10	3	4	0.0042	0.7917	0	0.0188
0.0129	0.3109	0.1504	-2.0052	-0.3035	0.7678	-0.613	-0.1863	50	145	11	3	1	0.0122	0.375	1	0.029
0.0129	0.2997	0.3934	-2.2013	-0.3655	-0.8048	-0.5914	-0.0494	144	0	11	3	2	0.0156	0.4467	0	0.029
0.0175	0.1311	-0.1217	-2.2717	-0.2084	-0.8389	-0.343	-0.4225	53	147	12	3	1	0.0047	0.5938	1	0.0175
0.0175	0.0974	-0.2317	-2.3166	-0.2638	-0.1365	-0.9903	-0.0264	146	0	12	3	2	0.0047	0.5938	0	0.0175
0.0286	0.2302	-0.1334	-2.2482	-0.1488	-0.2437	0.9687	-0.0472	53	149	31	3	1	0.0054	0.55	1	0.0286
0.0286	0.1253	-0.1895	-2.0252	-0.1596	0.2659	-0.081	0.9606	148	150	31	3	2	0.0054	0.55	0	0.0286
0.0286	0.2213	-0.1248	-2.006	-0.0329	0.1567	-0.3657	0.9175	149	0	31	3	3	0.0047	0.6563	0	0.0302
0.047	0.6245	0.9033	1.9036	-0.3635	0.3173	-0.1796	0.9312	58	152	4	3	1	0.0055	0.8625	1	0.0721
0.047	0.2753	1.0954	1.79	0.2171	-0.1488	-0.0411	0.988	151	153	4	3	2	0.0257	0.8667	0	0.0721
0.047	0.1294	1.0536	1.772	0.4884	-0.2286	-0.065	0.9713	152	154	4	3	3	0.0214	0.9524	0	0.069
0.047	0.1946	1.0256	1.7652	0.6147	-0.2409	-0.0667	0.9683	153	155	4	3	4	0.0184	0.9333	0	0.0661
0.047	0.11	0.9788	1.7529	0.8032	-0.2189	-0.1036	0.9702	154	156	4	3	5	0.0197	0.9333	0	0.0681
0.047	0.1439	0.9477	1.7395	0.9083	-0.1903	-0.1394	0.9718	155	157	4	3	6	0.018	0.9	0	0.0678
0.047	0.1355	0.9156	1.7295	1.0485	-0.1876	-0.117	0.9752	156	158	4	3	7	0.0182	0.9429	0	0.0655
0.047	0.157	0.8869	1.7113	1.1798	-0.1224	-0.1674	0.9783	157	0	4	3	8	0.0146	0.8296	0	0.0643
0.0199	0.6083	0.883	1.8836	-0.355	-0.0587	-0.4553	0.8884	58	160	5	3	1	0.0042	0.5156	1	0.0187
0.0193	0.2303	0.8473	1.6067	0.1854	-0.4484	-0.0709	0.891	159	161	5	3	2	0.0042	0.5156	0	0.0187
0.0292	0.2183	0.7635	1.6035	0.4101	-0.5808	-0.2722	0.7672	160	0	5	3	3	0.0047	0.625	0	0.0304
0.0151	0.4808	1.2449	1.1937	0.0213	-0.7197	-0.644	0.2595	69	163	13	3	1	0.0025	0.775	0	0.0151
0.0151	0.1302	0.9105	0.8763	0.1526	-0.6503	-0.6826	0.3335	162	164	13	3	2	0.002	0.625	0	0.0146
0.0173	0.0818	0.7898	0.7932	0.1955	-0.138	-0.8204	0.5548	163	165	13	3	3	0.0023	0.6667	0	0.0176
0.0173	0.0745	0.7713	0.7242	0.2408	0.2146	-0.8359	0.5053	164	166	13	3	4	0.0025	0.75	0	0.0231
0.0205	0.0795	0.7672	0.6574	0.2849	0.3644	-0.5511	0.7507	165	167	13	3	5	0.0024	0.7917	0	0.0205
0.0187	0.1098	0.8043	0.5984	0.3439	0.0893	0.0084	0.996	166	168	13	3	6	0.0024	0.6563	0	0.0231
0.0172	0.0789	0.8279	0.5714	0.46	-0.0777	0.1964	0.9774	167	169	13	3	7	0.0026	0.7083	0	0.0172
0.0176	0.1196	0.8093	0.5993	0.5402	0.205	-0.0422	0.9779	168	170	13	3	8	0.0039	0.5313	0	0.0321
0.0184	0.1743	0.8086	0.6039	0.6786	0.5178	-0.3655	0.7735	169	0	13	3	9	0.0027	0.7083	0	0.0184
0.0131	0.1409	1.1828	0.8346	0.0108	-0.0129	-0.8526	-0.5224	71	172	14	3	1	0.0024	0.825	1	0.0131
0.0131	0.1206	1.181	0.7144	-0.0628	-0.249	-0.7739	-0.5823	171	173	14	3	2	0.0024	0.825	0	0.0131
0.0137	0.085	1.1516	0.6213	-0.1334	-0.1845	-0.8253	-0.5337	172	174	14	3	3	0.0018	0.8333	0	0.0137
0.0148	0.0905	1.1321	0.555	-0.1836	-0.2088	-0.8323	-0.5136	173	175	14	3	4	0.0018	0.7917	0	0.0148
0.0184	0.0874	1.1182	0.4794	-0.2323	-0.2845	-0.7829	-0.5533	174	176	14	3	5	0.002	0.7083	0	0.02
0.0129	0.1042	1.0874	0.4104	-0.2737	-0.411	-0.8069	-0.4242	175	177	14	3	6	0.002	0.75	0	0.0129
0.0127	0.115	1.0505	0.3227	-0.3212	-0.6062	-0.7329	-0.3088	176	0	14	3	7	0.002	0.75	0	0.0127
0.0219	0.1596	-0.7347	-1.7366	-0.1632	0.0899	0.5199	0.8495	105	179	16	3	1	0.0073	0.625	1	0.0219
0.0219	0.0866	-0.7204	-1.6536	-0.0276	-0.5067	-0.4383	-0.7424	178	0	16	3	2	0.0073	0.625	0	0.0219
0.0178	0.2983	-1.7447	-1.2819	-0.3426	-0.3314	0.8967	0.2934	112	181	25	3	1	0.0063	0.6058	1	0.0178
0.0178	0.3741	-1.8436	-1.0145	-0.2551	-0.9861	0.0477	0.1593	180	0	25	3	2	0.0063	0.6058	0	0.0178
0.0264	0.1692	-2.8957	-1.2058	-0.2727	-0.5038	-0.7032	-0.5018	121	183	26	3	1	0.0069	0.5	1	0.0264
0.0264	0.1142	-2.9809	-1.3248	-0.3576	0.9569	-0.289	-0.0283	182	0	26	3	2	0.0069	0.5	0	0.0264
0.0211	0.2424	-3.1209	-1.1495	-0.028	0.8035	0.5487	-0.2308	123	185	32	3	1	0.0053	0.3654	1	0.0336
0.0211	0.3812	-2.9265	-1.0174	-0.0886	0.9855	0.1257	-0.114	184	186	32	3	2	0.0136	0.335	0	0.0336
0.0169	0.1028	-2.5545	-0.9863	-0.1456	0.9377	0.0728	-0.3399	185	187	32	3	3	0.0028	0.7188	0	0.0169
0.0203	0.0991	-2.4537	-0.9883	-0.1663	0.9637	0.0501	-0.2622	186	188	32	3	4	0.0026	0.625	0	0.0203
0.0211	0.048	-2.3426	-0.9754	-0.2088	0.7575	-0.1837	0.6264	187	189	32	3	5	0.0027	0.6667	0	0.0221
0.0208	0.0581	-2.2902	-0.9897	-0.1822	0.0854	-0.3406	0.9363	188	190	32	3	6	0.0031	0.4167	0	0.0254
0.0192	0.1028	-2.2467	-1.0219	-0.1079	-0.5119	-0.2894	0.8088	189	191	32	3	7	0.0022	0.5625	0	0.0192
0.0203	0.0899	-2.3043	-1.0425	-0.0206	-0.6463	-0.5796	0.4963	190	192	32	3	8	0.0025	0.6667	0	0.0203
0.0182	0.0797	-2.3599	-1.0921	0.0486	-0.8911	-0.4328	0.1365	191	193	32	3	9	0.0026	0.7083	0	0.0182
0.0207	0.1205	-2.425	-1.1373	0.0559	-0.8116	-0.5352	0.2344	192	194	32	3	10	0.0069	0.5143	0	0.032
0.021	0.0749	-2.5205	-1.2019	0.0938	-0.6675	-0.7299	0.1471	193	195	32	3	11	0.0032	0.625	0	0.0241
0.0195	0.1713	-2.5806	-1.2499	0.1102	-0.5797	-0.8098	-0.0903	194	196	32	3	12	0.0145	0.6111	0	0.1444
0.0205	0.1505	-2.6849	-1.3868	0.1005	-0.4831	-0.8633	-0.146	195	197	32	3	13	0.01	0.5286	0	0.0257
0.0171	0.1542	-2.7379	-1.5321	0.0727	-0.6316	-0.6529	-0.4181	196	0	32	3	14	0.0031	0.725	0	0.0171
0.0131	0.3375	0.7904	0.606	0.3825	-0.3328	0.181	0.9255	167	199	24	4	1	0.0021	0.7083	1	0.0131
0.0131	0.0783	0.6781	0.6671	0.6949	-0.3537	-0.2408	0.9038	198	200	24	4	2	0.0021	0.7083	0	0.0131
0.0146	0.1019	0.6488	0.6552	0.7647	-0.7643	-0.0785	0.6401	199	201	24	4	3	0.0021	0.75	0	0.0146
0.0198	0.0849	0.5725	0.6286	0.8441	-0.8844	0.2344	0.4035	200	0	24	4	4	0.0031	0.75	0	0.0198
0.0142	0.2439	-2.7269	-1.0127	-0.1071	-0.2625	-0.9364	0.2331	185	203	27	4	1	0.0046	0.575	1	0.0142
0.0142	0.1251	-2.7909	-1.2411	-0.0502	0.2565	0.8934	-0.3688	202	0	27	4	2	0.0046	0.575	0	0.0142
0.0178	0.1039	-2.6815	-1.4087	0.1134	0.5475	-0.387	0.7419	196	205	28	4	1	0.0063	0.6111	1	0.0178
0.0178	0.2621	-2.6246	-1.4489	0.1905	0.8733	-0.4587	0.1643	204	0	28	4	2	0.0063	0.6111	0	0.0178
