radius (m)	length (m)	start_point	axis_direction	parent	extension	branch	branch_order	position_in_branch	mad	SurfCov	added	UnmodRadius (m)
0.012	0.0295	-0.3331	0.2214	-0.4073	0.4948	0.8134	0.3058	0	2	1	0	1	0.0013	0.3333	0	0.0121
0.0111	0.1308	-0.3389	0.2874	-0.403	0.7274	0.4135	0.5477	1	3	1	0	2	0.0019	0.6667	0	0.0109
0.0111	0.0717	-0.2517	0.3339	-0.3246	0.7365	-0.1851	0.6506	2	4	1	0	3	0.0016	0.8333	0	0.0111
0.0114	0.0512	-0.2128	0.31	-0.2746	0.4957	-0.4032	0.7692	3	5	1	0	4	0.0012	0.4583	0	0.0114
0.0111	0.0313	-0.1879	0.2966	-0.232	0.3132	-0.376	0.8721	4	6	1	0	5	0.0016	0.6667	0	0.0111
0.0111	0.0562	-0.1789	0.269	-0.2101	0.3965	-0.3156	0.8621	5	7	1	0	6	0.0014	0.5417	0	0.01
0.0111	0.0211	-0.1472	0.2515	-0.1668	0.4052	-0.5759	0.71	6	8	1	0	7	0.005	0.65	0	0.0076
0.0111	0.0381	-0.1379	0.2476	-0.1557	0.9963	-0.0676	0.0537	7	9	1	0	8	0.0045	0.625	0	0.0076
0.0111	0.0532	-0.1386	0.237	-0.1463	0.2728	-0.6946	0.6656	8	10	1	0	9	0.0016	0.375	0	0.009
0.0111	0.0305	-0.1262	0.2067	-0.1075	-0.2218	-0.4967	0.8391	9	11	1	0	10	0.0006	0.3333	0	0.0084
0.0111	0.0256	-0.1401	0.1961	-0.082	-0.0655	-0.0583	0.9961	10	12	1	0	11	0.0044	0.4063	0	0.0108
0.0111	0.0013	-0.1456	0.1991	-0.0646	-0.8292	0.214	0.5164	11	13	1	0	12	0.01	0.05	0	0.01
0.0111	0.0358	-0.1466	0.1994	-0.0639	-0.0244	0.0073	0.9997	12	0	1	0	13	0.01	0.05	0	0.01
0.005	0.0405	-0.278	0.3335	-0.3476	-0.7797	0.5694	0.2604	2	15	2	1	1	0.0032	0.3333	1	0.0206
0.005	0.0344	-0.3053	0.3404	-0.344	0.7255	0.4254	-0.541	14	16	2	1	2	0.0048	0.275	0	0.0206
0.0057	0.0414	-0.2805	0.3487	-0.3602	-0.9374	0.148	0.3153	15	0	2	1	3	0.0089	0.275	0	0.0163
0.0142	0.0604	-0.3285	0.2806	-0.3998	0.5845	-0.8108	0.0302	2	18	48	1	1	0.0031	0.5833	1	0.0142
0.0142	0.0623	-0.2932	0.2316	-0.398	-0.7841	0.3607	0.505	17	19	48	1	2	0.0031	0.5833	0	0.0142
0.0142	0.0397	-0.3436	0.2559	-0.3626	-0.9305	-0.2749	-0.242	18	0	48	1	3	0.01	0.05	0	0.01
0.0025	0.0635	-0.1887	0.3184	-0.2783	-0.7657	-0.5245	-0.3724	3	21	4	1	1	0.0065	0.35	1	0.01
0.0025	0.0294	-0.2495	0.3112	-0.3067	-0.8553	-0.4464	-0.2631	20	22	4	1	2	0.0058	0.125	0	0.01
0.0025	0.0225	-0.2729	0.2976	-0.3148	-0.1953	-0.967	0.1636	21	0	4	1	3	0.0021	0.1	0	0.01
0.0142	0.0482	-0.1295	0.1933	-0.0787	0.8085	-0.3589	0.4664	11	24	6	1	1	0.0034	0.4583	0	0.0164
0.0142	0.0379	-0.0903	0.1723	-0.0746	-0.3341	-0.9252	0.1798	23	25	6	1	2	0.001	0.4583	0	0.0142
0.0142	0.0707	-0.0997	0.1383	-0.0542	-0.3521	-0.9221	0.1603	24	26	6	1	3	0.0076	0.25	0	0.0123
0.0142	0.0367	-0.1192	0.0682	-0.0679	-0.3699	-0.9233	0.1034	25	27	6	1	4	0.01	0.05	0	0.01
0.0142	0.0493	-0.1297	0.0661	-0.0344	-0.419	-0.5977	0.6835	26	0	6	1	5	0.01	0.05	0	0.01
0.0105	0.0316	-0.1553	0.2076	-0.0274	-0.6073	0.6331	-0.4799	13	29	10	1	1	0.0043	0.375	1	0.0141
0.0105	0.0839	-0.1745	0.2276	-0.0426	0.8122	-0.2341	0.5343	28	30	10	1	2	0.0043	0.375	0	0.0141
0.0105	0.0582	-0.1077	0.2071	0.0025	0.3289	-0.7719	-0.5441	29	31	10	1	3	0.0056	0.225	0	0.0195
0.008	0.0484	-0.0958	0.1626	-0.0295	-0.0745	-0.745	0.6629	30	32	10	1	4	0.0008	0.375	0	0.008
0.0105	0.0413	-0.0962	0.1262	-0.0106	0.6532	-0.7362	0.1769	31	33	10	1	5	0.0009	0.375	0	0.0149
0.0099	0.0161	-0.068	0.0979	0.004	0.8378	-0.5455	0.0232	32	34	10	1	6	0.0058	0.5	0	0.0099
0.0105	0.0431	-0.0535	0.0839	-0.0067	0.5841	-0.7096	0.394	33	35	10	1	7	0.0015	0.5417	0	0.0111
0.0105	0.0365	-0.0284	0.0551	0.0152	0.5656	-0.7705	0.2939	34	36	10	1	8	0.0015	0.5417	0	0.0109
0.0105	0.0271	-0.0175	0.0235	0.0303	0.4277	-0.859	0.2814	35	37	10	1	9	0.0012	0.5417	0	0.0113
0.0105	0.0546	0.0018	-0.0002	0.0324	0.2418	-0.882	0.4044	36	38	10	1	10	0.0018	0.625	0	0.0129
0.0105	0.0273	0.0227	-0.0424	0.0485	0.6215	-0.7832	0.0189	37	39	10	1	11	0.0015	0.5417	0	0.0125
0.0097	0.0492	0.0232	-0.0717	0.0656	0.5467	-0.824	0.1486	38	40	10	1	12	0.0015	0.5	0	0.0097
0.0103	0.033	0.0429	-0.1123	0.0771	0.2305	-0.8936	0.3851	39	41	10	1	13	0.0011	0.2917	0	0.0117
0.0103	0.0206	0.0615	-0.1456	0.0787	0.3483	-0.7228	0.5968	40	42	10	1	14	0.0013	0.3333	0	0.0125
0.0103	0.0232	0.0671	-0.1542	0.0952	0.9247	-0.0226	0.3801	41	43	10	1	15	0.0011	0.2917	0	0.0113
0.0103	0.0617	0.0755	-0.1664	0.1078	0.6578	-0.5817	0.4785	42	44	10	1	16	0.0013	0.3333	0	0.0148
0.0077	0.0171	0.1194	-0.203	0.1338	0.351	-0.7927	0.4984	43	45	10	1	17	0.0033	0.4688	0	0.0063
0.01	0.0308	0.1293	-0.216	0.1367	0.6772	-0.608	0.4145	44	46	10	1	18	0.0012	0.4167	0	0.0101
0.0077	0.0302	0.1472	-0.2374	0.15	0.6473	-0.7488	-0.1427	45	47	10	1	19	0.0009	0.3333	0	0.0076
0.0077	0.0278	0.1659	-0.2525	0.1576	0.684	-0.5932	0.4245	46	48	10	1	20	0.004	0.5	0	0.0068
0.0077	0.0131	0.1875	-0.2686	0.1569	0.9372	-0.2954	0.1852	47	49	10	1	21	0.0042	0.7083	0	0.0077
0.0077	0.047	0.1893	-0.2809	0.1717	0.7154	-0.6838	0.1436	48	50	10	1	22	0.0059	0.5	0	0.0066
0.0077	0.0076	0.2294	-0.2948	0.187	0.6102	-0.5039	0.6113	49	51	10	1	23	0.0055	0.375	0	0.0068
0.0077	0.0172	0.2332	-0.2989	0.1928	0.774	-0.3335	0.5382	50	52	10	1	24	0.0035	0.5417	0	0.0058
0.0088	0.0301	0.2389	-0.3112	0.2011	0.6154	-0.7363	0.2813	51	53	10	1	25	0.0008	0.4167	0	0.0088
0.0077	0.0338	0.2627	-0.3294	0.202	0.5629	-0.8257	-0.0384	52	54	10	1	26	0.0059	0.4583	0	0.0064
0.0077	0.0461	0.278	-0.3399	0.225	0.92	-0.2376	0.3117	53	55	10	1	27	0.0051	0.3125	0	0.0046
0.009	0.0236	0.3175	-0.3461	0.2411	0.6713	0.1574	0.7243	54	56	10	1	28	0.01	0.05	0	0.01
0.0081	0.0091	0.3122	-0.3656	0.2493	0.2681	-0.5488	0.7918	55	57	10	1	29	0.001	0.4167	0	0.0081
0.0094	0.0454	0.3246	-0.3724	0.2459	0.4344	-0.7315	0.5256	56	58	10	1	30	0.001	0.25	0	0.0123
0.0077	0.024	0.3435	-0.4026	0.2745	0.7195	-0.5287	0.4504	57	59	10	1	31	0.0009	0.25	0	0.0063
0.0094	0.0383	0.3542	-0.4145	0.2987	0.8664	-0.2434	0.4361	58	60	10	1	32	0.0008	0.2917	0	0.0125
0.0087	0.0178	0.3846	-0.4297	0.3161	0.6895	-0.2538	0.6784	59	61	10	1	33	0.001	0.2917	0	0.0092
0.0077	0.0346	0.3909	-0.4396	0.3253	0.3785	-0.7262	0.5739	60	62	10	1	34	0.0007	0.3333	0	0.007
0.0077	0.0277	0.4041	-0.462	0.347	0.4726	-0.4855	0.7355	61	63	10	1	35	0.0009	0.2917	0	0.0069
0.0077	0.0155	0.4112	-0.4635	0.3706	0.4409	-0.0227	0.8972	62	64	10	1	36	0.0033	0.6667	0	0.0077
0.0088	0.0151	0.4156	-0.4771	0.3789	0.2938	-0.4126	0.8622	63	65	10	1	37	0.0009	0.25	0	0.0101
0.0082	0.0263	0.4275	-0.4802	0.3899	0.4374	-0.8597	0.2638	64	66	10	1	38	0.01	0.05	0	0.01
0.0081	0.0084	0.42	-0.4945	0.3972	-0.3578	-0.8373	0.4134	65	67	10	1	39	0.01	0.05	0	0.01
0.008	0.0203	0.417	-0.5015	0.4007	0.3647	-0.9238	-0.1166	66	0	10	1	40	0.01	0.05	0	0.01
0.0135	0.0301	-0.1067	0.1257	-0.0453	-0.6412	-0.2432	-0.7278	25	69	13	2	1	0.0016	0.375	0	0.0141
0.0115	0.0244	-0.1239	0.1274	-0.0705	-0.9009	0.0605	-0.4298	68	70	13	2	2	0.01	0.05	0	0.01
0.0108	0.0068	-0.1285	0.1177	-0.0695	-0.2727	-0.8617	-0.428	69	71	13	2	3	0.01	0.05	0	0.01
0.01	0.036	-0.1275	0.1107	-0.0725	0.0653	0.2119	-0.9751	70	0	13	2	4	0.01	0.05	0	0.01
0.0142	0.0819	-0.1491	0.229	-0.02	0.9835	0.1689	0.0651	29	73	12	2	1	0.003	0.4583	0	0.0142
0.0142	0.0316	-0.0683	0.2418	-0.015	0.8983	0.0053	0.4392	72	74	12	2	2	0.0011	0.4167	0	0.0155
0.0142	0.0395	-0.0448	0.2661	-0.0073	0.9812	0.1922	-0.0181	73	75	12	2	3	0.0011	0.25	0	0.0118
0.0142	0.0046	-0.0189	0.2817	-0.0054	0.4526	0.8341	-0.3153	74	76	12	2	4	0.01	0.05	0	0.01
0.0142	0.0334	-0.0084	0.294	-0.0144	0.7844	-0.5787	0.2233	75	0	12	2	5	0.0038	0.2	0	0.0079
0.0099	0.0374	-0.0993	0.1366	-0.0149	0.6002	0.4768	0.6422	32	78	15	2	1	0.003	0.225	0	0.0191
0.0099	0.038	-0.093	0.1347	0.033	0.6587	-0.7348	-0.1616	77	79	15	2	2	0.0012	0.4583	0	0.0132
0.0099	0.0078	-0.0643	0.109	0.0285	0.298	-0.8296	0.4722	78	80	15	2	3	0.01	0.05	0	0.01
0.0099	0.0062	-0.0613	0.0978	0.0287	0.9926	0.1053	0.0613	79	0	15	2	4	0.01	0.05	0	0.01
0.0071	0.0505	0.0549	-0.1219	0.0773	0.8081	0.2647	-0.5262	40	82	26	2	1	0.0016	0.5417	0	0.0071
0.0096	0.0457	0.0893	-0.1091	0.0478	0.425	-0.1805	-0.887	81	83	26	2	2	0.0013	0.375	0	0.0108
0.0096	0.0369	0.1106	-0.1104	0.0061	0.2396	-0.2214	-0.9453	82	84	26	2	3	0.0049	0.4375	0	0.0118
0.0089	0.0329	0.1315	-0.1107	-0.0231	0.3769	0.0941	-0.9215	83	85	26	2	4	0.005	0.5313	0	0.0089
0.0093	0.0131	0.1453	-0.091	-0.0531	0.2964	-0.0112	-0.955	84	86	26	2	5	0.006	0.4063	0	0.0116
0.0083	0.0236	0.1527	-0.0942	-0.0635	0.7345	0.5179	-0.4386	85	87	26	2	6	0.01	0.05	0	0.01
0.0081	0.0157	0.1487	-0.0914	-0.0681	-0.4391	0.5973	-0.6711	86	0	26	2	7	0.01	0.05	0	0.01
0.0073	0.0402	0.1322	-0.2132	0.1404	-0.0013	0.5393	-0.8421	44	89	30	2	1	0.0027	0.375	0	0.0085
0.0073	0.0019	0.1344	-0.1907	0.1092	0.1787	0.8758	-0.4483	88	90	30	2	2	0.01	0.05	0	0.01
0.0073	0.0165	0.1321	-0.1849	0.1093	0.8161	0.5527	-0.1687	89	91	30	2	3	0.01	0.05	0	0.01
0.0073	0.0256	0.1455	-0.1758	0.1066	0.2671	-0.2042	-0.9418	90	0	30	2	4	0.01	0.05	0	0.01
0.0073	0.0418	0.1832	-0.284	0.1756	-0.3663	0.0412	0.9296	49	93	31	2	1	0.0024	0.4167	0	0.0105
0.0073	0.0244	0.1585	-0.2925	0.2081	-0.6121	0.0636	0.7882	92	94	31	2	2	0.01	0.05	0	0.01
0.0073	0.0305	0.1539	-0.2977	0.2038	-0.6224	-0.781	-0.0516	93	95	31	2	3	0.01	0.05	0	0.01
0.0073	0.0269	0.1521	-0.3204	0.2117	-0.1071	-0.9451	0.3086	94	0	31	2	4	0.01	0.05	0	0.01
0.01	0.0347	0.2459	-0.3329	0.2048	-0.6118	-0.7902	-0.0356	52	97	37	2	1	0.0025	0.4583	0	0.01
0.01	0.0072	0.2282	-0.3487	0.1969	-0.9678	0.2087	-0.141	96	0	37	2	2	0.0023	0.3333	0	0.0085
0.0115	0.0444	0.3734	-0.4147	0.3166	-0.9216	0.3537	0.1598	59	99	45	2	1	0.002	0.5	0	0.0115
0.0115	0.0036	0.3324	-0.4043	0.3198	-0.964	0.1596	-0.2127	98	100	45	2	2	0.01	0.05	0	0.01
0.0115	0.0182	0.329	-0.4037	0.3191	0.0584	0.5037	0.8619	99	0	45	2	3	0.01	0.05	0	0.01
0.0081	0.0495	-0.187	0.2201	0.0167	0.1267	-0.9752	0.1814	0	102	14	0	1	0.0032	0.4167	0	0.0093
0.0081	0.0143	-0.1831	0.1712	0.0287	0.782	-0.1141	0.6127	101	0	14	0	2	0.0013	0.4583	0	0.0081
0.0099	0.0284	-0.1602	0.1945	0.0154	0.0172	-0.6505	-0.7593	0	104	50	0	1	0.0034	0.375	0	0.0099
0.01	0.0031	-0.1571	0.1751	-0.0002	0.6368	-0.6688	-0.3837	103	105	50	0	2	0.01	0.05	0	0.01
0.0098	0.0123	-0.1535	0.1755	-0.0075	-0.2209	-0.8837	-0.4126	104	106	50	0	3	0.01	0.05	0	0.01
0.0082	0.0314	-0.1548	0.1615	-0.0117	-0.9073	-0.3657	0.2075	105	107	50	0	4	0.01	0.05	0	0.01
0.0052	0.0329	-0.1833	0.15	-0.0052	-0.7411	0.1293	-0.6588	106	0	50	0	5	0.01	0.05	0	0.01
0.0082	0.0474	-0.1164	0.1931	0.027	-0.5587	-0.6629	-0.4984	0	109	17	0	1	0.0017	0.375	0	0.006
0.0126	0.02	-0.1502	0.1682	0.0165	-0.4835	-0.8599	0.1637	108	110	17	0	2	0.0012	0.2917	0	0.0173
0.0078	0.0113	-0.1477	0.1487	0.0183	0.1535	0.187	0.9703	109	111	17	0	3	0.01	0.05	0	0.01
0.0063	0.0256	-0.146	0.1509	0.0293	-0.9574	0.2683	-0.1067	110	0	17	0	4	0.01	0.05	0	0.01
0.0116	0.0505	0.179	-0.3032	0.1832	-0.014	-0.0874	-0.9961	0	113	51	0	1	0.007	0.2	0	0.0244
0.01	0.0512	0.1678	-0.315	0.136	0.2102	-0.613	-0.7616	112	0	51	0	2	0.01	0.05	0	0.01
