radius (m)	length (m)	start_point	axis_direction	parent	extension	branch	branch_order	position_in_branch	mad	SurfCov	added	UnmodRadius (m)
0.016	0.128	-0.4905	0.0588	-0.1326	0.6402	-0.6277	0.4428	0	2	1	0	1	0.0026	0.4	0	0.016
0.0159	0.0608	-0.4112	-0.0226	-0.0785	0.1546	-0.9622	0.2241	1	3	1	0	2	0.0021	0.7917	0	0.0159
0.0159	0.0566	-0.3754	-0.0876	-0.0674	-0.2419	-0.9701	-0.0196	2	4	1	0	3	0.0017	0.4167	0	0.0148
0.0159	0.0491	-0.3859	-0.1352	-0.0702	0.9018	-0.3327	0.2759	3	5	1	0	4	0.0017	0.625	0	0.0123
0.0163	0.0673	-0.3508	-0.1384	-0.0553	0.1369	-0.0067	0.9906	4	6	1	0	5	0.0016	0.3333	0	0.0163
0.0159	0.0303	-0.3337	-0.1426	0.0111	-0.0792	-0.2305	0.9698	5	7	1	0	6	0.0015	0.4583	0	0.0124
0.0167	0.0097	-0.341	-0.163	0.0113	0.4251	-0.8469	0.3193	6	8	1	0	7	0.0094	0.5	0	0.0167
0.0159	0.0032	-0.3353	-0.1736	0.0162	-0.0752	-0.6463	-0.7594	7	9	1	0	8	0.0043	0.5417	0	0.0113
0.0159	0.0186	-0.3387	-0.182	0.0082	0.4808	0.4358	-0.7608	8	0	1	0	9	0.0052	0.15	0	0.01
0.0105	0.1017	-0.3974	-0.0118	-0.0824	0.5947	0.8032	-0.0344	1	11	2	1	1	0.0034	0.4583	0	0.0105
0.0144	0.0457	-0.3349	0.0716	-0.091	0.6673	0.5788	0.4687	10	12	2	1	2	0.001	0.3333	0	0.0149
0.0146	0.0463	-0.302	0.0928	-0.0681	0.4547	0.4356	0.7769	11	13	2	1	3	0.0039	0.35	0	0.0207
0.0105	0.025	-0.2844	0.0786	-0.0629	0.6043	-0.5651	0.5617	12	14	2	1	4	0.0096	0.5833	0	0.0086
0.0139	0.0146	-0.2574	0.0661	-0.0501	0.0964	-0.9524	-0.2892	13	15	2	1	5	0.0052	0.5	0	0.0139
0.0104	0.0465	-0.2555	0.0525	-0.0486	0.6816	-0.7317	-0.0071	14	16	2	1	6	0.0012	0.3333	0	0.0092
0.0146	0.0508	-0.2129	0.0357	-0.0481	0.828	-0.5338	0.1718	15	17	2	1	7	0.0018	0.4167	0	0.0195
0.0116	0.0294	-0.1732	0.0043	-0.0605	0.9918	-0.0873	-0.0933	16	18	2	1	8	0.0011	0.2917	0	0.0116
0.0112	0.0479	-0.1439	0.0031	-0.0645	0.9883	0.0052	0.1522	17	19	2	1	9	0.0012	0.4167	0	0.0112
0.0106	0.0408	-0.0952	0.0063	-0.0537	0.9574	-0.2506	-0.1437	18	20	2	1	10	0.0047	0.375	0	0.0106
0.0102	0.0454	-0.0619	-0.0043	-0.0423	0.9459	0.0527	0.32	19	21	2	1	11	0.0045	0.35	0	0.009
0.0144	0.0365	-0.0375	0.0071	-0.0243	0.3456	0.3792	0.8583	20	22	2	1	12	0.0045	0.12	0	0.0209
0.0147	0.0279	-0.0011	0.0117	-0.0037	0.5099	0.4823	0.7123	21	23	2	1	13	0.0022	0.5	0	0.0163
0.0132	0.0298	0.0123	0.0294	0.0168	0.9797	0.1913	-0.0607	22	24	2	1	14	0.0016	0.5417	0	0.0132
0.0146	0.0738	0.04	0.0173	0.0202	0.9688	-0.1439	-0.2019	23	25	2	1	15	0.0017	0.5	0	0.0165
0.014	0.0528	0.0817	0.0428	-0.0007	0.7681	0.6393	0.0355	24	26	2	1	16	0.0044	0.275	0	0.0201
0.0134	0.0282	0.1529	0.0579	-0.0012	0.5171	0.8545	-0.0496	25	27	2	1	17	0.0015	0.2917	0	0.0138
0.0143	0.0367	0.1561	0.0772	-0.021	0.778	-0.5267	-0.3425	26	28	2	1	18	0.0073	0.275	0	0.0199
0.0139	0.0357	0.1959	0.0589	-0.0195	0.662	-0.5717	-0.4847	27	29	2	1	19	0.0017	0.5833	0	0.0141
0.0142	0.0624	0.2288	0.053	-0.0467	0.8116	-0.5783	-0.0832	28	30	2	1	20	0.0022	0.4167	0	0.018
0.0135	0.0368	0.2785	0.0152	-0.0549	0.9639	-0.1238	-0.2356	29	31	2	1	21	0.0017	0.375	0	0.0143
0.0142	0.0287	0.3162	0.0234	-0.0589	0.9397	-0.0405	-0.3395	30	32	2	1	22	0	0.04	0	0.0219
0.0093	0.0437	0.3389	0.0165	-0.0572	0.8823	0.2	0.4261	31	33	2	1	23	0.0012	0.2917	0	0.0077
0.0092	0.0571	0.3597	0.0174	-0.0337	0.415	-0.4541	0.7884	32	34	2	1	24	0.0053	0.375	0	0.0072
0.0108	0.0246	0.3701	-0.0116	0.0016	-0.2796	-0.7333	0.6197	33	35	2	1	25	0.0049	0.4	0	0.0108
0.0088	0.0224	0.3728	-0.0319	0.0043	-0.0075	-0.9861	0.1662	34	36	2	1	26	0.0063	0.4688	0	0.0084
0.0125	0.0318	0.3856	-0.0501	0.0036	0.2422	-0.9601	-0.1397	35	37	2	1	27	0.0047	0.3438	0	0.0135
0.01	0.0257	0.4003	-0.0669	0.0107	0.8809	-0.4724	0.029	36	38	2	1	28	0.01	0.05	0	0.01
0.0121	0.0373	0.402	-0.05	0.0063	0.7696	0.5944	0.2332	37	39	2	1	29	0.001	0.4167	0	0.0126
0.0093	0.0255	0.4276	-0.0404	0.0057	0.9464	0.0026	-0.3229	38	40	2	1	30	0.0011	0.375	0	0.0093
0.0084	0.0312	0.4541	-0.0369	0.003	0.8862	-0.4539	-0.0933	39	41	2	1	31	0.0009	0.375	0	0.0081
0.0098	0.0487	0.4786	-0.0456	-0.004	0.7739	-0.0333	-0.6324	40	42	2	1	32	0.0009	0.2083	0	0.0098
0.01	0	0.5167	-0.0542	-0.035	0.8019	0.0673	-0.5937	41	43	2	1	33	0.01	0.05	0	0.01
0.0085	0.0475	0.519	-0.0536	-0.0328	0.2584	0.8245	-0.5034	42	44	2	1	34	0.0015	0.2917	0	0.0085
0.0127	0.0524	0.5291	-0.0212	-0.0576	0.5114	-0.2739	0.8145	43	45	2	1	35	0.0009	0.3333	0	0.0155
0.01	0.0098	0.5643	-0.0364	-0.0256	0.5577	-0.6619	0.5008	44	46	2	1	36	0.01	0.05	0	0.01
0.01	0.0318	0.5697	-0.0429	-0.0208	0.7013	-0.2559	0.6654	45	47	2	1	37	0.01	0.05	0	0.01
0.0089	0.0311	0.5906	-0.0553	-0.0052	0.1412	-0.8095	0.5698	46	0	2	1	38	0.0018	0.3333	0	0.0089
0.0111	0.124	-0.3989	-0.0403	-0.0872	0.949	0.027	0.3142	2	49	3	1	1	0.0018	0.5	0	0.0111
0.0111	0.0171	-0.2774	-0.0368	-0.051	0.5828	0.0617	0.8103	48	0	3	1	2	0.01	0.05	0	0.01
0.0117	0.0731	-0.3372	-0.1859	-0.0137	-0.3875	-0.6808	-0.6216	9	51	5	1	1	0.0013	0.4167	1	0.0117
0.0117	0.0423	-0.3656	-0.2356	-0.0592	0.8708	-0.4344	0.2301	50	52	5	1	2	0.0013	0.4167	0	0.0117
0.0117	0.0147	-0.3282	-0.2538	-0.0507	0.8699	-0.407	0.2786	51	53	5	1	3	0.0043	0.625	0	0.0117
0.0094	0.0415	-0.3247	-0.2752	-0.0451	0.8562	-0.5154	0.0347	52	54	5	1	4	0.0052	0.5417	0	0.0094
0.01	0.0324	-0.3048	-0.2986	-0.0523	0.2173	-0.9628	-0.1603	53	55	5	1	5	0.01	0.05	0	0.01
0.0099	0.0277	-0.2888	-0.2966	-0.0432	0.8576	-0.3805	0.3461	54	56	5	1	6	0.01	0.05	0	0.01
0.0096	0.0208	-0.2847	-0.3022	-0.0262	0.275	-0.2822	0.9191	55	0	5	1	7	0.01	0.05	0	0.01
0.0109	0.0259	-0.3496	-0.1248	0.014	-0.5159	0.8552	-0.0502	5	58	6	1	1	0.0024	0.5417	1	0.0109
0.0109	0.0531	-0.3629	-0.1026	0.0127	0.9944	-0.006	0.1057	57	59	6	1	2	0.0024	0.5417	0	0.0109
0.0109	0.0044	-0.3071	-0.0966	0.0161	0.5694	-0.4908	-0.6595	58	60	6	1	3	0.01	0.05	0	0.01
0.0109	0.0245	-0.305	-0.0983	0.0137	0.1179	-0.6896	0.7146	59	0	6	1	4	0.01	0.05	0	0.01
0.0153	0.0645	-0.3231	-0.1579	0.0336	0.6889	-0.5784	0.4368	6	62	8	1	1	0.0028	0.5417	0	0.0153
0.0153	0.0501	-0.2808	-0.1985	0.0605	0.638	-0.5944	0.4895	61	63	8	1	2	0.0028	0.2	0	0.01
0.0153	0.0358	-0.264	-0.2362	0.0582	0.4375	-0.899	0.0198	62	0	8	1	3	0.0031	0.125	0	0.0097
0.012	0.0675	-0.3373	-0.1392	0.0653	0.8725	0.4847	0.0608	6	65	86	1	1	0.0045	0.4688	0	0.012
0.012	0.0238	-0.2782	-0.1049	0.0667	0.991	-0.1334	0.0088	64	0	86	1	2	0.01	0.05	0	0.01
0.0094	0.0119	-0.3241	0.0865	-0.0659	-0.5815	-0.1268	0.8036	11	67	10	2	1	0.002	0.4583	1	0.0094
0.0094	0.0403	-0.331	0.0849	-0.0563	0.8027	-0.3566	-0.478	66	68	10	2	2	0.002	0.4583	0	0.0094
0.0115	0.0303	-0.3115	0.0645	-0.0705	0.156	-0.8058	-0.5713	67	69	10	2	3	0.0047	0.5	0	0.0117
0.0118	0.0364	-0.304	0.048	-0.0885	-0.8935	0.3363	0.2975	68	70	10	2	4	0.0049	0.25	0	0.0183
0.01	0.0198	-0.3267	0.0564	-0.0796	-0.2227	-0.8298	0.5117	69	71	10	2	5	0.01	0.05	0	0.01
0.01	0.0132	-0.3318	0.0406	-0.0709	-0.8208	0.2102	0.5311	70	0	10	2	6	0.01	0.05	0	0.01
0.0086	0.0576	-0.3302	0.085	-0.0702	-0.5894	0.7259	0.3546	11	73	11	2	1	0.002	0.5	0	0.0079
0.0086	0.0294	-0.3659	0.1252	-0.0502	-0.674	0.7387	0.0086	72	74	11	2	2	0.001	0.3333	0	0.0085
0.01	0.0279	-0.3798	0.1488	-0.0487	-0.3289	0.9262	0.1841	73	75	11	2	3	0.01	0.05	0	0.01
0.0132	0.0064	-0.3924	0.1704	-0.0384	-0.7046	0.7025	0.1004	74	76	11	2	4	0.001	0.5417	0	0.0165
0.0126	0.0156	-0.3902	0.1731	-0.0345	-0.1498	0.7035	0.6947	75	77	11	2	5	0.0009	0.375	0	0.0157
0.0085	0.0398	-0.3715	0.1745	-0.0186	0.3587	0.9093	0.211	76	78	11	2	6	0.005	0.5417	0	0.0081
0.0116	0.0258	-0.3678	0.2203	-0.0121	0.4992	0.6687	0.551	77	79	11	2	7	0.006	0.4375	0	0.0119
0.0082	0.0145	-0.3626	0.2377	0.0014	-0.0071	0.9443	0.3291	78	80	11	2	8	0.0046	0.4583	0	0.0053
0.0107	0.0539	-0.3635	0.2429	0.0197	-0.3465	0.8023	0.4861	79	81	11	2	9	0.0055	0.3	0	0.0107
0.01	0.0271	-0.3584	0.2872	0.0284	0.1496	0.9531	0.2631	80	82	11	2	10	0.01	0.05	0	0.01
0.012	0.0528	-0.3617	0.2974	0.0283	-0.8401	0.1576	0.5191	81	83	11	2	11	0.0014	0.375	0	0.0149
0.0119	0.0267	-0.3913	0.305	0.0461	0.2831	0.8844	0.3711	82	84	11	2	12	0.0009	0.375	0	0.015
0.0118	0.0297	-0.3847	0.3291	0.0552	0.2807	0.9322	0.2284	83	85	11	2	13	0.0008	0.375	0	0.0167
0.011	0.0264	-0.3839	0.3425	0.0719	-0.262	0.6416	0.7209	84	86	11	2	14	0.001	0.2917	0	0.0131
0.0075	0.0377	-0.3842	0.3674	0.0782	-0.1607	0.8746	0.4574	85	87	11	2	15	0.001	0.3333	0	0.0075
0.0091	0.0302	-0.392	0.4002	0.0909	0.1184	0.9907	-0.0676	86	88	11	2	16	0.01	0.05	0	0.01
0.0089	0.0199	-0.3976	0.4272	0.0838	-0.2975	0.9546	-0.0131	87	89	11	2	17	0.01	0.05	0	0.01
0.0087	0.0211	-0.3941	0.4113	0.081	0.4189	0.045	0.9069	88	0	11	2	18	0.01	0.05	0	0.01
0.0121	0.0573	-0.1965	0.0419	-0.0423	0.8909	0.4534	0.0278	16	91	13	2	1	0.0025	0.5	0	0.0121
0.0139	0.0579	-0.1617	0.0679	-0.0436	-0.1245	0.6958	0.7074	90	92	13	2	2	0.001	0.5417	0	0.0145
0.0137	0.0312	-0.1656	0.1089	-0.0045	0.0714	0.8958	0.4388	91	93	13	2	3	0.0013	0.2917	0	0.0176
0.0117	0.0314	-0.1907	0.1284	0.0087	-0.2862	0.9356	-0.2068	92	94	13	2	4	0.0046	0.4583	0	0.0117
0.0133	0.0456	-0.1907	0.1516	0.0028	0.5537	0.7817	-0.287	93	95	13	2	5	0.001	0.2917	0	0.0144
0.0117	0.0003	-0.159	0.178	-0.0019	0.8865	0.2996	-0.3526	94	96	13	2	6	0.01	0.05	0	0.01
0.0117	0.0183	-0.1587	0.1781	-0.0021	0.3601	0.5526	-0.7516	95	0	13	2	7	0.01	0.05	0	0.01
0.0097	0.0531	-0.0899	0.0146	-0.0592	-0.2188	0.9692	0.1132	19	98	15	2	1	0.0025	0.4583	0	0.0096
0.0097	0.0312	-0.1049	0.0629	-0.0567	-0.528	0.8166	-0.2334	97	99	15	2	2	0.01	0.05	0	0.01
0.0097	0.0229	-0.1102	0.0581	-0.0598	-0.9378	-0.3343	0.0938	98	100	15	2	3	0.01	0.05	0	0.01
0.0097	0.0195	-0.1317	0.0504	-0.0577	-0.4697	-0.3846	0.7947	99	0	15	2	4	0.01	0.05	0	0.01
0.0101	0.1293	-0.0176	-0.0247	-0.0635	-0.4635	0.0768	0.8828	19	102	16	2	1	0.0014	0.5833	0	0.0106
0.0101	0.0787	-0.0773	-0.0126	0.0495	-0.85	0.2978	0.4346	101	103	16	2	2	0.0052	0.6563	0	0.0104
0.01	0.0908	-0.0697	0.0165	0.061	-0.0537	-0.913	-0.4044	102	104	16	2	3	0.0012	0.4167	0	0.0106
0.01	0.0444	-0.0505	-0.0749	0.0346	0.0054	-0.7652	-0.6437	103	105	16	2	4	0.0017	0.4167	0	0.0258
0.01	0.0771	-0.0327	-0.1061	0.0049	0.1626	-0.8788	0.4486	104	106	16	2	5	0.0012	0.4583	0	0.0113
0.0098	0.042	-0.0221	-0.174	0.0421	0.231	-0.9601	0.1578	105	107	16	2	6	0.001	0.3333	0	0.0113
0.0097	0.0116	-0.0107	-0.2127	0.0507	0.572	-0.8012	0.1758	106	108	16	2	7	0.0041	0.6667	0	0.0097
0.0096	0.0163	-0.0015	-0.224	0.0478	0.7083	-0.4418	0.5506	107	0	16	2	8	0.0042	0.6667	0	0.0096
0.0122	0.0653	0.1037	0.043	-0.0012	0.9611	-0.2763	-0.0025	25	110	17	2	1	0.0036	0.5417	0	0.0122
0.0117	0.0451	0.1599	0.021	-0.0023	0.5245	-0.7849	-0.3299	109	111	17	2	2	0.0015	0.5833	0	0.0116
0.0133	0.0297	0.1894	-0.0111	-0.0248	0.6196	-0.772	0.1418	110	112	17	2	3	0.0015	0.3333	0	0.0139
0.0116	0.0263	0.2073	-0.0336	-0.0214	0.7648	0.6194	-0.1774	111	0	17	2	4	0.01	0.05	0	0.01
0.0101	0.0188	-0.0765	0.0065	-0.0468	0.6392	0.2571	0.7248	19	114	87	2	1	0.0034	0.5417	1	0.0113
0.0101	0.0449	-0.0644	0.0113	-0.0331	0.8329	0.5534	-0.0027	113	115	87	2	2	0.0034	0.5417	0	0.0113
0.0101	0.0336	-0.0329	0.0355	-0.0379	0.0941	0.9656	-0.2423	114	116	87	2	3	0.0058	0.5	0	0.0152
0.0101	0.0523	-0.0197	0.071	-0.0508	-0.2892	0.9573	-0.0009	115	117	87	2	4	0.0015	0.5417	0	0.0136
0.01	0.0527	-0.0321	0.1245	-0.0428	0.4414	0.762	-0.4738	116	118	87	2	5	0.0042	0.275	0	0.019
0.0098	0.0503	-0.0019	0.1563	-0.0582	0.8298	0.5427	-0.1304	117	119	87	2	6	0.0013	0.3333	0	0.0127
0.009	0.0196	0.0335	0.1894	-0.0723	0.8131	0.5085	-0.2835	118	120	87	2	7	0.0041	0.5625	0	0.009
0.0096	0.0245	0.0481	0.2032	-0.0765	0.7484	0.4429	-0.4937	119	0	87	2	8	0.0051	0.625	0	0.0097
0.0138	0.0519	-0.0069	0.0241	0.0103	-0.8033	0.4572	0.3816	22	122	23	2	1	0.0027	0.4167	1	0.012
0.0138	0.0669	-0.0486	0.0478	0.0301	0.1803	-0.9465	0.2676	121	123	23	2	2	0.0027	0.4167	0	0.012
0.0139	0.0534	-0.0315	-0.0197	0.0643	-0.9017	0.2612	0.3446	122	124	23	2	3	0.0021	0.4583	0	0.0162
0.0138	0.0023	-0.0789	-0.0302	0.0963	-0.9462	0.1374	0.2931	123	125	23	2	4	0.0058	0.9063	0	0.0138
0.0139	0.0407	-0.0886	-0.0105	0.0821	-0.9423	-0.3321	0.042	124	126	23	2	5	0.0018	0.5833	0	0.0184
0.0139	0.0511	-0.1276	-0.0303	0.0871	-0.9924	0.0632	-0.106	125	127	23	2	6	0.0023	0.225	0	0.0208
0.0138	0.0079	-0.1781	-0.0376	0.0774	-0.9337	-0.1535	0.3235	126	128	23	2	7	0.0041	0.5625	0	0.0094
0.0138	0.0683	-0.1797	-0.0401	0.0749	0.3556	0.9171	0.1802	127	129	23	2	8	0.001	0.5417	0	0.0091
0.0138	0.0422	-0.179	0.0151	0.0929	-0.1909	0.8997	0.3925	128	130	23	2	9	0.0074	0.4063	0	0.0115
0.0138	0.0322	-0.191	0.0459	0.1095	-0.8575	0.4728	0.2027	129	131	23	2	10	0.0031	0.375	0	0.0116
0.0138	0.0436	-0.2157	0.071	0.1163	-0.9521	0.2723	0.1393	130	132	23	2	11	0.0044	0.15	0	0.0074
0.0138	0.0361	-0.2404	0.0637	0.1032	-0.7641	-0.0286	-0.6445	131	133	23	2	12	0.01	0.05	0	0.01
0.0139	0.0095	-0.2495	0.0957	0.1258	-0.6194	0.7339	-0.2789	132	134	23	2	13	0.009	0.325	0	0.0232
0.0138	0.0426	-0.2447	0.1	0.1343	0.0831	0.9849	0.1516	133	135	23	2	14	0.0018	0.3333	0	0.0123
0.0138	0.0265	-0.2486	0.1324	0.1411	-0.7904	0.6119	0.0304	134	136	23	2	15	0.0009	0.2917	0	0.0095
0.0138	0.0339	-0.2662	0.1495	0.154	-0.5042	0.8604	0.074	135	137	23	2	16	0.0035	0.25	0	0.0086
0.0138	0.025	-0.2986	0.167	0.1478	-0.6357	0.7662	0.0939	136	138	23	2	17	0.0054	0.4063	0	0.0108
0.0138	0.0292	-0.3087	0.2038	0.1502	-0.8898	0.2891	-0.353	137	139	23	2	18	0.0041	0.1	0	0.0088
0.0138	0.0292	-0.3294	0.2153	0.1438	-0.5673	0.8135	0.1283	138	140	23	2	19	0.01	0.05	0	0.01
0.0138	0.0241	-0.3525	0.2185	0.1298	-0.8298	0.493	-0.2615	139	0	23	2	20	0.01	0.05	0	0.01
0.0131	0.0602	0.1058	0.0776	0.009	-0.8972	0.071	0.4359	25	142	24	2	1	0.0025	0.5417	1	0.0131
0.0131	0.0431	0.0518	0.0819	0.0353	0.6846	0.3419	-0.6437	141	143	24	2	2	0.0025	0.5417	0	0.0131
0.0133	0.0378	0.0775	0.1029	0.0046	0.8355	0.2767	-0.4748	142	144	24	2	3	0.0018	0.6667	0	0.0159
0.0131	0.0323	0.1084	0.1134	-0.0168	0.6128	0.7845	-0.0952	143	145	24	2	4	0.002	0.5417	0	0.0165
0.0123	0.025	0.1281	0.1298	-0.0191	0.8402	-0.0609	-0.5389	144	0	24	2	5	0.0022	0.4167	0	0.0123
0.0112	0.0427	0.0684	-0.0006	0.0197	0.4642	-0.8514	-0.2444	24	147	25	2	1	0.0032	0.5417	0	0.0116
0.0084	0.0393	0.096	-0.0283	0.0118	0.7466	-0.6637	-0.0455	146	148	25	2	2	0.004	0.5	0	0.008
0.0087	0.0321	0.1197	-0.057	0.0146	0.6023	-0.7281	0.3273	147	149	25	2	3	0.01	0.05	0	0.01
0.0089	0.0166	0.1313	-0.0507	0.0143	0.9024	0.0799	-0.4235	148	0	25	2	4	0.0019	0.3333	0	0.0098
0.0133	0.1252	0.096	0.0367	-0.0023	0.6842	-0.7175	-0.1305	25	151	26	2	1	0.0021	0.5417	1	0.014
0.0132	0.0506	0.1817	-0.0531	-0.0186	0.6776	-0.7211	0.1445	150	152	26	2	2	0.0021	0.5417	0	0.014
0.0132	0.039	0.1963	-0.0993	-0.0016	0.3818	-0.9131	-0.1428	151	153	26	2	3	0.002	0.5417	0	0.0153
0.0132	0.0342	0.2283	-0.133	-0.0147	0.1353	-0.9897	0.047	152	154	26	2	4	0.0019	0.5833	0	0.0142
0.013	0.0893	0.2269	-0.1644	-0.0217	0.0699	-0.946	-0.3165	153	155	26	2	5	0.0047	0.44	0	0.0181
0.0118	0.0359	0.2376	-0.2516	-0.044	-0.1833	-0.9387	-0.292	154	156	26	2	6	0.0022	0.225	0	0.0182
0.0098	0.0275	0.2183	-0.284	-0.0426	-0.3967	-0.856	-0.3315	155	157	26	2	7	0.0069	0.3125	0	0.0098
0.0072	0.0376	0.2166	-0.3123	-0.0601	-0.083	-0.9019	0.424	156	158	26	2	8	0.0066	0.4583	0	0.0063
0.0094	0.0208	0.2041	-0.3454	-0.0617	0.0875	-0.992	-0.0911	157	159	26	2	9	0.004	0.4	0	0.0103
0.0072	0.0445	0.2039	-0.3639	-0.0479	-0.3208	-0.9432	0.0865	158	160	26	2	10	0.01	0.05	0	0.01
0.0064	0.0343	0.2042	-0.3607	-0.0412	0.1209	0.0232	-0.9924	159	0	26	2	11	0.01	0.05	0	0.01
0.0132	0.0786	0.2108	0.0627	-0.0313	0.6886	0.7178	-0.1031	28	162	28	2	1	0.0034	0.5938	0	0.0141
0.0127	0.0254	0.2648	0.122	-0.0457	0.9844	0.1675	0.0538	161	163	28	2	2	0.0016	0.5417	0	0.0127
0.0132	0.0361	0.3001	0.1495	-0.0345	0.9229	-0.3151	-0.2211	162	164	28	2	3	0.0018	0.4583	0	0.0158
0.0131	0.0315	0.3349	0.132	-0.0443	0.8036	0.0105	0.5951	163	165	28	2	4	0.0014	0.375	0	0.0156
0.013	0.0171	0.3595	0.1537	-0.0247	0.8175	0.0049	0.576	164	166	28	2	5	0.0042	0.25	0	0.0186
0.0127	0.0057	0.3638	0.155	-0.0144	0.0945	0.3359	0.9371	165	167	28	2	6	0.01	0.05	0	0.01
0.0128	0.0123	0.3759	0.1654	-0.01	-0.5383	0.6859	-0.4898	166	168	28	2	7	0.0018	0.25	0	0.0155
0.0127	0.0025	0.3811	0.1796	-0.0089	-0.4296	0.9027	-0.0261	167	169	28	2	8	0.01	0.05	0	0.01
0.0127	0.0286	0.38	0.1819	-0.0089	-0.6156	0.6156	-0.4921	168	0	28	2	9	0.01	0.05	0	0.01
0.0094	0.1178	0.3665	0.0083	-0.0833	-0.1404	-0.9846	0.104	31	171	50	2	1	0.0089	0.4167	0	0.009
0.0096	0.0322	0.3307	-0.1154	-0.0734	0.3717	-0.928	-0.0253	170	172	50	2	2	0.01	0.05	0	0.01
0.0101	0.0101	0.3314	-0.1185	-0.0692	-0.7864	-0.4166	0.4561	171	173	50	2	3	0.0009	0.3333	0	0.011
0.0091	0.0059	0.331	-0.1313	-0.064	-0.6936	-0.5845	0.4212	172	0	50	2	4	0.01	0.05	0	0.01
0.0043	0.104	0.3754	-0.0397	0.0156	-0.6039	-0.797	-0.0044	36	175	52	2	1	0.0009	0.2917	0	0.0102
0.0025	0.0033	0.3176	-0.1223	0.0211	-0.1742	-0.967	0.1857	174	176	52	2	2	0.01	0.05	0	0.01
0.0025	0.0196	0.317	-0.1255	0.0217	0.0048	-0.4858	-0.8741	175	0	52	2	3	0.01	0.05	0	0.01
0.0106	0.0163	0.4973	-0.0467	-0.0065	0.794	-0.5949	-0.1253	41	178	64	2	1	0.0022	0.4167	0	0.0106
0.0106	0.0343	0.5079	-0.044	0.0026	0.6154	-0.4607	0.6396	177	179	64	2	2	0.0015	0.25	0	0.0103
0.0106	0.0124	0.5291	-0.0556	0.0252	0.9976	-0.0379	0.0577	178	0	64	2	3	0.01	0.05	0	0.01
0.0093	0.0378	0.5018	-0.0522	-0.0126	0.6195	-0.5802	0.5288	41	181	69	2	1	0.01	0.05	1	0.01
0.0088	0.0213	0.5252	-0.0741	0.0074	0.307	-0.9468	0.0969	180	182	69	2	2	0.01	0.05	0	0.01
0.0085	0.0399	0.53	-0.0907	0.0138	0.6526	-0.4335	0.6214	181	183	69	2	3	0.0007	0.3333	0	0.0098
0.0064	0.0213	0.5507	-0.0981	0.0435	0.0938	-0.3922	0.9151	182	184	69	2	4	0.01	0.05	0	0.01
0.0051	0.0063	0.5602	-0.103	0.0441	0.915	-0.2504	0.3164	183	185	69	2	5	0.01	0.05	0	0.01
0.0036	0.0151	0.566	-0.1046	0.0461	0.8159	-0.2219	0.5339	184	0	69	2	6	0.0008	0.1	0	0.01
0.0096	0.0626	0.5328	-0.0297	-0.0278	0.575	-0.5912	0.5655	44	187	72	2	1	0.0018	0.5	0	0.0096
0.0118	0.0322	0.5568	-0.0579	0.018	0.1057	-0.6923	0.7139	186	188	72	2	2	0.0013	0.4583	0	0.0153
0.0112	0.0347	0.5647	-0.0799	0.0342	-0.009	-0.9986	-0.0518	187	189	72	2	3	0.0013	0.25	0	0.0115
0.01	0.0455	0.5735	-0.1131	0.0381	0.1744	-0.9842	-0.0319	188	190	72	2	4	0.0044	0.375	0	0.01
0.0097	0.028	0.5816	-0.1566	0.0408	0.5074	-0.8332	0.2199	189	191	72	2	5	0.01	0.05	0	0.01
0.007	0.0142	0.5898	-0.1802	0.0364	0.2915	-0.9464	-0.1391	190	192	72	2	6	0.001	0.4583	0	0.007
0.0081	0.0252	0.5863	-0.1884	0.0443	-0.1144	-0.9115	0.3951	191	193	72	2	7	0.01	0.05	0	0.01
0.0075	0.0368	0.5805	-0.1858	0.0504	0.652	-0.0383	-0.7572	192	0	72	2	8	0.01	0.05	0	0.01
0.01	0.0239	-0.3317	-0.2471	-0.0412	-0.2912	0.554	0.7799	52	195	20	2	1	0.01	0.05	1	0.01
0.01	0.0504	-0.3387	-0.2338	-0.0226	-0.5536	-0.7932	0.2536	194	196	20	2	2	0.01	0.05	0	0.01
0.01	0.0232	-0.3655	-0.2728	-0.0093	-0.0582	-0.4314	0.9003	195	197	20	2	3	0.01	0.05	0	0.01
0.01	0.0131	-0.3706	-0.2803	0.0096	0.3868	0.8528	0.3508	196	0	20	2	4	0.01	0.05	0	0.01
0.0076	0.0253	-0.3865	0.1471	-0.0412	-0.5756	-0.4377	0.6907	74	199	30	3	1	0.0024	0.4583	1	0.0097
0.0076	0.0643	-0.4011	0.136	-0.0238	-0.6473	-0.5354	-0.5425	198	200	30	3	2	0.0024	0.4583	0	0.0097
0.0076	0.0248	-0.4507	0.0988	-0.0458	-0.2017	-0.9235	-0.3262	199	0	30	3	3	0.0042	0.5313	0	0.0076
0.0101	0.0292	-0.3637	0.2687	0.0371	0.7849	0.4438	0.4324	80	202	70	3	1	0.0009	0.3333	1	0.0108
0.0101	0.0289	-0.3408	0.2816	0.0498	-0.1575	0.986	0.0543	201	203	70	3	2	0.0009	0.3333	0	0.0108
0.0098	0.0371	-0.3347	0.3037	0.0547	0.281	0.7622	0.5832	202	204	70	3	3	0.0066	0.375	0	0.0112
0.0057	0.0514	-0.3251	0.3354	0.0671	0.6929	0.6935	0.1973	203	205	70	3	4	0.0036	0.3	0	0.0049
0.0055	0.0366	-0.2827	0.3494	0.0833	0.843	0.3742	0.3864	204	206	70	3	5	0.01	0.05	0	0.01
0.004	0.0353	-0.2871	0.3799	0.0778	0.3839	0.9179	0.1	205	0	70	3	6	0.0013	0.1	0	0.01
0.0072	0.0272	-0.3769	0.368	0.0758	0.5288	0.6826	0.5044	86	208	84	3	1	0.0024	0.4583	0	0.01
0.0071	0.0059	-0.3672	0.3867	0.085	-0.6979	0.018	0.716	207	209	84	3	2	0.01	0.05	0	0.01
0.0071	0.0414	-0.3721	0.3841	0.0902	0.9626	-0.2692	0.029	208	210	84	3	3	0.001	0.4167	0	0.0093
0.0058	0.0438	-0.3423	0.365	0.0999	0.6298	-0.7765	0.0199	209	211	84	3	4	0.0031	0.4583	0	0.0058
0.0069	0.023	-0.3161	0.3294	0.0864	0.2796	-0.9567	0.081	210	212	84	3	5	0.004	0.375	0	0.0076
0.0067	0.0007	-0.3139	0.329	0.0804	0.3669	-0.2548	-0.8947	211	0	84	3	6	0.0016	0.375	0	0.0098
0.0108	0.0767	-0.1781	0.111	0.0021	-0.6844	0.4192	-0.5965	92	214	91	3	1	0.0026	0.5	0	0.0108
0.0108	0.0235	-0.2352	0.1381	-0.0425	-0.6702	0.4925	-0.5553	213	215	91	3	2	0.01	0.05	0	0.01
0.0108	0.0235	-0.2399	0.1312	-0.0413	-0.6608	-0.6655	-0.347	214	0	91	3	3	0.0029	0.375	0	0.0103
0.0134	0.0197	-0.0165	-0.165	0.0259	0.5782	-0.2447	-0.7783	105	217	47	3	1	0.0031	0.4167	1	0.0261
0.0134	0.0578	-0.0037	-0.1823	0.0146	0.6386	0.301	0.7082	216	218	47	3	2	0.0064	0.3	0	0.0261
0.0134	0.0343	0.0298	-0.1652	0.0318	0.969	0.2012	-0.1437	217	219	47	3	3	0.0015	0.4583	0	0.0134
0.0134	0.0111	0.0626	-0.1595	0.028	0.8518	-0.4959	-0.169	218	220	47	3	4	0.01	0.05	0	0.01
0.0134	0.0125	0.0711	-0.1679	0.025	0.2497	0.2867	-0.9249	219	0	47	3	5	0.01	0.05	0	0.01
0.0025	0.0499	-0.0125	-0.2017	0.0473	-0.0853	-0.9953	-0.0461	106	222	59	3	1	0.0108	0.25	1	0.01
0.0025	0.0262	-0.025	-0.249	0.0356	0.7603	0.2042	-0.6167	221	223	59	3	2	0.01	0.05	0	0.01
0.0025	0.0259	-0.0057	-0.246	0.0226	-0.9851	0.0849	-0.1497	222	0	59	3	3	0.0068	0.175	0	0.01
0.0096	0.0305	-0.0232	0.0452	-0.0458	0.8437	-0.2473	-0.4764	115	225	18	3	1	0.0032	0.4583	1	0.0116
0.0096	0.0638	0.0025	0.0376	-0.0603	0.2709	0.3574	0.8938	224	226	18	3	2	0.0032	0.4583	0	0.0116
0.0096	0.0005	0.0078	0.0585	-0.0028	-0.0241	0.3756	0.9265	225	227	18	3	3	0.01	0.05	0	0.01
0.0096	0.0449	0.0078	0.0586	-0.0023	0.8916	0.3299	0.3104	226	0	18	3	4	0.01	0.05	0	0.01
0.004	0.0285	-0.0324	0.0834	-0.0562	-0.8508	-0.0744	-0.5203	116	229	92	3	1	0.0043	0.2917	1	0.0136
0.004	0.0451	-0.055	0.0798	-0.0677	-0.6912	0.4731	0.5462	228	230	92	3	2	0.0076	0.275	0	0.0136
0.0025	0.021	-0.0834	0.0979	-0.0535	-0.5693	0.7295	-0.3791	229	0	92	3	3	0.0102	0.075	0	0.01
0.0085	0.0563	0.0161	0.1889	-0.0664	-0.7619	0.5735	0.3011	119	232	65	3	1	0.01	0.05	0	0.01
0.0082	0.0629	-0.031	0.2379	-0.0514	-0.9546	-0.2583	-0.1481	231	233	65	3	2	0.0015	0.375	0	0.0128
0.0076	0.0304	-0.0905	0.2261	-0.0616	-0.7956	-0.0135	-0.6057	232	234	65	3	3	0.0014	0.2917	0	0.0145
0.006	0.0007	-0.1148	0.2293	-0.0688	-0.9243	0.3577	-0.1331	233	235	65	3	4	0.01	0.05	0	0.01
0.0046	0.0298	-0.1155	0.2296	-0.0689	-0.3573	0.8455	-0.3968	234	236	65	3	5	0.01	0.05	0	0.01
0.0034	0.0178	-0.1261	0.2548	-0.0807	-0.7167	-0.6603	-0.2243	235	0	65	3	6	0.01	0.05	0	0.01
0.0025	0.1181	-0.1911	0.0321	0.1032	-0.3265	-0.9262	-0.1886	130	238	93	3	1	0.007	0.25	1	0.01
0.0025	0.0407	-0.2308	-0.0849	0.0797	0.9843	-0.1633	0.0671	237	239	93	3	2	0.0066	0.175	0	0.01
0.0025	0.0186	-0.1878	-0.0893	0.0813	-0.2316	0.6754	0.7001	238	0	93	3	3	0.001	0.125	0	0.01
0.0116	0.0489	-0.173	0.0519	0.1109	-0.3459	0.8603	0.3744	129	241	48	3	1	0.0025	0.5	0	0.0116
0.0116	0.0053	-0.1835	0.0834	0.1241	-0.8493	-0.3102	-0.4271	240	242	48	3	2	0.01	0.05	0	0.01
0.0116	0.0275	-0.188	0.0817	0.1218	-0.7584	0.5717	0.313	241	243	48	3	3	0.01	0.05	0	0.01
0.0116	0.0196	-0.2088	0.0974	0.1304	-0.545	0.1333	-0.8278	242	0	48	3	4	0.01	0.05	0	0.01
0.0112	0.0318	-0.3085	0.2094	0.141	0.9548	-0.2691	-0.1264	139	245	80	3	1	0.003	0.4167	1	0.0112
0.0112	0.0357	-0.2782	0.2009	0.137	0.9594	-0.1208	0.2548	244	246	80	3	2	0.003	0.4167	0	0.0112
0.0112	0.006	-0.2471	0.1951	0.1468	-0.2192	0.03	-0.9752	245	247	80	3	3	0.01	0.05	0	0.01
0.0112	0.0139	-0.2484	0.1953	0.1409	0.1878	0.9816	-0.0349	246	0	80	3	4	0.01	0.05	0	0.01
0.0131	0.0132	-0.3117	0.1668	0.1579	-0.7446	-0.1497	0.6505	137	249	82	3	1	0.0025	0.375	1	0.0134
0.0126	0.0441	-0.3215	0.1648	0.1665	0.2721	-0.5008	-0.8217	248	250	82	3	2	0.0025	0.375	0	0.0134
0.0092	0.0067	-0.3162	0.1365	0.1377	-0.3596	-0.5245	-0.7718	249	251	82	3	3	0.01	0.05	0	0.01
0.0069	0.0145	-0.3187	0.1329	0.1325	0.4146	-0.4232	-0.8056	250	252	82	3	4	0.01	0.05	0	0.01
0.0045	0.0075	-0.3147	0.1253	0.124	0.8459	-0.0178	0.533	251	0	82	3	5	0.0031	0.15	0	0.01
0.0126	0.0455	0.1777	-0.0639	-0.0094	-0.5898	-0.5015	0.6329	151	254	41	3	1	0.0042	0.5417	1	0.013
0.0126	0.038	0.1509	-0.0867	0.0194	-0.3337	-0.7583	-0.56	253	255	41	3	2	0.0042	0.5417	0	0.013
0.0126	0.0195	0.1595	-0.136	0.0009	-0.2474	-0.3787	-0.8918	254	256	41	3	3	0.0069	0.6875	0	0.0135
0.0126	0.0237	0.1546	-0.1434	-0.0165	-0.1571	-0.8478	-0.5065	255	0	41	3	4	0.01	0.05	0	0.01
0.0123	0.1331	0.2421	-0.2021	-0.0387	-0.8791	0.3039	0.3672	154	258	94	3	1	0.0075	0.3125	0	0.0195
0.0123	0.0447	0.1301	-0.1477	0.0049	-0.8595	0.4185	0.2936	257	259	94	3	2	0.0018	0.5417	0	0.016
0.0123	0.0435	0.089	-0.1298	0.0119	-0.7769	0.5718	0.2636	258	260	94	3	3	0.0052	0.35	0	0.0181
0.0075	0.0274	0.0555	-0.1046	0.025	0.0896	0.9729	-0.2133	259	0	94	3	4	0.0041	0.4688	0	0.0075
0.0101	0.0424	0.2438	-0.2299	-0.039	0.9392	-0.0898	0.3313	154	262	49	3	1	0.0027	0.5417	1	0.0101
0.0101	0.0453	0.2837	-0.2337	-0.0249	0.114	0.5123	-0.8512	261	0	49	3	2	0.0027	0.5417	0	0.0101
0.0104	0.0464	0.1983	-0.3039	-0.0512	-0.9951	-0.004	0.0986	156	264	61	3	1	0.0025	0.5833	0	0.0104
0.0104	0.0309	0.1668	-0.2874	-0.0542	-0.5875	0.1565	-0.794	263	0	61	3	2	0.0032	0.4167	0	0.0118
0.0043	0.0968	0.2662	0.1178	-0.0576	0.6126	-0.71	0.3473	162	266	95	3	1	0.0169	0.3	0	0.0466
0.005	0.0458	0.324	0.0646	-0.0373	0.7797	-0.3678	-0.5068	265	267	95	3	2	0.0036	0.225	0	0.0131
0.0025	0.0263	0.3618	0.0516	-0.0597	0.355	-0.3758	0.856	266	0	95	3	3	0.0026	0.175	0	0.01
0.0089	0.0525	0.3478	-0.059	-0.0735	-0.9283	0.2632	0.2625	170	269	96	3	1	0.01	0.05	1	0.01
0.0089	0.0392	0.2991	-0.0451	-0.0597	-0.1115	0.3486	0.9306	268	270	96	3	2	0.01	0.05	0	0.01
0.0089	0	0.2947	-0.0315	-0.0234	-0.5991	-0.7768	0.1939	269	271	96	3	3	0.01	0.05	0	0.01
0.0089	0.0291	0.2947	-0.0315	-0.0234	-0.1952	-0.9252	0.3254	270	0	96	3	4	0.01	0.05	0	0.01
0.0095	0.0314	0.3339	-0.0983	0.0188	0.6785	0.1218	0.7245	174	273	57	3	1	0.0026	0.5833	1	0.0095
0.0095	0.0644	0.3552	-0.0945	0.0416	-0.2233	-0.7371	-0.6378	272	274	57	3	2	0.0026	0.5833	0	0.0095
0.0095	0.0292	0.3409	-0.14	0.0027	-0.3359	0.7112	-0.6176	273	0	57	3	3	0.0013	0.2917	0	0.012
0.0121	0.0687	0.566	-0.0992	0.0221	0.1198	0.4771	-0.8707	188	276	97	3	1	0.0031	0.375	1	0.0153
0.0121	0.0468	0.5742	-0.0664	-0.0377	-0.4113	-0.4909	0.768	275	277	97	3	2	0.0031	0.375	0	0.0153
0.0121	0.0537	0.5557	-0.0739	-0.0146	-0.9663	-0.1362	-0.2186	276	278	97	3	3	0.001	0.4167	0	0.0121
0.0121	0.0015	0.5056	-0.0834	-0.0319	-0.8001	0.4158	-0.4324	277	279	97	3	4	0.01	0.05	0	0.01
0.0121	0.0223	0.5043	-0.0828	-0.0335	-0.7306	-0.6599	0.1752	278	280	97	3	5	0.01	0.05	0	0.01
0.0121	0.0163	0.488	-0.0975	-0.0296	0.4039	-0.914	-0.039	279	0	97	3	6	0.01	0.05	0	0.01
0.0115	0.0355	-0.2618	0.0498	0.1061	-0.038	-0.0316	0.9988	0	282	103	0	1	0.003	0.5	0	0.0115
0.0115	0.0348	-0.252	0.053	0.1388	0.0624	-0.6543	-0.7537	281	283	103	0	2	0.0014	0.375	0	0.0106
0.0115	0.0182	-0.2459	0.0293	0.1183	0.6775	0.6337	-0.3734	282	0	103	0	3	0.01	0.05	0	0.01
0.012	0.0472	0.098	-0.1185	0.019	0.232	0.8208	-0.522	258	285	104	4	1	0.0027	0.5833	0	0.0151
0.012	0.0409	0.1065	-0.0753	-0.0022	0.3637	0.6897	-0.6261	284	0	104	4	2	0.0019	0.4167	0	0.012
0.0107	0.0192	0.3043	-0.036	-0.0295	0.688	0.0766	0.7216	269	287	62	4	1	0.0021	0.5417	1	0.0107
0.0107	0.028	0.3175	-0.0345	-0.0156	0.4551	0.6234	0.6358	286	288	62	4	2	0.0021	0.5417	0	0.0107
0.0107	0.0246	0.3354	-0.0139	0.0102	0.1356	0.8884	-0.4387	287	289	62	4	3	0.0011	0.3333	0	0.0122
0.0107	0.0243	0.332	0.0127	-0.0129	0.795	0.5652	-0.2203	288	290	62	4	4	0.01	0.05	0	0.01
0.0107	0.0061	0.3357	0.0131	-0.0139	-0.6214	0.5506	-0.5574	289	0	62	4	5	0.01	0.05	0	0.01
0.0127	0.0573	-0.4217	0.1116	-0.04	-0.5382	-0.5616	-0.6284	0	292	106	0	1	0.0066	0.275	0	0.0189
0.0127	0.0256	-0.4581	0.0831	-0.0667	0.3327	-0.791	0.5134	291	0	106	0	2	0.005	0.5625	0	0.0127
