radius (m)	length (m)	start_point	axis_direction	parent	extension	branch	branch_order	position_in_branch	mad	SurfCov	added	UnmodRadius (m)
0.0091	0.1317	0.0725	-0.1446	-0.4855	-0.1417	0.3451	0.9278	0	2	1	0	1	0.0015	0.6	0	0.0085
0.0103	0.0891	0.0582	-0.0971	-0.3634	-0.1031	0.2934	0.9504	1	3	1	0	2	0.0012	0.7083	0	0.0103
0.0115	0.0458	0.0487	-0.0694	-0.2791	-0.1621	0.2635	0.9509	2	4	1	0	3	0.0011	0.75	0	0.0115
0.0103	0.0837	0.0396	-0.0593	-0.2354	-0.1866	0.2793	0.9419	3	5	1	0	4	0.0012	0.5417	0	0.0103
0.0098	0.0577	0.0257	-0.0373	-0.1559	-0.2113	0.2036	0.956	4	6	1	0	5	0.0013	0.625	0	0.0098
0.01	0.0533	0.0107	-0.0244	-0.1017	-0.2192	0.1879	0.9574	5	7	1	0	6	0.0012	0.75	0	0.01
0.0109	0.0535	0.0006	-0.0135	-0.0507	-0.1324	0.2493	0.9593	6	8	1	0	7	0.0012	0.75	0	0.0109
0.0109	0.0401	-0.008	-0.0004	0.0004	-0.1639	0.2288	0.9596	7	9	1	0	8	0.0011	0.7083	0	0.0109
0.0112	0.0576	-0.0099	0.0067	0.0401	-0.151	0.2393	0.9591	8	10	1	0	9	0.0014	0.7083	0	0.0112
0.01	0.0586	-0.0214	0.021	0.0951	-0.0361	0.3428	0.9387	9	11	1	0	10	0.0013	0.7083	0	0.01
0.0091	0.069	-0.0234	0.0457	0.1492	-0.0898	0.2025	0.9752	10	12	1	0	11	0.0012	0.75	0	0.0091
0.0097	0.0521	-0.0317	0.0597	0.2162	-0.1372	0.2679	0.9536	11	13	1	0	12	0.0013	0.7917	0	0.0097
0.0094	0.0834	-0.0299	0.0744	0.2666	-0.0898	0.2578	0.962	12	14	1	0	13	0.0014	0.75	0	0.0094
0.0097	0.0262	-0.0433	0.0984	0.3454	-0.0664	0.3689	0.9271	13	15	1	0	14	0.0011	0.375	0	0.0097
0.0099	0.0159	-0.0455	0.1082	0.3699	0.4297	0.0441	0.9019	14	0	1	0	15	0.0014	0.5417	0	0.0099
