radius (m)	length (m)	start_point	axis_direction	parent	extension	branch	branch_order	position_in_branch	mad	SurfCov	added	UnmodRadius (m)
0.0115	0.1123	0.1168	-0.166	-0.129	-0.1203	0.9171	0.3801	0	2	1	0	1	0.0031	0.4063	0	0.0115
0.0105	0.0422	0.0841	-0.0686	-0.1062	-0.526	0.8023	0.282	1	3	1	0	2	0.0103	0.2083	0	0.0105
0.01	0.021	0.0661	-0.0314	-0.0801	-0.6203	0.7844	0	2	4	1	0	3	0.01	0.05	0	0.01
0.0107	0.0429	0.044	-0.0238	-0.0796	-0.6843	0.7119	0.158	3	5	1	0	4	0.001	0.375	0	0.0107
0.0084	0.0377	0.0213	0.0019	-0.0573	-0.5456	0.7035	0.4554	4	6	1	0	5	0.0008	0.2917	0	0.0065
0.0124	0.0099	0.0051	-0.0008	-0.0371	-0.9328	-0.1033	0.3452	5	7	1	0	6	0.0048	0.2	0	0.0234
0.0124	0.0334	-0.0056	-0.0088	-0.0369	-0.6606	-0.1949	0.725	6	8	1	0	7	0.0077	0.375	0	0.0139
0.0084	0.0232	-0.0312	-0.0001	-0.0069	-0.7601	-0.3825	0.5253	7	9	1	0	8	0.0054	0.5	0	0.0084
0.0079	0.0131	-0.052	-0.0159	-0.0065	-0.9727	0.067	0.2221	8	10	1	0	9	0.0038	0.4688	0	0.0079
0.0074	0.0275	-0.061	-0.0186	-0.0088	-0.7907	-0.5893	-0.1661	9	11	1	0	10	0.004	0.4688	0	0.0074
0.0084	0.0037	-0.0856	-0.0316	-0.0112	-0.7948	-0.5579	-0.2388	10	12	1	0	11	0.01	0.05	0	0.01
0.008	0.0176	-0.0864	-0.037	-0.0117	-0.7778	-0.4421	0.4467	11	13	1	0	12	0.01	0.05	0	0.01
0.0077	0.0231	-0.0984	-0.0434	-0.0055	0.5993	-0.7999	-0.0322	12	0	1	0	13	0.01	0.05	0	0.01
0.0116	0.0503	0.1214	-0.1765	-0.1216	0.3885	-0.6433	0.6597	1	15	38	1	1	0.0028	0.5	0	0.0152
0.0116	0.0358	0.1446	-0.1988	-0.0794	0.0428	-0.6723	0.739	14	16	38	1	2	0.0011	0.2917	0	0.0101
0.0116	0.0237	0.1514	-0.2263	-0.0675	-0.0554	-0.9764	0.2089	15	17	38	1	3	0.01	0.05	0	0.01
0.0116	0.0362	0.1644	-0.2171	-0.0567	0.2556	-0.2796	0.9255	16	18	38	1	4	0.0011	0.375	0	0.0145
0.0116	0.024	0.1681	-0.2256	-0.0196	0.4629	-0.2908	0.8374	17	19	38	1	5	0.01	0.05	0	0.01
0.0116	0.0091	0.1707	-0.24	-0.0128	0.0804	-0.891	0.4469	18	20	38	1	6	0.0006	0.4167	0	0.0116
0.0116	0.0492	0.1752	-0.2389	0.0037	0.6654	-0.6812	0.3053	19	21	38	1	7	0.0027	0.175	0	0.0059
0.0116	0.0232	0.196	-0.2795	0.0172	0.3295	-0.7005	0.633	20	22	38	1	8	0.01	0.05	0	0.01
0.0116	0.0443	0.2022	-0.3003	0.0188	0.7002	-0.693	0.1717	21	23	38	1	9	0.0009	0.3333	0	0.0127
0.0116	0.0229	0.2406	-0.3244	0.0254	0.6076	-0.5958	0.5252	22	24	38	1	10	0.01	0.05	0	0.01
0.0116	0.0172	0.2361	-0.3414	0.0246	0.0546	-0.9816	0.1827	23	0	38	1	11	0.01	0.05	0	0.01
0.0095	0.0423	0.0797	-0.043	-0.0977	0.3918	0.8806	0.2667	2	26	2	1	1	0.0008	0.4167	1	0.0095
0.0095	0.0439	0.0963	-0.0057	-0.0864	0.3923	0.8722	0.2923	25	27	2	1	2	0.0008	0.4167	0	0.0095
0.009	0.0415	0.1128	0.0251	-0.0647	0.5912	0.5965	0.5429	26	28	2	1	3	0.0056	0.375	0	0.009
0.0098	0.0332	0.1436	0.0365	-0.043	0.697	0.2876	0.6569	27	29	2	1	4	0.0059	0.4375	0	0.01
0.007	0.0302	0.1635	0.0503	-0.0172	0.7622	-0.0265	0.6468	28	30	2	1	5	0.0056	0.4063	0	0.0067
0.0094	0.0151	0.1951	0.0453	-0.0049	0.6854	0.2062	0.6983	29	31	2	1	6	0.0028	0.5	0	0.0096
0.0089	0.0178	0.2021	0.0387	-0.0079	0.59	-0.7193	0.3667	30	32	2	1	7	0.01	0.05	0	0.01
0.0094	0.0316	0.1935	0.0469	-0	0.7257	0.6436	0.2432	31	33	2	1	8	0.001	0.375	0	0.0109
0.0091	0.0453	0.2149	0.0676	0.01	0.3798	0.9215	0.0818	32	34	2	1	9	0.0011	0.2917	0	0.0127
0.0083	0.0284	0.2417	0.102	0.0119	0.5509	0.7897	-0.2698	33	35	2	1	10	0.01	0.05	0	0.01
0.0081	0.0233	0.2442	0.1273	0.0144	0.1935	0.981	-0.017	34	36	2	1	11	0.01	0.05	0	0.01
0.0079	0.0335	0.2483	0.1289	0.0263	0.2764	0.4781	0.8337	35	0	2	1	12	0.01	0.05	0	0.01
0.0086	0.0674	-0.0149	0.0004	-0.0232	-0.3329	0.8255	-0.4557	7	38	13	1	1	0.002	0.4167	0	0.0075
0.01	0.0321	-0.046	0.0532	-0.0498	-0.4147	0.8651	-0.2823	37	39	13	1	2	0.01	0.05	0	0.01
0.0116	0.0149	-0.0412	0.0535	-0.0495	-0.2818	0.1381	0.9495	38	40	13	1	3	0.001	0.4167	0	0.0128
0.0115	0.0237	-0.0481	0.059	-0.0346	0.6845	0.4169	0.598	39	41	13	1	4	0.0015	0.375	0	0.0133
0.0113	0.0263	-0.0357	0.0691	-0.0159	-0.0731	0.9908	-0.1142	40	42	13	1	5	0.0014	0.2917	0	0.0159
0.0081	0.0374	-0.0482	0.0939	-0.0115	-0.4935	0.6345	-0.5948	41	43	13	1	6	0.0008	0.25	0	0.008
0.0099	0.0341	-0.0677	0.1166	-0.0308	-0.5188	0.8455	0.1261	42	44	13	1	7	0.0012	0.2083	0	0.0099
0.01	0.0249	-0.087	0.1442	-0.0323	-0.7412	0.6689	0.0569	43	45	13	1	8	0.01	0.05	0	0.01
0.011	0.0176	-0.0926	0.153	-0.0341	0.0958	0.5027	-0.8591	44	46	13	1	9	0.0016	0.375	0	0.0144
0.0104	0.0196	-0.1047	0.1582	-0.0353	-0.6812	-0.1561	-0.7153	45	47	13	1	10	0.0007	0.375	0	0.0109
0.0104	0.0207	-0.1138	0.152	-0.0466	0.2757	0.8072	0.5219	46	48	13	1	11	0.0009	0.2917	0	0.012
0.0075	0.0264	-0.1263	0.169	-0.0417	0.2771	-0.4175	-0.8654	47	0	13	1	12	0.0021	0.3333	0	0.0068
0.0097	0.075	-0.0285	-0.0132	-0.0302	-0.892	0.3379	0.3003	7	50	14	1	1	0.0015	0.4167	0	0.0097
0.0117	0.0332	-0.0962	0.0095	-0.0071	-0.76	0.3602	0.5411	49	51	14	1	2	0.0039	0.225	0	0.0194
0.0117	0.0306	-0.1143	0.0259	-0.0033	-0.7717	0.6037	-0.1999	50	52	14	1	3	0.0052	0.5417	0	0.0152
0.01	0.0219	-0.1387	0.0247	-0.0137	-0.1967	0.215	-0.9566	51	53	14	1	4	0.01	0.05	0	0.01
0.01	0.0209	-0.1377	0.0231	-0.0117	-0.3786	0.8665	0.3253	52	54	14	1	5	0.01	0.05	0	0.01
0.01	0.0136	-0.1458	0.0428	-0.0088	-0.9992	-0.0268	0.0294	53	0	14	1	6	0.01	0.05	0	0.01
0.0093	0.0315	-0.0988	-0.04	0.0021	-0.0422	0.4083	0.9119	13	56	16	1	1	0.001	0.25	1	0.0076
0.0093	0.0344	-0.1001	-0.0272	0.0308	0.503	0.5296	0.683	55	57	16	1	2	0.001	0.25	0	0.0076
0.0093	0.0226	-0.0846	-0.0055	0.0461	0.5975	0.7772	0.1977	56	58	16	1	3	0.01	0.05	0	0.01
0.0093	0.0372	-0.0822	-0.004	0.0527	-0.6404	0.515	0.5697	57	59	16	1	4	0.0008	0.375	0	0.0099
0.0093	0.0075	-0.1076	0.0094	0.0757	-0.1049	0.3337	0.9368	58	60	16	1	5	0.01	0.05	0	0.01
0.0093	0.0413	-0.1154	0.0142	0.0904	-0.2997	0.8021	-0.5166	59	61	16	1	6	0.0011	0.375	0	0.0118
0.0093	0.0361	-0.126	0.048	0.0726	-0.0782	0.985	-0.1537	60	62	16	1	7	0.0016	0.2	0	0.0144
0.0093	0.0219	-0.1316	0.0841	0.0701	0.2885	0.9525	0.0979	61	63	16	1	8	0.0009	0.25	0	0.0085
0.0093	0.0016	-0.1268	0.0994	0.0655	0.0993	0.7611	-0.641	62	64	16	1	9	0.01	0.05	0	0.01
0.0093	0.04	-0.122	0.1039	0.0647	-0.1835	0.1709	0.9681	63	65	16	1	10	0.0009	0.4167	0	0.0093
0.0093	0.0011	-0.1315	0.1167	0.1007	0.1657	0.473	0.8653	64	66	16	1	11	0.01	0.05	0	0.01
0.0093	0.0198	-0.1181	0.1189	0.1098	-0.3608	0.8327	0.42	65	67	16	1	12	0.0011	0.3333	0	0.0119
0.0093	0.013	-0.116	0.1312	0.1194	0.2027	0.1288	-0.9707	66	68	16	1	13	0.01	0.05	0	0.01
0.0093	0.0215	-0.1159	0.1339	0.1095	-0.485	0.5656	-0.667	67	0	16	1	14	0.01	0.05	0	0.01
0.0085	0.0219	0.1109	0.0359	-0.0617	-0.8022	0.5557	-0.2183	27	70	7	2	1	0.01	0.05	1	0.01
0.0085	0.0502	0.0933	0.048	-0.0664	0.9526	-0.1269	-0.2764	69	71	7	2	2	0.01	0.05	0	0.01
0.0085	0.0336	0.1411	0.0416	-0.0803	0.7673	0.6067	0.2079	70	72	7	2	3	0.01	0.05	0	0.01
0.0085	0.0189	0.1669	0.062	-0.0733	0.6207	0.3174	0.7169	71	0	7	2	4	0.01	0.05	0	0.01
0.0082	0.0441	-0.012	0.0081	-0.019	0.3137	0.8344	0.4531	37	74	40	2	1	0.01	0.05	1	0.01
0.0077	0.034	0.0018	0.0449	0.001	-0.0169	0.8404	-0.5417	73	75	40	2	2	0.01	0.05	0	0.01
0.0075	0.0342	0.0028	0.0701	-0.0107	0.7521	0.6436	0.1421	74	76	40	2	3	0.0014	0.3333	0	0.0112
0.0063	0.0059	0.0201	0.093	-0.0097	0.4333	0.1738	-0.8843	75	77	40	2	4	0.01	0.05	0	0.01
0.0056	0.0181	0.0227	0.094	-0.0149	0.9664	0.2423	-0.0857	76	78	40	2	5	0.01	0.05	0	0.01
0.0048	0.019	0.0404	0.0984	-0.0177	0.8659	0.4513	0.2157	77	79	40	2	6	0.0032	0.125	0	0.01
0.0035	0.0216	0.0571	0.1072	-0.0146	0.0829	0.9768	0.1973	78	0	40	2	7	0.0028	0.175	0	0.01
0.0045	0.0328	-0.0487	0.0946	-0.0166	0.1341	0.7423	-0.6566	41	81	26	2	1	0.0068	0.225	1	0.011
0.0045	0.0107	-0.0244	0.1134	-0.0535	-0.2608	0.7486	-0.6096	80	0	26	2	2	0.0025	0.05	0	0.011
0.0088	0.1021	-0.1089	-0.0152	0.0987	-0.4659	0.3723	-0.8027	60	83	22	2	1	0.0012	0.375	0	0.0154
0.0088	0.0319	-0.1507	0.0288	0.0235	-0.0338	0.7683	-0.6392	82	84	22	2	2	0.0047	0.375	0	0.0088
0.0088	0.0301	-0.1413	0.0473	0.0113	0.6118	0.7534	-0.2411	83	85	22	2	3	0.01	0.05	0	0.01
0.0088	0.031	-0.1534	0.0616	-0.0021	-0.1058	0.8086	-0.5788	84	0	22	2	4	0.01	0.05	0	0.01
0.0107	0.0153	-0.1313	0.0318	0.0734	-0.5397	-0.8414	0.0283	60	87	27	2	1	0.0019	0.4583	1	0.0107
0.0107	0.0613	-0.1396	0.019	0.0738	-0.57	-0.6462	0.5075	86	88	27	2	2	0.0019	0.4583	0	0.0107
0.0107	0.0166	-0.172	-0.0075	0.1099	-0.6109	-0.1776	0.7716	87	89	27	2	3	0.0012	0.25	0	0.011
0.0107	0.0244	-0.1824	-0.0088	0.1222	-0.9113	0.039	0.4099	88	90	27	2	4	0.0009	0.25	0	0.0097
0.0107	0.0058	-0.1956	-0.0099	0.1463	-0.8256	0.147	0.5447	89	91	27	2	5	0.01	0.05	0	0.01
0.0107	0.0196	-0.2046	-0.0241	0.1436	0.2887	-0.4143	0.8631	90	92	27	2	6	0.001	0.25	0	0.0151
0.0107	0.0046	-0.2083	-0.031	0.159	-0.0958	-0.977	-0.1906	91	93	27	2	7	0.01	0.05	0	0.01
0.0107	0.0181	-0.2087	-0.0355	0.1581	0.2153	-0.4674	-0.8575	92	94	27	2	8	0.01	0.05	0	0.01
0.0107	0.0162	-0.2048	-0.044	0.1426	-0.6565	-0.5108	-0.5551	93	0	27	2	9	0.01	0.05	0	0.01
0.0047	0.0755	-0.1353	0.0554	0.0742	-0.3628	0.769	0.5263	61	96	34	2	1	0.0053	0.325	0	0.0108
0.0025	0.0209	-0.164	0.1117	0.117	-0.055	0.8654	0.498	95	97	34	2	2	0.0044	0.175	0	0.01
0.0025	0.0057	-0.156	0.1092	0.1049	0.7046	0.6431	-0.2999	96	0	34	2	3	0.0059	0.225	0	0.01
