radius (m)	length (m)	start_point	axis_direction	parent	extension	branch	branch_order	position_in_branch	mad	SurfCov	added	UnmodRadius (m)
0.0216	0.0871	0.3251	-0.2011	-0.2669	0.5019	0.603	0.6201	0	2	1	0	1	0.0053	0.4583	0	0.0216
0.0247	0.0575	0.3673	-0.1333	-0.2237	-0.8587	0.2345	0.4556	1	3	1	0	2	0.0024	0.4167	0	0.0261
0.0193	0.0428	0.3262	-0.1218	-0.177	-0.8579	0.3478	0.3782	2	4	1	0	3	0.0018	0.3333	0	0.0193
0.0198	0.078	0.2822	-0.1004	-0.1605	-0.3817	-0.4551	0.8045	3	5	1	0	4	0.0022	0.625	0	0.0198
0.0203	0.0631	0.2427	-0.1058	-0.1191	-0.1014	0.5535	0.8266	4	6	1	0	5	0.0023	0.4583	0	0.0203
0.0199	0.0567	0.238	-0.1417	-0.0745	-0.3777	-0.1067	0.9198	5	7	1	0	6	0.0071	0.8148	0	0.0199
0.0177	0.089	0.2433	-0.1248	-0.0865	0.1073	0.9212	0.374	6	8	1	0	7	0.003	0.75	0	0.0177
0.0211	0.0582	0.2531	-0.0456	-0.0482	0.2577	0.8492	0.4609	7	0	1	0	8	0.0045	0.2917	0	0.0242
0.0182	0.0811	0.3474	-0.1064	-0.1951	-0.2207	0.4596	0.8603	2	10	2	1	1	0.0031	0.5417	0	0.0182
0.0182	0.0472	0.3402	-0.0509	-0.1323	-0.331	0.4994	0.8007	9	0	2	1	2	0.0062	0.25	0	0.0153
0.0113	0.1134	0.352	-0.1523	-0.1858	0.627	-0.7494	-0.2127	3	12	145	1	1	0.0018	0.4167	0	0.0113
0.0113	0.0275	0.4289	-0.2462	-0.2052	0.3238	-0.2658	-0.908	11	0	145	1	2	0.01	0.05	0	0.01
0.0162	0.0347	0.2519	-0.0013	-0.044	-0.5823	0.3283	-0.7437	8	14	7	1	1	0.0061	0.4688	1	0.0162
0.0162	0.112	0.2317	0.0101	-0.0698	0.993	0.0175	0.1168	13	0	7	1	2	0.0061	0.4688	0	0.0162
0.0225	0.0732	0.2397	-0.1265	-0.1141	-0.1381	-0.9627	0.2329	5	16	11	1	1	0.0051	0.425	1	0.0225
0.0225	0.1229	0.2296	-0.197	-0.097	0.9794	0.0279	0.2002	15	0	11	1	2	0.0051	0.425	0	0.0225
0.0189	0.0316	0.2184	-0.1488	-0.0762	-0.8431	-0.3166	-0.4347	6	18	12	1	1	0.0019	0.375	1	0.0231
0.0188	0.0446	0.1918	-0.1588	-0.0899	-0.516	0.8066	-0.2881	17	19	12	1	2	0.0019	0.375	0	0.0231
0.0183	0.0404	0.1647	-0.1277	-0.0959	0.2099	0.7348	0.645	18	20	12	1	3	0.0043	0.2	0	0.0273
0.0112	0.1017	0.1508	-0.065	-0.0802	0.5042	0.5497	0.666	19	21	12	1	4	0.01	0.05	0	0.01
0.0074	0.1089	0.1972	-0.0084	-0.0195	-0.0996	-0.9944	-0.0356	20	0	12	1	5	0.01	0.05	0	0.01
0.0156	0.0635	0.2339	-0.0546	-0.0561	-0.9635	-0.2673	-0.0122	7	23	15	1	1	0.0029	0.5417	1	0.0151
0.0156	0.0468	0.1726	-0.0716	-0.0569	0.6136	0.2056	0.7624	22	24	15	1	2	0.0029	0.5417	0	0.0151
0.0156	0.1011	0.1811	-0.0687	-0.0377	-0.6447	0.4791	0.5957	23	25	15	1	3	0.0022	0.7917	0	0.0156
0.0164	0.0557	0.1138	-0.032	0.0335	-0.8194	0.466	0.3338	24	26	15	1	4	0.0027	0.7083	0	0.0164
0.0168	0.05	0.0672	-0.0117	0.048	-0.9886	0.1495	0.0153	25	27	15	1	5	0.008	0.7	0	0.0247
0.0168	0.0979	0.0216	-0.0131	0.0744	-0.8298	-0.5538	-0.0688	26	28	15	1	6	0.0033	0.5417	0	0.0217
0.0156	0.0921	-0.0436	-0.0469	0.0499	-0.8099	0.583	-0.065	27	29	15	1	7	0.0028	0.5833	0	0.0133
0.0168	0.0457	-0.1121	-0.0086	0.0386	-0.9275	-0.2762	-0.2521	28	30	15	1	8	0.0017	0.625	0	0.0196
0.0156	0.0427	-0.1575	-0.011	0.0409	-0.9835	-0.0727	-0.1659	29	31	15	1	9	0.0021	0.5417	0	0.0148
0.0168	0.0475	-0.1992	-0.0132	0.0337	-0.9135	0.3722	0.1639	30	32	15	1	10	0.0023	0.6667	0	0.0193
0.0156	0.0326	-0.2524	-0.0197	0.0492	-0.8389	0.4428	0.3164	31	33	15	1	11	0.0022	0.4583	0	0.0133
0.0167	0.1041	-0.2593	-0.0023	0.0377	-0.6698	0.484	-0.5631	32	34	15	1	12	0.0154	0.32	0	0.0365
0.0164	0.0674	-0.3068	0.0698	-0.0354	0.6598	-0.7439	-0.1059	33	35	15	1	13	0.002	0.4583	0	0.0164
0.0167	0.0554	-0.2851	0.0428	-0.0276	-0.7204	-0.6931	-0.0251	34	36	15	1	14	0.0016	0.3333	0	0.0213
0.0156	0.0649	-0.3071	-0.0104	-0.0179	-0.7176	-0.584	0.3795	35	37	15	1	15	0.0082	0.5	0	0.0138
0.0156	0.0112	-0.3288	-0.0061	-0.0387	-0.6069	-0.3885	-0.6934	36	38	15	1	16	0.0016	0.4167	0	0.0135
0.0156	0.0795	-0.3428	-0.0046	-0.0285	-0.2999	-0.9355	0.1869	37	39	15	1	17	0.0019	0.5833	0	0.0134
0.0167	0.0805	-0.367	-0.0728	-0.0189	-0.9975	-0.0663	-0.0247	38	40	15	1	18	0.002	0.5417	0	0.0179
0.0156	0.043	-0.4483	-0.0857	-0.0147	-0.9927	0.1143	-0.0387	39	41	15	1	19	0.0017	0.5417	0	0.0141
0.0156	0.0528	-0.4887	-0.0529	-0.0064	-0.9519	0.1701	-0.2547	40	42	15	1	20	0.0018	0.6667	0	0.0129
0.0168	0.062	-0.5493	-0.0624	-0.0229	-0.8596	0.4963	-0.1218	41	43	15	1	21	0.0024	0.6667	0	0.018
0.0166	0.0335	-0.6038	-0.05	-0.0296	-0.9632	0.0505	-0.2641	42	44	15	1	22	0.0021	0.4167	0	0.0209
0.0157	0.0646	-0.6284	-0.0507	-0.025	-0.7305	-0.6112	0.3046	43	45	15	1	23	0.0022	0.5417	0	0.0157
0.0166	0.055	-0.6791	-0.0812	-0.0011	-0.6714	-0.5132	0.5346	44	46	15	1	24	0.0023	0.3333	0	0.0182
0.0162	0.0116	-0.7225	-0.1048	0.0162	-0.882	-0.3257	0.3406	45	47	15	1	25	0.0086	0.4063	0	0.0162
0.0156	0.0106	-0.7361	-0.1141	0.0266	-0.9289	0.2918	-0.228	46	48	15	1	26	0.0027	0.125	0	0.01
0.0156	0.0314	-0.7375	-0.1016	0.0214	-0.1564	-0.1489	-0.9764	47	0	15	1	27	0.0094	0.1	0	0.01
0.0163	0.1349	0.2803	-0.0838	-0.1497	-0.097	0.8337	0.5436	4	50	17	1	1	0.005	0.4167	1	0.0163
0.0163	0.0484	0.2672	0.0287	-0.0764	-0.5949	0.4101	0.6913	49	51	17	1	2	0.005	0.4167	0	0.0163
0.0163	0.0299	0.2293	0.0423	-0.039	-0.3431	0.8054	0.4833	50	52	17	1	3	0.01	0.05	0	0.01
0.0163	0.007	0.2333	0.061	-0.0471	-0.7861	-0.4873	-0.3802	51	53	17	1	4	0.0031	0.125	0	0.01
0.0163	0.0203	0.232	0.0454	-0.0474	-0.8902	-0.2344	0.3907	52	0	17	1	5	0.0095	0.1	0	0.01
0.0071	0.0436	0.4273	-0.2251	-0.2105	0.4436	0.6753	0.5892	11	55	4	2	1	0.0014	0.4583	0	0.0071
0.0071	0.0478	0.4544	-0.1966	-0.179	0.5709	0.4574	-0.6818	54	0	4	2	2	0.0011	0.375	0	0.0102
0.0107	0.0809	0.4055	-0.2014	-0.1952	0.0172	0.8593	0.5111	11	57	5	2	1	0.0042	0.4583	1	0.0148
0.0107	0.0727	0.4069	-0.1319	-0.1539	0.2071	-0.68	-0.7034	56	58	5	2	2	0.0042	0.4583	0	0.0148
0.0107	0.0316	0.4204	-0.181	-0.1979	-0.1107	0.9919	-0.0619	57	59	5	2	3	0.0016	0.4167	0	0.0112
0.0107	0.0203	0.4206	-0.1416	-0.2007	-0.843	0.3376	-0.4188	58	0	5	2	4	0.0018	0.25	0	0.0095
0.0057	0.0288	0.3673	-0.188	-0.1926	-0.9073	-0.3835	0.1724	11	61	146	2	1	0.0043	0.375	1	0.0231
0.0057	0.0775	0.3505	-0.2096	-0.1792	0.8169	0.3669	-0.445	60	0	146	2	2	0.0084	0.225	0	0.0231
0.0253	0.0331	0.2446	-0.2025	-0.0719	-0.9197	-0.1154	0.3753	16	0	147	2	1	0.0041	0.4375	0	0.0253
0.0159	0.2002	0.0553	0.0052	0.056	0.7999	0.5937	0.0882	26	64	21	2	1	0.002	0.2	0	0.0182
0.0128	0.0901	0.2085	0.1221	0.0781	0.0507	0.8823	0.4679	63	65	21	2	2	0.0016	0.4583	0	0.0128
0.0148	0.0517	0.2267	0.1917	0.1074	0.6281	0.7749	0.0705	64	66	21	2	3	0.0018	0.375	0	0.0148
0.0153	0.0369	0.2606	0.2216	0.1105	0.9795	0.1431	-0.1419	65	67	21	2	4	0.0015	0.3333	0	0.0153
0.0142	0.0805	0.2978	0.2289	0.0971	0.8862	-0.4633	0.007	66	68	21	2	5	0.0018	0.5833	0	0.0142
0.0148	0.0332	0.3575	0.1868	0.0815	0.8187	-0.0538	-0.5717	67	69	21	2	6	0.0018	0.4583	0	0.0148
0.0159	0.0186	0.367	0.1824	0.0607	0.1185	-0.131	-0.9843	68	70	21	2	7	0.0133	0.55	0	0.0247
0.014	0.0605	0.3656	0.1954	0.0455	-0.858	-0.1015	-0.5035	69	71	21	2	8	0.0014	0.5417	0	0.014
0.0146	0.0738	0.3177	0.2093	0.0067	-0.444	-0.2669	-0.8554	70	72	21	2	9	0.0015	0.4167	0	0.0146
0.012	0.0074	0.2753	0.1833	-0.0482	-0.5426	-0.2334	-0.8069	71	73	21	2	10	0.0044	0.5	0	0.012
0.0134	0.087	0.2762	0.1846	-0.0456	-0.6416	0.7611	0.0957	72	74	21	2	11	0.0018	0.5833	0	0.0134
0.0154	0.034	0.2272	0.2556	-0.0494	-0.7746	0.5997	-0.2009	73	75	21	2	12	0.0069	0.35	0	0.0208
0.0157	0.0753	0.2061	0.2791	-0.0576	-0.5474	0.8008	-0.2429	74	76	21	2	13	0.0016	0.5833	0	0.0169
0.0153	0.0716	0.1834	0.3343	-0.0831	0.1525	0.9478	-0.28	75	77	21	2	14	0.0064	0.325	0	0.0214
0.0141	0.0325	0.1982	0.3988	-0.1047	0.43	0.749	-0.5041	76	78	21	2	15	0.0017	0.5417	0	0.0141
0.0155	0.0585	0.2051	0.4235	-0.1233	0.0912	0.9878	-0.1264	77	79	21	2	16	0.0021	0.625	0	0.0157
0.015	0.0672	0.2463	0.4766	-0.1257	0.1757	0.891	-0.4185	78	80	21	2	17	0.0016	0.375	0	0.0199
0.0137	0.0271	0.2712	0.5221	-0.1364	0.838	0.5015	-0.2151	79	81	21	2	18	0.0019	0.3333	0	0.0137
0.0105	0.0582	0.2895	0.5258	-0.1321	0.9394	-0.3313	0.0888	80	82	21	2	19	0.0055	0.7917	0	0.0105
0.0143	0.0344	0.2913	0.5411	-0.1415	0.5759	0.784	-0.2318	81	0	21	2	20	0.0017	0.5417	0	0.0145
0.0155	0.0769	-0.3185	0.0589	-0.0317	0.6164	0.7754	0.1367	34	84	26	2	1	0.0114	0.44	1	0.0224
0.0155	0.0693	-0.2632	0.1134	-0.0337	0.7761	-0.2415	0.5825	83	85	26	2	2	0.0075	0.45	0	0.0224
0.0155	0.0554	-0.2116	0.1228	0.022	0.9631	-0.072	0.2594	84	86	26	2	3	0.0024	0.5833	0	0.0169
0.0152	0.0598	-0.1575	0.1114	0.0376	0.9954	0.0958	-0.002	85	87	26	2	4	0.0025	0.625	0	0.0152
0.0154	0.0588	-0.0902	0.1032	0.0291	0.8861	0.4593	0.0626	86	88	26	2	5	0.0031	0.5833	0	0.0191
0.0152	0.0331	-0.0346	0.1266	0.0237	0.9391	0.1901	0.2862	87	0	26	2	6	0.0035	0.225	0	0.01
0.0216	0.1064	-0.0527	-0.0214	0.0458	0.6271	0.7621	-0.1612	28	90	27	2	1	0.0038	0.45	1	0.0216
0.0216	0.1232	0.014	0.0597	0.0287	0.3384	-0.2858	-0.8965	89	91	27	2	2	0.0038	0.45	0	0.0216
0.0216	0.0337	0.046	0.0242	-0.0879	0.5267	-0.1388	-0.8386	90	0	27	2	3	0.0039	0.075	0	0.01
0.0148	0.0576	-0.0408	-0.0406	0.0357	0.28	0.3319	-0.9008	28	93	148	2	1	0.0034	0.2436	1	0.0613
0.0148	0.1698	-0.0307	0.0045	-0.0338	0.4606	0.569	0.6813	92	94	148	2	2	0.0306	0.2556	0	0.0613
0.0148	0.0531	0.0337	0.1344	0.0741	0.9246	0.3441	-0.1633	93	95	148	2	3	0.0026	0.6875	0	0.0173
0.0148	0.0449	0.089	0.1583	0.0758	-0.4259	0.877	-0.2225	94	96	148	2	4	0.0021	0.75	0	0.0148
0.0148	0.0354	0.0784	0.2066	0.059	-0.5098	0.7749	0.3738	95	97	148	2	5	0.0054	0.525	0	0.0455
0.0148	0.074	0.078	0.2381	0.0813	0.4656	-0.038	-0.8842	96	0	148	2	6	0.0123	0.4167	0	0.0723
0.0159	0.0591	-0.0298	-0.0433	0.0538	0.2263	0.3805	-0.8967	27	99	47	2	1	0.0052	0.4167	1	0.0336
0.0158	0.0605	-0.0292	-0.0175	0.013	0.1301	0.9823	-0.1348	98	100	47	2	2	0.0068	0.25	0	0.0336
0.0152	0.0685	-0.041	0.0477	-0.0158	-0.7317	-0.2905	0.6166	99	101	47	2	3	0.0015	0.5417	0	0.0153
0.0128	0.0543	-0.0913	0.0329	0.0115	-0.8153	0.5445	0.1967	100	102	47	2	4	0.0015	0.4167	0	0.0128
0.0153	0.0243	-0.1335	0.0534	0.0199	-0.9371	-0.1469	-0.3166	101	103	47	2	5	0.0071	0.5	0	0.0161
0.0128	0.0396	-0.1567	0.0494	0.0122	-0.656	0.5826	-0.4798	102	0	47	2	6	0.01	0.05	0	0.01
0.0108	0.0986	-0.0604	-0.0529	0.0439	-0.703	-0.621	-0.3468	28	105	49	2	1	0.0022	0.5417	1	0.0108
0.0108	0.061	-0.1297	-0.1141	0.0097	-0.7789	-0.4399	0.447	104	106	49	2	2	0.0022	0.5417	0	0.0108
0.0144	0.0395	-0.1777	-0.1413	0.0393	-0.415	-0.8864	-0.205	105	107	49	2	3	0.0022	0.5417	0	0.0151
0.0147	0.048	-0.2005	-0.1773	0.032	0.1682	-0.9313	0.3231	106	108	49	2	4	0.0026	0.6667	0	0.0196
0.0141	0.032	-0.2023	-0.2187	0.0456	-0.2278	-0.8978	-0.377	107	0	49	2	5	0.0052	0.4167	0	0.0172
0.0131	0.0929	-0.1554	-0.037	0.0337	-0.5281	-0.8485	-0.0346	29	0	52	2	1	0.0035	0.4167	0	0.0131
0.0121	0.1187	-0.1751	-0.0143	0.0222	0.1955	-0.4726	-0.8593	30	111	53	2	1	0.0034	0.5417	0	0.0123
0.0121	0.0145	-0.1693	-0.0515	-0.0906	0.3709	-0.1792	-0.9112	110	112	53	2	2	0.0067	0.5417	0	0.0121
0.0121	0.0262	-0.1628	-0.061	-0.1066	-0.8956	0.0407	-0.4431	111	0	53	2	3	0.01	0.05	0	0.01
0.0148	0.135	-0.3675	-0.0535	-0.0309	-0.3392	-0.8963	0.2857	38	114	60	2	1	0.0126	0.3143	0	0.0424
0.0148	0.0482	-0.4257	-0.1714	-0.0178	-0.4743	-0.8718	0.1223	113	115	60	2	2	0.0023	0.625	0	0.0177
0.0148	0.1213	-0.4327	-0.2035	-0.0083	0.4784	-0.8504	0.2192	114	116	60	2	3	0.0025	0.5313	0	0.0177
0.0148	0.0625	-0.3587	-0.3099	0.0178	-0.1603	-0.8438	0.5122	115	117	60	2	4	0.0024	0.5	0	0.0186
0.0148	0.0604	-0.3593	-0.3527	0.0392	0.8275	-0.4866	0.2803	116	118	60	2	5	0.002	0.625	0	0.0161
0.0148	0.04	-0.3158	-0.3941	0.0641	0.8967	-0.4388	0.0579	117	119	60	2	6	0.0016	0.8333	0	0.0148
0.0154	0.0354	-0.2749	-0.399	0.0567	0.9134	-0.4033	-0.0558	118	120	60	2	7	0.002	0.75	0	0.0154
0.0148	0.0388	-0.2401	-0.4247	0.0521	0.9306	0.1213	0.3453	119	121	60	2	8	0.0071	0.7	0	0.02
0.0148	0.0406	-0.2033	-0.4328	0.0521	0.8726	-0.3311	0.359	120	122	60	2	9	0.0031	0.75	0	0.018
0.0148	0.0298	-0.1678	-0.4496	0.0487	0.3104	-0.9332	0.1809	121	123	60	2	10	0.002	0.5417	0	0.0154
0.0148	0.037	-0.1481	-0.478	0.0436	0.4282	-0.7761	0.4629	122	0	60	2	11	0.0043	0.4167	0	0.0151
0.006	0.0337	-0.6384	-0.0386	-0.0246	0.1575	0.8775	-0.453	44	125	90	2	1	0.0037	0.225	0	0.0233
0.0063	0.1517	-0.6538	-0.0227	-0.0759	0.3263	-0.9306	0.1661	124	0	90	2	2	0.01	0.05	0	0.01
0.0099	0.0973	-0.4377	-0.0923	-0.0128	-0.7071	-0.6989	0.1072	39	127	103	2	1	0.003	0.4583	0	0.0099
0.0099	0.017	-0.5015	-0.1615	-0.0115	-0.5067	-0.8468	-0.1617	126	0	103	2	2	0.01	0.05	0	0.01
0.0168	0.1142	-0.6734	-0.0939	-0.0104	0.8365	-0.5413	-0.0858	45	129	106	2	1	0.0037	0.475	0	0.0168
0.0168	0.0478	-0.5909	-0.1768	-0.0159	0.8262	-0.4366	0.356	128	130	106	2	2	0.0027	0.225	0	0.0221
0.0168	0.0279	-0.5462	-0.1924	-0.0018	0.7268	-0.6847	0.0544	129	0	106	2	3	0.0036	0.075	0	0.0092
0.0025	0.0333	0.3459	-0.2005	-0.1931	-0.7602	-0.6272	-0.1696	60	132	150	3	1	0.0076	0.15	1	0.0166
0.0025	0.0406	0.3026	-0.222	-0.1934	-0.2282	-0.5204	-0.8229	131	0	150	3	2	0.013	0.18	0	0.0166
0.0118	0.1014	0.2406	-0.2162	-0.0463	0.7714	-0.0509	-0.6344	62	0	151	3	1	0.0108	0.2833	0	0.0349
0.0144	0.1214	0.3654	0.2078	0.1041	0.0314	-0.9967	0.0749	67	135	44	3	1	0.0091	0.3286	1	0.02
0.0144	0.0297	0.3573	0.0725	0.1144	0.6864	-0.5301	0.4978	134	136	44	3	2	0.0066	0.575	0	0.02
0.0144	0.1859	0.3845	0.0565	0.1348	0.4574	0.7133	-0.5311	135	137	44	3	3	0.005	0.13	0	0.0198
0.0144	0.0896	0.4688	0.1958	0.024	-0.2691	0.8322	0.4847	136	138	44	3	4	0.0016	0.5833	0	0.0135
0.0144	0.0553	0.4631	0.2685	0.0709	0.1072	0.9923	-0.062	137	139	44	3	5	0.0018	0.5417	0	0.0159
0.0144	0.0328	0.4593	0.326	0.0758	0.5634	0.7053	0.4303	138	0	44	3	6	0.006	0.85	0	0.0144
0.0133	0.025	0.2709	0.2077	0.1101	0.405	-0.852	-0.3318	66	141	152	3	1	0.0049	0.5417	0	0.0127
0.0145	0.0366	0.2819	0.1758	0.0833	0.5364	0.7427	-0.4008	140	142	152	3	2	0.0069	0.275	0	0.0207
0.0145	0.0891	0.2951	0.2162	0.0654	0.8116	0.4739	0.3416	141	143	152	3	3	0.0079	0.34	0	0.029
0.0133	0.0574	0.3556	0.2568	0.0835	-0.2656	0.956	0.1242	142	144	152	3	4	0.0019	0.6667	0	0.0123
0.0133	0.0591	0.3731	0.3134	0.0889	-0.0471	0.9898	0.1344	143	145	152	3	5	0.0017	0.75	0	0.0133
0.0133	0.0226	0.357	0.3782	0.0947	0.4393	0.8922	-0.1045	144	0	152	3	6	0.0081	0.4375	0	0.0131
0.0135	0.0714	0.3248	0.1988	0.0985	0.6674	-0.7439	0.0335	67	147	72	3	1	0.0027	0.5833	1	0.015
0.0135	0.0622	0.3724	0.1456	0.1009	0.858	0.1618	-0.4875	146	148	72	3	2	0.0027	0.5833	0	0.015
0.0135	0.0402	0.4261	0.1565	0.0711	0.8541	-0.4901	0.1741	147	149	72	3	3	0.002	0.5833	0	0.015
0.0135	0.0522	0.4604	0.1294	0.0764	0.6231	0.1827	-0.7605	148	0	72	3	4	0.0031	0.12	0	0.0075
0.0103	0.0929	0.2889	0.184	-0.0306	-0.4675	-0.8592	-0.208	71	0	100	3	1	0.0041	0.4583	0	0.0103
0.0025	0.1107	0.3052	0.1794	-0.0031	-0.0932	-0.3413	-0.9353	70	0	101	3	1	0.01	0.05	0	0.01
0.0053	0.0739	0.1985	0.4223	-0.1373	-0.5675	-0.6859	0.4554	78	153	131	3	1	0.0039	0.15	1	0.0157
0.0053	0.0334	0.1591	0.4134	-0.071	-0.6359	-0.4499	0.6271	152	154	131	3	2	0.0074	0.25	0	0.0157
0.0056	0.0478	0.1367	0.3997	-0.0506	-0.5179	-0.1089	0.8485	153	0	131	3	3	0.01	0.05	0	0.01
0.0149	0.07	0.1688	0.3101	-0.0779	-0.9739	-0.1418	-0.1771	75	156	134	3	1	0.0028	0.5417	0	0.0181
0.0149	0.048	0.1046	0.3017	-0.1001	-0.6978	-0.6104	-0.3747	155	157	134	3	2	0.0019	0.625	0	0.0149
0.0149	0.0257	0.0718	0.2616	-0.1208	-0.2963	0.2144	-0.9307	156	0	134	3	3	0.01	0.05	0	0.01
0.0091	0.0497	0.1756	0.3607	-0.0803	-0.7394	0.2964	0.6045	76	159	136	3	1	0.003	0.4583	1	0.0091
0.0091	0.0794	0.1389	0.3754	-0.0503	-0.676	-0.3519	-0.6474	158	0	136	3	2	0.003	0.4583	0	0.0091
0.013	0.0779	0.2781	0.5109	-0.1402	0.8314	-0.5535	0.0493	80	161	137	3	1	0.0033	0.5417	0	0.0148
0.013	0.079	0.3507	0.4767	-0.1302	0.7892	-0.5959	-0.1486	160	162	137	3	2	0.002	0.5833	0	0.0137
0.0121	0.0402	0.4086	0.4238	-0.1363	0.703	-0.6954	-0.1489	161	163	137	3	3	0.0015	0.625	0	0.0121
0.0128	0.0368	0.4443	0.4058	-0.1415	0.6156	-0.4089	-0.6737	162	164	137	3	4	0.0016	0.5	0	0.0156
0.0126	0.0148	0.47	0.3742	-0.1619	0.9846	0.1729	-0.0246	163	165	137	3	5	0.0071	0.4063	0	0.0139
0.0121	0.0064	0.4835	0.3775	-0.1562	0.3282	-0.9291	0.1703	164	0	137	3	6	0.01	0.05	0	0.01
0.0088	0.034	0.1954	0.4067	-0.1226	-0.1435	0.3934	-0.9081	77	167	139	3	1	0.01	0.05	1	0.01
0.0086	0.0364	0.1906	0.42	-0.1534	0.3276	0.2481	-0.9116	166	168	139	3	2	0.01	0.05	0	0.01
0.0083	0.032	0.2071	0.4347	-0.1853	-0.1651	0.3439	-0.9244	167	0	139	3	3	0.0019	0.3333	0	0.0083
0.0154	0.0644	0.0512	0.054	-0.0156	-0.0768	0.9783	-0.1925	90	170	64	3	1	0.0035	0.4583	0	0.0154
0.0154	0.0301	0.0554	0.1179	-0.023	-0.3109	0.8579	0.4089	169	0	64	3	2	0.0035	0.175	0	0.01
0.0162	0.056	-0.4332	-0.209	-0.0229	0.6857	-0.3385	-0.6444	114	172	95	3	1	0.0035	0.4583	1	0.0162
0.0162	0.0672	-0.3948	-0.228	-0.0589	-0.9141	0.3735	0.1582	171	0	95	3	2	0.0035	0.4583	0	0.0162
0.0112	0.0261	-0.4037	-0.2389	-0.011	0.5551	0.0983	-0.826	115	174	96	3	1	0.0034	0.5	1	0.0112
0.0112	0.095	-0.3892	-0.2363	-0.0325	0.7756	0.3051	0.5526	173	0	96	3	2	0.0034	0.5	0	0.0112
0.0274	0.0732	-0.4266	-0.2444	0.0011	-0.6999	-0.6942	0.1683	115	176	154	3	1	0.0061	0.5	0	0.0274
0.0274	0.008	-0.4484	-0.3359	0.0258	-0.7674	-0.4023	0.4991	175	0	154	3	2	0.0023	0.075	0	0.0222
0.0075	0.1138	-0.3335	-0.3548	0.0432	0.834	0.4349	0.3396	117	178	110	3	1	0.0072	0.0833	0	0.0189
0.0077	0.033	-0.2392	-0.3095	0.0762	-0.8703	-0.3391	0.3572	177	0	110	3	2	0.01	0.05	0	0.01
0.0124	0.1006	-0.2054	-0.4188	0.0583	-0.3889	0.8907	0.2355	121	180	113	3	1	0.0033	0.5417	1	0.0124
0.0124	0.0748	-0.2445	-0.3292	0.082	0.5994	-0.6713	-0.436	179	181	113	3	2	0.0033	0.5417	0	0.0124
0.0124	0.0329	-0.1951	-0.3689	0.0411	-0.2772	-0.5157	-0.8107	180	0	113	3	3	0.01	0.05	0	0.01
0.0115	0.1371	-0.2093	-0.4338	0.0657	-0.8234	-0.2257	-0.5207	121	183	116	3	1	0.0092	0.3167	1	0.0289
0.0115	0.0205	-0.3177	-0.4935	-0.0086	-0.944	-0.1772	0.2782	182	184	116	3	2	0.0129	0.425	0	0.0289
0.0115	0.0303	-0.3241	-0.4995	-0.0052	-0.2145	-0.2886	-0.9331	183	0	116	3	3	0.0058	0.4063	0	0.0115
0.0126	0.0618	-0.2335	-0.4191	0.0397	-0.4131	0.1813	-0.8924	120	186	117	3	1	0.0028	0.5417	1	0.0126
0.0126	0.0316	-0.259	-0.4079	-0.0154	-0.4009	-0.1096	-0.9096	185	187	117	3	2	0.0028	0.5417	0	0.0126
0.014	0.0438	-0.2712	-0.4186	-0.0455	-0.1754	0.168	-0.97	186	188	117	3	3	0.0021	0.5417	0	0.0146
0.0136	0.0215	-0.2792	-0.4254	-0.0959	-0.0091	0.4891	-0.8722	187	189	117	3	4	0.0013	0.375	0	0.0138
0.0126	0.0173	-0.2811	-0.423	-0.123	0.5303	0.5471	-0.6476	188	0	117	3	5	0.01	0.05	0	0.01
0.0067	0.102	-0.2348	-0.4254	0.0382	0.6245	0.0898	-0.7759	120	191	119	3	1	0.0094	0.38	1	0.0224
0.0067	0.0766	-0.1809	-0.4123	-0.036	0.4779	0.0954	0.8732	190	192	119	3	2	0.0068	0.325	0	0.0224
0.0069	0.0351	-0.1442	-0.4058	0.0329	0.6016	0.758	0.2521	191	0	119	3	3	0.01	0.05	0	0.01
0.0227	0.0208	-0.6404	-0.0424	-0.073	0.7729	-0.6314	0.0637	125	194	156	3	1	0.0024	0.4583	1	0.0227
0.0227	0.074	-0.6243	-0.0555	-0.0717	0.4232	-0.8317	0.3595	193	195	156	3	2	0.0024	0.4583	0	0.0227
0.0227	0.0264	-0.5926	-0.122	-0.0423	0.0685	0.4887	0.8698	194	0	156	3	3	0.0015	0.1	0	0.01
0.0057	0.0387	0.4075	0.0665	0.1172	-0.6077	-0.6721	0.423	136	197	157	4	1	0.0251	0.2	0	0.0328
0.0041	0.0436	0.3743	0.0099	0.1411	-0.2135	-0.1689	-0.9622	196	198	157	4	2	0.0123	0.275	0	0.0509
0.0046	0.0174	0.3607	-0.0101	0.1057	-0.7374	-0.0959	-0.6686	197	0	157	4	3	0.0032	0.1	0	0.01
0.0161	0.0391	0.3596	0.3657	0.1037	-0.8187	-0.1046	0.5646	144	200	46	4	1	0.0032	0.4583	1	0.0161
0.0161	0.0853	0.3276	0.3616	0.1258	-0.839	0.0628	-0.5406	199	0	46	4	2	0.0032	0.4583	0	0.0161
0.0107	0.0617	0.2784	0.2029	0.0728	-0.1821	-0.3486	0.9194	142	202	158	4	1	0.0019	0.5833	1	0.0107
0.0107	0.0523	0.2671	0.1814	0.1295	0.5096	-0.8604	-0.002	201	203	158	4	2	0.0019	0.5833	0	0.0107
0.0107	0.0313	0.2936	0.1311	0.1225	0.3191	-0.7552	0.5725	202	0	158	4	3	0.01	0.05	0	0.01
0.0138	0.0363	0.3426	0.4599	-0.1474	-0.0588	-0.9593	0.2762	160	205	161	4	1	0.0045	0.4167	0	0.0138
0.0138	0.0337	0.3402	0.4213	-0.1491	-0.4326	-0.8564	0.2817	204	0	161	4	2	0.01	0.05	0	0.01
0.0091	0.0537	0.2839	0.1304	0.1271	-0.3393	0.7765	-0.531	203	207	164	5	1	0.0018	0.5833	0	0.0091
0.0091	0.0406	0.2628	0.1685	0.1017	-0.0297	-0.6524	-0.7573	206	0	164	5	2	0.01	0.05	0	0.01
