radius (m)	length (m)	start_point	axis_direction	parent	extension	branch	branch_order	position_in_branch	mad	SurfCov	added	UnmodRadius (m)
0.0176	0.0744	-0.1101	0.2919	-0.1725	0.7195	-0.3102	0.6214	0	2	1	0	1	0.0037	0.5833	0	0.0179
0.0144	0.0634	-0.0583	0.2639	-0.1077	0.9874	-0.149	0.0539	1	3	1	0	2	0.0017	0.7083	0	0.0144
0.0147	0.0568	0.0053	0.2715	-0.0986	0.9889	-0.0949	0.114	2	4	1	0	3	0.0017	0.375	0	0.0147
0.0144	0.0331	0.0583	0.2592	-0.1069	0.9257	0.2272	-0.3025	3	5	1	0	4	0.0038	0.5938	0	0.0123
0.0144	0.0462	0.0861	0.2646	-0.1056	0.8823	0.3673	0.2942	4	6	1	0	5	0.0012	0.2917	0	0.0123
0.0149	0.008	0.1259	0.2624	-0.0899	0.863	0.016	0.505	5	7	1	0	6	0.0074	0.4063	0	0.0149
0.0144	0.0538	0.1283	0.2651	-0.0775	-0.0352	-0.9583	0.2836	6	8	1	0	7	0.0036	0.14	0	0.0073
0.0144	0.026	0.141	0.2112	-0.0668	-0.0635	-0.9541	0.2927	7	9	1	0	8	0.007	0.35	0	0.0094
0.0144	0.0219	0.1405	0.2151	-0.0895	0.5383	-0.6215	-0.5692	8	10	1	0	9	0.0067	0.375	0	0.0118
0.0144	0.0109	0.1402	0.2055	-0.0864	-0.4666	0.6991	-0.5419	9	0	1	0	10	0.0015	0.2917	0	0.0086
0.0178	0.1149	0.0184	0.2379	-0.1022	0.7267	-0.6861	0.0328	2	12	2	1	1	0.0019	0.375	0	0.0154
0.0178	0.0159	0.0901	0.154	-0.1062	0.5533	-0.757	-0.3476	11	13	2	1	2	0.0066	0.4375	0	0.0178
0.0178	0.0158	0.0984	0.1367	-0.0966	0.2171	-0.9232	-0.3172	12	0	2	1	3	0.01	0.05	0	0.01
0.0131	0.0604	0.125	0.1869	-0.0606	0.3374	-0.9227	0.1865	8	15	8	1	1	0.0031	0.4167	0	0.0142
0.0108	0.0494	0.1283	0.1283	-0.0672	-0.1078	-0.9595	0.2604	14	16	8	1	2	0.0007	0.375	0	0.0108
0.0092	0.0483	0.1244	0.0797	-0.0525	-0.6317	-0.7746	-0.03	15	17	8	1	3	0.0012	0.2083	0	0.009
0.0126	0.0442	0.0846	0.0542	-0.0557	-0.7924	-0.5977	0.1218	16	18	8	1	4	0.0016	0.2083	0	0.0133
0.013	0.0292	0.0572	0.0492	-0.0532	-0.8739	0.3574	0.3296	17	19	8	1	5	0.0082	0.3	0	0.0278
0.0129	0.0156	0.0343	0.0613	-0.043	-0.532	0.595	0.6025	18	20	8	1	6	0.0053	0.25	0	0.019
0.0122	0.0455	0.0265	0.065	-0.0403	-0.4013	-0.7118	0.5765	19	21	8	1	7	0.0014	0.5833	0	0.0122
0.011	0.0319	0.0042	0.0367	-0.0164	-0.4865	0.0236	0.8734	20	22	8	1	8	0.0009	0.2917	0	0.011
0.0108	0.0103	-0.0067	0.0121	-0.0058	-0.7457	-0.4622	0.4799	21	23	8	1	9	0.0077	0.4583	0	0.0108
0.0091	0.0246	-0.0109	0.0087	-0.0024	0.1836	-0.9203	-0.3455	22	24	8	1	10	0.001	0.25	0	0.0089
0.0127	0.0431	-0.0186	-0.0163	-0.004	0.4459	-0.7059	0.5504	23	25	8	1	11	0.0033	0.225	0	0.0201
0.012	0.0539	-0.0187	-0.0367	0.0159	-0.4405	-0.5868	0.6794	24	26	8	1	12	0.0068	0.3333	0	0.012
0.009	0.0085	-0.0182	-0.0882	0.0368	-0.3176	-0.7965	0.5145	25	27	8	1	13	0.0053	0.4167	0	0.0077
0.011	0.0394	-0.0323	-0.0921	0.0536	-0.0437	-0.9813	0.1873	26	28	8	1	14	0.0052	0.4688	0	0.011
0.0089	0.0537	-0.0397	-0.1303	0.0561	-0.3566	-0.8783	0.3183	27	29	8	1	15	0.0042	0.4375	0	0.008
0.0104	0.0163	-0.036	-0.1801	0.0705	-0.0822	-0.9711	0.2242	28	30	8	1	16	0.0073	0.4375	0	0.0104
0.0115	0.0432	-0.0401	-0.1834	0.0917	0.3118	-0.7523	0.5803	29	31	8	1	17	0.0052	0.4375	0	0.0115
0.0119	0.0247	-0.0326	-0.1993	0.127	0.2728	-0.4325	0.8594	30	32	8	1	18	0.0084	0.3438	0	0.0123
0.01	0.0462	-0.0652	-0.2092	0.1266	-0.4715	0.1859	0.862	31	33	8	1	19	0.01	0.05	0	0.01
0.01	0.0252	-0.0688	-0.2128	0.181	-0.6781	-0.1489	0.7197	32	34	8	1	20	0.01	0.05	0	0.01
0.0122	0.008	-0.093	-0.233	0.1329	-0.954	-0.2504	0.1645	33	35	8	1	21	0.0047	0.25	0	0.0188
0.01	0.0261	-0.0963	-0.2359	0.1405	-0.8104	-0.2504	0.5297	34	36	8	1	22	0.01	0.05	0	0.01
0.0121	0.0369	-0.1102	-0.2485	0.1524	-0.5189	-0.7534	0.4038	35	37	8	1	23	0.0041	0.3	0	0.022
0.0119	0.0444	-0.1283	-0.2751	0.165	-0.9069	0.3325	-0.2589	36	38	8	1	24	0.0026	0.175	0	0.0176
0.0127	0.0325	-0.1685	-0.2647	0.1545	-0.9997	0.0014	0.0249	37	39	8	1	25	0.0058	0.4688	0	0.0142
0.01	0.0376	-0.1903	-0.2568	0.1391	-0.7473	-0.257	-0.6128	38	40	8	1	26	0.01	0.05	0	0.01
0.01	0.0255	-0.1872	-0.2608	0.1375	-0.4229	-0.5092	0.7496	39	0	8	1	27	0.01	0.05	0	0.01
0.0103	0.0467	0.1367	0.1071	-0.0602	0.3527	-0.8881	0.2947	15	42	9	2	1	0.0032	0.375	1	0.0111
0.01	0.0563	0.1532	0.0656	-0.0464	-0.3664	-0.8894	-0.2733	41	43	9	2	2	0.0032	0.375	0	0.0111
0.009	0.0448	0.1282	0.0139	-0.059	-0.287	-0.5548	-0.7809	42	44	9	2	3	0.0034	0.2	0	0.0144
0.0062	0.0596	0.1062	-0.0144	-0.0849	-0.5022	-0.5006	-0.7051	43	45	9	2	4	0.01	0.05	0	0.01
0.004	0.0027	0.1073	-0.0015	-0.1031	-0.1165	0.5457	-0.8298	44	0	9	2	5	0.0053	0.15	0	0.01
0.0105	0.0132	0.0828	0.0424	-0.0451	0.1183	-0.6688	0.734	17	47	11	2	1	0.0024	0.4167	1	0.0105
0.0105	0.0634	0.0843	0.0336	-0.0354	0.1115	-0.9856	0.1273	46	48	11	2	2	0.0024	0.4167	0	0.0105
0.0105	0.055	0.0908	-0.0307	-0.0297	0.1367	-0.8065	0.5752	47	49	11	2	3	0.0011	0.25	0	0.0099
0.0105	0.0266	0.1	-0.0772	-0.0006	0.2393	-0.6664	0.7061	48	50	11	2	4	0.01	0.05	0	0.01
0.0105	0.0099	0.0911	-0.092	0.0108	-0.3399	-0.8665	0.3656	49	51	11	2	5	0.0006	0.375	0	0.0097
0.0105	0.0318	0.0802	-0.0983	0.014	-0.2945	-0.9377	0.1843	50	0	11	2	6	0.01	0.05	0	0.01
0.0158	0.0255	0.0249	0.0374	-0.0226	0.7713	-0.6224	0.1329	20	53	18	2	1	0.0033	0.5417	1	0.0158
0.0158	0.0335	0.0446	0.0215	-0.0192	-0.0431	-0.9142	-0.403	52	54	18	2	2	0.0033	0.5417	0	0.0158
0.0158	0.0409	0.0499	-0.0011	-0.0175	0.3263	-0.8887	0.3221	53	55	18	2	3	0.0018	0.25	0	0.0122
0.0158	0.0276	0.0626	-0.0235	0.0033	0.3458	-0.4384	0.8296	54	56	18	2	4	0.0023	0.125	0	0.01
0.0158	0.0184	0.0755	-0.0486	-0.0121	0.9509	-0.2575	0.1716	55	0	18	2	5	0.0011	0.125	0	0.01
0.0114	0.032	-0.0452	-0.0566	0.0557	-0.8541	0.3985	-0.3341	25	58	25	2	1	0.0029	0.5	0	0.0115
0.0114	0.0421	-0.0713	-0.043	0.0488	-0.675	0.7346	0.0686	57	59	25	2	2	0.0012	0.25	0	0.0081
0.0114	0.0239	-0.0968	-0.009	0.054	-0.7149	0.699	-0.0166	58	60	25	2	3	0.01	0.05	0	0.01
0.0114	0.0202	-0.1114	0.0094	0.0491	-0.6171	0.7863	-0.0295	59	0	25	2	4	0.01	0.05	0	0.01
0.0025	0.0357	-0.0561	-0.0758	0.0519	0.0885	-0.9829	-0.1618	25	62	29	2	1	0.01	0.05	0	0.01
0.0025	0.0234	-0.053	-0.1109	0.0461	-0.9259	0.3713	0.0698	61	0	29	2	2	0.01	0.05	0	0.01
0.0086	0.0472	-0.0134	-0.0943	0.0321	0.8096	-0.0006	-0.5869	26	64	32	2	1	0.0022	0.4583	0	0.0131
0.0086	0.0473	0.0258	-0.0837	0.0138	0.5468	0.5257	-0.6517	63	65	32	2	2	0.0012	0.375	0	0.0103
0.0086	0.0337	0.0526	-0.0524	-0.0101	0.5426	0.5796	-0.608	64	66	32	2	3	0.01	0.05	0	0.01
0.0086	0.0267	0.055	-0.0517	-0.0063	-0.6688	-0.3071	-0.6771	65	0	32	2	4	0.01	0.05	0	0.01
0.0139	0.029	-0.0444	-0.1653	0.0685	0.8892	0.423	-0.1741	28	68	34	2	1	0.0049	0.4063	1	0.0139
0.0139	0.0766	-0.0186	-0.1531	0.0635	-0.7405	-0.4226	0.5225	67	69	34	2	2	0.0049	0.4063	0	0.0139
0.0139	0.0059	-0.0683	-0.1884	0.1058	-0.469	-0.7659	0.4399	68	70	34	2	3	0.01	0.05	0	0.01
0.0139	0.0349	-0.0711	-0.193	0.1084	-0.6089	0.7866	-0.1022	69	71	34	2	4	0.01	0.05	0	0.01
0.0139	0.0354	-0.0924	-0.1655	0.1048	-0.9174	0.2339	0.3219	70	0	34	2	5	0.01	0.05	0	0.01
0.0111	0.0564	-0.0382	-0.1453	0.0548	0.0972	-0.9916	-0.0858	28	73	35	2	1	0.0024	0.375	1	0.0169
0.0111	0.0564	-0.0372	-0.1987	0.0529	-0.2384	-0.8953	0.3763	72	74	35	2	2	0.0038	0.3	0	0.0169
0.0111	0.0283	-0.0523	-0.2352	0.0473	0.0377	-0.8844	-0.4651	73	75	35	2	3	0.0121	0.4167	0	0.0111
0.0111	0.0313	-0.0305	-0.2554	0.0663	0.8235	-0.2923	-0.4862	74	76	35	2	4	0.01	0.05	0	0.01
0.0111	0.0252	-0.0332	-0.2487	0.0657	-0.4752	-0.0465	-0.8786	75	0	35	2	5	0.01	0.05	0	0.01
0.0091	0.0355	-0.0343	-0.2157	0.1258	-0.6422	0.0531	0.7647	30	78	36	2	1	0.002	0.4583	0	0.0091
0.0091	0.0324	-0.0611	-0.2174	0.1546	-0.7042	0.6777	-0.2119	77	79	36	2	2	0.005	0.2	0	0.0231
0.0091	0.0238	-0.0837	-0.1947	0.147	-0.9822	-0.0023	-0.1881	78	0	36	2	3	0.01	0.05	0	0.01
0.0095	0.0766	-0.1086	-0.2293	0.1454	-0.5324	0.8344	-0.1423	35	81	38	2	1	0.0029	0.375	0	0.0096
0.0095	0.0248	-0.1504	-0.1659	0.1376	-0.8018	0.5713	-0.1754	80	82	38	2	2	0.0009	0.25	0	0.0108
0.0113	0.0264	-0.1647	-0.1503	0.1262	-0.6397	0.6762	-0.3654	81	83	38	2	3	0.0041	0.75	0	0.0113
0.0095	0.0146	-0.1818	-0.1317	0.1175	-0.945	0.072	-0.3189	82	0	38	2	4	0.0034	0.2917	0	0.0105
0.012	0.0301	0.0864	-0.1089	0.0207	0.9705	0.1901	-0.1482	51	85	31	3	1	0.003	0.5	0	0.012
0.012	0.0091	0.1131	-0.1129	0.0115	0.9537	-0.105	-0.2818	84	0	31	3	2	0.0036	0.2917	0	0.0116
