radius (m)	length (m)	start_point	axis_direction	parent	extension	branch	branch_order	position_in_branch	mad	SurfCov	added	UnmodRadius (m)
0.014	0.0478	0.1233	-0.1358	-0.1835	-0.0976	0.3528	0.9306	0	2	1	0	1	0.0019	0.6667	0	0.0141
0.0125	0.0821	0.1207	-0.1176	-0.1396	-0.1791	0.5984	0.7809	1	3	1	0	2	0.0018	0.5417	0	0.0125
0.0134	0.0694	0.1067	-0.0688	-0.0754	0.0979	0.4496	0.8878	2	4	1	0	3	0.0017	0.375	0	0.0139
0.0116	0.0218	0.1138	-0.0296	-0.0215	0.4028	0.6286	0.6653	3	5	1	0	4	0.0012	0.25	0	0.0116
0.0093	0.0391	0.1017	-0.019	-0.0032	0.0176	0.7189	0.6949	4	6	1	0	5	0.0069	0.5833	0	0.0077
0.0095	0.0058	0.1114	0.0062	0.0319	-0.2834	0.7568	0.5891	5	7	1	0	6	0.0053	0.5	0	0.0095
0.0107	0.0498	0.1133	0.0025	0.0283	0.9309	0.1102	0.3483	6	8	1	0	7	0.0008	0.375	0	0.0107
0.0124	0.0517	0.1583	0.0084	0.0481	0.8601	0.2518	0.4437	7	9	1	0	8	0.0012	0.2917	0	0.0136
0.0132	0.0515	0.1719	0.0303	0.0798	0.3541	0.3841	0.8527	8	10	1	0	9	0.0083	0.25	0	0.0176
0.01	0.0328	0.2104	0.0633	0.111	0.0671	0.637	0.7679	9	11	1	0	10	0.01	0.05	0	0.01
0.0095	0.0046	0.1926	0.0501	0.1195	-0.5879	-0.0488	0.8075	10	12	1	0	11	0.01	0.05	0	0.01
0.009	0.03	0.1899	0.0499	0.1232	-0.627	0.7009	-0.3401	11	0	1	0	12	0.01	0.05	0	0.01
0.0118	0.0471	0.1197	-0.0465	-0.0513	0.7419	0.2289	0.6303	3	14	2	1	1	0.0018	0.4167	0	0.0118
0.0118	0.0033	0.1466	-0.0325	-0.0222	0.2816	0.798	0.5328	13	15	2	1	2	0.01	0.05	0	0.01
0.0118	0.0765	0.1486	-0.0329	-0.0236	0.9642	0.0949	0.2477	14	16	2	1	3	0.001	0.3333	0	0.0095
0.0118	0.0202	0.2223	-0.0244	-0.0036	0.9912	0.1251	-0.0435	15	17	2	1	4	0.01	0.05	0	0.01
0.0118	0.0057	0.2375	-0.0168	0.0034	0.8305	0.5291	0.1739	16	0	2	1	5	0.01	0.05	0	0.01
0.011	0.0121	0.1007	-0.0442	-0.0149	-0.9066	-0.2985	0.2984	3	19	3	1	1	0.0028	0.5	1	0.011
0.011	0.0437	0.0898	-0.0478	-0.0113	-0.4237	0.9058	0.0017	18	20	3	1	2	0.0028	0.5	0	0.011
0.011	0.0313	0.0682	-0.0121	-0.0094	0.5657	-0.0615	0.8223	19	21	3	1	3	0.01	0.05	0	0.01
0.011	0.0185	0.0859	-0.014	0.0163	-0.3358	0.4501	0.8274	20	0	3	1	4	0.01	0.05	0	0.01
0.0089	0.0294	0.0965	-0.0038	0.0218	-0.1754	0.5122	0.8408	5	23	68	1	1	0.0022	0.5	1	0.011
0.0089	0.0546	0.0913	0.0113	0.0465	-0.1014	0.9386	0.3298	22	24	68	1	2	0.0022	0.5	0	0.011
0.0088	0.0353	0.0826	0.0639	0.0577	-0.3137	0.8911	0.328	23	25	68	1	3	0.0013	0.4167	0	0.0088
0.0089	0.019	0.0666	0.105	0.0641	-0.3658	0.2926	0.8835	24	26	68	1	4	0.004	0.25	0	0.0153
0.0089	0.0531	0.0617	0.1139	0.0693	-0.9631	0.2519	-0.095	25	27	68	1	5	0.0015	0.4583	0	0.0127
0.0089	0.0575	0.007	0.1144	0.0664	-0.9656	0.2592	-0.0216	26	28	68	1	6	0.0065	0.3125	0	0.0098
0.0089	0.0377	-0.048	0.1383	0.0557	-0.9987	0.0064	-0.0501	27	29	68	1	7	0.0043	0.3125	0	0.0092
0.0089	0.0276	-0.085	0.1344	0.0536	-0.9563	-0.1503	-0.2508	28	30	68	1	8	0.0011	0.375	0	0.0109
0.0089	0.0238	-0.0945	0.1444	0.0374	-0.637	0.292	-0.7134	29	31	68	1	9	0.0077	0.5833	0	0.0118
0.0089	0.016	-0.1337	0.1433	0.0278	-0.3732	0.3342	-0.8655	30	32	68	1	10	0.0078	0.5	0	0.0108
0.0089	0.017	-0.1275	0.1403	0.0121	-0.5649	-0.8251	0.0029	31	33	68	1	11	0.0058	0.4583	0	0.0111
0.0088	0.0408	-0.155	0.1364	0.01	-0.4198	-0.82	-0.3892	32	34	68	1	12	0.0047	0.4063	0	0.0096
0.0088	0.0405	-0.1476	0.091	-0.0054	-0.4035	-0.8362	-0.3716	33	35	68	1	13	0.0063	0.375	0	0.013
0.0088	0.0255	-0.1736	0.0632	-0.0334	0.0143	-0.8978	-0.4401	34	36	68	1	14	0.0068	0.375	0	0.0127
0.0088	0.06	-0.147	0.047	-0.0188	0.5211	-0.789	-0.3255	35	37	68	1	15	0.0064	0.3125	0	0.0118
0.0086	0.0422	-0.1181	-0.0014	-0.0313	0.7603	-0.6305	0.156	36	38	68	1	16	0.01	0.05	0	0.01
0.0087	0.0528	-0.0865	-0.0278	-0.0224	0.8043	-0.5569	0.2074	37	39	68	1	17	0.0007	0.375	0	0.0116
0.0086	0.0265	-0.1141	-0.0249	-0.0338	-0.3647	-0.9139	-0.1784	38	40	68	1	18	0.01	0.05	0	0.01
0.0087	0.0239	-0.1197	-0.0316	-0.0394	-0.9485	0.204	-0.2422	39	41	68	1	19	0.0009	0.4167	0	0.0121
0.0086	0.0055	-0.1429	-0.0363	-0.0374	-0.9467	-0.1723	-0.272	40	42	68	1	20	0.01	0.05	0	0.01
0.0088	0.0325	-0.1552	-0.0316	-0.0547	-0.9114	0.0228	0.411	41	43	68	1	21	0.0014	0.5	0	0.0133
0.0085	0.0048	-0.1777	-0.0225	-0.0476	-0.3108	0.7232	0.6168	42	44	68	1	22	0.01	0.05	0	0.01
0.0087	0.0609	-0.1745	-0.0201	-0.0417	-0.1171	-0.977	-0.1781	43	45	68	1	23	0.0012	0.375	0	0.0121
0.0078	0.0467	-0.192	-0.0781	-0.0437	-0.2712	-0.9497	-0.1564	44	46	68	1	24	0.004	0.5	0	0.0078
0.0063	0.0259	-0.2015	-0.1245	-0.0484	-0.538	-0.843	-0.0057	45	47	68	1	25	0.003	0.5625	0	0.0062
0.0075	0.0195	-0.2148	-0.1469	-0.0473	-0.4917	-0.8527	-0.1763	46	48	68	1	26	0.0039	0.5625	0	0.0075
0.0083	0.0221	-0.2244	-0.1635	-0.0507	-0.4146	-0.9045	-0.0999	47	49	68	1	27	0.01	0.05	0	0.01
0.0086	0.0377	-0.2329	-0.1704	-0.05	-0.722	0.1873	-0.666	48	50	68	1	28	0.001	0.375	0	0.011
0.0086	0.0483	-0.2614	-0.1624	-0.0745	-0.5978	-0.7943	0.1087	49	51	68	1	29	0.0011	0.4583	0	0.0107
0.0085	0.0419	-0.2861	-0.2052	-0.0828	-0.6745	-0.7377	0.028	50	52	68	1	30	0.0072	0.325	0	0.011
0.0081	0.0322	-0.2976	-0.2366	-0.0768	0.0385	-0.9716	-0.2337	51	53	68	1	31	0.01	0.05	0	0.01
0.0081	0.0008	-0.3	-0.2693	-0.0807	0.1849	-0.9569	-0.224	52	54	68	1	32	0.0033	0.2	0	0.1991
0.008	0.0211	-0.3079	-0.2678	-0.0795	-0.3067	-0.9135	-0.2673	53	55	68	1	33	0.01	0.05	0	0.01
0.0082	0.0015	-0.2986	-0.2805	-0.0811	0.4058	-0.9079	-0.1048	54	56	68	1	34	0.0068	0.2	0	0.034
0.0078	0.0623	-0.3009	-0.2758	-0.0823	-0.8979	-0.4386	-0.0377	55	57	68	1	35	0.0013	0.2917	0	0.0078
0.0079	0.0312	-0.3587	-0.2963	-0.0859	-0.9626	-0.2699	-0.0213	56	58	68	1	36	0.01	0.05	0	0.01
0.0085	0.0044	-0.3718	-0.2848	-0.0856	-0.7312	0.6346	-0.2504	57	59	68	1	37	0.0053	0.35	0	0.0139
0.0083	0.0141	-0.3911	-0.2891	-0.069	-0.5208	-0.519	-0.6777	58	60	68	1	38	0.0075	0.225	0	0.0229
0.0082	0.0481	-0.4009	-0.2942	-0.0752	-0.7491	-0.6539	-0.1065	59	61	68	1	39	0.0009	0.375	0	0.0087
0.0064	0.0305	-0.4362	-0.326	-0.0809	-0.6207	-0.755	-0.2114	60	62	68	1	40	0.0042	0.4063	0	0.0064
0.0083	0.0294	-0.4594	-0.3367	-0.0762	-0.9352	-0.3524	0.0353	61	63	68	1	41	0.0049	0.375	0	0.0092
0.0084	0.0219	-0.4862	-0.3541	-0.0781	-0.8202	-0.2813	0.4981	62	64	68	1	42	0.003	0.4688	0	0.0096
0.0075	0.0192	-0.5	-0.3601	-0.0794	-0.6696	-0.7041	-0.2364	63	65	68	1	43	0.01	0.05	0	0.01
0.0075	0.0293	-0.5028	-0.3544	-0.0828	0.405	-0.2655	0.8749	64	0	68	1	44	0.01	0.05	0	0.01
0.012	0.0616	0.1888	0.033	0.0868	0.6337	-0.3441	-0.6929	9	67	5	1	1	0.0017	0.4167	1	0.0154
0.0119	0.0458	0.2279	0.0118	0.0441	-0.2726	0.8359	0.4764	66	68	5	1	2	0.0017	0.4167	0	0.0154
0.01	0.0056	0.2307	0.043	0.0632	0.2679	0.2153	0.9391	67	69	5	1	3	0.01	0.05	0	0.01
0.0083	0.0279	0.232	0.0462	0.0693	0.3205	-0.343	0.8829	68	70	5	1	4	0.0008	0.375	0	0.008
0.0118	0.0189	0.2503	0.0286	0.1041	-0.547	0.3316	0.7687	69	71	5	1	5	0.0054	0.25	0	0.0243
0.0117	0.0412	0.239	0.0346	0.1169	-0.7623	0.5689	0.3085	70	72	5	1	6	0.0014	0.2917	0	0.0143
0.0115	0.0364	0.2362	0.0509	0.1366	0.0223	0.7411	0.671	71	73	5	1	7	0.001	0.3333	0	0.0119
0.0083	0.0262	0.246	0.0779	0.1495	0.6098	0.629	0.4822	72	74	5	1	8	0.005	0.4583	0	0.007
0.0091	0.0365	0.2622	0.0893	0.1597	0.9303	0.1846	-0.3171	73	75	5	1	9	0.001	0.3333	0	0.0091
0.0099	0.0273	0.2942	0.098	0.1468	0.7736	0.4867	-0.4058	74	76	5	1	10	0.0013	0.2917	0	0.0099
0.0082	0.0277	0.3167	0.1099	0.1382	0.9041	0.197	-0.3791	75	77	5	1	11	0.0055	0.625	0	0.0079
0.0117	0.0367	0.3438	0.103	0.1244	0.9417	0.2247	-0.2506	76	78	5	1	12	0.0052	0.4688	0	0.0121
0.0081	0.0495	0.3744	0.1	0.1248	0.8996	-0.4196	-0.1209	77	79	5	1	13	0.0039	0.4	0	0.0079
0.01	0.0259	0.4031	0.0698	0.1296	0.5934	-0.781	0.1946	78	80	5	1	14	0.01	0.05	0	0.01
0.0079	0.0122	0.4271	0.0706	0.1114	0.7495	-0.606	-0.2666	79	81	5	1	15	0.0008	0.3333	0	0.0075
0.01	0.0077	0.4314	0.0602	0.112	0.3076	-0.9003	-0.3081	80	82	5	1	16	0.01	0.05	0	0.01
0.0112	0.0408	0.4344	0.0586	0.1195	0.9918	0.068	-0.1084	81	83	5	1	17	0.001	0.3333	0	0.012
0.0115	0.0378	0.4675	0.0827	0.1083	0.9496	0.3067	-0.0649	82	84	5	1	18	0.0009	0.375	0	0.0136
0.01	0.0382	0.5073	0.0863	0.1113	0.8986	0.4387	0.0052	83	85	5	1	19	0.01	0.05	0	0.01
0.0114	0.011	0.5092	0.1076	0.1026	0.1152	0.9904	0.0765	84	86	5	1	20	0.001	0.375	0	0.0152
0.0111	0.0593	0.5074	0.1224	0.0965	0.9223	0.0324	-0.3851	85	87	5	1	21	0.0014	0.3333	0	0.0122
0.0101	0.0319	0.5617	0.1319	0.0751	0.9801	0.0877	-0.1779	86	88	5	1	22	0.0012	0.2917	0	0.0103
0.0115	0.0287	0.5976	0.128	0.0666	0.7117	0.2181	0.6677	87	89	5	1	23	0.0011	0.4167	0	0.0149
0.0092	0.0284	0.6165	0.1289	0.0772	0.9484	-0.3165	0.02	88	90	5	1	24	0.0044	0.5417	0	0.0092
0.0097	0.027	0.6425	0.1202	0.0757	0.861	-0.3024	-0.4089	89	0	5	1	25	0.01	0.05	0	0.01
0.01	0.0227	0.1008	0.0104	0.0365	0.7392	0.6503	0.1752	22	92	4	2	1	0.0022	0.5417	1	0.01
0.01	0.0294	0.1175	0.0251	0.0405	-0.0407	0.998	0.0484	91	93	4	2	2	0.0022	0.5417	0	0.01
0.01	0.0694	0.1349	0.0494	0.0526	-0.0492	0.8716	0.4877	92	94	4	2	3	0.0013	0.3333	0	0.0126
0.01	0.0039	0.1276	0.1083	0.0777	-0.4764	0.8776	0.053	93	95	4	2	4	0.01	0.05	0	0.01
0.01	0.0166	0.1263	0.1135	0.0776	-0.1053	0.2167	0.9705	94	96	4	2	5	0.01	0.05	0	0.01
0.01	0.023	0.1239	0.1169	0.0907	0.6801	0.7034	-0.2064	95	0	4	2	6	0.01	0.05	0	0.01
0.0034	0.1014	0.0825	0.0102	0.047	-0.5644	0.7744	-0.286	23	98	69	2	1	0.0042	0.1167	0	0.0093
0.004	0.0541	0.0297	0.0852	0.0147	-0.216	0.5083	-0.8336	97	99	69	2	2	0.0068	0.3	0	0.0124
0.0025	0.0114	0.0152	0.113	-0.0266	-0.804	-0.0438	-0.593	98	0	69	2	3	0.01	0.05	0	0.01
0.0095	0.0329	-0.1402	0.1569	0.0173	-0.4263	0.6638	-0.6146	31	101	26	2	1	0.0024	0.4167	0	0.0102
0.0095	0.0396	-0.1537	0.1765	-0.0012	-0.8193	-0.4592	-0.3432	100	102	26	2	2	0.001	0.375	0	0.0092
0.0095	0.037	-0.1905	0.1742	-0.0172	-0.8936	-0.2991	-0.3348	101	103	26	2	3	0.0011	0.25	0	0.0117
0.0095	0.0465	-0.2257	0.1579	-0.0222	-0.929	-0.1167	-0.3511	102	104	26	2	4	0.0041	0.45	0	0.0095
0.0095	0.0479	-0.2631	0.1399	-0.0414	-0.9098	-0.4124	-0.0473	103	105	26	2	5	0.0063	0.4	0	0.012
0.0095	0.0349	-0.297	0.1276	-0.058	-0.7304	-0.272	-0.6265	104	106	26	2	6	0.01	0.05	0	0.01
0.0095	0.0313	-0.3062	0.1108	-0.0411	-0.6021	-0.7916	0.1044	105	107	26	2	7	0.01	0.05	0	0.01
0.0095	0.0275	-0.3265	0.0901	-0.0302	-0.64	-0.7221	0.2625	106	0	26	2	8	0.01	0.05	0	0.01
0.0084	0.0704	-0.1594	0.1086	-0.0023	0.9134	-0.3987	-0.0822	33	109	30	2	1	0.0013	0.4167	1	0.0106
0.0084	0.0276	-0.0951	0.0805	-0.008	0.8852	-0.2289	-0.405	108	110	30	2	2	0.0013	0.4167	0	0.0106
0.0084	0.0215	-0.0735	0.0628	-0.0303	0.98	-0.195	-0.0399	109	111	30	2	3	0.0062	0.5	0	0.0121
0.0084	0.0015	-0.0516	0.0593	-0.0309	0.6682	-0.6976	-0.2588	110	0	30	2	4	0.01	0.05	0	0.01
0.0074	0.0682	-0.1147	-0.0495	-0.0372	0.7757	0.3447	-0.5286	39	113	39	2	1	0.0022	0.5417	0	0.0074
0.0081	0.0253	-0.0637	-0.0259	-0.0746	0.5729	0.3902	-0.7208	112	114	39	2	2	0.01	0.05	0	0.01
0.0081	0.0094	-0.0522	-0.0076	-0.0812	0.5671	0.7312	-0.3791	113	115	39	2	3	0.0008	0.375	0	0.0095
0.0081	0.0332	-0.0453	0.0024	-0.085	0.6932	-0.4026	-0.5978	114	116	39	2	4	0.0006	0.375	0	0.01
0.0081	0.0598	-0.0195	0.0043	-0.0969	0.9595	-0.0271	-0.2804	115	117	39	2	5	0.0013	0.375	0	0.0093
0.008	0.044	0.0362	-0.0005	-0.1139	0.8869	-0.4401	-0.1407	116	118	39	2	6	0.0011	0.2917	0	0.0089
0.008	0.0391	0.0731	-0.0208	-0.1151	-0.9227	0.1568	-0.3522	117	119	39	2	7	0.0038	0.275	0	0.0133
0.0078	0.0454	0.0454	-0.0272	-0.1351	-0.8186	-0.3082	-0.4846	118	120	39	2	8	0.01	0.05	0	0.01
0.0077	0.0227	0.056	-0.0223	-0.1562	-0.0033	0.0574	-0.9983	119	121	39	2	9	0.01	0.05	0	0.01
0.0077	0.0218	0.0663	-0.0144	-0.155	0.9092	0.0634	-0.4115	120	122	39	2	10	0.01	0.05	0	0.01
0.0076	0.0218	0.0837	-0.0153	-0.1447	0.986	-0.1287	0.1064	121	123	39	2	11	0.01	0.05	0	0.01
0.0075	0.0018	0.0804	-0.0033	-0.1323	0.5857	0.6142	0.5288	122	124	39	2	12	0.01	0.05	0	0.01
0.0075	0.0152	0.0815	-0.0021	-0.1313	0.9459	0.0699	0.3167	123	0	39	2	13	0.01	0.05	0	0.01
0.0103	0.0642	-0.1816	-0.0502	-0.0559	-0.9162	0.3512	0.1928	44	126	41	2	1	0.0023	0.3333	0	0.0093
0.0103	0.0722	-0.2409	-0.0257	-0.0381	-0.9389	0.2874	-0.1893	125	127	41	2	2	0.001	0.3333	0	0.0153
0.0103	0.0366	-0.3077	-0.0051	-0.0575	-0.7761	0.6124	-0.1503	126	128	41	2	3	0.0008	0.4167	0	0.0103
0.0103	0.0526	-0.3362	0.0169	-0.0617	-0.516	0.8337	0.1965	127	129	41	2	4	0.0039	0.25	0	0.0154
0.0103	0.0477	-0.3654	0.0569	-0.0451	-0.4013	0.8358	0.3748	128	130	41	2	5	0.01	0.05	0	0.01
0.0103	0.0317	-0.3836	0.0971	-0.0469	-0.4138	0.9104	-0.0057	129	0	41	2	6	0.01	0.05	0	0.01
0.0075	0.0253	-0.1896	-0.0976	-0.0449	0.5375	-0.8413	0.0576	45	132	42	2	1	0.0024	0.5417	1	0.0097
0.0075	0.059	-0.1759	-0.1189	-0.0434	0.1475	-0.8474	-0.5101	131	133	42	2	2	0.0024	0.5417	0	0.0097
0.0075	0.0034	-0.1722	-0.172	-0.0671	-0.006	-0.8971	-0.4419	132	134	42	2	3	0.01	0.05	0	0.01
0.0075	0.0255	-0.1723	-0.1751	-0.0686	-0.9105	0.1019	0.4008	133	0	42	2	4	0.01	0.05	0	0.01
0.008	0.1155	-0.32	-0.2337	-0.0754	0.4545	0.8894	0.0483	51	136	46	2	1	0.0017	0.4583	0	0.0103
0.008	0.0427	-0.274	-0.1241	-0.0719	0.4531	0.6251	0.6356	135	137	46	2	2	0.005	0.3	0	0.0132
0.008	0.0056	-0.2525	-0.1034	-0.0497	0.7654	-0.2242	0.6032	136	138	46	2	3	0.01	0.05	0	0.01
0.008	0.0078	-0.2501	-0.1017	-0.045	-0.7461	-0.5953	0.2984	137	0	46	2	4	0.01	0.05	0	0.01
0.0079	0.0673	-0.236	-0.1828	-0.0609	-0.081	0.4997	-0.8624	48	140	49	2	1	0.002	0.1429	1	0.0643
0.0079	0.0622	-0.28	-0.1624	-0.0729	-0.5035	0.8452	-0.1794	139	141	49	2	2	0.0056	0.25	0	0.0643
0.0079	0.0154	-0.2982	-0.1127	-0.077	0.1895	0.981	0.0413	140	142	49	2	3	0.01	0.05	0	0.01
0.0079	0.0254	-0.2953	-0.0975	-0.0763	-0.703	0.6072	-0.3704	141	0	49	2	4	0.01	0.05	0	0.01
0.0072	0.0256	-0.296	-0.2247	-0.0761	0.5633	-0.4136	0.7152	51	144	55	2	1	0.0024	0.4583	1	0.0072
0.0072	0.0561	-0.2815	-0.2353	-0.0578	0.7736	-0.334	-0.5385	143	145	55	2	2	0.0024	0.4583	0	0.0072
0.0075	0.0226	-0.2482	-0.2579	-0.0914	0.4464	-0.5614	-0.6968	144	146	55	2	3	0.01	0.05	0	0.01
0.0075	0.0001	-0.2344	-0.2555	-0.085	0.9902	-0.1024	-0.0947	145	147	55	2	4	0.01	0.05	0	0.01
0.0074	0.0201	-0.2348	-0.2575	-0.0855	0.9173	-0.1125	-0.382	146	0	55	2	5	0.01	0.05	0	0.01
0.0074	0.0244	-0.3453	-0.2944	-0.0914	-0.1536	0.3285	-0.9319	56	149	56	2	1	0.0017	0.375	1	0.0077
0.0074	0.0367	-0.349	-0.2863	-0.1141	0.5493	-0.8245	-0.1358	148	150	56	2	2	0.0017	0.375	0	0.0077
0.0071	0.0537	-0.3203	-0.3174	-0.1098	-0.5475	-0.7101	0.4428	149	151	56	2	3	0.0042	0.25	0	0.0142
0.0066	0.0278	-0.3318	-0.3683	-0.1002	-0.5142	-0.8502	0.1126	150	152	56	2	4	0.0085	0.3438	0	0.0114
0.0047	0.0363	-0.336	-0.3819	-0.0859	0.6381	-0.7619	0.1108	151	153	56	2	5	0.0017	0.15	0	0.01
0.0036	0.0379	-0.3452	-0.4111	-0.0867	-0	-0.9521	0.3057	152	0	56	2	6	0.0038	0.125	0	0.01
0.0082	0.0197	-0.3168	-0.2786	-0.0897	-0.4455	0.5688	-0.6914	54	155	58	2	1	0.0017	0.5	1	0.01
0.0082	0.0666	-0.3255	-0.2674	-0.1033	0.7523	-0.6078	-0.2543	154	156	58	2	2	0.0017	0.5	0	0.01
0.0082	0.0142	-0.274	-0.2877	-0.1099	0.9963	-0.0829	0.0235	155	157	58	2	3	0.0084	0.4167	0	0.0082
0.0082	0.0278	-0.251	-0.2949	-0.1145	0.6605	0.6358	0.3993	156	158	58	2	4	0.004	0.375	0	0.0129
0.0082	0.041	-0.236	-0.2727	-0.1005	0.8578	0.4434	0.2602	157	159	58	2	5	0.01	0.05	0	0.01
0.0082	0.0213	-0.2237	-0.2868	-0.1039	0.8303	-0.5502	-0.089	158	0	58	2	6	0.01	0.05	0	0.01
0.0025	0.0762	-0.3804	-0.3022	-0.0785	-0.5199	0.8271	-0.2136	57	161	59	2	1	0.0072	0.25	1	0.01
0.0025	0.0244	-0.4178	-0.2375	-0.1007	-0.5396	0.8411	0.0377	160	162	59	2	2	0.0046	0.175	0	0.01
0.0025	0.0351	-0.4321	-0.2159	-0.1031	-0.8205	-0.564	0.0936	161	0	59	2	3	0.0025	0.175	0	0.01
0.0114	0.0363	0.2322	0.0364	0.0538	0.9773	0.0327	0.2093	67	164	9	2	1	0.0042	0.4167	0	0.0125
0.0114	0.0248	0.2614	0.043	0.0651	0.3151	0.762	-0.5658	163	165	9	2	2	0.0013	0.375	0	0.012
0.0114	0.0181	0.2651	0.0663	0.0498	0.75	0.6425	-0.157	164	166	9	2	3	0.01	0.05	0	0.01
0.0114	0.0316	0.2787	0.0779	0.0469	0.375	0.8057	-0.4585	165	0	9	2	4	0.01	0.05	0	0.01
0.0079	0.02	0.2504	0.0377	0.0974	0.9321	0.091	0.3506	69	168	10	2	1	0.002	0.5	1	0.0126
0.0079	0.034	0.2691	0.0395	0.1044	0.9357	-0.2361	0.262	167	169	10	2	2	0.002	0.5	0	0.0126
0.0079	0.0385	0.2915	0.0248	0.11	0.5604	-0.8262	0.0572	168	170	10	2	3	0.0013	0.25	0	0.011
0.0078	0.0272	0.3199	0.0032	0.1135	0.8107	-0.5073	-0.2922	169	171	10	2	4	0.01	0.05	0	0.01
0.0076	0.0152	0.3347	-0.0213	0.105	0.7932	-0.5227	-0.3124	170	172	10	2	5	0.0009	0.4167	0	0.0076
0.0078	0.0247	0.3456	-0.0306	0.0995	0.7816	-0.519	-0.3461	171	173	10	2	6	0.001	0.375	0	0.009
0.0078	0.0329	0.3592	-0.042	0.0838	0.5885	-0.564	-0.5793	172	174	10	2	7	0.0041	0.5625	0	0.0081
0.0076	0.0279	0.3772	-0.0574	0.0621	0.6267	-0.3301	-0.7059	173	0	10	2	8	0.01	0.05	0	0.01
0.013	0.0227	0.2317	0.07	0.1398	-0.4175	0.7098	-0.5674	72	176	20	2	1	0.0027	0.5417	1	0.013
0.013	0.0339	0.2222	0.0861	0.127	-0.5514	0.468	0.6906	175	177	20	2	2	0.0027	0.5417	0	0.013
0.013	0.012	0.2067	0.0895	0.1518	-0.9185	-0.2654	-0.2932	176	178	20	2	3	0.01	0.05	0	0.01
0.013	0.0518	0.1954	0.089	0.1383	0.4151	0.8802	0.2301	177	179	20	2	4	0.0013	0.3333	0	0.0096
0.013	0.0199	0.2131	0.1292	0.156	0.6363	0.3123	0.7054	178	180	20	2	5	0.01	0.05	0	0.01
0.013	0.0065	0.2245	0.1379	0.1518	0.8233	0.5673	0.02	179	0	20	2	6	0.01	0.05	0	0.01
0.0078	0.063	0.2613	0.1044	0.1616	0.341	0.8973	-0.2803	73	182	21	2	1	0.01	0.05	0	0.01
0.0078	0.0358	0.2881	0.1491	0.1416	0.8921	0.4282	-0.1441	181	183	21	2	2	0.001	0.3333	0	0.0137
0.0078	0.0531	0.311	0.1747	0.1333	0.749	0.5331	-0.3936	182	184	21	2	3	0.0066	0.375	0	0.0121
0.0076	0.0517	0.3153	0.1986	0.1031	0.0274	0.8573	-0.5141	183	185	21	2	4	0.0071	0.3125	0	0.0087
0.0073	0.019	0.3197	0.2393	0.0702	-0.1782	0.8221	-0.5408	184	186	21	2	5	0.0036	0.35	0	0.011
0.0063	0.0254	0.3067	0.2556	0.0692	-0.4609	0.7163	-0.5239	185	187	21	2	6	0.01	0.05	0	0.01
0.0067	0.0661	0.3169	0.2567	0.047	-0.0828	0.3746	-0.9235	186	188	21	2	7	0.0008	0.3333	0	0.0087
0.0063	0.0524	0.3086	0.2824	-0.0136	0.2183	0.8175	-0.5329	187	189	21	2	8	0.0011	0.3333	0	0.0111
0.0046	0.0395	0.3231	0.3128	-0.0488	0.5611	0.5174	-0.6461	188	190	21	2	9	0.01	0.05	0	0.01
0.0042	0.009	0.3267	0.3183	-0.0412	0.3694	0.7509	0.5475	189	191	21	2	10	0.01	0.05	0	0.01
0.0038	0.0136	0.3276	0.3319	-0.0445	0.8659	-0.235	-0.4416	190	0	21	2	11	0.01	0.05	0	0.01
0.0078	0.1017	-0.3718	0.0551	-0.0506	0.1962	-0.8934	-0.4041	128	193	57	3	1	0.0017	0.5417	0	0.0078
0.0078	0.0011	-0.34	-0.0329	-0.0837	0.3398	-0.9251	-0.1693	192	194	57	3	2	0.01	0.05	0	0.01
0.0078	0.0321	-0.3428	-0.0301	-0.0929	0.1151	-0.9007	-0.4189	193	0	57	3	3	0.002	0.375	0	0.0115
0.0113	0.054	-0.3537	0.0637	-0.0485	0.5313	0.6694	0.5192	128	196	65	3	1	0.0042	0.5	0	0.0113
0.0113	0.0577	-0.3315	0.0949	-0.0491	0.8805	0.3912	-0.2678	195	197	65	3	2	0.0055	0.275	0	0.0126
0.0113	0.0732	-0.2812	0.1247	-0.0596	0.638	0.4693	-0.6105	196	0	65	3	3	0.0017	0.3333	0	0.0113
0.0025	0.0216	-0.4098	-0.2585	-0.092	-0.4504	-0.4866	-0.7486	160	199	73	3	1	0.0032	0.4583	1	0.0099
0.0025	0.047	-0.419	-0.2673	-0.1063	-0.591	-0.4993	0.6336	198	200	73	3	2	0.0069	0.275	0	0.0099
0.0025	0.0308	-0.455	-0.2934	-0.0759	-0.3022	0.9533	0.0015	199	201	73	3	3	0.0053	0.175	0	0.01
0.0025	0.0121	-0.4638	-0.2654	-0.0757	0.8906	0.3604	0.2775	200	0	73	3	4	0.0022	0.15	0	0.01
0.0095	0.0391	-0.3938	-0.3139	-0.0698	0.2629	-0.2477	-0.9325	0	203	74	0	1	0.0011	0.4167	0	0.0077
0.01	0.0216	-0.384	-0.3155	-0.1038	-0.4274	0.2387	-0.872	202	204	74	0	2	0.01	0.05	0	0.01
0.0153	0.0658	-0.3964	-0.3051	-0.1071	0.3165	-0.8767	0.3623	203	205	74	0	3	0.0014	0.3333	0	0.0194
0.0089	0.045	-0.3804	-0.3457	-0.0685	-0.7659	0.2814	-0.5781	204	206	74	0	4	0.0008	0.3333	0	0.0089
0.0095	0.0052	-0.4118	-0.3362	-0.094	-0.6329	-0.6902	-0.3509	205	207	74	0	5	0.01	0.05	0	0.01
0.0088	0.0153	-0.4151	-0.3398	-0.0958	-0.9917	-0.1281	-0.0115	206	0	74	0	6	0.01	0.05	0	0.01
0.009	0.0161	0.3157	0.2447	0.0742	-0.3655	0.0352	0.9302	185	209	28	3	1	0.0022	0.4167	1	0.009
0.009	0.0608	0.3098	0.2453	0.0892	-0.7056	-0.3872	0.5935	208	210	28	3	2	0.0022	0.4167	0	0.009
0.009	0.0468	0.2671	0.2189	0.1164	-0.7092	0.6681	-0.2249	209	211	28	3	3	0.0023	0.375	0	0.0126
0.009	0.0289	0.2297	0.2411	0.0984	-0.6464	0.6438	-0.4094	210	212	28	3	4	0.01	0.05	0	0.01
0.009	0.0306	0.238	0.2616	0.0916	-0.0206	0.9716	-0.2359	211	213	28	3	5	0.0036	0.3	0	0.0156
0.009	0.0577	0.2382	0.2756	0.0717	-0.321	0.5844	-0.7453	212	214	28	3	6	0.0055	0.325	0	0.0126
0.009	0.0215	0.2141	0.2941	0.0322	-0.5047	-0.0159	-0.8631	213	215	28	3	7	0.0052	0.3125	0	0.0129
0.009	0.0512	0.204	0.2912	0.0169	-0.959	-0.2832	-0.0099	214	216	28	3	8	0.0047	0.14	0	0.0152
0.009	0.0417	0.1751	0.2631	0.0085	-0.5995	-0.7776	-0.1895	215	217	28	3	9	0.01	0.05	0	0.01
0.009	0.0524	0.1552	0.2831	0.0223	-0.9911	0.1203	-0.0573	216	218	28	3	10	0.0017	0.4167	0	0.0122
0.009	0.0541	0.1034	0.2804	0.0181	-0.9838	0.0103	-0.1789	217	219	28	3	11	0.01	0.05	0	0.01
0.009	0.0274	0.0715	0.3073	0.0186	-0.7766	0.6299	0.0055	218	0	28	3	12	0.01	0.05	0	0.01
0.0074	0.0107	-0.3684	0.014	-0.0626	-0.5412	-0.6713	0.5063	192	221	77	4	1	0.0025	0.5417	1	0.0107
0.0074	0.0486	-0.3742	0.0067	-0.0572	-0.4847	0.7751	-0.4054	220	222	77	4	2	0.0025	0.5417	0	0.0107
0.0074	0.0143	-0.3913	0.0387	-0.0759	0.6427	0.7523	0.1449	221	223	77	4	3	0.01	0.05	0	0.01
0.0074	0.0219	-0.3821	0.0495	-0.0738	-0.4029	0.2673	0.8754	222	0	77	4	4	0.01	0.05	0	0.01
0.0046	0.0622	0.2428	0.234	0.1163	-0.4745	-0.6193	0.6256	210	225	33	4	1	0.009	0.275	0	0.0133
0.0025	0.0333	0.228	0.1894	0.162	-0.5255	-0.6397	0.561	224	0	33	4	2	0.007	0.175	0	0.01
