radius (m)	length (m)	start_point	axis_direction	parent	extension	branch	branch_order	position_in_branch	mad	SurfCov	added	UnmodRadius (m)
0.0099	0.0896	0.6673	-0.8838	-0.0782	-0.7222	0.5451	0.4258	0	2	1	0	1	0.0015	0.375	0	0.0104
0.0089	0.0581	0.6032	-0.834	-0.0411	-0.777	0.6062	0.1697	1	3	1	0	2	0.0012	0.3333	0	0.0089
0.0084	0.0316	0.5617	-0.7984	-0.0335	-0.1171	0.9909	-0.0668	2	4	1	0	3	0.0008	0.2917	0	0.0084
0.0096	0.0404	0.5598	-0.7658	-0.0278	-0.2104	0.9703	-0.1197	3	5	1	0	4	0.0044	0.25	0	0.0103
0.0068	0.0184	0.535	-0.7335	-0.0326	-0.3803	0.9074	0.1786	4	6	1	0	5	0.0034	0.5	0	0.0065
0.0068	0.0255	0.5272	-0.7217	-0.0254	-0.6537	0.5396	0.5306	5	7	1	0	6	0.0038	0.5417	0	0.0068
0.009	0.0278	0.5149	-0.6973	-0.0303	-0.8454	0.5238	0.1045	6	8	1	0	7	0.0044	0.4063	0	0.0091
0.0074	0.0231	0.4993	-0.6809	-0.0309	-0.2801	0.9473	-0.1552	7	9	1	0	8	0.0033	0.4063	0	0.0074
0.0087	0.0176	0.4984	-0.6751	-0.0439	0.1343	0.5323	-0.8358	8	10	1	0	9	0.01	0.05	0	0.01
0.0086	0.0048	0.4966	-0.6718	-0.0303	0.431	0.8672	0.2493	9	11	1	0	10	0.01	0.05	0	0.01
0.0106	0.025	0.4886	-0.6788	-0.028	-0.657	0.5453	-0.5207	10	12	1	0	11	0.0047	0.3	0	0.0187
0.0084	0.0238	0.4698	-0.6709	-0.0443	0.2687	-0.5548	0.7874	11	13	1	0	12	0.0011	0.375	0	0.0084
0.009	0.028	0.479	-0.684	-0.0269	-0.176	-0.897	-0.4056	12	14	1	0	13	0.0011	0.2917	0	0.01
0.0083	0.0216	0.4819	-0.7063	-0.0419	-0.1244	-0.6299	-0.7667	13	0	1	0	14	0.01	0.05	0	0.01
0.0134	0.0071	0.6525	-0.8815	-0.0645	-0.4807	-0.3735	0.7934	1	16	80	1	1	0.0011	0.4167	0	0.0134
0.0134	0.0113	0.6556	-0.8918	-0.059	-0.6567	-0.5461	-0.5201	15	17	80	1	2	0.01	0.05	0	0.01
0.0134	0.0289	0.6486	-0.9011	-0.0623	-0.9082	0.1791	0.3782	16	0	80	1	3	0.01	0.05	0	0.01
0.0084	0.0224	0.5824	-0.8072	-0.0325	0.7356	0.6773	0.0095	2	19	3	1	1	0.0024	0.4583	0	0.0101
0.0084	0.0255	0.5938	-0.7872	-0.0293	0.7408	0.5639	0.3649	18	20	3	1	2	0.01	0.05	0	0.01
0.0084	0.0101	0.5891	-0.7831	-0.0303	0.1622	0.4899	-0.8565	19	21	3	1	3	0.01	0.05	0	0.01
0.0084	0.0158	0.5961	-0.7824	-0.0402	0.6289	0.7691	0.1136	20	0	3	1	4	0.01	0.05	0	0.01
0.0025	0.0279	0.5623	-0.771	-0.0282	0.2018	-0.6561	-0.7272	4	23	4	1	1	0.0076	0.125	1	0.01
0.0025	0.0347	0.5639	-0.7833	-0.056	0.2372	0.8174	0.525	22	24	4	1	2	0.0024	0.175	0	0.01
0.0025	0.023	0.5733	-0.7544	-0.0402	-0.0103	0.9796	0.2007	23	0	4	1	3	0.0016	0.175	0	0.01
0.007	0.0121	0.5178	-0.7086	-0.0351	0.184	-0.9021	-0.3902	7	26	7	1	1	0.0013	0.375	1	0.007
0.007	0.0337	0.5201	-0.7195	-0.0398	-0.4006	0.9059	-0.1374	25	27	7	1	2	0.0013	0.375	0	0.007
0.0074	0.0277	0.51	-0.6918	-0.0443	-0.6283	-0.748	0.2138	26	28	7	1	3	0.0006	0.3333	0	0.0074
0.0065	0.0075	0.4899	-0.714	-0.0365	-0.3048	-0.5122	-0.803	27	29	7	1	4	0.01	0.05	0	0.01
0.0067	0.0127	0.4851	-0.7172	-0.0501	-0.7129	-0.677	0.1828	28	0	7	1	5	0.0011	0.375	0	0.0093
0.0034	0.0504	0.4901	-0.6555	-0.0278	-0.834	0.5104	0.2099	8	31	8	1	1	0.0008	0.3333	0	0.0099
0.0025	0.0066	0.4547	-0.6307	-0.0215	-0.4002	0.5575	-0.7274	30	32	8	1	2	0.01	0.05	0	0.01
0.0034	0.0144	0.4513	-0.6238	-0.0287	-0.9704	-0.2414	-0.0114	31	0	8	1	3	0.002	0.3333	0	0.0087
0.0077	0.058	0.4752	-0.7038	-0.0473	-0.7343	0.6433	0.2168	14	34	9	1	1	0.0014	0.4583	0	0.0105
0.0064	0.038	0.4373	-0.6652	-0.039	-0.2309	0.9723	0.0372	33	35	9	1	2	0.0007	0.3333	0	0.0064
0.0069	0.0297	0.4216	-0.6302	-0.0417	-0.3589	0.9153	0.1826	34	36	9	1	3	0.001	0.375	0	0.0069
0.0061	0.0598	0.4092	-0.6028	-0.0419	-0.4752	0.859	0.1903	35	37	9	1	4	0.0034	0.4	0	0.0061
0.0061	0.0296	0.3828	-0.5496	-0.0382	-0.5649	0.8237	0.0486	36	38	9	1	5	0.0039	0.4375	0	0.0061
0.0056	0.0179	0.3639	-0.5274	-0.0449	-0.5668	0.8212	-0.066	37	39	9	1	6	0.0028	0.5833	0	0.0054
0.0056	0.0365	0.3511	-0.515	-0.0465	-0.6486	0.7607	-0.0268	38	40	9	1	7	0.0033	0.5	0	0.0052
0.0058	0.0242	0.3274	-0.4873	-0.0464	-0.7254	0.6821	0.0924	39	41	9	1	8	0.0027	0.5625	0	0.0058
0.0076	0.0199	0.3113	-0.4697	-0.0423	-0.5717	0.8145	-0.0988	40	42	9	1	9	0.0008	0.2083	0	0.0085
0.0077	0.0221	0.3093	-0.448	-0.039	-0.3066	0.8825	-0.3566	41	43	9	1	10	0.0028	0.25	0	0.0137
0.0077	0.0365	0.2958	-0.4306	-0.0365	0.0316	0.9765	0.2133	42	44	9	1	11	0.0011	0.375	0	0.009
0.0071	0.0337	0.2946	-0.3947	-0.0426	-0.4114	0.908	0.0793	43	45	9	1	12	0.0049	0.375	0	0.0071
0.006	0.031	0.2782	-0.3636	-0.0352	-0.3841	0.8698	-0.3096	44	46	9	1	13	0.0007	0.3333	0	0.006
0.0056	0.034	0.2615	-0.3402	-0.0445	-0.6028	0.7754	-0.1884	45	47	9	1	14	0.004	0.4688	0	0.0048
0.0065	0.0402	0.2408	-0.3275	-0.0402	-0.9884	0.1033	0.1112	46	48	9	1	15	0.0062	0.375	0	0.0065
0.0075	0.0221	0.2101	-0.333	-0.0457	-0.7171	-0.6966	0.0231	47	49	9	1	16	0.01	0.05	0	0.01
0.0077	0.0431	0.2042	-0.3448	-0.0564	0.0804	0.9262	0.3684	48	50	9	1	17	0.0009	0.4583	0	0.0118
0.0077	0.0496	0.2073	-0.3019	-0.0463	-0.1117	0.8816	0.4586	49	51	9	1	18	0.0015	0.2	0	0.0128
0.0075	0.0215	0.1963	-0.2607	-0.0255	-0.5075	0.705	0.4955	50	52	9	1	19	0.01	0.05	0	0.01
0.0076	0.0084	0.1797	-0.2546	-0.0277	-0.8671	0.4976	0.0224	51	53	9	1	20	0.0008	0.3333	0	0.0112
0.0075	0.0064	0.1763	-0.2493	-0.0183	-0.4461	0.8922	0.071	52	54	9	1	21	0.01	0.05	0	0.01
0.0073	0.0486	0.169	-0.2424	-0.0247	-0.5879	0.6469	0.4858	53	55	9	1	22	0.0009	0.375	0	0.0073
0.0076	0.0373	0.1484	-0.1982	-0.0142	-0.254	0.7656	0.5911	54	56	9	1	23	0.0047	0.3	0	0.0152
0.0077	0.0132	0.1246	-0.1746	0.007	-0.3344	0.9358	0.1121	55	57	9	1	24	0.0046	0.4583	0	0.0097
0.0066	0.0371	0.1257	-0.1501	-0.0019	-0.7713	0.5793	0.2638	56	58	9	1	25	0.007	0.4167	0	0.0066
0.0075	0.0176	0.0892	-0.1386	0.0129	-0.7397	0.6574	0.1436	57	59	9	1	26	0.0046	0.3438	0	0.0076
0.0074	0.0322	0.0898	-0.1138	0.0096	-0.6424	0.7417	0.193	58	60	9	1	27	0.01	0.05	0	0.01
0.0076	0.0344	0.0598	-0.1023	0.021	-0.652	0.653	0.3853	59	61	9	1	28	0.001	0.3333	0	0.0093
0.0074	0.0281	0.0452	-0.0762	0.0362	-0.4566	0.8413	0.2893	60	62	9	1	29	0.01	0.05	0	0.01
0.0075	0.0373	0.071	-0.0628	0.0246	0.3042	0.9466	0.1065	61	63	9	1	30	0.0037	0.2	0	0.0185
0.0073	0.0034	0.0643	-0.0419	0.0043	-0.1147	0.8893	-0.4427	62	64	9	1	31	0.0011	0.3333	0	0.0073
0.0075	0.0185	0.0583	-0.0378	0.0177	-0.5041	0.8272	-0.2483	63	65	9	1	32	0.0064	0.5	0	0.0076
0.0076	0.0278	0.0472	-0.0201	0.0069	-0.6005	0.6661	0.4424	64	66	9	1	33	0.0042	0.3438	0	0.0115
0.0074	0.0278	0.0384	0.0013	0.0127	-0.5007	0.8257	-0.2598	65	67	9	1	34	0.0011	0.2083	0	0.0094
0.0076	0.0302	0.0154	0.0218	0.0102	-0.4328	0.7881	-0.4377	66	68	9	1	35	0.0042	0.4063	0	0.0092
0.0076	0.0131	0.0027	0.0453	0.0008	-0.8197	0.5525	0.1507	67	69	9	1	36	0.0054	0.5833	0	0.0077
0.0074	0.03	-0.0136	0.0437	0.0099	-0.6959	0.6627	0.2766	68	70	9	1	37	0.0027	0.2	0	0.0171
0.0075	0.0148	-0.0344	0.0631	0.0194	-0.7169	0.6562	0.2354	69	71	9	1	38	0.0009	0.2917	0	0.0089
0.0073	0.0014	-0.0508	0.0649	0.0196	-0.8292	0.469	0.3041	70	72	9	1	39	0.01	0.05	0	0.01
0.0075	0.0367	-0.0476	0.071	0.0109	-0.6579	0.7424	0.1267	71	73	9	1	40	0.0027	0.225	0	0.014
0.0072	0.0183	-0.0724	0.1004	0.0095	-0.7567	0.5824	0.297	72	74	9	1	41	0.01	0.05	0	0.01
0.0073	0.0178	-0.078	0.1124	0.0189	-0.3054	0.8972	0.319	73	75	9	1	42	0.0007	0.375	0	0.0074
0.0072	0.0074	-0.0803	0.1267	0.023	0.2287	0.8594	-0.4573	74	76	9	1	43	0.01	0.05	0	0.01
0.0076	0.0376	-0.0794	0.1409	0.0109	-0.1492	0.7252	0.6722	75	77	9	1	44	0.001	0.4167	0	0.01
0.007	0.0256	-0.0928	0.167	0.0134	-0.3421	0.9371	0.0691	76	78	9	1	45	0.0043	0.4167	0	0.007
0.0076	0.0264	-0.104	0.1881	0.0346	-0.7228	0.691	0.0079	77	79	9	1	46	0.0056	0.4583	0	0.0094
0.0077	0.0081	-0.1164	0.2113	0.0173	-0.5323	0.8459	0.0345	78	80	9	1	47	0.0046	0.5417	0	0.0091
0.0075	0.028	-0.1304	0.2052	0.0296	-0.5707	0.747	0.341	79	81	9	1	48	0.0061	0.5417	0	0.0076
0.0071	0.0148	-0.1378	0.22	0.0162	-0.9373	-0.005	-0.3485	80	82	9	1	49	0.01	0.05	0	0.01
0.0074	0.0383	-0.138	0.2245	0.0313	-0.675	0.6728	0.3029	81	83	9	1	50	0.0037	0.2	0	0.0268
0.0071	0.0239	-0.1685	0.2454	0.0396	-0.662	0.7288	-0.1748	82	84	9	1	51	0.01	0.05	0	0.01
0.0075	0.0198	-0.1737	0.2695	0.0384	-0.404	0.8194	-0.4066	83	85	9	1	52	0.0007	0.375	0	0.0103
0.0074	0.0192	-0.1792	0.2844	0.0343	-0.6772	0.4689	0.5671	84	86	9	1	53	0.0008	0.2917	0	0.008
0.0075	0.0477	-0.1891	0.3026	0.0386	-0.7394	0.5374	0.4055	85	87	9	1	54	0.0045	0.375	0	0.0095
0.007	0.0293	-0.214	0.3097	0.0714	-0.4846	0.319	0.8145	86	88	9	1	55	0.01	0.05	0	0.01
0.0059	0.0451	-0.2122	0.3067	0.0617	-0.3096	0.8354	-0.4541	87	89	9	1	56	0.0008	0.375	0	0.0059
0.0073	0.0274	-0.2166	0.3482	0.0396	-0.3273	0.9229	0.2028	88	90	9	1	57	0.0042	0.225	0	0.014
0.007	0.0079	-0.216	0.36	0.0398	0.8323	0.4847	0.2691	89	91	9	1	58	0.01	0.05	0	0.01
0.0057	0.062	-0.2091	0.3647	0.0404	-0.814	0.569	0.117	90	92	9	1	59	0.0006	0.4167	0	0.0057
0.007	0.0261	-0.2606	0.3946	0.05	-0.9417	0.2789	0.1885	91	93	9	1	60	0.01	0.05	0	0.01
0.0064	0.0361	-0.2644	0.4034	0.0492	-0.0917	0.9927	-0.0779	92	94	9	1	61	0.0006	0.375	0	0.0064
0.0069	0.0262	-0.2658	0.4371	0.0514	0.0756	0.9345	0.3479	93	95	9	1	62	0.01	0.05	0	0.01
0.0074	0.0458	-0.2707	0.4416	0.0431	-0.7857	0.5377	-0.3058	94	96	9	1	63	0.0008	0.375	0	0.0088
0.0073	0.0257	-0.3045	0.4651	0.034	-0.7092	0.5388	0.4547	95	97	9	1	64	0.0011	0.2917	0	0.0089
0.0072	0.0317	-0.3239	0.4668	0.0433	-0.8982	0.0024	0.4397	96	98	9	1	65	0.0012	0.2917	0	0.0103
0.0069	0.0145	-0.3487	0.4622	0.0584	-0.7908	-0.6005	0.1183	97	99	9	1	66	0.01	0.05	0	0.01
0.0075	0.0259	-0.3552	0.4666	0.0544	-0.9442	0.282	-0.1701	98	100	9	1	67	0.0011	0.4583	0	0.0082
0.0069	0.046	-0.3665	0.4798	0.0405	-0.6345	0.5606	-0.532	99	101	9	1	68	0.0038	0.2813	0	0.0071
0.0068	0.0341	-0.3935	0.4996	0.0109	-0.154	0.6096	-0.7776	100	102	9	1	69	0.01	0.05	0	0.01
0.0068	0.0463	-0.3857	0.5302	0.0006	0.1002	0.8119	-0.5751	101	103	9	1	70	0.0004	0.3333	0	0.0069
0.0072	0.0026	-0.407	0.5517	-0.0126	-0.6197	0.6922	-0.3699	102	104	9	1	71	0.0013	0.3333	0	0.0094
0.0072	0.0407	-0.4069	0.5548	-0.0129	-0.5561	0.8145	-0.1654	103	105	9	1	72	0.0009	0.2917	0	0.0083
0.0077	0.0216	-0.4276	0.587	-0.0284	-0.3532	0.9174	-0.1836	104	106	9	1	73	0.0039	0.5938	0	0.0084
0.0074	0.0203	-0.4349	0.594	-0.0178	-0.5124	0.6403	0.5722	105	107	9	1	74	0.006	0.4583	0	0.0106
0.0074	0.0359	-0.4519	0.6048	-0.0151	-0.5891	0.768	0.2513	106	108	9	1	75	0.0027	0.075	0	0.0126
0.0066	0.0218	-0.4659	0.6341	0.0018	-0.5579	0.7545	0.3457	107	109	9	1	76	0.01	0.05	0	0.01
0.0071	0.0345	-0.4628	0.6356	-0.0245	-0.5233	0.6667	-0.5307	108	110	9	1	77	0.0009	0.2917	0	0.0093
0.0066	0.0251	-0.4793	0.6626	-0.0337	-0.2854	0.8942	-0.3448	109	111	9	1	78	0.01	0.05	0	0.01
0.007	0.0042	-0.4885	0.6832	-0.0474	-0.2595	0.9346	-0.2433	110	112	9	1	79	0.0008	0.3333	0	0.0076
0.0066	0.0035	-0.4879	0.6832	-0.0404	-0.6592	0.6111	0.4382	111	113	9	1	80	0.01	0.05	0	0.01
0.0071	0.0389	-0.4892	0.6926	-0.0489	-0.8299	0.4886	0.2692	112	114	9	1	81	0.0008	0.3333	0	0.0107
0.0064	0.0493	-0.5168	0.7181	-0.0444	-0.7059	0.6827	0.1886	113	115	9	1	82	0.0009	0.2917	0	0.0064
0.0065	0.0373	-0.5517	0.7517	-0.0358	-0.773	0.631	0.0659	114	116	9	1	83	0.01	0.05	0	0.01
0.0072	0.0168	-0.5758	0.7548	-0.0392	-0.9723	-0.1828	-0.1456	115	117	9	1	84	0.007	0.3	0	0.0158
0.0071	0.0402	-0.582	0.7531	-0.0527	0.3476	0.8397	0.4171	116	118	9	1	85	0.0006	0.3333	0	0.0079
0.0071	0.0337	-0.5749	0.789	-0.0446	0.3075	0.9514	-0.0155	117	119	9	1	86	0.0025	0.2	0	0.0138
0.0064	0.0243	-0.5605	0.8142	-0.0523	0.2385	0.7627	-0.6012	118	120	9	1	87	0.01	0.05	0	0.01
0.0064	0.0018	-0.5709	0.8208	-0.0521	-0.6076	0.7938	-0.0277	119	121	9	1	88	0.01	0.05	0	0.01
0.0064	0.0214	-0.572	0.8223	-0.0521	-0.2403	0.9706	-0.014	120	0	9	1	89	0.01	0.05	0	0.01
0.0086	0.0295	0.4747	-0.6483	-0.027	-0.6402	-0.7435	0.1932	30	123	10	2	1	0.002	0.175	0	0.0143
0.0086	0.0185	0.4601	-0.6637	-0.0196	0.7568	-0.5778	0.3057	122	124	10	2	2	0.0007	0.4167	0	0.0086
0.0086	0.0198	0.4731	-0.6742	-0.011	0.2023	-0.9719	0.1201	123	0	10	2	3	0.01	0.05	0	0.01
0.0025	0.0361	0.4118	-0.5867	-0.0324	0.352	0.9306	-0.1	35	126	12	2	1	0.01	0.05	0	0.01
0.0025	0.0145	0.4199	-0.5479	-0.0326	0.7754	0.6234	0.1005	125	0	12	2	2	0.01	0.05	0	0.01
0.0062	0.0574	0.3791	-0.5346	-0.0346	0.8383	0.5451	0.0079	37	128	13	2	1	0.0019	0.4167	0	0.0062
0.0062	0.0262	0.4223	-0.4997	-0.0305	0.6237	0.7781	0.0741	127	129	13	2	2	0.01	0.05	0	0.01
0.0062	0.0253	0.4241	-0.4912	-0.0319	-0.5688	0.7753	-0.2746	128	130	13	2	3	0.0008	0.4167	0	0.0085
0.0062	0.0294	0.4159	-0.4678	-0.0344	-0.5951	0.7864	0.1658	129	131	13	2	4	0.0011	0.25	0	0.0072
0.0062	0.0005	0.4015	-0.4437	-0.0284	-0.3806	0.8733	0.3041	130	132	13	2	5	0.01	0.05	0	0.01
0.0062	0.0207	0.4015	-0.4433	-0.0279	0.7965	0.4955	-0.3465	131	0	13	2	6	0.01	0.05	0	0.01
0.0068	0.0237	0.2951	-0.3797	-0.0393	-0.9541	-0.1106	-0.2785	44	134	17	2	1	0.0016	0.2	0	0.0124
0.0068	0.0601	0.2707	-0.3814	-0.0364	-0.764	0.6123	-0.2036	133	135	17	2	2	0.0009	0.4167	0	0.0092
0.0068	0.0004	0.2327	-0.3423	-0.0478	-0.287	0.8599	0.4221	134	136	17	2	3	0.01	0.05	0	0.01
0.0068	0.0103	0.2294	-0.3428	-0.0487	-0.2609	-0.2477	0.933	135	0	17	2	4	0.01	0.05	0	0.01
0.0025	0.0214	0.1919	-0.2617	-0.0214	0.7113	-0.0734	-0.699	51	138	24	2	1	0.0064	0.225	1	0.01
0.0025	0.0259	0.2068	-0.2622	-0.0369	0.3632	-0.3381	-0.8682	137	0	24	2	2	0.007	0.175	0	0.01
0.0071	0.0272	0.176	-0.2362	-0.0223	0.087	0.9254	-0.369	53	140	25	2	1	0.0008	0.25	1	0.008
0.0071	0.0367	0.1784	-0.211	-0.0323	-0.0451	0.8805	-0.4719	139	141	25	2	2	0.0008	0.25	0	0.008
0.007	0.022	0.164	-0.1888	-0.0473	-0.6331	0.7478	-0.2	140	142	25	2	3	0.01	0.05	0	0.01
0.007	0.0396	0.1771	-0.1783	-0.0488	0.213	0.977	0.0069	141	143	25	2	4	0.0007	0.3333	0	0.0074
0.0069	0.0342	0.1938	-0.1376	-0.043	-0.1316	0.9779	-0.1623	142	144	25	2	5	0.0011	0.25	0	0.0093
0.0069	0.0311	0.186	-0.1057	-0.049	-0.4384	0.7953	0.4187	143	145	25	2	6	0.0025	0.225	0	0.0124
0.0051	0.0452	0.1701	-0.0805	-0.0418	-0.2969	0.9347	0.1957	144	146	25	2	7	0.0038	0.4375	0	0.0051
0.0067	0.0187	0.1704	-0.0398	-0.029	0.0235	0.9517	0.3063	145	147	25	2	8	0.0033	0.4063	0	0.0072
0.006	0.026	0.1744	-0.0255	-0.0375	0.5547	0.8296	-0.0635	146	148	25	2	9	0.01	0.05	0	0.01
0.0063	0.0276	0.1859	-0.0168	-0.026	0.4	0.6083	0.6856	147	149	25	2	10	0.001	0.2917	0	0.0102
0.0057	0.0025	0.2007	-0.0097	-0.0213	0.974	0.1777	0.1407	148	150	25	2	11	0.01	0.05	0	0.01
0.0055	0.0131	0.2032	-0.0093	-0.0209	0.9378	-0.1983	-0.2851	149	0	25	2	12	0.01	0.05	0	0.01
0.0102	0.0366	0.144	-0.2194	-0.0135	-0.623	0.527	0.5781	54	152	27	2	1	0.002	0.375	0	0.0068
0.0102	0.0187	0.1186	-0.1996	0.0134	-0.1403	0.9786	-0.1508	151	153	27	2	2	0.0007	0.4167	0	0.0102
0.0102	0.0325	0.1082	-0.183	0.0094	-0.2299	0.9441	0.2364	152	154	27	2	3	0.0011	0.3333	0	0.0061
0.0102	0.0338	0.1031	-0.1528	0.0178	0.0936	0.9513	0.2938	153	155	27	2	4	0.0007	0.25	0	0.0072
0.0102	0.0011	0.1084	-0.1267	0.0321	0.4409	0.6174	0.6514	154	156	27	2	5	0.01	0.05	0	0.01
0.0102	0.0046	0.1092	-0.1269	0.0297	0.5164	-0.8067	0.2872	155	0	27	2	6	0.01	0.05	0	0.01
0.0112	0.0328	0.1394	-0.1954	-0.0106	-0.0101	-0.8785	-0.4777	55	158	28	2	1	0.0023	0.5	0	0.0112
0.0112	0.0296	0.1255	-0.2225	-0.0278	-0.1397	-0.3162	0.9383	157	159	28	2	2	0.0012	0.3333	0	0.0096
0.0112	0.0037	0.1209	-0.2288	-0.0127	-0.9229	0.3647	0.1233	158	160	28	2	3	0.01	0.05	0	0.01
0.0112	0.0159	0.1175	-0.2275	-0.0122	-0.5858	-0.3347	0.7381	159	161	28	2	4	0.01	0.05	0	0.01
0.0112	0.0217	0.1082	-0.2328	-0.0005	0.0806	-0.4915	0.8671	160	0	28	2	5	0.01	0.05	0	0.01
0.0075	0.0207	0.1207	-0.1538	-0.0044	-0.718	-0.5818	-0.3821	57	163	29	2	1	0.0017	0.375	1	0.0137
0.0075	0.0321	0.1094	-0.1699	-0.0135	-0.5639	-0.6425	0.5189	162	164	29	2	2	0.0037	0.2	0	0.0137
0.0075	0.0349	0.096	-0.1804	0.0061	-0.6931	0.1161	0.7115	163	165	29	2	3	0.0009	0.4167	0	0.0075
0.0075	0.0277	0.0776	-0.1702	0.0299	-0.2837	0.4033	0.87	164	166	29	2	4	0.01	0.05	0	0.01
0.0075	0.0132	0.077	-0.1743	0.0313	-0.1962	-0.8416	0.5032	165	167	29	2	5	0.01	0.05	0	0.01
0.0075	0.0179	0.0744	-0.1853	0.038	-0.6236	-0.4168	0.6613	166	0	29	2	6	0.01	0.05	0	0.01
0.0092	0.0225	0.1183	-0.1458	0.0072	0.2877	-0.4123	0.8644	57	169	30	2	1	0.0027	0.5417	1	0.0092
0.0092	0.0578	0.1248	-0.1551	0.0266	0.0271	0.7892	-0.6135	168	170	30	2	2	0.0027	0.5417	0	0.0092
0.0092	0.0309	0.1286	-0.1175	-0.0115	0.5534	0.4048	-0.7279	169	171	30	2	3	0.0012	0.2917	0	0.0087
0.0092	0.0034	0.1477	-0.1011	-0.0287	0.8425	0.2175	-0.4928	170	172	30	2	4	0.01	0.05	0	0.01
0.0092	0.0174	0.1487	-0.0973	-0.0313	-0.2027	-0.394	-0.8965	171	173	30	2	5	0.01	0.05	0	0.01
0.0092	0.0181	0.1474	-0.1065	-0.0438	0.8227	0.5345	-0.1937	172	0	30	2	6	0.01	0.05	0	0.01
0.0073	0.02	0.1146	-0.1587	0.0025	-0.594	0.1666	-0.787	56	175	35	2	1	0.0024	0.3333	1	0.0107
0.0071	0.0616	0.1027	-0.1554	-0.0132	-0.9112	0.3376	0.2362	174	176	35	2	2	0.0024	0.3333	0	0.0107
0.006	0.0032	0.0478	-0.1304	-0.0013	-0.8907	-0.031	-0.4534	175	177	35	2	3	0.01	0.05	0	0.01
0.006	0.0177	0.0422	-0.1168	0.0015	-0.4939	0.1658	-0.8536	176	178	35	2	4	0.0062	0.175	0	0.0181
0.0043	0.0054	0.0372	-0.102	-0.0041	-0.4385	0.6418	-0.6291	177	179	35	2	5	0.0031	0.15	0	0.01
0.0034	0.0163	0.0349	-0.0996	-0.007	-0.5176	-0.4283	-0.7407	178	0	35	2	6	0.0012	0.1	0	0.01
0.0063	0.0513	0.0988	-0.1231	0.0044	-0.4158	0.8857	-0.2065	57	181	36	2	1	0.0022	0.4167	0	0.0077
0.0063	0.001	0.0743	-0.0812	-0.0103	-0.3121	0.8214	-0.4773	180	182	36	2	2	0.01	0.05	0	0.01
0.0063	0.0083	0.0745	-0.0759	-0.0121	-0.8285	0.2515	0.5003	181	183	36	2	3	0.01	0.05	0	0.01
0.0063	0.0071	0.0662	-0.0747	-0.0078	-0.5403	0.8072	-0.2376	182	0	36	2	4	0.01	0.05	0	0.01
0.0088	0.0503	0.0636	-0.0948	0.0165	-0.6536	0.6993	0.2894	59	185	41	2	1	0.0025	0.3333	0	0.0095
0.0088	0.0188	0.028	-0.0578	0.0271	0.1853	0.9339	0.3057	184	186	41	2	2	0.01	0.05	0	0.01
0.0088	0.0261	0.02	-0.0557	0.0283	-0.7303	0.625	-0.2758	185	187	41	2	3	0.0009	0.3333	0	0.0109
0.0088	0.0283	0.0159	-0.0292	0.0175	-0.5668	0.6582	-0.4955	186	188	41	2	4	0.0009	0.4167	0	0.0088
0.0088	0.0337	0.0078	-0.0091	0.005	-0.0792	0.8889	-0.4512	187	189	41	2	5	0.01	0.05	0	0.01
0.0088	0.0264	0.01	-0.0093	0.006	0.9179	0.2921	0.2686	188	190	41	2	6	0.01	0.05	0	0.01
0.0088	0.0064	0.0083	-0.0143	0.0118	0.1627	-0.4194	0.8931	189	0	41	2	7	0.0012	0.2917	0	0.0069
0.0125	0.0366	0.0636	-0.0393	0.012	0.5311	0.0837	-0.8431	64	192	43	2	1	0.0031	0.4167	1	0.0125
0.0125	0.0262	0.083	-0.0362	-0.0189	-0.6337	-0.6752	-0.3775	191	193	43	2	2	0.0031	0.4167	0	0.0125
0.0125	0.018	0.0699	-0.0479	-0.0269	0.8689	-0.4932	-0.042	192	194	43	2	3	0.0009	0.3333	0	0.0105
0.0125	0.0126	0.0859	-0.0571	-0.0331	0.7477	-0.6604	0.0695	193	195	43	2	4	0.01	0.05	0	0.01
0.0125	0.0102	0.0972	-0.0635	-0.0332	-0.1363	-0.3527	-0.9258	194	0	43	2	5	0.01	0.05	0	0.01
0.0084	0.0495	-0.0304	0.0539	0.0218	0.1933	-0.7787	-0.5969	69	197	45	2	1	0.0022	0.4583	0	0.0084
0.0084	0.0294	-0.0187	0.0247	-0.0103	0.6158	-0.3378	-0.7118	196	198	45	2	2	0.01	0.05	0	0.01
0.0084	0.0133	-0.0178	0.0147	-0.0009	0.4139	-0.8797	0.2341	197	0	45	2	3	0.01	0.05	0	0.01
0.0067	0.0137	-0.0748	0.1551	0.0209	0.9261	0.0307	-0.376	76	200	47	2	1	0.0016	0.375	1	0.0067
0.0067	0.0592	-0.0621	0.1556	0.0157	0.4069	-0.8864	-0.2208	199	201	47	2	2	0.0016	0.375	0	0.0067
0.0064	0.0166	-0.0355	0.1087	0.0046	0.876	-0.4512	0.1706	200	202	47	2	3	0.01	0.05	0	0.01
0.0063	0.035	-0.026	0.1071	-0.0078	0.5379	-0.7114	-0.4523	201	203	47	2	4	0.001	0.2917	0	0.0074
0.0046	0.0021	-0.0111	0.0859	-0.0277	0.3726	-0.4807	-0.7938	202	204	47	2	5	0.0016	0.15	0	0.01
0.0036	0.02	-0.0089	0.0852	-0.0267	0.0374	-0.9949	0.0936	203	0	47	2	6	0.0005	0.125	0	0.01
0.007	0.0655	-0.1783	0.2794	0.0395	0.6808	-0.4777	-0.5553	85	206	55	2	1	0.0025	0.5417	0	0.0093
0.007	0.0238	-0.1328	0.2506	0.0065	0.9598	-0.2742	-0.0594	205	207	55	2	2	0.01	0.05	0	0.01
0.007	0.0202	-0.1195	0.2354	0.0056	0.669	-0.7419	-0.0458	206	208	55	2	3	0.01	0.05	0	0.01
0.007	0.0191	-0.1025	0.2335	0.0045	0.9638	-0.259	-0.0626	207	0	55	2	4	0.01	0.05	0	0.01
0.003	0.043	-0.2079	0.3061	0.0577	0.2066	0.5528	-0.8073	88	210	58	2	1	0.0011	0.375	0	0.0077
0.0025	0.0046	-0.2005	0.3264	0.029	-0.3837	0.8354	0.3935	209	211	58	2	2	0.0027	0.2	0	0.01
0.0025	0.0139	-0.2006	0.3312	0.0318	-0.2285	0.8791	-0.4183	210	0	58	2	3	0.0036	0.225	0	0.01
0.0075	0.0551	-0.2214	0.3288	0.043	0.3764	-0.9032	0.2061	88	213	59	2	1	0.002	0.4167	0	0.0075
0.0075	0.0289	-0.2037	0.2802	0.0574	0.3816	-0.6725	0.6341	212	214	59	2	2	0.01	0.05	0	0.01
0.0075	0.0038	-0.2063	0.2768	0.0513	0.2904	-0.7194	-0.631	213	215	59	2	3	0.01	0.05	0	0.01
0.0075	0.024	-0.2041	0.2748	0.0476	0.4957	-0.8614	-0.1111	214	216	59	2	4	0.01	0.05	0	0.01
0.0075	0.0229	-0.1922	0.2541	0.045	-0.1101	-0.9319	-0.3455	215	0	59	2	5	0.01	0.05	0	0.01
0.0086	0.0688	-0.219	0.3094	0.0565	-0.6515	0.7499	-0.1152	88	218	60	2	1	0.0023	0.4167	0	0.0086
0.0086	0.0427	-0.267	0.3576	0.0499	-0.3845	0.6263	0.6782	217	219	60	2	2	0.0007	0.375	0	0.0102
0.0086	0.0465	-0.2864	0.3764	0.0802	-0.5878	0.3419	0.7332	218	220	60	2	3	0.01	0.05	0	0.01
0.0086	0.0473	-0.286	0.3694	0.0967	0.0987	0.6797	-0.7268	219	221	60	2	4	0.001	0.375	0	0.0095
0.0086	0.0504	-0.2895	0.3882	0.0815	-0.6168	0.7458	0.2517	220	222	60	2	5	0.0072	0.2917	0	0.0081
0.0086	0.0298	-0.3158	0.424	0.0984	-0.4952	0.4437	0.7469	221	223	60	2	6	0.01	0.05	0	0.01
0.0086	0.006	-0.319	0.403	0.0918	-0.9406	-0.3385	0.0255	222	224	60	2	7	0.0008	0.3333	0	0.0117
0.0086	0.009	-0.3281	0.4109	0.0959	-0.9504	-0.2985	-0.0874	223	225	60	2	8	0.01	0.05	0	0.01
0.0086	0.0528	-0.3447	0.4077	0.0948	0.0541	-0.2196	-0.9741	224	226	60	2	9	0.0049	0.25	0	0.0226
0.0086	0.055	-0.3375	0.4009	0.0518	-0.6444	0.758	-0.1009	225	227	60	2	10	0.0026	0.2	0	0.0147
0.0086	0.0342	-0.3761	0.4327	0.0394	-0.8883	0.4137	-0.1997	226	228	60	2	11	0.01	0.05	0	0.01
0.0086	0.0045	-0.3752	0.4528	0.0333	-0.17	0.9388	-0.2996	227	229	60	2	12	0.01	0.05	0	0.01
0.0086	0.0203	-0.3759	0.457	0.032	-0.4267	0.814	-0.3941	228	0	60	2	13	0.01	0.05	0	0.01
0.0101	0.0401	-0.2735	0.4357	0.0472	-0.8264	0.3686	0.4258	95	231	65	2	1	0.003	0.375	0	0.0106
0.0101	0.0285	-0.307	0.4455	0.0733	-0.9803	-0.1544	-0.1232	230	232	65	2	2	0.0011	0.2917	0	0.0109
0.0101	0.0113	-0.3328	0.4592	0.0855	-0.6751	-0.4356	0.5954	231	233	65	2	3	0.007	0.4583	0	0.0101
0.0101	0.0053	-0.3412	0.4463	0.0843	-0.9638	0.2317	-0.1316	232	234	65	2	4	0.01	0.05	0	0.01
0.0101	0.0154	-0.3463	0.4475	0.0836	0.6059	0.6134	0.5065	233	0	65	2	5	0.01	0.05	0	0.01
0.0065	0.0374	-0.4001	0.4981	0.0095	-0.9909	0.1247	0.0503	101	236	69	2	1	0.002	0.4167	0	0.0086
0.0065	0.0102	-0.4289	0.5127	0.0137	-0.7727	0.6347	0.0086	235	237	69	2	2	0.01	0.05	0	0.01
0.0065	0.0246	-0.4369	0.5187	0.0129	0.1037	0.8861	-0.4518	236	238	69	2	3	0.01	0.05	0	0.01
0.0065	0.0277	-0.4343	0.5406	0.0018	0.1953	-0.3142	-0.929	237	0	69	2	4	0.01	0.05	0	0.01
0.0068	0.0206	-0.425	0.5686	-0.0159	-0.8759	-0.478	0.0651	104	240	71	2	1	0.01	0.05	1	0.01
0.0068	0.0241	-0.443	0.5587	-0.0146	-0.4032	0.453	0.7951	239	241	71	2	2	0.01	0.05	0	0.01
0.0068	0.0176	-0.4524	0.5689	0.0028	-0.8282	0.4304	-0.3589	240	242	71	2	3	0.01	0.05	0	0.01
0.0068	0.0183	-0.4647	0.5757	-0.0013	-0.649	-0.5988	0.4692	241	0	71	2	4	0.01	0.05	0	0.01
0.0068	0.0145	-0.4994	0.6963	-0.0388	0.1797	-0.4197	0.8897	113	244	76	2	1	0.0031	0.4583	1	0.0079
0.0068	0.0453	-0.4968	0.6903	-0.0259	-0.2303	-0.9692	0.0871	243	245	76	2	2	0.0031	0.4583	0	0.0079
0.0068	0.0116	-0.5026	0.6454	-0.0184	-0.4675	-0.7888	0.399	244	246	76	2	3	0.01	0.05	0	0.01
0.0068	0.0234	-0.5133	0.6421	-0.0114	-0.7483	-0.4951	-0.4414	245	0	76	2	4	0.0015	0.4583	0	0.009
0.0061	0.02	-0.5549	0.8156	-0.0595	0.5127	-0.8192	-0.257	119	248	78	2	1	0.0017	0.5417	1	0.0111
0.0061	0.0328	-0.5442	0.7995	-0.0653	0.7577	-0.626	0.1842	247	249	78	2	2	0.005	0.325	0	0.0111
0.0061	0.0023	-0.5276	0.777	-0.0602	0.1069	-0.7727	0.6257	248	250	78	2	3	0.01	0.05	0	0.01
0.0061	0.0262	-0.5274	0.7753	-0.0588	0.2144	-0.8706	0.4427	249	0	78	2	4	0.01	0.05	0	0.01
0.0088	0.0434	0.3982	-0.5149	-0.0354	-0.2472	0.9641	0.0967	127	252	82	3	1	0.002	0.375	0	0.0073
0.0088	0.0139	0.3895	-0.4765	-0.0386	-0.5645	0.6746	-0.4757	251	253	82	3	2	0.01	0.05	0	0.01
0.0088	0.0288	0.3834	-0.4644	-0.0392	-0.9578	-0.0092	0.2872	252	254	82	3	3	0.0033	0.25	0	0.0153
0.0088	0.0228	0.3578	-0.4792	-0.0393	-0.8286	-0.3617	0.4272	253	255	82	3	4	0.0074	0.5417	0	0.0088
0.0088	0.0202	0.3228	-0.4708	-0.0264	-0.7105	-0.7009	0.0621	254	256	82	3	5	0.0074	0.5417	0	0.0088
0.0088	0.0317	0.318	-0.4929	-0.0185	-0.6764	-0.2212	0.7025	255	257	82	3	6	0.01	0.05	0	0.01
0.0088	0.0071	0.3182	-0.4833	-0.0255	-0.6348	0.7719	-0.0337	256	0	82	3	7	0.01	0.05	0	0.01
0.0048	0.0484	0.1634	-0.0551	-0.0316	0.9317	0.082	-0.3538	145	259	42	3	1	0.0024	0.325	1	0.01
0.0045	0.0109	0.2077	-0.0513	-0.0445	0.9764	-0.0996	0.1914	258	260	42	3	2	0.0015	0.15	0	0.01
0.0038	0.0178	0.2217	-0.0555	-0.0476	0.7173	0.6947	0.0538	259	261	42	3	3	0.0042	0.15	0	0.01
0.0032	0.0099	0.2326	-0.0424	-0.0439	0.8342	0.1437	0.5325	260	262	42	3	4	0.0023	0.125	0	0.01
0.0027	0.0086	0.2407	-0.0411	-0.0389	0.8482	-0.0377	-0.5283	261	0	42	3	5	0.0003	0.1	0	0.01
0.0087	0.0417	0.1096	-0.1876	0.0187	-0.7977	-0.4003	0.4511	152	264	32	3	1	0.0019	0.4583	0	0.0086
0.0097	0.0121	0.0795	-0.2014	0.025	-0.4289	-0.8522	-0.2995	263	265	32	3	2	0.01	0.05	0	0.01
0.0097	0.0237	0.0743	-0.2117	0.0214	-0.8702	-0.0422	0.4909	264	266	32	3	3	0.01	0.05	0	0.01
0.0097	0.0232	0.0537	-0.2127	0.033	0.068	-0.9542	0.2915	265	0	32	3	4	0.01	0.05	0	0.01
0.0072	0.0487	0.1217	-0.1362	-0.0109	0.6568	-0.5602	-0.5048	168	268	84	3	1	0.0051	0.7083	0	0.0072
0.0084	0.015	0.1587	-0.1582	-0.0351	0.5355	-0.5569	0.6349	267	269	84	3	2	0.0037	0.6667	0	0.0084
0.0087	0.0233	0.1552	-0.1678	-0.0363	0.2691	-0.9469	-0.1762	268	270	84	3	3	0.0057	0.6667	0	0.0088
0.0087	0.0262	0.1601	-0.1886	-0.0412	-0.3247	-0.7031	-0.6326	269	0	84	3	4	0.01	0.05	0	0.01
0.0095	0.0816	-0.2557	0.3393	0.0539	-0.5494	-0.7981	0.2476	217	272	88	3	1	0.0028	0.4583	0	0.0095
0.0095	0.0292	-0.3089	0.284	0.0823	-0.6417	-0.7322	0.2284	271	273	88	3	2	0.0067	0.275	0	0.0072
0.0095	0.0185	-0.3283	0.2669	0.0818	-0.961	0.1915	0.1995	272	274	88	3	3	0.01	0.05	0	0.01
0.0095	0.024	-0.3368	0.2527	0.0917	-0.8888	-0.372	0.2677	273	275	88	3	4	0.0009	0.375	0	0.0083
0.0095	0.0323	-0.3601	0.2444	0.0958	-0.7504	-0.3656	0.5507	274	276	88	3	5	0.0009	0.375	0	0.0091
0.0095	0.029	-0.3779	0.2459	0.1109	-0.7722	0.4637	0.4344	275	277	88	3	6	0.01	0.05	0	0.01
0.0095	0.0178	-0.3772	0.245	0.1101	-0.6452	-0.5886	-0.4871	276	278	88	3	7	0.01	0.05	0	0.01
0.0095	0.0112	-0.3887	0.2345	0.1014	-0.6131	-0.7684	0.1837	277	0	88	3	8	0.01	0.05	0	0.01
0.0073	0.0307	-0.3273	0.4087	0.0948	-0.7289	-0.6569	0.1928	223	280	70	3	1	0.01	0.05	0	0.01
0.0064	0.0438	-0.3493	0.3863	0.1036	-0.9419	0.2035	0.2673	279	281	70	3	2	0.0008	0.4167	0	0.0064
0.0071	0.0288	-0.385	0.4009	0.1151	-0.7056	0.7056	0.0653	280	282	70	3	3	0.01	0.05	0	0.01
0.0069	0.0039	-0.3921	0.3941	0.1173	-0.8832	-0.4289	0.1896	281	283	70	3	4	0.01	0.05	0	0.01
0.0068	0.0182	-0.3956	0.3925	0.118	-0.6213	0.7375	-0.2646	282	0	70	3	5	0.01	0.05	0	0.01
