radius (m)	length (m)	start_point	axis_direction	parent	extension	branch	branch_order	position_in_branch	mad	SurfCov	added	UnmodRadius (m)
0.0114	0.0633	-0.2139	-0.4693	-0.2132	0.3151	0.6056	0.7307	0	2	1	0	1	0.004	0.625	0	0.0114
0.0103	0.06	-0.1988	-0.4275	-0.1704	0.2206	0.8274	0.5165	1	3	1	0	2	0.0013	0.7083	0	0.0103
0.0118	0.0568	-0.1857	-0.3807	-0.1354	0.2674	0.7761	0.5711	2	4	1	0	3	0.0011	0.375	0	0.0118
0.0088	0.047	-0.1732	-0.3291	-0.1181	0.0934	0.8981	0.4298	3	5	1	0	4	0.0052	0.625	0	0.0048
0.0132	0.0089	-0.158	-0.2962	-0.0887	0.2234	0.804	0.551	4	6	1	0	5	0.0012	0.4167	0	0.0144
0.0119	0.0416	-0.1554	-0.2897	-0.084	0.7243	0.6301	0.2799	5	7	1	0	6	0.0012	0.4167	0	0.0123
0.012	0.0335	-0.1347	-0.2678	-0.0658	0.2772	0.5713	0.7725	6	8	1	0	7	0.0014	0.2917	0	0.0135
0.0127	0.0397	-0.1395	-0.2443	-0.0477	0.3781	0.9082	-0.1793	7	9	1	0	8	0.0036	0.2	0	0.0215
0.0085	0.0544	-0.1334	-0.2087	-0.0403	0.8201	0.27	0.5045	8	10	1	0	9	0.0014	0.3333	0	0.0085
0.0117	0.0259	-0.0998	-0.1771	-0.0241	0.5389	0.6839	0.4918	9	11	1	0	10	0.0017	0.2917	0	0.0141
0.0082	0.0041	-0.0852	-0.1606	-0.0075	0.1109	0.9519	0.2857	10	12	1	0	11	0.0034	0.6667	0	0.0082
0.0132	0.032	-0.0909	-0.1685	-0.0102	-0.6587	0.5268	-0.5372	11	13	1	0	12	0.0011	0.5	0	0.0148
0.009	0.0153	-0.123	-0.1643	-0.0317	-0.1401	0.4168	-0.8981	12	14	1	0	13	0.0011	0.25	0	0.0091
0.0085	0.0401	-0.1152	-0.1681	-0.0453	-0.3205	-0.3088	0.8955	13	0	1	0	14	0.01	0.05	0	0.01
0.0095	0.1128	-0.0656	-0.1718	0.0034	0.3304	0.9357	0.1241	12	16	2	1	1	0.0011	0.5833	0	0.0095
0.0113	0.0325	-0.0353	-0.0616	0.0177	0.5533	0.8084	0.2008	15	17	2	1	2	0.0011	0.4583	0	0.0119
0.0081	0.0089	-0.0327	-0.038	0.0231	-0.1737	0.9843	0.0319	16	18	2	1	3	0.0049	0.5833	0	0.0081
0.0074	0.0676	-0.0346	-0.0299	0.0257	0.5512	0.7847	0.2835	17	19	2	1	4	0.0008	0.4167	0	0.0068
0.0099	0.0297	0.0012	0.0258	0.0456	0.8817	0.4443	0.1587	18	20	2	1	5	0.0011	0.3333	0	0.0099
0.0088	0.0182	0.0193	0.0426	0.0557	0.5299	0.8115	0.2462	19	21	2	1	6	0.0039	0.625	0	0.0088
0.0095	0.027	0.0304	0.0565	0.0584	0.1171	0.9235	-0.3653	20	22	2	1	7	0.0009	0.4167	0	0.0095
0.009	0.0256	0.0389	0.0716	0.0503	0.8661	0.4906	0.0959	21	23	2	1	8	0.0045	0.5	0	0.009
0.0108	0.0179	0.0451	0.1056	0.0614	0.6055	0.6402	-0.4727	22	24	2	1	9	0.0012	0.2917	0	0.0129
0.0093	0.0182	0.0578	0.1163	0.0583	0.0891	0.9902	0.1075	23	25	2	1	10	0.001	0.25	0	0.0093
0.0071	0.0482	0.068	0.1314	0.0644	0.3233	0.9463	-0.0089	24	26	2	1	11	0.0037	0.4063	0	0.0048
0.0094	0.0293	0.089	0.1741	0.0628	0.4847	0.8615	0.1515	25	27	2	1	12	0.01	0.05	0	0.01
0.0069	0.036	0.0945	0.2036	0.0648	0.4147	0.9063	0.0807	26	28	2	1	13	0.0006	0.375	0	0.0061
0.0082	0.0375	0.0991	0.2397	0.0723	0.3859	0.9025	0.1911	27	29	2	1	14	0.0009	0.3333	0	0.0082
0.0098	0.034	0.1227	0.268	0.0671	0.6302	0.7663	0.125	28	30	2	1	15	0.0008	0.3333	0	0.0106
0.0095	0.0279	0.1451	0.2815	0.0561	0.763	0.5211	-0.3826	29	31	2	1	16	0.001	0.25	0	0.0106
0.01	0.0576	0.163	0.3002	0.074	0.6458	0.7627	-0.0359	30	32	2	1	17	0.0054	0.4583	0	0.0106
0.0087	0.0197	0.197	0.2854	0.0715	0.9973	-0.0557	0.048	31	33	2	1	18	0.01	0.05	0	0.01
0.009	0.0591	0.1583	0.2972	0.0632	0.2202	0.975	-0.0278	32	34	2	1	19	0.001	0.2917	0	0.0096
0.0084	0.0439	0.1781	0.3506	0.072	0.4624	0.8849	0.0569	33	35	2	1	20	0.01	0.05	0	0.01
0.0075	0.0041	0.1933	0.3711	0.0513	0.6729	0.5021	-0.5432	34	36	2	1	21	0.0008	0.2917	0	0.0075
0.0081	0.0103	0.1934	0.3794	0.0507	0.8124	0.4466	-0.3749	35	37	2	1	22	0.01	0.05	0	0.01
0.0083	0.0471	0.2125	0.3779	0.0423	0.5695	0.7544	0.3265	36	38	2	1	23	0.0015	0.3333	0	0.0088
0.0078	0.0011	0.2318	0.4134	0.0575	-0.0112	0.8999	0.436	37	39	2	1	24	0.01	0.05	0	0.01
0.0086	0.0436	0.2337	0.4124	0.0546	0.6601	0.7467	-0.0821	38	40	2	1	25	0.0014	0.2917	0	0.01
0.0075	0.0082	0.2567	0.4401	0.05	-0.5674	0.7424	-0.3561	39	41	2	1	26	0.01	0.05	0	0.01
0.0073	0.0319	0.2521	0.4462	0.047	0.5846	0.7561	0.2941	40	0	2	1	27	0.01	0.05	0	0.01
0.0038	0.0197	-0.0589	-0.1428	0.0161	-0.2959	0.2006	0.9339	15	43	13	2	1	0.0029	0.2917	1	0.0261
0.0038	0.0487	-0.064	-0.1377	0.0118	-0.5772	0.8162	0.0243	42	44	13	2	2	0.008	0.175	0	0.0261
0.0025	0.0015	-0.0785	-0.0918	0.0178	-0.4672	0.854	0.229	43	0	13	2	3	0.0029	0.175	0	0.01
0.0025	0.0532	0.1206	0.2441	0.0676	0.2679	-0.9385	0.218	27	46	6	2	1	0.01	0.05	0	0.01
0.0025	0.0279	0.1348	0.1942	0.0791	-0.3388	-0.9351	-0.104	45	0	6	2	2	0.01	0.05	0	0.01
