radius (m)	length (m)	start_point	axis_direction	parent	extension	branch	branch_order	position_in_branch	mad	SurfCov	added	UnmodRadius (m)
0.0132	0.1923	-0.5972	-0.1228	-0.0608	0.3982	0.9114	0.1041	0	2	1	0	1	0.0085	0.4125	0	0.0132
0.012	0.0489	-0.5247	0.0572	-0.0426	0.6696	0.6892	0.2768	1	3	1	0	2	0.0009	0.5417	0	0.0084
0.0187	0.0469	-0.4801	0.119	-0.0335	0.8078	-0.2592	0.5294	2	4	1	0	3	0.0015	0.2917	0	0.0233
0.0123	0.1029	-0.4308	0.1015	-0.0379	0.5379	0.8411	0.0556	3	5	1	0	4	0.0016	0.4688	0	0.0123
0.0203	0.0454	-0.3857	0.1943	-0.0281	0.5886	0.6435	0.4894	4	6	1	0	5	0.0016	0.4583	0	0.024
0.0099	0.0488	-0.3435	0.2183	-0.0276	0.3832	0.9223	0.05	5	7	1	0	6	0.0013	0.5	0	0.0099
0.0089	0.056	-0.3192	0.2638	-0.0187	0.2971	0.8971	-0.3269	6	8	1	0	7	0.0036	0.2083	0	0.0089
0.0135	0.0467	-0.3077	0.3075	-0.0424	0.5308	-0.7493	0.3959	7	9	1	0	8	0.0036	0.2	0	0.0186
0.0071	0.0049	-0.2679	0.2837	-0.0298	0.6329	-0.7449	0.2112	8	10	1	0	9	0.0024	0.5	0	0.006
0.0082	0.0481	-0.2648	0.2801	-0.0287	-0.8441	-0.521	-0.1265	9	0	1	0	10	0.01	0.05	0	0.01
0.0105	0.0646	-0.5112	0.0539	-0.0398	0.9534	-0.2303	0.1947	2	12	2	1	1	0.0023	0.35	1	0.0118
0.0105	0.1281	-0.4496	0.039	-0.0272	0.9621	0.2721	-0.0165	11	13	2	1	2	0.0023	0.35	0	0.0118
0.0104	0.0424	-0.3236	0.0691	-0.0243	0.8036	0.5848	0.1109	12	14	2	1	3	0.0013	0.2917	0	0.013
0.0074	0.0353	-0.2868	0.0958	-0.0285	0.9547	-0.1281	0.2687	13	15	2	1	4	0.0038	0.6563	0	0.0074
0.0099	0.0832	-0.2561	0.0755	-0.0117	0.965	-0.2387	-0.1089	14	16	2	1	5	0.0396	0.175	0	0.1175
0.0096	0.0589	-0.1895	0.0604	-0.0232	0.3519	0.9204	-0.1705	15	17	2	1	6	0.01	0.05	0	0.01
0.0099	0.0167	-0.175	0.1138	-0.0145	0.4339	0.8821	0.1833	16	18	2	1	7	0.0058	0.2	0	0.0734
0.0104	0.0234	-0.1629	0.1264	-0.009	0.5272	0.7272	-0.4396	17	19	2	1	8	0.0026	0.25	0	0.0165
0.0076	0.0452	-0.1481	0.1362	-0.0093	0.9803	0.1436	-0.1356	18	20	2	1	9	0.0009	0.3333	0	0.0076
0.01	0.0477	-0.1018	0.1492	-0.0274	0.9489	-0.3154	-0.0131	19	21	2	1	10	0.0011	0.2083	0	0.0124
0.008	0.0555	-0.0572	0.1575	-0.0177	0.9996	0.0256	0.0146	20	22	2	1	11	0.005	0.625	0	0.008
0.0082	0.0332	-0.0444	0.1256	-0.0189	0.6104	-0.788	0.0808	21	23	2	1	12	0.0007	0.4583	0	0.0082
0.0079	0.043	-0.0476	0.106	-0.0167	-0.2683	-0.9633	0.0111	22	24	2	1	13	0.0013	0.4167	0	0.0079
0.0076	0.0403	-0.0084	0.0859	-0.004	0.3616	-0.9254	0.1132	23	25	2	1	14	0.0123	0.3	0	0.0076
0.0102	0.0472	0.0012	0.0383	0.0055	0.9159	-0.3671	0.1623	24	26	2	1	15	0.0009	0.3333	0	0.0114
0.0068	0.0759	0.0472	0.0257	0.0035	0.8617	-0.5073	-0.0044	25	27	2	1	16	0.003	0.5625	0	0.0066
0.0094	0.0038	0.0502	-0.0125	0.0112	0.0455	-0.9222	0.3841	26	28	2	1	17	0.0012	0.4583	0	0.0097
0.0076	0.0672	0.051	-0.0171	0.0107	-0.93	-0.3545	-0.0968	27	29	2	1	18	0.0009	0.5417	0	0.0076
0.0066	0.0162	-0.0107	-0.0421	0.0039	-0.8301	-0.5522	-0.0776	28	30	2	1	19	0.0007	0.3333	0	0.0064
0.0066	0.0789	-0.0239	-0.0515	0.0055	-0.854	-0.5201	0.0101	29	31	2	1	20	0.0009	0.2917	0	0.0058
0.0088	0.0014	-0.0926	-0.0804	0.0058	-0.9854	-0.1079	0.1313	30	32	2	1	21	0.01	0.05	0	0.01
0.0087	0.032	-0.094	-0.0806	0.006	-0.78	-0.6175	0.1015	31	33	2	1	22	0.01	0.05	0	0.01
0.0083	0.344	-0.119	-0.1003	0.0092	0.6556	-0.7532	-0.0529	32	34	2	1	23	0.01	0.05	0	0.01
0.0073	0.1778	0.1066	-0.3595	-0.009	0.7287	-0.6837	-0.0401	33	0	2	1	24	0.01	0.05	0	0.01
0.0091	0.1341	-0.3352	0.2125	-0.0276	0.9708	0.237	0.0363	6	36	3	1	1	0.001	0.2917	1	0.0091
0.0091	0.0311	-0.2051	0.2443	-0.0227	0.9504	0.2451	0.1915	35	37	3	1	2	0.001	0.2917	0	0.0091
0.0093	0.1462	-0.1734	0.2639	-0.0354	0.9098	0.2946	0.2925	36	38	3	1	3	0.0042	0.15	0	0.0144
0.0093	0.036	-0.0383	0.2961	0.0004	0.958	0.2611	-0.1187	37	39	3	1	4	0.0051	0.175	0	0.0165
0.0069	0.0132	-0.0032	0.3102	0.0036	0.9365	-0.3297	0.119	38	40	3	1	5	0.0045	0.4063	0	0.0063
0.0093	0.0759	0.0095	0.311	-0.001	0.8585	0.3707	0.3543	39	41	3	1	6	0.0012	0.5	0	0.011
0.0092	0.036	0.0711	0.3236	0.0147	0.8259	-0.4415	0.3507	40	42	3	1	7	0.0008	0.375	0	0.0138
0.0092	0.0337	0.1017	0.3088	0.024	0.7728	-0.6345	0.0138	41	43	3	1	8	0.0009	0.375	0	0.0111
0.0091	0.0639	0.1315	0.2915	0.024	0.6839	-0.6711	-0.2862	42	44	3	1	9	0.0012	0.2917	0	0.0112
0.0075	0.038	0.1749	0.2524	0.0126	0.9987	0.0412	0.0301	43	45	3	1	10	0.001	0.2917	0	0.0075
0.0089	0.0377	0.2132	0.2513	0.0131	0.9801	0.1672	-0.1068	44	46	3	1	11	0.0011	0.3333	0	0.0092
0.0086	0.0523	0.2499	0.2559	0.015	0.9983	0.0289	0.0496	45	47	3	1	12	0.0008	0.3333	0	0.0086
0.0077	0.048	0.2992	0.2604	0.0238	0.8955	0.37	0.2475	46	48	3	1	13	0.0041	0.425	0	0.0077
0.0084	0.0252	0.345	0.2791	0.0215	0.8119	0.5475	0.2027	47	49	3	1	14	0.0047	0.475	0	0.0085
0.008	0.0487	0.3524	0.3064	0.0316	0.6845	0.7173	-0.1299	48	50	3	1	15	0.0066	0.3438	0	0.0082
0.0063	0.0352	0.3962	0.3336	0.0283	0.5737	0.8156	0.0757	49	51	3	1	16	0.0038	0.375	0	0.0053
0.0076	0.0195	0.4086	0.367	0.0254	0.5377	0.8422	-0.0402	50	52	3	1	17	0.0029	0.4688	0	0.0078
0.0072	0.0314	0.4269	0.3786	0.0249	0.5263	0.8502	-0.0155	51	53	3	1	18	0.01	0.05	0	0.01
0.0071	0.0195	0.4177	0.3801	0.0244	-0.6979	0.7129	-0.0684	52	54	3	1	19	0.01	0.05	0	0.01
0.0069	0.0145	0.4051	0.3932	0.023	0.5783	0.7285	-0.3673	53	0	3	1	20	0.01	0.05	0	0.01
0.0063	0.2084	-0.0171	0.1308	-0.0246	-0.8757	0.4821	-0.0257	20	0	5	2	1	0.0048	0.4688	0	0.0063
0.0081	0.1751	-0.4304	0.0554	-0.0274	0.7608	0.649	-0.0051	12	57	74	2	1	0.0012	0.5417	1	0.0081
0.0081	0.0636	-0.2972	0.169	-0.0283	0.9509	0.3094	0.0026	56	58	74	2	2	0.0012	0.5417	0	0.0081
0.0081	0.0369	-0.2303	0.1789	-0.0216	0.8695	0.4729	-0.143	57	0	74	2	3	0.0034	0.3333	0	0.009
0.007	0.0941	-0.1045	0.1402	-0.024	0.2653	-0.9489	0.171	20	60	8	2	1	0.0021	0.4167	0	0.007
0.007	0.0527	-0.0814	0.0518	-0.01	-0.5477	-0.8236	0.1473	59	61	8	2	2	0.0007	0.3333	0	0.0064
0.0074	0.0355	-0.1129	0.0115	-0.0009	-0.762	-0.6474	0.0137	60	62	8	2	3	0.0006	0.3333	0	0.0074
0.007	0.0313	-0.1382	-0.0109	0.0035	-0.5302	-0.7711	0.3524	61	63	8	2	4	0.0008	0.375	0	0.0067
0.0075	0.0024	-0.1507	-0.0366	0.0121	-0.1872	-0.9384	0.2903	62	64	8	2	5	0.01	0.05	0	0.01
0.0074	0.0265	-0.1512	-0.0389	0.0128	-0.3879	-0.8996	-0.2006	63	0	8	2	6	0.01	0.05	0	0.01
0.0072	0.0924	0.0197	-0.0357	0.0116	0.2309	-0.972	-0.0428	28	66	12	2	1	0.0016	0.4583	0	0.0073
0.0071	0.044	0.0396	-0.126	0.0034	0.4812	-0.8743	-0.0635	65	67	12	2	2	0.001	0.375	0	0.0081
0.0071	0.0418	0.0647	-0.1606	0.0024	0.703	-0.7111	-0.0063	66	68	12	2	3	0.001	0.2917	0	0.0083
0.0071	0.0622	0.0951	-0.1891	0.0022	0.7873	-0.5823	-0.2026	67	69	12	2	4	0.0009	0.2917	0	0.0076
0.0071	0.0437	0.1268	-0.237	-0.0019	0.547	-0.8357	-0.0483	68	70	12	2	5	0.0065	0.2917	0	0.0101
0.006	0.0349	0.1254	-0.2569	-0.0065	-0.5456	-0.8371	-0.0403	69	71	12	2	6	0.0058	0.375	0	0.006
0.0059	0.0081	0.1066	-0.2867	-0.0076	-0.8699	-0.4866	0.0804	70	72	12	2	7	0.0038	0.5	0	0.0059
0.0056	0.0504	0.1044	-0.2939	-0.0083	-0.5659	-0.8245	0.0035	71	73	12	2	8	0.0027	0.3333	0	0.0056
0.0062	0.0672	0.0763	-0.3356	-0.0068	-0.3281	-0.9446	0.0104	72	74	12	2	9	0.003	0.2708	0	0.0062
0.005	0.0265	0.0492	-0.3959	-0.0049	-0.5036	-0.8623	0.0531	73	75	12	2	10	0.0036	0.4	0	0.0042
0.0053	0.0335	0.0407	-0.4217	-0.0061	-0.5027	-0.8642	0.0212	74	76	12	2	11	0.004	0.5	0	0.0053
0.0066	0.0176	0.0134	-0.4333	-0.0097	-0.8119	-0.5413	-0.2189	75	77	12	2	12	0.01	0.05	0	0.01
0.0069	0.025	0.016	-0.4516	0.0006	-0.5421	-0.8306	0.1275	76	78	12	2	13	0.0008	0.375	0	0.0087
0.0065	0.0388	0.0024	-0.4706	-0.0062	-0.739	-0.6649	-0.1086	77	79	12	2	14	0.01	0.05	0	0.01
0.0069	0.0232	-0.0216	-0.498	-0.0021	-0.4934	-0.8622	0.115	78	80	12	2	15	0.0008	0.4583	0	0.008
0.0067	0.0301	-0.0435	-0.4808	-0.0019	-0.9566	-0.261	0.1295	79	81	12	2	16	0.0114	0.2917	0	0.0073
0.0063	0.0377	-0.0759	-0.4943	0.0032	-0.8146	0.5534	0.1739	80	82	12	2	17	0.01	0.05	0	0.01
0.0065	0.067	-0.089	-0.5089	0.004	-0.8974	-0.4297	-0.1001	81	83	12	2	18	0.0012	0.2188	0	0.0095
0.0061	0.0799	-0.1447	-0.5437	0.0027	-0.8293	-0.5568	0.0472	82	84	12	2	19	0.01	0.05	0	0.01
0.0065	0.0108	-0.1833	-0.5259	0.0073	-0.8754	0.3851	0.2923	83	85	12	2	20	0.0011	0.3333	0	0.0094
0.0064	0.0357	-0.1974	-0.5233	-0.0023	-0.8116	-0.466	0.3524	84	86	12	2	21	0.0069	0.25	0	0.0144
0.0059	0.0069	-0.2282	-0.5389	0.0015	-0.4448	-0.8955	-0.0179	85	87	12	2	22	0.01	0.05	0	0.01
0.0058	0.0199	-0.2312	-0.545	0.0014	0.17	-0.9626	-0.2109	86	0	12	2	23	0.01	0.05	0	0.01
0.0072	0.0982	0.0069	0.0565	0.0066	0.984	-0.158	-0.082	24	89	13	2	1	0.0025	0.4583	0	0.0078
0.0072	0.0561	0.1077	0.0375	-0.0098	0.7244	-0.4153	0.5502	88	90	13	2	2	0.0062	0.225	0	0.0142
0.0072	0.0091	0.1481	0.0282	0.0076	0.9543	-0.1993	-0.2226	89	91	13	2	3	0.01	0.05	0	0.01
0.0072	0.0702	0.1623	0.0014	0.0124	0.9665	0.2379	0.0961	90	92	13	2	4	0.0077	0.325	0	0.0083
0.0071	0.0298	0.232	0.0273	0.0166	0.9832	-0.1683	0.0707	91	93	13	2	5	0.0036	0.2917	0	0.0076
0.0069	0.0609	0.2601	0.012	0.0161	0.9921	-0.1206	0.0338	92	94	13	2	6	0.0038	0.2917	0	0.0077
0.0065	0.0433	0.2943	-0.0193	0.0134	0.6808	-0.7289	-0.0728	93	95	13	2	7	0.01	0.05	0	0.01
0.0062	0.0636	0.3046	0.0021	0.015	0.9166	0.3091	0.2534	94	96	13	2	8	0.0006	0.4167	0	0.0062
0.0062	0.0022	0.3593	0.0305	0.0257	0.8827	0.45	0.1356	95	97	13	2	9	0.01	0.05	0	0.01
0.0062	0.0104	0.3701	0.0247	0.0271	0.604	0.7943	0.0655	96	0	13	2	10	0.01	0.05	0	0.01
0.0087	0.027	-0.0917	-0.1217	0.0023	0.7871	-0.5741	-0.2256	33	0	20	2	1	0.002	0.4583	0	0.0087
0.0033	0.0703	-0.1311	-0.0983	0.0126	-0.4097	-0.9082	-0.0857	33	100	31	2	1	0.0019	0.3333	0	0.007
0.0025	0.0444	-0.1621	-0.1617	0.0144	0.2285	-0.9662	0.1193	99	101	31	2	2	0.0014	0.125	0	0.01
0.0025	0.0387	-0.1514	-0.2048	0.0182	-0.0112	-0.9952	0.0967	100	0	31	2	3	0.0005	0.125	0	0.01
0.007	0.0494	0.2466	-0.482	-0.0129	-0.0809	0.9912	0.1048	34	103	37	2	1	0.003	0.2813	0	0.0091
0.007	0.0507	0.2499	-0.4342	-0.0149	0.3324	0.9263	0.1773	102	104	37	2	2	0.002	0.2	0	0.0137
0.007	0.05	0.2744	-0.3943	0.0018	0.6397	0.7664	0.0578	103	105	37	2	3	0.0034	0.225	0	0.0271
0.0064	0.0516	0.2985	-0.3505	-0.0015	0.5425	0.8386	0.0492	104	106	37	2	4	0.0081	0.375	0	0.0057
0.0069	0.0292	0.3444	-0.3149	-0.0041	0.3466	0.9217	-0.1741	105	107	37	2	5	0.01	0.05	0	0.01
0.007	0.0084	0.3288	-0.2929	0.0025	-0.2809	0.9325	-0.2269	106	108	37	2	6	0.0007	0.4583	0	0.0104
0.0069	0.0075	0.327	-0.2866	0.0037	0.6594	0.7198	0.217	107	109	37	2	7	0.01	0.05	0	0.01
0.0069	0.1079	0.338	-0.2817	-0.0007	0.1873	0.9774	0.0979	108	110	37	2	8	0.0031	0.1333	0	0.0162
0.0069	0.0669	0.3589	-0.1695	0.0034	0.6324	0.4969	0.5943	109	111	37	2	9	0.0051	0.15	0	0.0348
0.0064	0.0493	0.4028	-0.1341	0.0254	0.6269	0.7649	0.148	110	112	37	2	10	0.001	0.4167	0	0.0064
0.0064	0.0513	0.4331	-0.096	0.0359	0.5954	0.803	0.0273	111	113	37	2	11	0.0023	0.375	0	0.0056
0.0064	0.0481	0.4614	-0.0538	0.038	0.4382	0.8944	0.0895	112	114	37	2	12	0.0022	0.375	0	0.0055
0.0067	0.0153	0.4921	-0.0184	0.0447	0.5905	0.7939	0.1452	113	115	37	2	13	0.0038	0.3438	0	0.0074
0.0064	0.0258	0.5006	-0.0059	0.04	0.6771	0.7358	-0.0137	114	116	37	2	14	0.01	0.05	0	0.01
0.0064	0.0143	0.4882	-0.0069	0.0418	0.5436	-0.7803	0.3092	115	0	37	2	15	0.01	0.05	0	0.01
0.0025	0.1247	-0.0076	0.3027	-0.0059	-0.9704	0.2384	-0.0394	40	118	7	2	1	0.0074	0.1286	1	0.01
0.0025	0.0424	-0.1264	0.3454	-0.0072	0.9865	-0.1473	-0.0721	117	119	7	2	2	0.003	0.2	0	0.01
0.0025	0.0292	-0.0857	0.3398	-0.0088	0.7762	0.542	0.3222	118	0	7	2	3	0.0019	0.125	0	0.01
0.0088	0.0908	0.0927	0.322	0.025	-0.3211	0.9456	-0.0517	41	121	14	2	1	0.0014	0.3333	1	0.0098
0.0085	0.0502	0.0636	0.4079	0.0203	-0.2891	0.9483	-0.1309	120	122	14	2	2	0.0014	0.3333	0	0.0098
0.0082	0.0326	0.0375	0.4461	0.0062	-0.5831	0.805	-0.1093	121	123	14	2	3	0.0053	0.35	0	0.0099
0.0074	0.0341	0.0171	0.4736	0.0112	-0.7209	0.66	-0.2115	122	124	14	2	4	0.001	0.2917	0	0.0084
0.0063	0.0338	-0.0024	0.5	0.0002	-0.6473	0.757	-0.0891	123	125	14	2	5	0.0035	0.35	0	0.007
0.0045	0.0347	-0.0259	0.525	-0.0011	-0.3461	0.938	-0.0196	124	126	14	2	6	0.0043	0.175	0	0.01
0.0036	0.0329	-0.0465	0.5424	-0.0114	-0.7184	0.6165	-0.3222	125	0	14	2	7	0.0023	0.175	0	0.01
0.0088	0.0171	0.0749	0.3125	0.0228	-0.7135	-0.5877	0.3816	41	128	21	2	1	0.0026	0.375	1	0.0132
0.0087	0.0332	0.0627	0.3024	0.0293	0.6009	-0.2715	-0.7518	127	129	21	2	2	0.0026	0.375	0	0.0132
0.0087	0.0886	0.0853	0.2891	0.0207	-0.4723	-0.868	-0.1532	128	130	21	2	3	0.0012	0.4583	0	0.0097
0.0084	0.0396	0.0641	0.2091	0.003	-0.1609	-0.9827	-0.0915	129	131	21	2	4	0.0102	0.2813	0	0.0086
0.0066	0.0187	0.054	0.1687	0.0006	0.3191	-0.934	-0.1605	130	132	21	2	5	0.0049	0.4063	0	0.0066
0.0079	0.0334	0.045	0.1487	0.0013	0.1606	-0.987	-0.0113	131	133	21	2	6	0.0069	0.375	0	0.0084
0.0069	0.0387	0.0536	0.1157	-0.0039	-0.1656	-0.9822	-0.0881	132	0	21	2	7	0.01	0.05	0	0.01
0.0074	0.0725	0.3184	0.2615	0.0331	-0.0255	-0.9498	-0.3117	47	135	24	2	1	0.003	0.4583	0	0.012
0.0074	0.0298	0.3209	0.1927	0.0204	-0.1189	-0.9908	0.0643	134	136	24	2	2	0.01	0.05	0	0.01
0.0074	0.011	0.301	0.1819	0.0206	-0.7522	-0.6586	0.0224	135	137	24	2	3	0.01	0.05	0	0.01
0.0074	0.0197	0.2927	0.1747	0.0208	-0.4774	-0.8693	0.1282	136	0	24	2	4	0.01	0.05	0	0.01
0.007	0.0623	0.3658	0.3303	0.0238	-0.7268	0.6868	0.0032	49	139	26	2	1	0.0022	0.4583	0	0.007
0.0073	0.0264	0.316	0.3613	0.0253	-0.93	0.3371	-0.1463	138	140	26	2	2	0.001	0.375	0	0.0073
0.0074	0.0223	0.2965	0.3704	0.0317	-0.8762	-0.1911	0.4425	139	141	26	2	3	0.01	0.05	0	0.01
0.0073	0.002	0.2907	0.3684	0.0198	-0.8468	0.031	-0.531	140	142	26	2	4	0.01	0.05	0	0.01
0.0072	0.006	0.2887	0.3704	0.0209	-0.5766	-0.6569	0.4858	141	0	26	2	5	0.01	0.05	0	0.01
0.0067	0.0705	0.0962	-0.1986	0.0018	-0.9642	-0.2598	-0.0534	68	144	33	3	1	0.0021	0.5417	0	0.0081
0.0067	0.0611	0.0281	-0.2161	0.0012	-0.9132	-0.3998	0.0789	143	145	33	3	2	0.0012	0.5	0	0.007
0.0067	0.0497	-0.0274	-0.2409	0.0064	-0.8333	-0.5492	-0.0637	144	146	33	3	3	0.0011	0.3333	0	0.0077
0.0057	0.052	-0.0718	-0.2585	0.0029	-0.9328	-0.2719	0.2367	145	147	33	3	4	0.0067	0.3	0	0.0057
0.0057	0.0401	-0.1199	-0.2751	0.0171	-0.9615	0.0566	0.269	146	148	33	3	5	0.0034	0.375	0	0.0051
0.0065	0.0351	-0.1593	-0.2813	0.0188	-0.99	-0.0427	0.1346	147	149	33	3	6	0.0056	0.25	0	0.0065
0.0066	0.0227	-0.1952	-0.2768	0.0275	-0.9688	-0.2348	0.0795	148	150	33	3	7	0.0036	0.325	0	0.0087
0.0066	0.0335	-0.2131	-0.2929	0.0217	-0.9527	-0.1948	-0.2331	149	151	33	3	8	0.0029	0.5	0	0.0074
0.0066	0.0217	-0.246	-0.2977	0.0144	-0.8722	-0.4796	-0.0958	150	152	33	3	9	0.0042	0.4167	0	0.0075
0.0057	0.0268	-0.2395	-0.3292	0.0149	-0.6209	-0.7675	-0.1592	151	153	33	3	10	0.0053	0.2917	0	0.005
0.0057	0.0223	-0.2843	-0.3392	0.0085	-0.3485	-0.9362	-0.0459	152	154	33	3	11	0.008	0.5	0	0.0057
0.0063	0.022	-0.3024	-0.3495	0.008	-0.7173	-0.6965	-0.0195	153	155	33	3	12	0.0067	0.3438	0	0.0069
0.0059	0.0326	-0.3154	-0.3546	0.0073	-0.9646	0.2632	-0.0157	154	0	33	3	13	0.01	0.05	0	0.01
0.0025	0.0554	0.1214	-0.2402	-0.0033	-0.6445	-0.7646	-0.0021	69	157	40	3	1	0.0066	0.225	1	0.01
0.0025	0.0648	0.083	-0.2803	-0.0022	-0.6447	-0.7644	-0.0088	156	158	40	3	2	0.0018	0.15	0	0.01
0.0025	0.0275	0.044	-0.3311	-0.0034	-0.4357	-0.8805	-0.187	157	0	40	3	3	0.0019	0.1	0	0.01
0.0068	0.0175	0.0853	-0.172	-0.0003	0.8651	0.3622	-0.3471	67	160	46	3	1	0.0028	0.3333	1	0.0085
0.0068	0.0351	0.1004	-0.1657	-0.0064	0.9018	0.1974	0.3843	159	161	46	3	2	0.0028	0.3333	0	0.0085
0.0068	0.0703	0.1239	-0.1564	0.0073	0.2726	0.9597	-0.0678	160	162	46	3	3	0.0012	0.3333	0	0.0094
0.0063	0.035	0.1479	-0.0889	0.0074	-0.2919	0.915	0.2785	161	0	46	3	4	0.0007	0.4167	0	0.0063
0.0053	0.0519	0.111	-0.2939	-0.0071	0.9846	-0.0133	0.1746	72	164	47	3	1	0.0029	0.375	1	0.0146
0.0051	0.0845	0.1643	-0.2954	-0.0056	0.509	0.8585	0.0629	163	165	47	3	2	0.006	0.22	0	0.0146
0.0041	0.0082	0.1949	-0.2272	-0.0046	-0.2632	0.9444	-0.1971	164	166	47	3	3	0.0025	0.15	0	0.01
0.0035	0.0313	0.1985	-0.2176	-0.0008	-0.495	0.8369	0.2334	165	167	47	3	4	0.0031	0.15	0	0.01
0.0029	0.0146	0.177	-0.193	0.0043	-0.1715	0.9628	-0.2089	166	0	47	3	5	0.0017	0.1	0	0.01
0.0061	0.0302	-0.192	-0.5165	0.0006	0.7006	0.7034	0.1198	85	169	71	3	1	0.0031	0.375	1	0.009
0.0061	0.0512	-0.1709	-0.4953	0.0042	0.8196	0.5533	0.1489	168	170	71	3	2	0.0031	0.375	0	0.009
0.0061	0.0087	-0.1301	-0.4722	0.0074	0.9105	-0.3653	0.1936	169	171	71	3	3	0.01	0.05	0	0.01
0.0061	0.024	-0.124	-0.4752	0.0081	0.1066	0.9934	-0.0415	170	0	71	3	4	0.01	0.05	0	0.01
0.0062	0.0369	-0.1966	-0.5135	0.0099	-0.7242	0.6757	0.1379	84	173	72	3	1	0.01	0.05	1	0.01
0.0062	0.0333	-0.2233	-0.4885	0.015	-0.9845	0.1386	-0.1079	172	174	72	3	2	0.01	0.05	0	0.01
0.0062	0.0135	-0.2561	-0.4839	0.0114	-0.626	0.6075	-0.489	173	175	72	3	3	0.01	0.05	0	0.01
0.0062	0.017	-0.2661	-0.4836	0.0035	-0.9091	0.116	0.4	174	0	72	3	4	0.01	0.05	0	0.01
0.0067	0.0711	0.122	0.0352	0.0053	0.2589	0.9627	-0.079	89	177	18	3	1	0.001	0.4583	0	0.0067
0.0067	0.054	0.1418	0.1038	0.0046	0.1455	0.9866	-0.0735	176	178	18	3	2	0.001	0.2083	0	0.0057
0.0067	0.018	0.1496	0.1571	0.0012	0.1412	0.986	-0.0884	177	0	18	3	3	0.01	0.05	0	0.01
0.0078	0.0258	0.1615	0.0021	0.0195	0.4206	-0.6635	-0.6188	91	180	76	3	1	0.0093	0.225	0	0.0183
0.0078	0.0502	0.1749	-0.0128	0.0166	0.6303	-0.7764	0.0069	179	181	76	3	2	0.0013	0.4167	0	0.0078
0.0078	0.0059	0.204	-0.0537	0.012	0.7268	-0.6741	-0.1317	180	0	76	3	3	0.01	0.05	0	0.01
0.0065	0.0917	0.2826	0.0162	0.018	0.0916	0.9918	0.0889	93	183	42	3	1	0.0024	0.5	0	0.0077
0.0065	0.0496	0.3086	0.0901	0.0239	0.6971	0.7165	0.0239	182	184	42	3	2	0.0048	0.4375	0	0.0065
0.0065	0.011	0.3411	0.1308	0.0241	0.9287	0.3674	-0.0494	183	0	42	3	3	0.0046	0.375	0	0.0078
0.0066	0.0681	0.2728	0.0053	0.012	0.5391	-0.8317	0.1326	93	186	49	3	1	0.0032	0.175	0	0.015
0.0066	0.0403	0.3139	-0.0472	0.0183	0.7094	-0.7025	0.0576	185	187	49	3	2	0.0042	0.275	0	0.0256
0.0066	0.0119	0.3389	-0.075	0.0198	-0.1108	-0.9927	-0.0484	186	188	49	3	3	0.01	0.05	0	0.01
0.0066	0.0099	0.3376	-0.0868	0.0193	-0.7832	-0.4346	0.4447	187	0	49	3	4	0.01	0.05	0	0.01
0.0078	0.0608	-0.1567	-0.1932	0.0197	-0.9144	-0.2925	-0.2799	100	190	39	3	1	0.0013	0.4583	0	0.0078
0.0078	0.003	-0.2114	-0.216	0.0119	-0.9942	-0.1025	0.0322	189	191	39	3	2	0.01	0.05	0	0.01
0.0078	0.0343	-0.2144	-0.2163	0.012	-0.4435	0.7861	-0.4306	190	0	39	3	3	0.01	0.05	0	0.01
0.0075	0.0567	0.4448	-0.0829	0.0326	-0.9788	-0.1629	-0.1244	112	193	66	3	1	0.0035	0.225	0	0.0194
0.0075	0.0426	0.3818	-0.085	0.0264	-0.6863	-0.722	-0.0871	192	194	66	3	2	0.0033	0.375	0	0.0073
0.0075	0.0417	0.3504	-0.1064	0.0249	-0.9732	-0.1914	-0.1277	193	195	66	3	3	0.0033	0.4	0	0.0075
0.0075	0.0266	0.3118	-0.109	0.014	-0.9671	0.1495	-0.2059	194	196	66	3	4	0.01	0.05	0	0.01
0.0075	0.0038	0.2856	-0.1113	0.014	-0.9949	-0.0156	-0.0996	195	197	66	3	5	0.0012	0.4167	0	0.0084
0.0075	0.0462	0.282	-0.1125	0.0147	-0.9859	-0.1556	-0.0613	196	198	66	3	6	0.0006	0.2917	0	0.0071
0.0075	0.049	0.2523	-0.1267	0.0086	-0.4274	-0.8896	-0.161	197	199	66	3	7	0.0078	0.2	0	0.0367
0.0075	0.0033	0.2289	-0.1707	0.0047	-0.0026	-0.9965	-0.0831	198	200	66	3	8	0.01	0.05	0	0.01
0.0075	0.0264	0.2282	-0.1759	0.004	0.9304	-0.2603	-0.2581	199	0	66	3	9	0.0032	0.25	0	0.0084
0.0058	0.0811	0.0626	0.4249	0.027	0.8832	-0.4602	-0.0906	120	202	27	3	1	0.0013	0.2083	0	0.0085
0.0058	0.0151	0.1319	0.3873	0.0231	0.2314	-0.9675	0.1017	201	203	27	3	2	0.0039	0.4688	0	0.0058
0.0058	0.0125	0.1296	0.3804	0.0232	-0.8015	-0.5951	0.0587	202	0	27	3	3	0.01	0.05	0	0.01
0.0091	0.0747	0.0167	0.4617	0.0008	-0.6329	-0.7699	0.0823	122	205	29	3	1	0.002	0.5	0	0.0091
0.0091	0.0384	-0.0318	0.4087	-0.0063	-0.991	-0.1235	0.0507	204	206	29	3	2	0.0032	0.225	0	0.0228
0.0091	0.018	-0.0652	0.4175	-0.0028	-0.9005	0.3432	-0.267	205	207	29	3	3	0.01	0.05	0	0.01
0.0091	0.0084	-0.0844	0.4154	-0.0089	-0.9206	0.2933	0.258	206	208	29	3	4	0.01	0.05	0	0.01
0.0091	0.0222	-0.0919	0.4177	-0.005	-0.4723	-0.881	-0.0278	207	0	29	3	5	0.01	0.05	0	0.01
0.0025	0.0691	0.1956	-0.2195	-0.0002	0.5112	-0.8593	0.0179	166	210	79	4	1	0.0034	0.25	0	0.0234
0.0025	0.0135	0.231	-0.2833	-0.0011	0.9993	-0	0.0375	209	0	79	4	2	0.0051	0.2	0	0.01
0.012	0.054	-0.0147	-0.4275	0.0028	0.0628	0.9978	0.0231	0	212	80	0	1	0.002	0.4167	0	0.012
0.012	0.0177	-0.0139	-0.3754	-0.0049	-0.9076	0.3731	0.1924	211	213	80	0	2	0.01	0.05	0	0.01
0.012	0.0188	-0.031	-0.369	-0.0064	-0.0853	0.9959	-0.0305	212	0	80	0	3	0.0012	0.375	0	0.008
0.0034	0.0394	0.1422	0.0871	-0.002	0.7695	-0.5338	0.3507	176	215	34	4	1	0.0077	0.25	0	0.0195
0.0025	0.0407	0.1736	0.0634	0.009	0.9516	0.2978	0.0765	214	0	34	4	2	0.004	0.2	0	0.01
0.0068	0.0727	0.2781	0.0327	0.017	-0.2625	0.9632	-0.0573	182	217	50	4	1	0.0006	0.2083	1	0.0064
0.0068	0.0219	0.259	0.1027	0.0128	0.3022	0.952	-0.0491	216	218	50	4	2	0.0006	0.2083	0	0.0064
0.0068	0.0369	0.2463	0.1071	0.0133	-0.6481	0.7614	0.0163	217	219	50	4	3	0.0076	0.3333	0	0.0101
0.0068	0.02	0.2231	0.1261	0.0094	-0.9879	-0.0036	-0.1552	218	220	50	4	4	0.0057	0.5	0	0.0068
0.0068	0.0288	0.2065	0.1239	0.0013	-0.8555	-0.3478	-0.3836	219	221	50	4	5	0.01	0.05	0	0.01
0.0068	0.045	0.1798	0.1177	0.0025	-0.9604	-0.2674	-0.0788	220	0	50	4	6	0.01	0.05	0	0.01
