radius (m)	length (m)	start_point	axis_direction	parent	extension	branch	branch_order	position_in_branch	mad	SurfCov	added	UnmodRadius (m)
0.0304	0.0481	0.0122	0.0927	-0.2854	0.1537	-0.7163	0.6807	0	2	1	0	1	0.0038	0.5833	0	0.0304
0.0359	0.0764	0.0254	0.0474	-0.2271	-0.7534	0.5261	0.3945	1	3	1	0	2	0.0042	0.65	0	0.0359
0.0495	0.2549	-0.0086	0.0856	-0.1659	-0.1195	0.9809	0.1532	2	4	1	0	3	0.0078	0.5	0	0.0544
0.0284	0.157	-0.0252	0.2818	-0.1132	-0.9046	-0.1298	0.406	3	5	1	0	4	0.0049	0.7	0	0.0284
0.0212	0.115	-0.1688	0.2916	-0.0629	0.0022	0.4066	0.9136	4	6	1	0	5	0.0031	0.625	0	0.0212
0.0212	0.0624	-0.1532	0.3467	0.0708	-0.8816	0.0022	0.472	5	0	1	0	6	0.0016	0.08	0	0.01
0.0289	0.1819	-0.1866	0.2929	-0.0319	-0.2096	-0.9646	-0.1601	5	8	2	1	1	0.0075	0.5125	0	0.0289
0.0289	0.0464	-0.23	0.1232	-0.0619	-0.6788	-0.5544	0.4815	7	0	2	1	2	0.0041	0.2917	0	0.0286
0.0283	0.1057	0.0444	0.0821	-0.2588	0.7469	-0.2449	0.6181	1	10	58	1	1	0.0117	0.5208	1	0.0367
0.0283	0.3483	0.1273	0.0572	-0.1894	-0.4094	-0.7004	0.5847	9	11	58	1	2	0.0169	0.6611	0	0.0367
0.0252	0.0707	-0.0291	-0.237	-0.0193	0.6069	-0.5496	0.5741	10	12	58	1	3	0.0029	0.8333	0	0.0252
0.0281	0.0513	0.0272	-0.2597	0.0563	0.1756	-0.9172	0.3575	11	13	58	1	4	0.0045	0.625	0	0.0248
0.0315	0.0863	0.0689	-0.3224	0.0521	0.3531	-0.4466	0.8221	12	14	58	1	5	0.0037	0.75	0	0.0315
0.0238	0.0826	0.0623	-0.3974	0.1472	0.7014	-0.2798	0.6555	13	15	58	1	6	0.0045	0.5625	0	0.0232
0.016	0.0799	0.1198	-0.42	0.2021	0.0552	-0.8011	0.5959	14	16	58	1	7	0.0026	0.8333	0	0.016
0.0193	0.0774	0.1539	-0.486	0.2466	-0.0941	-0.9522	-0.2907	15	17	58	1	8	0.0091	0.58	0	0.0298
0.0216	0.0619	0.1597	-0.5799	0.2492	0.0898	-0.7521	-0.6529	16	18	58	1	9	0.0029	0.75	0	0.0216
0.0213	0.0951	0.1701	-0.6194	0.197	-0.227	-0.794	-0.564	17	19	58	1	10	0.0036	0.8125	0	0.0213
0.0212	0.1049	0.1434	-0.6962	0.1521	-0.383	-0.8569	-0.3449	18	20	58	1	11	0.0035	0.5938	0	0.0195
0.0212	0.0761	0.1179	-0.7986	0.0943	-0.8534	-0.1245	-0.5061	19	21	58	1	12	0.0029	0.75	0	0.0212
0.0236	0.0929	0.0529	-0.8098	0.0567	0.0528	-0.4539	-0.8895	20	22	58	1	13	0.0038	0.6563	0	0.0236
0.02	0.0459	0.057	-0.8594	-0.0237	-0.2299	-0.2658	-0.9362	21	23	58	1	14	0.0029	0.5417	0	0.02
0.0322	0.0856	0.0557	-0.8872	-0.0607	-0.578	-0.5674	-0.5865	22	24	58	1	15	0.0061	0.8333	0	0.0339
0.0276	0.1229	0.0192	-0.9433	-0.1029	-0.522	-0.8516	0.0474	23	25	58	1	16	0.0195	0.5571	0	0.0462
0.0275	0.1389	-0.0357	-1.0447	-0.1031	0.3998	-0.9084	0.1225	24	26	58	1	17	0.0127	0.6429	0	0.0385
0.0209	0.0581	-0.0163	-1.167	-0.0338	-0.1081	-0.9941	-0.0002	25	27	58	1	18	0.0031	0.625	0	0.0209
0.021	0.0702	-0.0093	-1.2409	-0.0672	0.053	-0.89	0.4528	26	28	58	1	19	0.0032	0.7917	0	0.021
0.0245	0.0629	-0.0345	-1.3176	-0.0215	0.1379	-0.8211	-0.5539	27	29	58	1	20	0.004	0.6667	0	0.0246
0.0163	0.0441	-0.0258	-1.3764	-0.0501	0.424	-0.5945	-0.6832	28	0	58	1	21	0.0031	0.2917	0	0.0143
0.0458	0.1689	-0.0005	0.2679	-0.1777	0.0444	0.9969	-0.0647	3	31	15	1	1	0.0079	0.5313	1	0.053
0.0457	0.2306	0.0014	0.4418	-0.1877	0.6681	0.5962	0.4451	30	32	15	1	2	0.0125	0.5	0	0.053
0.0308	0.1524	0.1698	0.5644	-0.0297	0.9128	0.3867	-0.1316	31	33	15	1	3	0.0082	0.6042	0	0.0304
0.0307	0.0717	0.3034	0.6218	-0.0657	-0.0349	0.996	-0.0828	32	34	15	1	4	0.0042	0.7083	0	0.0307
0.0328	0.1096	0.3127	0.7225	-0.0442	0.8023	-0.5464	0.2403	33	35	15	1	5	0.0044	0.8438	0	0.0328
0.0414	0.1539	0.4541	0.6515	-0.0277	0.2177	0.9729	0.0774	34	36	15	1	6	0.0077	0.6667	0	0.0415
0.0438	0.0235	0.4869	0.7983	-0.018	0.911	-0.3593	0.2025	35	37	15	1	7	0.0383	0.6	0	0.0448
0.0414	0.1162	0.5545	0.7838	-0.001	0.238	0.8457	-0.4777	36	38	15	1	8	0.0126	0.5865	0	0.0524
0.0307	0.0975	0.5672	0.8929	-0.0529	0.5996	0.6922	0.4017	37	39	15	1	9	0.0042	0.6875	0	0.0269
0.0314	0.0321	0.665	0.9586	-0.0217	0.0838	0.9765	0.1986	38	0	15	1	10	0.0053	0.3333	0	0.0314
0.0195	0.1312	0.1616	0.0616	-0.1961	0.399	-0.7415	0.5394	10	41	3	2	1	0.0049	0.5	1	0.0195
0.0195	0.0434	0.214	-0.0357	-0.1253	0.2024	-0.4746	0.8566	40	0	3	2	2	0.0049	0.5	0	0.0195
0.0276	0.2648	0.0205	-0.3112	0.0067	-0.7189	0.1671	-0.6747	13	43	4	2	1	0.0042	0.55	1	0.0264
0.0276	0.1328	-0.1698	-0.2669	-0.1719	-0.4926	0.624	0.6066	42	44	4	2	2	0.0042	0.55	0	0.0264
0.0299	0.1287	-0.2335	-0.1866	-0.0856	-0.4654	0.7472	0.4744	43	45	4	2	3	0.0041	0.6	0	0.0311
0.0276	0.053	-0.3157	-0.1038	-0.0016	-0.4349	0.895	0.0987	44	46	4	2	4	0.0044	0.7917	0	0.0276
0.0276	0.0915	-0.3632	-0.0661	-0.0453	-0.512	0.8548	0.0851	45	47	4	2	5	0.0072	0.5	0	0.0223
0.0276	0.0667	-0.4275	0.0117	0.0116	-0.8476	0.4384	-0.299	46	0	4	2	6	0.0079	0.475	0	0.0192
0.0306	0.281	0.0021	-0.9109	-0.131	0.9601	-0.166	0.2252	23	49	5	2	1	0.0303	0.3412	0	0.0929
0.0306	0.1251	0.2501	-0.9536	-0.0775	-0.0279	-0.9471	-0.3198	48	50	5	2	2	0.0053	0.6875	0	0.0348
0.0257	0.0853	0.267	-1.0825	-0.1217	-0.4773	-0.8608	-0.1768	49	51	5	2	3	0.0035	0.75	0	0.0257
0.0227	0.087	0.2272	-1.1535	-0.1292	-0.5869	-0.7483	0.3091	50	52	5	2	4	0.0033	0.625	0	0.0227
0.019	0.0452	0.182	-1.2318	-0.1212	-0.7504	-0.6284	0.2052	51	53	5	2	5	0.0022	0.4583	0	0.019
0.019	0.0358	0.1611	-1.2527	-0.1144	-0.0536	-0.2245	-0.973	52	0	5	2	6	0.0033	0.15	0	0.0112
0.0267	0.442	0.0561	-0.2662	0.0531	-0.9795	-0.1542	-0.1299	12	55	59	2	1	0.0339	0.325	1	0.0354
0.0267	0.111	-0.3913	-0.3447	0.0431	-0.9151	-0.2322	-0.3297	54	56	59	2	2	0.0094	0.9333	0	0.0354
0.0267	0.1693	-0.4938	-0.3506	-0.0139	-0.9349	-0.2759	-0.2235	55	57	59	2	3	0.0101	0.8333	0	0.0339
0.0244	0.1985	-0.6157	-0.4147	-0.0163	-0.3456	-0.9326	-0.1044	56	58	59	2	4	0.0173	0.6778	0	0.0454
0.0221	0.0902	-0.7045	-0.5856	-0.0166	0.279	-0.6357	0.7197	57	59	59	2	5	0.0028	0.8333	0	0.0221
0.0234	0.249	-0.7096	-0.6497	0.0561	-0.2445	-0.0359	-0.969	58	0	59	2	6	0.015	0.2615	0	0.0594
0.0149	0.1332	0.0327	-0.2669	0.0893	0.1631	-0.2109	0.9638	12	61	19	2	1	0.0025	0.7083	1	0.0149
0.0149	0.07	0.0544	-0.295	0.2176	0.9197	0.0555	0.3886	60	62	19	2	2	0.0025	0.7083	0	0.0149
0.0191	0.057	0.1141	-0.2912	0.2534	0.8337	0.3067	0.4592	61	63	19	2	3	0.0033	0.5	0	0.0208
0.02	0.0673	0.142	-0.2891	0.2639	0.053	0.6802	-0.7312	62	0	19	2	4	0	0.0333	0	0.0256
0.0156	0.1279	0.0832	-0.8596	0.0182	0.53	-0.0058	0.8479	22	65	21	2	1	0.0042	0.5417	1	0.0156
0.0156	0.0683	0.151	-0.8604	0.1267	-0.7265	0.0396	0.6861	64	0	21	2	2	0.0042	0.5417	0	0.0156
0.0152	0.1415	0.0406	-0.8393	0.0411	-0.8123	0.5237	0.2568	21	0	22	2	1	0.0058	0.6	0	0.0152
0.0232	0.0499	-0.0082	-1.3472	-0.0589	0.81	0.2927	-0.5082	28	68	23	2	1	0.0082	0.2917	1	0.0327
0.023	0.1788	0.0336	-1.3261	-0.0857	-0.9776	0.1806	-0.1077	67	69	23	2	2	0.0135	0.2667	0	0.0327
0.0229	0.1117	-0.1394	-1.2936	-0.1013	-0.6062	-0.7183	0.3414	68	70	23	2	3	0.0038	0.5938	0	0.0244
0.0215	0.0443	-0.2033	-1.3637	-0.0549	-0.251	-0.5539	0.7938	69	71	23	2	4	0.0023	0.4167	0	0.0225
0.0181	0.0407	-0.2184	-1.3918	-0.0192	-0.2956	0.4496	0.8429	70	72	23	2	5	0.0027	0.75	0	0.0181
0.019	0.0575	-0.2318	-1.3738	0.0038	-0.9887	0.101	0.1104	71	73	23	2	6	0.0032	0.625	0	0.0191
0.0181	0.0347	-0.297	-1.3653	0.0283	-0.8686	-0.3537	-0.347	72	0	23	2	7	0.0022	0.2083	0	0.017
0.0165	0.1044	0.0362	-0.8559	-0.0277	-0.9731	0.2299	0.0158	22	75	53	2	1	0.0079	0.5	1	0.0165
0.0165	0.1179	-0.0654	-0.8319	-0.0261	-0.3954	0.8199	-0.4142	74	0	53	2	2	0.0079	0.5	0	0.0165
0.0193	0.175	-0.0348	-1.1725	-0.0448	-0.4199	0.8505	-0.3168	26	77	55	2	1	0.0049	0.5	1	0.0193
0.0193	0.0676	-0.1083	-1.0236	-0.1003	-0.0074	-0.8942	0.4475	76	0	55	2	2	0.0049	0.5	0	0.0193
0.0194	0.221	-0.0133	0.4863	-0.1611	-0.2725	0.8261	0.4934	31	79	24	2	1	0.0036	0.5625	1	0.0187
0.0191	0.1166	-0.0735	0.6688	-0.052	0.7039	0.5267	0.4766	78	80	24	2	2	0.0036	0.5625	0	0.0187
0.0267	0.0944	0.0075	0.7264	-0.0118	0.9853	0.1369	-0.1022	79	81	24	2	3	0.0029	0.5938	0	0.0279
0.0216	0.0479	0.1142	0.7741	-0.0217	0.6846	-0.2738	-0.6755	80	0	24	2	4	0.004	0.375	0	0.0241
0.0195	0.278	0.1897	0.5409	-0.0401	0.6141	-0.7221	-0.3185	32	83	25	2	1	0.0079	0.425	1	0.0195
0.0195	0.1328	0.3605	0.3401	-0.1287	0.7911	-0.5463	-0.2752	82	0	25	2	2	0.0079	0.425	0	0.0195
0.023	0.3258	0.2716	0.6914	-0.0807	-0.2234	0.9656	-0.1333	33	85	27	2	1	0.0042	0.8333	0	0.023
0.0247	0.0746	0.1872	1.0146	-0.1301	0.3787	0.8155	0.4377	84	86	27	2	2	0.0032	0.9167	0	0.0247
0.0197	0.0582	0.2307	1.0758	-0.1072	0.2874	0.8299	0.4782	85	87	27	2	3	0.0031	0.7917	0	0.0197
0.0199	0.0622	0.247	1.132	-0.0982	-0.1611	0.9084	0.3859	86	88	27	2	4	0.0028	0.7083	0	0.0199
0.021	0.0526	0.2324	1.1845	-0.0766	-0.0575	0.554	-0.8306	87	89	27	2	5	0.0026	0.625	0	0.021
0.0197	0.0388	0.2423	1.2354	-0.1093	-0.4303	0.5938	-0.6799	88	90	27	2	6	0.0041	0.5417	0	0.0186
0.0197	0.0504	0.2336	1.2933	-0.1518	0.8648	-0.3609	-0.3491	89	0	27	2	7	0.0037	0.15	0	0.01
0.0175	0.2603	0.5244	0.6424	0.0316	0.4039	-0.7423	-0.5347	37	92	38	2	1	0.0027	0.5833	0	0.0175
0.0175	0.0348	0.6147	0.4507	-0.0981	0.5437	0.204	0.8141	91	0	38	2	2	0.01	0.05	0	0.01
0.0178	0.2063	0.4924	0.6333	-0.0283	0.4345	-0.8987	-0.0592	35	94	40	2	1	0.0031	0.625	1	0.0177
0.0177	0.0697	0.582	0.4479	-0.0406	0.32	-0.9268	0.1967	93	95	40	2	2	0.0031	0.625	0	0.0177
0.0201	0.0705	0.6053	0.3807	-0.0466	0.3404	-0.9302	0.1373	94	0	40	2	3	0.0033	0.625	0	0.0203
0.0141	0.3829	0.3315	0.6094	-0.0513	0.8384	-0.3387	0.4269	33	97	41	2	1	0.0114	0.3393	1	0.0296
0.0141	0.1825	0.6546	0.4788	0.1109	-0.3507	0.4264	-0.8337	96	0	41	2	2	0.016	0.33	0	0.0296
0.0177	0.26	0.4525	0.622	0.0113	-0.0324	-0.6025	0.7974	35	99	44	2	1	0.0066	0.4792	1	0.0177
0.0177	0.1749	0.4441	0.4654	0.2186	-0.8934	-0.2923	-0.3411	98	0	44	2	2	0.0066	0.4792	0	0.0177
0.0224	0.3887	0.4428	0.757	0.0036	-0.6654	0.2662	0.6974	35	101	45	2	1	0.0054	0.575	0	0.0238
0.0159	0.0709	0.1613	0.8729	0.2734	-0.4104	-0.6925	0.5933	100	0	45	2	2	0.0035	0.875	0	0.0159
0.0188	0.3982	0.5876	0.8313	0.0111	-0.684	0.0668	0.7265	37	103	47	2	1	0.0044	0.6667	0	0.0189
0.018	0.0466	0.3113	0.8524	0.3034	-0.1164	0.534	0.8374	102	104	47	2	2	0.0024	0.5417	0	0.0182
0.0175	0.0481	0.291	0.8856	0.3517	0.6219	0.3252	0.7124	103	0	47	2	3	0.0023	0.8333	0	0.0175
0.0198	0.1477	0.4922	0.6927	0.0065	0.6855	0.1859	0.704	35	106	48	2	1	0.0083	0.4792	1	0.0198
0.0198	0.1524	0.5934	0.7201	0.1104	-0.0657	0.8951	0.4409	105	0	48	2	2	0.0083	0.4792	0	0.0198
0.0203	0.2656	0.2776	0.7843	-0.1025	-0.1531	0.9638	-0.2182	33	108	49	2	1	0.0043	0.475	1	0.0203
0.0203	0.1394	0.2369	1.0403	-0.1604	0.7605	0.5895	0.2723	107	109	49	2	2	0.0043	0.475	0	0.0203
0.0194	0.0437	0.3398	1.1364	-0.1272	0.9723	0.2298	0.0435	108	110	49	2	3	0.0021	0.625	0	0.0194
0.0184	0.0675	0.3854	1.1301	-0.1302	0.9839	0.168	0.0604	109	111	49	2	4	0.0019	0.5417	0	0.0184
0.0169	0.0413	0.4456	1.129	-0.1188	0.9073	-0.4148	0.0684	110	112	49	2	5	0.0021	0.5417	0	0.0169
0.0259	0.0669	0.4697	1.1287	-0.1409	-0.0564	-0.8417	-0.537	111	113	49	2	6	0.0083	0.28	0	0.0381
0.0169	0.0216	0.4734	1.0842	-0.1824	-0.8289	0.3037	-0.4698	112	0	49	2	7	0.01	0.05	0	0.01
0.0154	0.1616	0.5564	0.9036	-0.0815	-0.1571	0.5744	-0.8033	38	115	50	2	1	0.0059	0.5	1	0.0154
0.0154	0.1035	0.5311	0.9965	-0.2114	-0.0703	-0.8042	-0.5901	114	0	50	2	2	0.0059	0.5	0	0.0154
0.015	0.2212	0.5341	0.8492	-0.0525	-0.2379	0.7634	-0.6005	37	117	51	2	1	0.0048	0.475	1	0.015
0.015	0.1426	0.4815	1.0181	-0.1853	-0.4611	0.8129	0.3558	116	0	51	2	2	0.0048	0.475	0	0.015
0.0172	0.1825	0.6462	0.9581	-0.0479	-0.5846	-0.0171	-0.8111	39	119	52	2	1	0.0133	0.3611	1	0.0172
0.0172	0.168	0.5395	0.955	-0.196	0.3507	-0.9097	0.2223	118	0	52	2	2	0.0133	0.3611	0	0.0172
0.0163	0.0237	-0.3976	-0.0367	-0.0653	-0.4792	-0.2125	-0.8516	46	121	16	3	1	0.0026	0.75	1	0.0163
0.0163	0.0586	-0.4089	-0.0417	-0.0854	-0.8201	-0.4723	-0.3229	120	122	16	3	2	0.0026	0.75	0	0.0163
0.0186	0.0621	-0.4537	-0.0658	-0.1072	-0.8036	0.3167	-0.5039	121	123	16	3	3	0.0026	0.7917	0	0.0186
0.0262	0.0468	-0.5028	-0.0525	-0.1447	-0.5527	0.5369	-0.6374	122	0	16	3	4	0.0063	0.325	0	0.0354
0.0144	0.1235	-0.375	-0.0062	-0.022	0.6302	0.3986	0.6663	46	125	17	3	1	0.0034	0.5417	1	0.0144
0.0144	0.0414	-0.2972	0.043	0.0603	0.6882	0.6377	-0.346	124	0	17	3	2	0.0034	0.5417	0	0.0144
0.0188	0.0737	-0.2232	-0.3251	-0.0068	-0.0344	-0.5471	-0.8364	54	127	7	3	1	0.004	0.5417	1	0.0232
0.0188	0.0792	-0.2258	-0.3654	-0.0684	-0.4648	-0.8771	0.1213	126	128	7	3	2	0.004	0.5417	0	0.0232
0.0188	0.0403	-0.2683	-0.4392	-0.0513	0.3463	-0.903	-0.2544	127	0	7	3	3	0.0024	0.5417	0	0.0188
0.0254	0.1767	-0.3535	-0.3225	0.0246	0.287	0.3201	0.9029	54	130	9	3	1	0.0041	0.5625	1	0.0261
0.025	0.119	-0.3028	-0.2659	0.1842	0.521	0.8035	0.2879	129	131	9	3	2	0.0041	0.5625	0	0.0261
0.0186	0.0504	-0.2529	-0.1786	0.2433	0.3055	0.8485	0.4321	130	132	9	3	3	0.0023	0.8333	0	0.0186
0.0177	0.0698	-0.2505	-0.1376	0.2657	-0.1106	0.924	0.3661	131	133	9	3	4	0.0035	0.6667	0	0.018
0.0167	0.0491	-0.2594	-0.0744	0.306	-0.7523	0.6588	-0.0071	132	0	9	3	5	0.0024	0.7083	0	0.0167
0.0136	0.3641	-0.6028	-0.3558	-0.031	0.5278	0.8418	0.1133	56	0	11	3	1	0.0112	0.1474	0	0.0269
0.0159	0.276	-0.1496	-0.3175	0.0447	-0.5351	-0.6697	0.5149	54	136	12	3	1	0.0033	0.875	1	0.0159
0.0159	0.0742	-0.2973	-0.5024	0.1868	-0.5729	-0.8138	-0.0972	135	137	12	3	2	0.0033	0.875	0	0.0159
0.0165	0.0776	-0.3223	-0.5753	0.1838	-0.5465	-0.8221	-0.1596	136	0	12	3	3	0.0069	0.48	0	0.0231
0.0106	0.081	-0.7516	-0.6795	-0.1221	0.0888	-0.9858	-0.1423	59	139	13	3	1	0.0089	0.3333	1	0.0259
0.0106	0.2608	-0.7444	-0.7626	-0.1292	0.8955	0.3639	0.2562	138	0	13	3	2	0.0148	0.2786	0	0.0259
0.0211	0.3046	-0.639	-0.4093	-0.0271	-0.0139	-0.5981	0.8013	56	141	60	3	1	0.0032	0.7188	1	0.0211
0.0211	0.0916	-0.6432	-0.5914	0.217	-0.4132	0.7431	0.5263	140	142	60	3	2	0.0032	0.7188	0	0.0211
0.0153	0.0726	-0.712	-0.5311	0.2733	-0.0023	0.7313	0.682	141	143	60	3	3	0.0023	0.875	0	0.0153
0.0254	0.0551	-0.7231	-0.4548	0.322	0.496	0.2612	0.8281	142	0	60	3	4	0.0084	0.32	0	0.0396
0.0218	0.0616	-0.189	-1.3321	-0.099	-0.5124	0.2655	-0.8167	69	145	61	3	1	0.0061	0.5625	1	0.0323
0.0218	0.1611	-0.2245	-1.3206	-0.1527	0.6434	-0.7189	0.263	144	146	61	3	2	0.0122	0.4889	0	0.0323
0.0185	0.0468	-0.12	-1.4181	-0.0922	0.9995	-0.0232	-0.0194	145	147	61	3	3	0.0025	0.4583	0	0.0182
0.0182	0.0514	-0.0712	-1.4239	-0.0936	0.8948	0.4183	-0.156	146	0	61	3	4	0.0045	0.3	0	0.0158
0.0134	0.1171	0.2515	1.1739	-0.0638	0.7652	0.0715	0.6398	87	0	57	3	1	0.0027	0.5	0	0.0134
0.0286	0.0375	-0.2418	-0.3742	-0.0826	-0.6927	-0.3842	-0.6104	127	150	62	4	1	0.0045	0.625	1	0.0286
0.0286	0.1089	-0.2678	-0.3886	-0.1054	0.8123	0.5525	-0.1867	149	151	62	4	2	0.0045	0.625	0	0.0286
0.0286	0.0621	-0.2119	-0.3258	-0.153	-0.551	0.4493	0.7032	150	0	62	4	3	0.0198	0.38	0	0.0595
0.0203	0.2276	-0.6187	-0.4448	0.0215	0.2293	-0.5774	0.7836	140	153	14	4	1	0.0086	0.625	1	0.0203
0.0203	0.1176	-0.5665	-0.5763	0.1999	0.163	-0.6723	0.7221	152	0	14	4	2	0.0086	0.625	0	0.0203
0.015	0.086	-0.2229	-1.3533	-0.1385	-0.0107	-0.9994	-0.0317	145	155	56	4	1	0.0026	0.5417	0	0.015
0.015	0.0361	-0.2355	-1.4413	-0.1373	0.1734	-0.9848	-0.0109	154	156	56	4	2	0.0018	0.375	0	0.0149
0.015	0.0448	-0.222	-1.476	-0.1151	0.7584	-0.6133	-0.2205	155	0	56	4	3	0.0028	0.175	0	0.01
