radius (m)	length (m)	start_point	axis_direction	parent	extension	branch	branch_order	position_in_branch	mad	SurfCov	added	UnmodRadius (m)
0.0085	0.0792	0.0395	0.7118	-0.2628	-0.052	-0.9028	0.4269	0	2	1	0	1	0.0019	0.7083	0	0.0085
0.0086	0.0063	0.0356	0.641	-0.2299	-0.9294	-0.1531	-0.3357	1	3	1	0	2	0.01	0.05	0	0.01
0.0086	0.0201	0.0286	0.6419	-0.2275	0.0957	-0.9076	0.4089	2	4	1	0	3	0.01	0.05	0	0.01
0.0086	0.006	0.0284	0.6175	-0.2202	-0.1089	-0.1142	0.9875	3	0	1	0	4	0.01	0.05	0	0.01
0.008	0.0575	0.0362	0.6387	-0.2376	-0.0427	-0.9444	0.3261	1	6	3	1	1	0.0007	0.3333	1	0.0117
0.008	0.023	0.0338	0.5844	-0.2188	0.168	-0.7361	0.6557	5	7	3	1	2	0.0007	0.3333	0	0.0117
0.008	0.0258	0.0424	0.5633	-0.2042	-0.6553	-0.7554	0.0052	6	8	3	1	3	0.0043	0.25	0	0.014
0.008	0.035	0.0275	0.5446	-0.2041	0.3661	-0.9262	0.0902	7	9	3	1	4	0.0012	0.25	0	0.0128
0.008	0.0183	0.041	0.517	-0.1958	0.2289	-0.7226	0.6523	8	10	3	1	5	0.001	0.375	0	0.0091
0.008	0.0123	0.0384	0.5045	-0.1839	-0.102	-0.9944	0.0268	9	11	3	1	6	0.0011	0.4167	0	0.0103
0.0073	0.0283	0.0421	0.4878	-0.1819	-0.6967	-0.6909	0.1932	10	12	3	1	7	0.0051	0.4583	0	0.0073
0.008	0.0337	0.0316	0.474	-0.1854	0.5078	-0.8607	-0.0359	11	13	3	1	8	0.0009	0.375	0	0.0099
0.008	0.029	0.0375	0.4473	-0.1795	0.0993	-0.8902	0.4445	12	14	3	1	9	0.0009	0.4167	0	0.0108
0.008	0.025	0.0323	0.4234	-0.1704	-0.3172	-0.9233	0.2166	13	15	3	1	10	0.0009	0.5	0	0.0094
0.007	0.0368	0.0305	0.401	-0.1595	-0.1531	-0.9396	0.3062	14	16	3	1	11	0.0008	0.375	0	0.007
0.008	0.0282	0.0192	0.3655	-0.1438	0.2243	-0.9721	0.0682	15	17	3	1	12	0.0009	0.3333	0	0.0093
0.008	0.0278	0.0291	0.3372	-0.1378	-0.3646	-0.9217	0.1327	16	18	3	1	13	0.0036	0.3	0	0.0135
0.0065	0.0512	0.0186	0.3084	-0.1411	-0.0737	-0.9058	0.4173	17	19	3	1	14	0.0057	0.4063	0	0.0065
0.0068	0.031	0.0191	0.2631	-0.1152	-0.0149	-0.9696	0.2441	18	20	3	1	15	0.0053	0.4063	0	0.0068
0.006	0.0307	0.0105	0.2341	-0.1059	-0.0337	-0.9164	0.3988	19	21	3	1	16	0.0066	0.2813	0	0.0039
0.008	0.0165	0.0209	0.2031	-0.0903	-0.3429	-0.8165	0.4645	20	22	3	1	17	0.0057	0.375	0	0.0085
0.008	0.0248	0.0049	0.1884	-0.0931	0.0539	-0.9963	0.0667	21	23	3	1	18	0.0052	0.4583	0	0.009
0.008	0.0317	0.0244	0.1659	-0.0862	0.0465	-0.9643	0.2606	22	24	3	1	19	0.0065	0.375	0	0.0092
0.008	0.0298	0.021	0.1339	-0.0702	0.3709	-0.9263	0.0662	23	25	3	1	20	0.0045	0.3125	0	0.0081
0.008	0.0289	0.0169	0.1117	-0.0624	-0.07	-0.8168	0.5727	24	26	3	1	21	0.0044	0.3438	0	0.01
0.0078	0.0196	0.016	0.0871	-0.0463	-0.3693	-0.6886	0.624	25	27	3	1	22	0.0029	0.4688	0	0.0078
0.0079	0.0199	0.0121	0.0726	-0.0373	-0.5958	-0.6998	-0.3941	26	28	3	1	23	0.0025	0.25	0	0.0147
0.0079	0.0231	0.0057	0.0624	-0.0329	0.2875	-0.9448	0.1572	27	29	3	1	24	0.0013	0.3333	0	0.0091
0.0079	0.0374	0.0115	0.0392	-0.032	-0.6052	-0.6103	0.5112	28	30	3	1	25	0.0009	0.3333	0	0.0101
0.0078	0.0525	-0.0171	0.024	-0.0189	-0.8302	-0.5412	0.1337	29	31	3	1	26	0.01	0.05	0	0.01
0.0079	0.0154	-0.0109	0.0001	-0.0125	0.0924	-0.9778	0.1881	30	32	3	1	27	0.0009	0.3333	0	0.0082
0.0079	0.0182	-0.0059	-0.0156	-0.0032	0.095	-0.9832	-0.1559	31	33	3	1	28	0.001	0.2917	0	0.0086
0.0076	0.0178	-0.0158	-0.0344	0.0029	0.1557	-0.9831	0.0958	32	34	3	1	29	0.004	0.4167	0	0.0076
0.0066	0.0221	-0.0105	-0.053	0.0055	-0.5056	-0.6999	0.5044	33	35	3	1	30	0.003	0.5417	0	0.0066
0.0058	0.0273	-0.0157	-0.0718	0.0117	-0.1388	-0.8886	0.4372	34	36	3	1	31	0.0026	0.5	0	0.0056
0.0077	0.0164	-0.0295	-0.0851	0.0194	-0.7602	-0.6152	0.209	35	37	3	1	32	0.01	0.05	0	0.01
0.0078	0.0248	-0.0221	-0.0872	0.0237	0.3345	-0.8721	0.3572	36	38	3	1	33	0.001	0.3333	0	0.0079
0.0078	0.0167	-0.0202	-0.1092	0.0387	0.5608	-0.6254	0.5426	37	39	3	1	34	0.0038	0.225	0	0.0134
0.0077	0.0044	-0.0166	-0.1166	0.0449	-0.4432	-0.8947	-0.0554	38	40	3	1	35	0.01	0.05	0	0.01
0.0057	0.0497	-0.0202	-0.1215	0.0442	0.4717	-0.8568	0.2082	39	41	3	1	36	0.0009	0.375	0	0.0057
0.0078	0.0327	-0.0054	-0.1584	0.0567	-0.3095	-0.7093	0.6333	40	42	3	1	37	0.0012	0.375	0	0.0114
0.0078	0.0427	-0.0004	-0.1856	0.0754	-0.179	-0.8947	0.4092	41	43	3	1	38	0.0067	0.3125	0	0.0113
0.0076	0.0217	-0.0291	-0.2113	0.0978	-0.1744	-0.6015	0.7796	42	44	3	1	39	0.01	0.05	0	0.01
0.0078	0.0424	-0.0076	-0.2222	0.0859	0.3688	-0.8935	0.2564	43	45	3	1	40	0.0007	0.375	0	0.0089
0.0075	0.027	0.0118	-0.258	0.0997	0.4148	-0.9045	0.099	44	46	3	1	41	0.01	0.05	0	0.01
0.0078	0.0347	0.0025	-0.2699	0.1042	-0.3911	-0.7236	0.5687	45	47	3	1	42	0.0008	0.4583	0	0.0086
0.0077	0.0282	-0.0082	-0.299	0.1192	-0.3508	-0.8062	0.4765	46	48	3	1	43	0.0008	0.2917	0	0.0113
0.0077	0.0421	-0.0215	-0.3208	0.1315	-0.3747	-0.8018	0.4655	47	49	3	1	44	0.0006	0.3333	0	0.0084
0.0074	0.0357	-0.0277	-0.3542	0.1508	0.0525	-0.8191	0.5713	48	50	3	1	45	0.01	0.05	0	0.01
0.0066	0.0264	-0.0419	-0.379	0.1714	-0.2176	-0.8103	0.5441	49	51	3	1	46	0.0004	0.3333	0	0.0066
0.0076	0.0251	-0.0331	-0.4094	0.1724	-0.0003	-0.8285	0.56	50	52	3	1	47	0.0007	0.2917	0	0.011
0.0076	0.0266	-0.0271	-0.4287	0.1775	0.3858	-0.9165	0.1062	51	53	3	1	48	0.0048	0.2813	0	0.0087
0.0078	0.0186	-0.0317	-0.4534	0.1949	0.5351	-0.6629	0.5236	52	54	3	1	49	0.0044	0.5	0	0.0088
0.0076	0.0355	-0.0327	-0.4695	0.1937	0.1991	-0.9714	0.1294	53	55	3	1	50	0.0049	0.3125	0	0.0114
0.0072	0.0397	-0.0378	-0.4955	0.19	-0.4129	-0.8644	-0.2871	54	56	3	1	51	0.01	0.05	0	0.01
0.0066	0.0161	-0.0319	-0.4964	0.1994	-0.3603	-0.3085	0.8803	55	57	3	1	52	0.0008	0.3333	0	0.0066
0.0076	0.0182	-0.0425	-0.5	0.2168	-0.2594	-0.9657	0.0135	56	58	3	1	53	0.0008	0.3333	0	0.0093
0.0053	0.0339	-0.0386	-0.5184	0.2254	-0.2027	-0.9732	0.1088	57	59	3	1	54	0.0051	0.4583	0	0.0052
0.0056	0.0095	-0.0591	-0.545	0.2325	-0.2014	-0.7627	0.6146	58	60	3	1	55	0.0064	0.4167	0	0.0056
0.0077	0.0169	-0.0445	-0.5566	0.2377	-0.2416	-0.9472	0.2108	59	61	3	1	56	0.0048	0.5	0	0.0095
0.007	0.0253	-0.0573	-0.572	0.2467	0.1767	-0.9095	0.3763	60	62	3	1	57	0.01	0.05	0	0.01
0.0071	0.0142	-0.0475	-0.5931	0.2476	0.2745	-0.9604	-0.0467	61	63	3	1	58	0.0059	0.225	0	0.0659
0.0074	0.0313	-0.053	-0.6055	0.2413	-0.3604	-0.8295	0.4267	62	64	3	1	59	0.001	0.2917	0	0.0101
0.0069	0.0003	-0.0699	-0.6259	0.2598	-0.688	-0.7249	0.0333	63	65	3	1	60	0.01	0.05	0	0.01
0.0069	0.0178	-0.0701	-0.6262	0.2598	-0.3802	-0.2422	-0.8927	64	0	3	1	61	0.01	0.05	0	0.01
0.008	0.0274	-0.0187	-0.43	0.1756	0.3619	0.8857	-0.2906	52	67	2	2	1	0.0007	0.4167	1	0.008
0.008	0.0304	-0.0088	-0.4057	0.1677	-0.3445	-0.8735	0.3439	66	68	2	2	2	0.0007	0.4167	0	0.008
0.008	0.0117	-0.0209	-0.4324	0.1783	-0.0365	-0.7571	-0.6523	67	0	2	2	3	0.01	0.05	0	0.01
