radius (m)	length (m)	start_point	axis_direction	parent	extension	branch	branch_order	position_in_branch	mad	SurfCov	added	UnmodRadius (m)
0.0157	0.1067	0.3662	-0.4346	-0.3575	0.1377	-0.526	0.8393	0	2	1	0	1	0.0029	0.5625	0	0.0158
0.0146	0.0454	0.3786	-0.4985	-0.2675	-0.072	0.081	0.9941	1	3	1	0	2	0.002	0.7083	0	0.0146
0.016	0.0418	0.3702	-0.4995	-0.2248	-0.1089	-0.3566	0.9279	2	4	1	0	3	0.0013	0.25	0	0.018
0.0109	0.0428	0.3516	-0.5065	-0.1957	-0.6563	-0.3604	0.6628	3	5	1	0	4	0.001	0.375	0	0.0108
0.0114	0.0649	0.323	-0.5178	-0.1678	-0.6713	-0.1719	-0.721	4	6	1	0	5	0.0011	0.375	0	0.0114
0.01	0.0281	0.2749	-0.5147	-0.2059	-0.5655	0.2881	-0.7728	5	7	1	0	6	0.01	0.05	0	0.01
0.01	0.0214	0.2723	-0.503	-0.2147	-0.1448	0.9815	-0.1251	6	8	1	0	7	0.01	0.05	0	0.01
0.0114	0.0704	0.2734	-0.512	-0.2137	0.1662	0.1428	0.9757	7	9	1	0	8	0.001	0.5	0	0.0114
0.0122	0.033	0.2845	-0.5069	-0.152	0.7043	-0.6091	0.3647	8	10	1	0	9	0.0013	0.25	0	0.0142
0.0076	0.0041	0.2886	-0.528	-0.1384	0.0735	-0.9714	0.226	9	11	1	0	10	0.0044	0.5833	0	0.0072
0.0111	0.0246	0.2825	-0.5318	-0.1257	0.7857	0.4547	0.4195	10	12	1	0	11	0.0013	0.2917	0	0.0139
0.0086	0.0084	0.2969	-0.5278	-0.115	-0.7203	0.5206	0.4584	11	13	1	0	12	0.01	0.05	0	0.01
0.0072	0.006	0.2878	-0.5194	-0.1135	-0.8044	-0.592	0.05	12	0	1	0	13	0.0015	0.2917	0	0.0064
0.0108	0.0711	0.3544	-0.5045	-0.2239	-0.6543	0.5341	-0.5353	3	15	3	1	1	0.0034	0.5417	0	0.0108
0.0108	0.0048	0.3077	-0.4665	-0.262	-0.4315	0.7193	-0.5444	14	16	3	1	2	0.01	0.05	0	0.01
0.0108	0.0349	0.3063	-0.4617	-0.2629	-0.9661	0.1233	0.2269	15	0	3	1	3	0.01	0.05	0	0.01
0.0124	0.025	0.3851	-0.5087	-0.2434	0.7293	-0.6827	0.0447	2	18	283	1	1	0.0055	0.5833	0	0.0169
0.0124	0.0414	0.3985	-0.5303	-0.2423	0.4538	-0.4726	-0.7554	17	0	283	1	2	0.0018	0.5	0	0.0124
0.0025	0.0421	0.2737	-0.5046	-0.2213	0.5182	-0.0888	-0.8506	6	20	4	1	1	0.0098	0.3	1	0.01
0.0025	0.023	0.2862	-0.4983	-0.2503	0.276	0.7017	-0.6569	19	21	4	1	2	0.0055	0.125	0	0.01
0.0025	0.0363	0.2906	-0.4817	-0.2645	-0.0795	0.8205	-0.5661	20	0	4	1	3	0.0074	0.225	0	0.01
0.0025	0.1112	0.2963	-0.5205	-0.1826	-0.1988	-0.6601	-0.7244	5	23	7	1	1	0.0144	0.1667	1	0.01
0.0025	0.0101	0.2875	-0.6117	-0.2646	-0.5661	-0.3651	-0.7391	22	0	7	1	2	0.0071	0.175	0	0.01
0.0063	0.059	0.2688	-0.5023	-0.2053	-0.3083	0.9335	0.1829	7	25	8	1	1	0.0006	0.4167	0	0.0058
0.0089	0.0356	0.2373	-0.4486	-0.1973	-0.0645	0.9821	-0.1767	24	26	8	1	2	0.0015	0.375	0	0.0122
0.0086	0.0491	0.2296	-0.4153	-0.21	0.2585	0.8615	-0.437	25	27	8	1	3	0.0009	0.3333	0	0.0093
0.0063	0.0263	0.2411	-0.3748	-0.2387	0.2714	0.9231	-0.2726	26	28	8	1	4	0.004	0.4583	0	0.0063
0.0071	0.026	0.2526	-0.3541	-0.2441	0.6279	0.468	-0.6219	27	29	8	1	5	0.01	0.05	0	0.01
0.0066	0.0266	0.2536	-0.3578	-0.2451	-0.8205	0.4132	-0.395	28	0	8	1	6	0.01	0.05	0	0.01
0.0083	0.044	0.276	-0.5157	-0.1512	-0.9747	0.2096	0.078	9	31	9	1	1	0.0006	0.4167	0	0.0059
0.0094	0.0389	0.2297	-0.5043	-0.146	-0.0862	-0.7013	0.7076	30	32	9	1	2	0.001	0.2917	0	0.0094
0.0104	0.0407	0.2244	-0.5312	-0.1226	0.132	0.9912	0.0087	31	33	9	1	3	0.0006	0.3333	0	0.0104
0.011	0.0293	0.216	-0.4994	-0.1112	-0.0641	0.8291	0.5554	32	34	9	1	4	0.0014	0.3333	0	0.011
0.0114	0.0401	0.2103	-0.4726	-0.1123	-0.7349	0.6322	0.2454	33	35	9	1	5	0.0071	0.375	0	0.0144
0.01	0.0298	0.1782	-0.4627	-0.1043	-0.8151	0.2025	-0.5427	34	36	9	1	6	0.01	0.05	0	0.01
0.0091	0.0316	0.1802	-0.4509	-0.1061	-0.152	0.9808	-0.1225	35	37	9	1	7	0.0013	0.3333	0	0.0091
0.0113	0.0428	0.1558	-0.4286	-0.1095	-0.2519	0.612	0.7497	36	38	9	1	8	0.0008	0.3333	0	0.0148
0.01	0.0024	0.1502	-0.3949	-0.0893	-0.6493	0.738	0.1841	37	39	9	1	9	0.01	0.05	0	0.01
0.0088	0.0269	0.1468	-0.3994	-0.0897	-0.9067	0.2106	0.3655	38	40	9	1	10	0.0005	0.3333	0	0.0088
0.0104	0.0409	0.1249	-0.3943	-0.0757	0.2049	0.9788	0.002	39	41	9	1	11	0.0015	0.3333	0	0.0104
0.01	0.0278	0.1236	-0.3559	-0.0837	-0.0662	0.9894	-0.1295	40	42	9	1	12	0.01	0.05	0	0.01
0.0105	0.0531	0.1362	-0.3292	-0.0794	0.0421	0.999	0.0135	41	43	9	1	13	0.0011	0.375	0	0.0105
0.0114	0.0543	0.1336	-0.2896	-0.0699	-0.7428	0.5321	0.4064	42	44	9	1	14	0.0012	0.4167	0	0.0148
0.0082	0.053	0.1053	-0.2649	-0.0362	-0.6501	0.1767	0.739	43	45	9	1	15	0.0039	0.625	0	0.0061
0.0114	0.0331	0.0946	-0.2627	0.012	-0.2417	0.3378	0.9097	44	46	9	1	16	0.0013	0.4583	0	0.0162
0.0113	0.0144	0.0905	-0.3088	-0.0091	-0.5982	-0.5566	0.5765	45	47	9	1	17	0.0015	0.375	0	0.0135
0.0109	0.0306	0.0813	-0.2988	0.0047	-0.6517	-0.2417	0.719	46	48	9	1	18	0.0013	0.375	0	0.0109
0.0113	0.0277	0.0587	-0.3056	0.0232	-0.7395	0.2884	0.6083	47	49	9	1	19	0.0011	0.4167	0	0.012
0.0112	0.0709	0.0409	-0.2973	0.0414	-0.4658	0.3227	0.824	48	50	9	1	20	0.0007	0.3333	0	0.0117
0.0112	0.0277	0.0125	-0.2666	0.0869	-0.28	0.8626	0.4213	49	51	9	1	21	0.0014	0.2917	0	0.012
0.0104	0.0452	0.0016	-0.2429	0.0962	-0.1174	0.9881	0.0993	50	52	9	1	22	0.001	0.375	0	0.0104
0.0101	0.0289	-0.0012	-0.1993	0.0922	-0.1155	0.9816	-0.1521	51	53	9	1	23	0.001	0.4583	0	0.0101
0.0113	0.0311	-0.0119	-0.172	0.0897	-0.1916	0.9646	-0.181	52	54	9	1	24	0.0013	0.4167	0	0.0117
0.0082	0.0111	-0.0083	-0.1466	0.0778	-0.0731	0.7503	-0.6571	53	55	9	1	25	0.004	0.4688	0	0.0082
0.011	0.0193	-0.0136	-0.1551	0.0805	-0.9366	0.327	0.1256	54	56	9	1	26	0.0039	0.2	0	0.0193
0.01	0.0095	-0.0241	-0.1491	0.0871	-0.1528	-0.9642	0.2165	55	57	9	1	27	0.01	0.05	0	0.01
0.0111	0.034	-0.0233	-0.1681	0.086	0.1666	0.3282	-0.9298	56	58	9	1	28	0.001	0.3333	0	0.0141
0.0109	0.0429	-0.0179	-0.1571	0.0544	-0.68	0.6908	-0.2458	57	59	9	1	29	0.0012	0.375	0	0.0111
0.011	0.0447	-0.0577	-0.1299	0.0459	-0.1916	-0.0044	-0.9815	58	60	9	1	30	0.0034	0.3	0	0.0224
0.0112	0.0241	-0.0755	-0.1207	0.0111	-0.74	-0.081	-0.6677	59	61	9	1	31	0.0069	0.4167	0	0.0137
0.0086	0.0454	-0.0853	-0.1181	-0.0105	-0.6335	0.69	-0.3501	60	62	9	1	32	0.0069	0.325	0	0.0086
0.01	0.0321	-0.1134	-0.0887	-0.0011	-0.5231	0.8485	0.0796	61	63	9	1	33	0.01	0.05	0	0.01
0.011	0.0324	-0.1018	-0.1051	-0.0206	-0.215	0.3254	-0.9208	62	64	9	1	34	0.0047	0.25	0	0.0226
0.011	0.0717	-0.1033	-0.1015	-0.0556	-0.3089	-0.7156	0.6264	63	65	9	1	35	0.0041	0.2	0	0.0207
0.0079	0.0559	-0.1142	-0.1329	-0.0261	-0.9072	0.3857	-0.168	64	66	9	1	36	0.0062	0.375	0	0.0079
0.0097	0.014	-0.1679	-0.1131	-0.0301	-0.6424	0.7552	-0.1303	65	67	9	1	37	0.0055	0.5313	0	0.0097
0.0109	0.0549	-0.1553	-0.1075	-0.0145	-0.3989	0.6226	0.6732	66	68	9	1	38	0.0066	0.35	0	0.014
0.0111	0.0203	-0.1983	-0.0629	-0.001	-0.313	0.7329	0.6041	67	69	9	1	39	0.0056	0.45	0	0.0117
0.0075	0.0422	-0.2079	-0.0529	0.0133	-0.8455	0.5234	-0.1058	68	70	9	1	40	0.0038	0.625	0	0.0073
0.011	0.0062	-0.1983	-0.0391	0.0133	0.1961	0.9625	-0.1873	69	71	9	1	41	0.0013	0.5	0	0.0113
0.011	0.0615	-0.1951	-0.0242	0.0256	0.0003	0.829	-0.5593	70	72	9	1	42	0.0042	0.35	0	0.0183
0.0106	0.0287	-0.1985	0.0323	-0.0028	-0.3166	0.6032	-0.7321	71	73	9	1	43	0.0009	0.4167	0	0.011
0.0107	0.0298	-0.2055	0.0466	-0.026	-0.2043	0.4588	-0.8648	72	74	9	1	44	0.0011	0.3333	0	0.0135
0.0101	0.0501	-0.2102	0.0611	-0.0423	-0.7262	0.6862	0.0423	73	75	9	1	45	0.0016	0.4167	0	0.0103
0.0107	0.0193	-0.2466	0.0933	-0.0448	-0.4798	0.7896	-0.3826	74	76	9	1	46	0.0012	0.3333	0	0.012
0.0082	0.0267	-0.2555	0.1089	-0.0435	-0.8383	0.5451	0.011	75	77	9	1	47	0.0055	0.5	0	0.0082
0.0097	0.0416	-0.2717	0.1214	-0.043	0.2257	0.7643	0.6041	76	0	9	1	48	0.01	0.05	0	0.01
0.0131	0.022	0.2826	-0.5213	-0.1347	-0.6024	0.7127	0.3594	10	79	14	1	1	0.0017	0.4167	1	0.0131
0.0131	0.0748	0.2693	-0.5057	-0.1268	0.2856	-0.817	-0.501	78	80	14	1	2	0.0017	0.4167	0	0.0131
0.0131	0.0256	0.2807	-0.5603	-0.1748	0.2995	-0.6609	-0.6881	79	81	14	1	3	0.01	0.05	0	0.01
0.0131	0.0381	0.2942	-0.5776	-0.187	0.4655	-0.6881	-0.5566	80	82	14	1	4	0.01	0.05	0	0.01
0.0131	0.0217	0.2787	-0.5969	-0.1864	-0.3268	-0.9219	-0.2081	81	0	14	1	5	0.01	0.05	0	0.01
0.0025	0.0765	0.2797	-0.5152	-0.2086	-0.0691	0.5167	0.8533	24	84	12	2	1	0.01	0.05	0	0.01
0.0025	0.0104	0.2742	-0.4697	-0.1468	0.495	0.4453	0.7461	83	0	12	2	2	0.01	0.05	0	0.01
0.0089	0.0632	0.2361	-0.5158	-0.1429	0.2311	-0.889	-0.3952	31	86	10	2	1	0.0023	0.4583	0	0.0092
0.0089	0.0077	0.25	-0.5684	-0.1685	-0.1549	-0.203	-0.9669	85	87	10	2	2	0.01	0.05	0	0.01
0.0089	0.0246	0.2476	-0.57	-0.1745	-0.1724	-0.9713	-0.1638	86	88	10	2	3	0.01	0.05	0	0.01
0.0089	0.0222	0.2433	-0.5939	-0.1785	-0.4903	-0.5	0.7139	87	0	10	2	4	0.01	0.05	0	0.01
0.0111	0.0649	0.1802	-0.434	-0.1116	0.012	0.775	-0.6318	36	90	15	2	1	0.0039	0.2	1	0.0193
0.0111	0.0352	0.1898	-0.3836	-0.1519	-0.0319	0.9359	0.3508	89	91	15	2	2	0.0038	0.2	0	0.0193
0.0111	0.0362	0.2031	-0.3512	-0.1574	-0.2457	0.9429	-0.2247	90	92	15	2	3	0.0009	0.3333	0	0.0115
0.0111	0.0235	0.1855	-0.325	-0.1713	-0.2526	0.7288	-0.6365	91	93	15	2	4	0.01	0.05	0	0.01
0.0111	0.0068	0.1901	-0.3038	-0.1791	-0.4985	0.8258	0.2636	92	94	15	2	5	0.0009	0.375	0	0.0152
0.0111	0.0335	0.1868	-0.3061	-0.1926	0.9223	0.3442	-0.1759	93	95	15	2	6	0.013	0.4583	0	0.0134
0.0111	0.0295	0.2057	-0.2927	-0.2054	0.5142	0.1109	-0.8505	94	96	15	2	7	0.004	0.4	0	0.0111
0.0111	0.0746	0.2285	-0.2948	-0.2227	0.6912	-0.0653	-0.7197	95	97	15	2	8	0.0048	0.2857	0	0.0102
0.0111	0.0499	0.2798	-0.3187	-0.256	0.8339	-0.4084	-0.3713	96	98	15	2	9	0.01	0.05	0	0.01
0.0111	0.038	0.2745	-0.2818	-0.2804	0.6417	0.4636	-0.611	97	99	15	2	10	0.0012	0.3333	0	0.0159
0.0111	0.0091	0.2963	-0.2603	-0.2944	0.0601	0.9246	-0.3762	98	100	15	2	11	0.01	0.05	0	0.01
0.0111	0.0306	0.2968	-0.2519	-0.2979	0.1537	0.5597	-0.8143	99	0	15	2	12	0.01	0.05	0	0.01
0.0081	0.0185	0.2236	-0.4863	-0.0946	0.7428	-0.0138	0.6693	33	102	22	2	1	0.0026	0.4167	1	0.0081
0.0081	0.0512	0.2373	-0.4866	-0.0822	-0.7048	-0.7075	-0.0517	101	103	22	2	2	0.0026	0.4167	0	0.0081
0.0091	0.0023	0.203	-0.5132	-0.076	-0.8274	-0.2875	0.4824	102	104	22	2	3	0.01	0.05	0	0.01
0.0083	0.0641	0.2095	-0.5125	-0.0806	-0.0326	-0.9591	-0.2813	103	105	22	2	4	0.0008	0.3333	0	0.0083
0.0097	0.0368	0.1996	-0.5792	-0.0969	-0.0096	-0.3161	-0.9487	104	106	22	2	5	0.0016	0.375	0	0.012
0.0089	0.0268	0.2	-0.5986	-0.1219	-0.3007	-0.7618	-0.5738	105	107	22	2	6	0.01	0.05	0	0.01
0.0088	0.0235	0.2017	-0.5941	-0.1199	-0.9431	0.1673	0.2874	106	108	22	2	7	0.01	0.05	0	0.01
0.0087	0.0166	0.1795	-0.5902	-0.1131	-0.356	0.3016	-0.8845	107	0	22	2	8	0.01	0.05	0	0.01
0.0122	0.0383	0.1828	-0.4525	-0.097	0.2749	-0.1729	0.9458	36	110	23	2	1	0.0026	0.5	1	0.0122
0.0122	0.0665	0.1934	-0.4591	-0.0608	0.1082	-0.9648	0.2399	109	111	23	2	2	0.0026	0.5	0	0.0122
0.0122	0.0324	0.1895	-0.5226	-0.0548	0.4043	-0.7604	-0.5083	110	112	23	2	3	0.0015	0.4167	0	0.016
0.0122	0.0348	0.2042	-0.5546	-0.058	0.5055	-0.7287	-0.462	111	113	23	2	4	0.01	0.05	0	0.01
0.0122	0.0284	0.2038	-0.5534	-0.0562	-0.5256	0.1995	-0.827	112	114	23	2	5	0.01	0.05	0	0.01
0.0122	0.0181	0.1889	-0.5477	-0.0798	0.7253	0.208	-0.6563	113	0	23	2	6	0.01	0.05	0	0.01
0.0116	0.0133	0.1442	-0.3901	-0.0851	0.4279	0.8745	0.2282	39	116	26	2	1	0.0024	0.4583	1	0.0116
0.0116	0.0637	0.1499	-0.3785	-0.0821	-0.1554	-0.7829	0.6024	115	117	26	2	2	0.0024	0.4583	0	0.0116
0.0116	0.0515	0.1424	-0.4304	-0.0464	0.1219	-0.7401	0.6614	116	118	26	2	3	0.0011	0.375	0	0.0104
0.0116	0.0049	0.1525	-0.4613	-0.0142	0.1015	0.1944	0.9756	117	119	26	2	4	0.01	0.05	0	0.01
0.0116	0.0179	0.156	-0.4641	-0.012	-0.7398	-0.6651	0.1018	118	0	26	2	5	0.01	0.05	0	0.01
0.0111	0.1068	0.1043	-0.2594	-0.0082	0.4274	0.1486	-0.8917	45	121	37	2	1	0.0048	0.5417	1	0.0111
0.0111	0.0568	0.1499	-0.2435	-0.1034	0.1296	-0.8187	-0.5595	120	122	37	2	2	0.0048	0.5417	0	0.0111
0.0111	0.0066	0.1551	-0.2909	-0.1355	0.3896	-0.6609	-0.6415	121	0	37	2	3	0.01	0.05	0	0.01
0.008	0.042	0.1022	-0.2568	-0.0015	0.4517	0.3047	-0.8385	45	124	38	2	1	0.002	0.4583	1	0.008
0.008	0.0564	0.1212	-0.244	-0.0367	0.1339	0.2554	-0.9575	123	125	38	2	2	0.002	0.4583	0	0.008
0.0102	0.0607	0.133	-0.2355	-0.0902	0.7117	0.4594	-0.5315	124	126	38	2	3	0.0016	0.4583	0	0.0121
0.0089	0.0025	0.1767	-0.1999	-0.1181	0.8128	0.2439	-0.529	125	127	38	2	4	0.01	0.05	0	0.01
0.0088	0.002	0.1781	-0.1994	-0.1195	-0.2065	0.9768	0.056	126	128	38	2	5	0.01	0.05	0	0.01
0.0086	0.0154	0.1781	-0.1987	-0.12	0.42	0.5215	-0.7427	127	0	38	2	6	0.01	0.05	0	0.01
0.0055	0.1047	0.0921	-0.2769	0.0018	-0.3956	-0.6755	0.6222	45	130	43	2	1	0.0011	0.375	0	0.0102
0.0025	0.0076	0.0501	-0.3482	0.0681	0.856	-0.4698	0.2158	129	0	43	2	2	0.01	0.05	0	0.01
0.0078	0.0192	0.0066	-0.188	0.0952	0.7475	0.5732	0.3355	52	132	46	2	1	0.002	0.4583	1	0.0078
0.0078	0.0567	0.0209	-0.177	0.1016	0.0367	-0.7808	-0.6237	131	133	46	2	2	0.002	0.4583	0	0.0078
0.0092	0.0228	0.0311	-0.2231	0.0632	-0.3067	-0.9165	-0.2567	132	134	46	2	3	0.0012	0.375	0	0.0135
0.009	0.0369	0.031	-0.2448	0.0669	0.0348	-0.9934	-0.1091	133	135	46	2	4	0.0012	0.25	0	0.01
0.0085	0.0298	0.0321	-0.2814	0.0636	-0.3067	-0.9478	-0.0872	134	136	46	2	5	0.01	0.05	0	0.01
0.0083	0.0102	0.0317	-0.2844	0.0511	-0.0671	-0.3433	-0.9368	135	0	46	2	6	0.01	0.05	0	0.01
0.0103	0.059	-0.0587	-0.1409	0.0453	-0.5653	-0.8089	0.162	59	138	48	2	1	0.0034	0.375	0	0.0103
0.0105	0.041	-0.0808	-0.1794	0.0493	0.2139	-0.6799	-0.7014	137	139	48	2	2	0.001	0.5	0	0.0134
0.0097	0.0271	-0.0797	-0.2101	0.0208	0.2273	-0.7044	-0.6724	138	140	48	2	3	0.0011	0.25	0	0.0097
0.0098	0.0519	-0.0748	-0.2337	0.0095	-0.2698	-0.7807	-0.5637	139	141	48	2	4	0.0014	0.4167	0	0.0098
0.0105	0.0396	-0.1007	-0.2662	-0.016	-0.5836	-0.7991	-0.1443	140	142	48	2	5	0.0016	0.5417	0	0.0134
0.0105	0.0478	-0.1222	-0.2936	-0.0163	-0.7721	-0.372	0.5152	141	143	48	2	6	0.0011	0.4583	0	0.0119
0.0105	0.0032	-0.1635	-0.303	0.0006	-0.8355	0.0694	0.5451	142	144	48	2	7	0.0019	0.075	0	0.0201
0.0104	0.0417	-0.1651	-0.3099	0.0126	-0.9914	-0.131	0.0076	143	145	48	2	8	0.001	0.25	0	0.012
0.0104	0.0216	-0.205	-0.3192	0.0142	-0.9463	-0.3085	0.097	144	146	48	2	9	0.001	0.375	0	0.0107
0.0104	0.0401	-0.2198	-0.3287	0.0098	-0.7828	-0.2246	-0.5804	145	147	48	2	10	0.0009	0.25	0	0.0127
0.0097	0.025	-0.2575	-0.3316	-0.0056	-0.7971	-0.0447	-0.6021	146	148	48	2	11	0.0012	0.2917	0	0.0097
0.0104	0.033	-0.2783	-0.3304	-0.0213	-0.9174	-0.2811	0.2816	147	149	48	2	12	0.001	0.4167	0	0.0123
0.0098	0.0151	-0.3111	-0.3403	-0.0194	-0.9438	-0.0859	0.3192	148	150	48	2	13	0.001	0.2917	0	0.0098
0.0086	0.0443	-0.3126	-0.3306	-0.0219	-0.1371	-0.4343	-0.8903	149	151	48	2	14	0.0038	0.4167	0	0.0086
0.009	0.0261	-0.3248	-0.3422	-0.0609	-0.0497	0.0147	-0.9987	150	152	48	2	15	0.0041	0.4375	0	0.009
0.0076	0.0331	-0.3288	-0.3453	-0.0862	-0.344	0.0679	-0.9365	151	153	48	2	16	0.0024	0.625	0	0.0071
0.0092	0.0219	-0.339	-0.3522	-0.1169	-0.2164	-0.0569	-0.9746	152	154	48	2	17	0.0043	0.4375	0	0.0092
0.0103	0.0362	-0.3502	-0.339	-0.1133	-0.9741	-0.0674	-0.2158	153	155	48	2	18	0.0072	0.375	0	0.0109
0.0078	0.0146	-0.387	-0.3543	-0.1236	-0.9309	0.0437	0.3626	154	156	48	2	19	0.0048	0.4688	0	0.0078
0.0095	0.0356	-0.3836	-0.3654	-0.1243	-0.5826	-0.8111	-0.0525	155	157	48	2	20	0.0064	0.375	0	0.0095
0.0098	0.0245	-0.4085	-0.3911	-0.1151	-0.1466	-0.9633	0.225	156	158	48	2	21	0.01	0.05	0	0.01
0.0101	0.0196	-0.4088	-0.3971	-0.138	-0.1328	-0.8363	-0.5319	157	159	48	2	22	0.0018	0.275	0	0.0163
0.0099	0.0569	-0.4111	-0.4119	-0.1481	-0.9106	0.2624	-0.3193	158	160	48	2	23	0.0011	0.2083	0	0.0129
0.0097	0.0324	-0.4675	-0.4043	-0.1623	-0.8658	0.3614	-0.3462	159	161	48	2	24	0.01	0.05	0	0.01
0.01	0.0088	-0.4861	-0.4056	-0.1789	-0.8277	-0.4853	-0.2819	160	162	48	2	25	0.0033	0.225	0	0.0224
0.0103	0.0057	-0.5022	-0.3848	-0.1716	-0.9501	-0.2851	-0.1264	161	163	48	2	26	0.0059	0.5417	0	0.0121
0.01	0.0225	-0.5111	-0.396	-0.1829	-0.9717	0.1447	0.1866	162	164	48	2	27	0.0048	0.5	0	0.0102
0.0098	0.0294	-0.533	-0.3855	-0.1706	-0.8807	-0.3581	0.31	163	165	48	2	28	0.0012	0.25	0	0.0108
0.0087	0.0198	-0.5487	-0.4019	-0.1626	-0.3757	-0.749	0.5458	164	166	48	2	29	0.0055	0.5	0	0.0087
0.01	0.0341	-0.5562	-0.4208	-0.1735	0.3752	-0.9108	0.1724	165	167	48	2	30	0.0054	0.4375	0	0.0129
0.0091	0.0348	-0.5498	-0.4477	-0.1713	-0.3888	-0.8689	-0.3065	166	0	48	2	31	0.01	0.05	0	0.01
0.0078	0.0544	-0.0505	-0.1315	0.0256	0.7837	0.4523	-0.4256	59	169	49	2	1	0.0007	0.5	0	0.0071
0.0105	0.049	-0.01	-0.1068	0.0011	0.5251	0.2211	-0.8218	168	170	49	2	2	0.0013	0.375	0	0.0123
0.0104	0.0333	0.0091	-0.0875	-0.0334	0.4713	0.7129	-0.5193	169	171	49	2	3	0.001	0.25	0	0.0151
0.0105	0.0156	0.0358	-0.0768	-0.0615	0.4399	0.7641	-0.4718	170	172	49	2	4	0.0052	0.4063	0	0.0116
0.0093	0.0264	0.0474	-0.0661	-0.0672	-0.3259	0.0324	0.9448	171	173	49	2	5	0.0011	0.375	0	0.0093
0.0105	0.0607	0.0524	-0.064	-0.0601	-0.0892	0.996	-0.0009	172	174	49	2	6	0.0012	0.5	0	0.0121
0.0104	0.0289	0.0455	-0.0021	-0.0429	0.1795	0.9814	-0.0676	173	175	49	2	7	0.001	0.3333	0	0.0132
0.0073	0.0185	0.0422	0.023	-0.0475	-0.3959	0.9017	0.1736	174	176	49	2	8	0.0038	0.7083	0	0.0073
0.0102	0.0344	0.0452	0.0394	-0.0435	0.0046	0.9548	0.2971	175	177	49	2	9	0.0011	0.375	0	0.0102
0.0104	0.0337	0.0409	0.0626	-0.0268	-0.9081	0.4186	-0.0086	176	178	49	2	10	0.0012	0.3333	0	0.0127
0.0103	0.0289	0.0163	0.0916	-0.035	-0.9425	0.2742	-0.1913	177	179	49	2	11	0.0012	0.2917	0	0.0108
0.0103	0.033	-0.0101	0.1032	-0.0371	-0.7982	0.5053	-0.3281	178	180	49	2	12	0.001	0.375	0	0.0114
0.0099	0.0261	-0.0372	0.1188	-0.0466	-0.8943	0.3386	-0.2926	179	181	49	2	13	0.001	0.4167	0	0.0099
0.0101	0.0256	-0.0619	0.1246	-0.0504	-0.9576	0.0496	-0.2839	180	182	49	2	14	0.0014	0.2917	0	0.0102
0.0102	0.0433	-0.0649	0.1311	-0.0549	-0.2271	0.4813	0.8466	181	183	49	2	15	0.0011	0.2083	0	0.0105
0.01	0.0223	-0.0753	0.1577	-0.024	0.0558	0.7058	0.7062	182	184	49	2	16	0.01	0.05	0	0.01
0.0102	0.0253	-0.0743	0.1655	-0.0146	-0.4271	0.5753	-0.6976	183	185	49	2	17	0.0033	0.25	0	0.0167
0.01	0.01	-0.078	0.1772	-0.0243	0.5666	-0.4586	-0.6846	184	186	49	2	18	0.01	0.05	0	0.01
0.0102	0.0526	-0.076	0.1587	-0.0428	-0.5973	0.6011	-0.5309	185	187	49	2	19	0.0038	0.275	0	0.021
0.0081	0.0305	-0.1091	0.1869	-0.0599	0.0593	0.9503	0.3056	186	188	49	2	20	0.0014	0.25	0	0.0081
0.0101	0.025	-0.1148	0.2165	-0.0551	-0.3047	0.7294	0.6125	187	189	49	2	21	0.0011	0.3333	0	0.0124
0.0098	0.0258	-0.1181	0.2426	-0.0465	-0.5772	0.6957	0.4277	188	190	49	2	22	0.01	0.05	0	0.01
0.0097	0.021	-0.1384	0.2326	-0.0474	-0.7117	0.3891	-0.5849	189	191	49	2	23	0.01	0.05	0	0.01
0.0089	0.031	-0.1293	0.2313	-0.0436	0.5936	0.6071	-0.5283	190	192	49	2	24	0.0008	0.3333	0	0.0089
0.0077	0.037	-0.1114	0.2491	-0.0609	-0.1458	0.7218	-0.6766	191	193	49	2	25	0.0009	0.2917	0	0.0077
0.0099	0.0396	-0.122	0.2836	-0.0763	-0.8696	0.0279	-0.493	192	194	49	2	26	0.0017	0.25	0	0.0148
0.0095	0.0061	-0.1359	0.2947	-0.0976	-0.3514	0.5947	-0.7231	193	195	49	2	27	0.01	0.05	0	0.01
0.0095	0.0363	-0.138	0.2983	-0.102	-0.9791	-0.1708	0.11	194	196	49	2	28	0.01	0.05	0	0.01
0.0099	0.0445	-0.1801	0.2918	-0.1019	0.1542	0.9287	-0.3374	195	197	49	2	29	0.0011	0.3333	0	0.0107
0.0097	0.0422	-0.186	0.3164	-0.1271	-0.8094	0.5846	0.0562	196	198	49	2	30	0.0013	0.25	0	0.0122
0.0091	0.043	-0.2084	0.3523	-0.1268	-0.692	0.7219	-0.0077	197	199	49	2	31	0.005	0.375	0	0.0092
0.009	0.0332	-0.2365	0.3767	-0.1369	-0.4666	0.6882	-0.5555	198	200	49	2	32	0.01	0.05	0	0.01
0.0089	0.0302	-0.2453	0.3983	-0.1237	-0.4027	0.9073	0.1211	199	201	49	2	33	0.01	0.05	0	0.01
0.0089	0.025	-0.2418	0.4269	-0.1288	-0.1069	0.993	-0.0497	200	0	49	2	34	0.01	0.05	0	0.01
0.0122	0.0466	-0.1008	-0.0922	-0.0252	0.0865	0.9875	0.1314	63	203	63	2	1	0.0028	0.5	0	0.0122
0.0122	0.0116	-0.0935	-0.047	-0.0249	0.726	0.5997	0.3366	202	204	63	2	2	0.01	0.05	0	0.01
0.0122	0.0268	-0.0851	-0.04	-0.021	0.7884	-0.1116	0.6049	203	0	63	2	3	0.01	0.05	0	0.01
0.0086	0.029	-0.1469	-0.1214	-0.0397	0.2209	-0.3955	-0.8915	65	206	84	2	1	0.0024	0.5	1	0.009
0.0086	0.0594	-0.1405	-0.1329	-0.0656	0.5242	0.1947	-0.8291	205	207	84	2	2	0.0024	0.5	0	0.009
0.0086	0.0326	-0.1129	-0.1329	-0.1125	0.1777	-0.2408	-0.9542	206	208	84	2	3	0.0037	0.4063	0	0.0086
0.0086	0.0054	-0.106	-0.1433	-0.1315	0.0939	-0.9719	-0.2157	207	209	84	2	4	0.01	0.05	0	0.01
0.0086	0.0187	-0.1055	-0.1486	-0.1327	-0.1324	0.6136	-0.7784	208	0	84	2	5	0.01	0.05	0	0.01
0.0072	0.0504	-0.2307	-0.0303	0.0076	0.9149	0.2061	0.3472	69	211	85	2	1	0.003	0.2	1	0.015
0.0072	0.0356	-0.1959	-0.0295	0.0375	0.7846	-0.151	0.6014	210	212	85	2	2	0.0062	0.425	0	0.015
0.0072	0.0367	-0.1817	-0.0304	0.0553	0.3788	0.8435	-0.3807	211	213	85	2	3	0.0014	0.2917	0	0.0108
0.0072	0.0326	-0.1657	0.0029	0.0473	-0.0442	0.9363	-0.3484	212	214	85	2	4	0.001	0.3333	0	0.0114
0.0072	0.0302	-0.1578	0.0276	0.037	0.4247	0.7671	0.4809	213	215	85	2	5	0.0061	0.225	0	0.018
0.0072	0.0549	-0.1433	0.0455	0.0544	0.8115	0.446	0.3775	214	216	85	2	6	0.0011	0.375	0	0.0104
0.0072	0.0211	-0.1023	0.0741	0.0703	0.6653	0.7307	0.153	215	217	85	2	7	0.0036	0.4	0	0.0086
0.0072	0.0255	-0.0766	0.0651	0.0763	0.8473	0.4367	0.3022	216	218	85	2	8	0.0023	0.2917	0	0.008
0.0071	0.0225	-0.0614	0.0682	0.0713	0.8773	-0.457	-0.1466	217	219	85	2	9	0.01	0.05	0	0.01
0.0072	0.0502	-0.0678	0.0842	0.086	0.5545	-0.0148	0.832	218	220	85	2	10	0.0009	0.3333	0	0.0104
0.0053	0.0375	-0.0462	0.0888	0.1263	0.4737	0.6893	0.5482	219	221	85	2	11	0.0008	0.25	0	0.0053
0.0071	0.0251	-0.0232	0.1067	0.141	0.8628	0.4952	0.1018	220	222	85	2	12	0.001	0.3333	0	0.0094
0.0071	0.0247	-0.0102	0.1154	0.1317	0.7695	0.1737	-0.6145	221	223	85	2	13	0.0039	0.4167	0	0.0105
0.0069	0.0467	0.0098	0.1219	0.1177	0.5194	0.2399	-0.8202	222	224	85	2	14	0.0008	0.25	0	0.0069
0.0071	0.025	0.0223	0.1468	0.0846	0.3795	0.5975	-0.7064	223	225	85	2	15	0.004	0.3125	0	0.0102
0.0066	0.0218	0.0398	0.1621	0.0722	0.0132	0.995	-0.0989	224	226	85	2	16	0.0026	0.5833	0	0.0066
0.0067	0.0059	0.0266	0.1836	0.0694	-0.0241	0.9804	0.1957	225	227	85	2	17	0.0054	0.4167	0	0.0067
0.0071	0.0422	0.0304	0.1972	0.079	-0.9347	0.3307	0.1305	226	228	85	2	18	0.0008	0.4167	0	0.0097
0.0071	0.0312	-0.0075	0.2093	0.0936	-0.7692	0.5888	0.2481	227	229	85	2	19	0.0052	0.375	0	0.0072
0.0071	0.0346	-0.0138	0.2332	0.0908	-0.3474	0.9324	-0.0999	228	230	85	2	20	0.0063	0.4583	0	0.0071
0.0071	0.0299	-0.0207	0.2634	0.0916	0.6067	0.6839	-0.4051	229	231	85	2	21	0.0034	0.4688	0	0.0076
0.0071	0.0197	-0.0039	0.2838	0.0768	0.4854	0.8348	-0.2599	230	232	85	2	22	0.0036	0.4688	0	0.0085
0.0071	0.0273	-0.0058	0.3035	0.0811	0.4316	0.8742	0.2228	231	233	85	2	23	0.0047	0.625	0	0.009
0.007	0.0233	0.0225	0.3124	0.0898	0.5121	0.6618	0.5475	232	234	85	2	24	0.0063	0.3438	0	0.0101
0.007	0.0464	0.0337	0.3385	0.0904	0.9763	0.1851	0.1117	233	235	85	2	25	0.004	0.275	0	0.0111
0.006	0.0363	0.0779	0.3475	0.1012	0.7741	0.624	0.1067	234	236	85	2	26	0.0031	0.5625	0	0.006
0.0069	0.0226	0.108	0.3621	0.0997	0.9468	0.3032	-0.108	235	237	85	2	27	0.01	0.05	0	0.01
0.007	0.0106	0.12	0.3729	0.0878	0.7388	0.2502	-0.6257	236	238	85	2	28	0.0043	0.35	0	0.0122
0.0068	0.0274	0.1269	0.3778	0.0822	0.3219	0.5119	-0.7965	237	239	85	2	29	0.01	0.05	0	0.01
0.0068	0.0227	0.1409	0.3715	0.069	0.3722	-0.2786	-0.8854	238	240	85	2	30	0.01	0.05	0	0.01
0.0071	0.0116	0.1461	0.3665	0.0624	0.4392	-0.8774	0.1932	239	241	85	2	31	0.0032	0.5417	0	0.0089
0.0051	0.0225	0.1565	0.3794	0.072	0.7657	-0.3481	0.5409	240	242	85	2	32	0.0073	0.4167	0	0.0047
0.0065	0.03	0.181	0.367	0.0789	0.6258	0.7487	0.2187	241	243	85	2	33	0.0037	0.4688	0	0.0065
0.007	0.0202	0.1962	0.3905	0.0723	0.7808	0.6018	-0.1676	242	244	85	2	34	0.0042	0.5	0	0.0095
0.0069	0.0342	0.2	0.3989	0.0705	-0.2232	0.3327	-0.9162	243	245	85	2	35	0.001	0.375	0	0.0079
0.007	0.0334	0.2019	0.4109	0.037	-0.236	0.1456	-0.9608	244	246	85	2	36	0.004	0.4375	0	0.008
0.0068	0.0409	0.1908	0.4289	0.0038	0.6169	0.0853	-0.7824	245	247	85	2	37	0.0048	0.175	0	0.0165
0.0069	0.0378	0.2029	0.4309	-0.0362	0.5273	-0.2242	-0.8196	246	248	85	2	38	0.0056	0.375	0	0.0134
0.0071	0.0393	0.2333	0.4325	-0.0618	0.1903	0.3024	-0.934	247	249	85	2	39	0.0063	0.475	0	0.0125
0.0068	0.0221	0.2459	0.4428	-0.0948	0.6153	0.1932	-0.7643	248	250	85	2	40	0.0037	0.225	0	0.0131
0.007	0.0232	0.2588	0.4489	-0.114	0.6798	-0.4674	-0.5651	249	251	85	2	41	0.0033	0.5	0	0.0078
0.0069	0.0442	0.2817	0.4394	-0.1225	0.5191	0.1448	-0.8423	250	252	85	2	42	0.0012	0.4167	0	0.0109
0.0048	0.0464	0.3023	0.449	-0.1635	0.737	-0.2113	-0.642	251	253	85	2	43	0.002	0.5313	0	0.0047
0.0051	0.0141	0.329	0.4277	-0.1919	0.3619	-0.3427	-0.8669	252	254	85	2	44	0.0036	0.5417	0	0.0051
0.0063	0.039	0.3434	0.4283	-0.1976	0.6702	-0.5542	-0.4936	253	255	85	2	45	0.0022	0.5	0	0.0063
0.0063	0.0328	0.3725	0.4146	-0.206	0.9702	-0.2229	-0.0951	254	256	85	2	46	0.01	0.05	0	0.01
0.0066	0.0096	0.3767	0.3952	-0.2162	0.4514	-0.7878	-0.419	255	257	85	2	47	0.0012	0.25	0	0.0077
0.0068	0.0551	0.3815	0.3869	-0.2174	0.101	0.9702	0.2202	256	258	85	2	48	0.0008	0.4167	0	0.0094
0.0065	0.0308	0.3988	0.4261	-0.1929	0.4632	0.766	0.4458	257	259	85	2	49	0.009	0.25	0	0.0086
0.0058	0.0414	0.4081	0.4492	-0.1764	0.4716	0.139	0.8708	258	260	85	2	50	0.0034	0.325	0	0.0058
0.0064	0.0155	0.4326	0.4711	-0.1503	0.6562	0.2415	0.7149	259	261	85	2	51	0.0063	0.3125	0	0.0068
0.006	0.0168	0.4241	0.472	-0.1382	-0.1075	0.879	0.4646	260	262	85	2	52	0.01	0.05	0	0.01
0.0066	0.024	0.4247	0.4741	-0.1505	-0.2281	0.8098	-0.5405	261	0	85	2	53	0.0015	0.375	0	0.0076
0.0096	0.0372	-0.2333	-0.0311	0.0042	0.5802	-0.3822	-0.7192	69	264	98	2	1	0.0027	0.5417	0	0.0096
0.0096	0.0401	-0.2115	-0.0506	-0.0333	-0.9753	0.1895	-0.1137	263	0	98	2	2	0.01	0.05	0	0.01
0.0111	0.0422	-0.2248	-0.0361	0.0161	-0.4648	0.0144	0.8853	69	266	99	2	1	0.002	0.4167	0	0.0111
0.0111	0.0495	-0.2459	-0.0368	0.0525	-0.4934	-0.0974	0.8643	265	267	99	2	2	0.0016	0.375	0	0.0106
0.0111	0.0183	-0.269	-0.0324	0.0888	-0.1422	0.5837	0.7994	266	268	99	2	3	0.0013	0.2917	0	0.0108
0.0111	0.0273	-0.2914	-0.0308	0.09	-0.455	0.8879	0.0678	267	269	99	2	4	0.0059	0.4167	0	0.0118
0.0111	0.0303	-0.2971	-0.02	0.0808	-0.9099	-0.1304	-0.3937	268	270	99	2	5	0.01	0.05	0	0.01
0.0111	0.0092	-0.2975	-0.0143	0.0868	-0.5708	0.628	0.5289	269	271	99	2	6	0.01	0.05	0	0.01
0.0111	0.0213	-0.3028	-0.0086	0.0917	-0.8769	-0.4502	-0.1686	270	0	99	2	7	0.01	0.05	0	0.01
0.0104	0.0129	-0.2009	0.0234	0.0048	-0.5213	0.558	0.6457	71	273	109	2	1	0.0022	0.4167	1	0.0113
0.0104	0.0587	-0.2076	0.0305	0.0131	-0.6335	-0.6753	-0.3778	272	274	109	2	2	0.0022	0.4167	0	0.0113
0.0104	0.0062	-0.2439	-0.0033	-0.012	-0.2432	-0.4002	-0.8836	273	275	109	2	3	0.01	0.05	0	0.01
0.0104	0.0254	-0.2454	-0.0058	-0.0175	0.136	0.2688	-0.9536	274	0	109	2	4	0.01	0.05	0	0.01
0.0091	0.0899	-0.2146	0.072	-0.033	-0.5365	-0.4862	0.6898	74	277	120	2	1	0.003	0.5417	0	0.0093
0.0091	0.0356	-0.2593	0.0313	0.0345	-0.7029	-0.3313	0.6294	276	278	120	2	2	0.0035	0.225	0	0.0142
0.0062	0.0366	-0.284	0.0142	0.0493	-0.6313	-0.646	0.4291	277	279	120	2	3	0.0044	0.4688	0	0.0059
0.0059	0.0513	-0.3128	-0.0024	0.0681	-0.6167	-0.6784	0.3993	278	280	120	2	4	0.0039	0.325	0	0.0048
0.0071	0.0395	-0.3424	-0.0357	0.093	-0.7091	-0.4981	0.499	279	281	120	2	5	0.01	0.05	0	0.01
0.0067	0.0259	-0.3739	-0.0574	0.0995	-0.7848	-0.5445	0.2959	280	282	120	2	6	0.01	0.05	0	0.01
0.0064	0.0148	-0.346	-0.0759	0.0921	-0.0595	-0.9931	0.1007	281	0	120	2	7	0.01	0.05	0	0.01
0.0085	0.0785	0.1711	-0.4143	-0.1352	-0.941	0.1642	-0.2959	89	284	27	3	1	0.0029	0.4583	0	0.0083
0.0087	0.0152	0.1036	-0.3996	-0.1606	-0.4059	0.6039	-0.686	283	285	27	3	2	0.01	0.05	0	0.01
0.0086	0.009	0.098	-0.3907	-0.1552	-0.3825	0.9235	0.0278	284	286	27	3	3	0.01	0.05	0	0.01
0.0084	0.0203	0.0958	-0.3799	-0.1564	0.1989	0.408	0.8911	285	0	27	3	4	0.01	0.05	0	0.01
0.0155	0.0781	0.1798	-0.3202	-0.163	-0.0459	0.9785	0.2012	92	288	31	3	1	0.0025	0.4167	0	0.0155
0.0155	0.0207	0.1915	-0.2406	-0.1431	-0.3227	0.3774	0.868	287	289	31	3	2	0.0026	0.2	0	0.0084
0.0155	0.0552	0.1652	-0.2495	-0.1206	0.042	0.2155	0.9756	288	290	31	3	3	0.0012	0.2917	0	0.014
0.0155	0.0566	0.1661	-0.242	-0.0667	0.2595	-0.0848	0.962	289	291	31	3	4	0.002	0.125	0	0.01
0.0155	0.0415	0.1516	-0.2632	-0.0242	0.1268	-0.7207	0.6815	290	0	31	3	5	0.0012	0.125	0	0.01
0.0114	0.0442	0.2119	-0.2933	-0.2359	-0.3063	-0.3299	-0.8929	95	293	41	3	1	0.0017	0.4167	0	0.0114
0.0114	0.0196	0.1929	-0.3143	-0.27	0.698	-0.0049	0.7161	292	294	41	3	2	0.01	0.05	0	0.01
0.0114	0.0432	0.2053	-0.3191	-0.2575	0.5586	0.1185	-0.8209	293	0	41	3	3	0.01	0.05	0	0.01
0.0115	0.0965	0.2485	-0.3033	-0.2681	0.5553	-0.6959	-0.4553	98	296	42	3	1	0.0011	0.4167	0	0.0115
0.0115	0.02	0.3031	-0.3726	-0.2984	0.843	-0.5187	-0.1427	295	297	42	3	2	0.01	0.05	0	0.01
0.0115	0.0084	0.2964	-0.3693	-0.3158	-0.4847	-0.8739	-0.0368	296	0	42	3	3	0.01	0.05	0	0.01
0.0076	0.0452	0.1281	-0.248	-0.0368	0.2354	0.9455	0.2248	124	299	40	3	1	0.0043	0.3	0	0.0127
0.0076	0.0092	0.1305	-0.2114	-0.0259	-0.5937	0.8047	0.0027	298	300	40	3	2	0.01	0.05	0	0.01
0.0076	0.002	0.1234	-0.1983	-0.0297	-0.3502	0.4584	0.8168	299	301	40	3	3	0.01	0.05	0	0.01
0.0076	0.0187	0.1273	-0.2008	-0.0272	0.5943	0.7312	-0.3347	300	0	40	3	4	0.01	0.05	0	0.01
0.0074	0.0183	0.06	-0.3342	0.0472	0.6269	-0.7733	-0.095	129	303	45	3	1	0.0023	0.5	0	0.0074
0.0074	0.0137	0.0719	-0.3455	0.0425	0.8763	-0.3959	-0.2746	302	0	45	3	2	0.01	0.05	0	0.01
0.0093	0.0556	-0.0934	-0.1553	0.0625	-0.4344	-0.7608	-0.4822	138	305	289	3	1	0.01	0.05	0	0.01
0.0093	0.0266	-0.1169	-0.1974	0.0387	-0.6748	0.7338	0.078	304	306	289	3	2	0.01	0.05	0	0.01
0.0095	0.0292	-0.1222	-0.2145	0.0325	-0.2503	-0.2942	0.9224	305	307	289	3	3	0.0094	0.3125	0	0.0168
0.0067	0.0298	-0.1149	-0.221	0.0569	0.2087	-0.8056	0.5544	306	308	289	3	4	0.0048	0.4	0	0.0054
0.007	0.0134	-0.1208	-0.2475	0.0612	0.1013	-0.9896	0.1021	307	309	289	3	5	0.0032	0.6667	0	0.007
0.0093	0.0593	-0.119	-0.241	0.0538	-0.9976	0.048	0.0497	308	310	289	3	6	0.0018	0.4167	0	0.0108
0.0089	0.0423	-0.1803	-0.2427	0.055	-0.8904	0.4531	-0.0441	309	311	289	3	7	0.001	0.3333	0	0.0134
0.0077	0.0272	-0.2085	-0.2532	0.0535	-0.8959	-0.2918	-0.335	310	312	289	3	8	0.0084	0.4063	0	0.0078
0.0071	0.0288	-0.217	-0.2593	0.0493	0.0301	-0.962	0.2714	311	313	289	3	9	0.01	0.05	0	0.01
0.0068	0.0316	-0.2347	-0.2652	0.0458	-0.7505	-0.6598	-0.0387	312	0	289	3	10	0.01	0.05	0	0.01
0.0093	0.0359	-0.0915	-0.2605	-0.0198	-0.5226	0.6627	-0.5364	140	315	56	3	1	0.0038	0.375	1	0.0158
0.0093	0.0451	-0.1084	-0.2363	-0.0391	-0.1318	0.6366	0.7599	314	316	56	3	2	0.0064	0.275	0	0.0158
0.0093	0.036	-0.1227	-0.2211	-0.0146	-0.041	0.603	-0.7967	315	317	56	3	3	0.0019	0.2917	0	0.014
0.0093	0.0167	-0.1238	-0.1965	-0.0422	-0.8515	0.2929	-0.435	316	0	56	3	4	0.01	0.05	0	0.01
0.0082	0.0781	-0.0794	-0.2649	-0.0211	0.4593	0.7598	-0.4602	140	319	57	3	1	0.0024	0.5417	0	0.0082
0.0092	0.0544	-0.0517	-0.2043	-0.0466	-0.5209	0.7024	-0.4851	318	320	57	3	2	0.0014	0.2917	0	0.0126
0.0091	0.0324	-0.0618	-0.1595	-0.0829	-0.4996	0.7601	-0.4155	319	321	57	3	3	0.0064	0.275	0	0.01
0.0087	0.0486	-0.0678	-0.1353	-0.092	0.3273	0.6168	-0.7158	320	322	57	3	4	0.01	0.05	0	0.01
0.0086	0.034	-0.0648	-0.1079	-0.1301	0.0883	0.589	-0.8033	321	0	57	3	5	0.01	0.05	0	0.01
0.01	0.0261	-0.0934	-0.2735	-0.0186	0.8524	0.5018	0.1469	141	324	59	3	1	0.0024	0.375	0	0.0144
0.0096	0.1209	-0.0515	-0.2715	-0.0142	0.4912	0.8612	-0.1305	323	325	59	3	2	0.0013	0.3438	0	0.0108
0.0078	0.037	0.008	-0.173	-0.0378	0.5949	0.6563	-0.4641	324	326	59	3	3	0.01	0.05	0	0.01
0.0061	0.0266	0.0274	-0.1478	-0.0333	0.6191	0.7842	0.0407	325	327	59	3	4	0.01	0.05	0	0.01
0.004	0.0265	0.0439	-0.1263	-0.0329	0.4116	0.644	0.6449	326	0	59	3	5	0.0038	0.1	0	0.01
0.0099	0.0519	-0.1836	-0.3018	0.0128	-0.0919	0.9592	0.2674	144	329	67	3	1	0.0022	0.5833	0	0.0127
0.0099	0.0721	-0.1934	-0.2485	0.0283	0.5825	0.8107	0.0585	328	330	67	3	2	0.0016	0.625	0	0.0102
0.0099	0.0349	-0.1498	-0.1906	0.0336	0.4454	0.8643	-0.2338	329	331	67	3	3	0.01	0.05	0	0.01
0.0099	0.0238	-0.1474	-0.1861	0.0406	-0.7856	0.0378	-0.6175	330	0	67	3	4	0.0014	0.375	0	0.0074
0.0025	0.034	-0.2523	-0.3245	0.0017	-0.2331	0.5853	0.7766	147	333	79	3	1	0.0109	0.275	1	0.01
0.0025	0.0195	-0.2716	-0.306	0.0256	0.2014	0.1173	-0.9725	332	334	79	3	2	0.01	0.05	0	0.01
0.0025	0.0241	-0.2701	-0.304	0.0055	-0.0601	0.9889	-0.136	333	0	79	3	3	0.0033	0.15	0	0.01
0.0025	0.0182	-0.2483	-0.3302	0.009	-0.7806	-0.429	0.4546	147	336	80	3	1	0.0036	0.225	1	0.01
0.0025	0.0509	-0.2745	-0.3339	-0.0008	-0.6642	-0.6916	0.2838	335	0	80	3	2	0.0034	0.2	0	0.01
0.0086	0.0283	-0.3816	-0.3662	-0.115	0.2647	0.3431	0.9012	156	338	171	3	1	0.0023	0.4167	0	0.0086
0.0086	0.0426	-0.3625	-0.3505	-0.0955	0.2715	-0.8898	-0.3668	337	339	171	3	2	0.0007	0.375	0	0.0077
0.0086	0.0947	-0.3513	-0.3896	-0.1126	0.9336	0.0872	-0.3476	338	340	171	3	3	0.001	0.3333	0	0.0068
0.0091	0.0193	-0.2632	-0.3821	-0.1454	0.6817	-0.3319	-0.652	339	0	171	3	4	0.01	0.05	0	0.01
0.0025	0.0657	-0.408	-0.3876	-0.144	0.2124	0.9694	-0.1233	158	342	172	3	1	0.01	0.05	0	0.01
0.0049	0.0313	-0.3945	-0.3226	-0.1543	0.2081	0.8598	0.4663	341	0	172	3	2	0.0011	0.375	0	0.0091
0.0094	0.0507	-0.4208	-0.4205	-0.1608	-0.5061	-0.4609	-0.729	158	344	173	3	1	0.0011	0.4167	0	0.0095
0.0084	0.0247	-0.455	-0.4373	-0.1965	-0.615	-0.7855	-0.0683	343	345	173	3	2	0.0028	0.7083	0	0.0084
0.0084	0.0352	-0.466	-0.4606	-0.1977	0.6273	0.6047	-0.4908	344	346	173	3	3	0.0006	0.4167	0	0.0083
0.0085	0.0404	-0.4552	-0.4481	-0.2177	-0.5704	0.7979	-0.1947	345	347	173	3	4	0.001	0.25	0	0.0085
0.0088	0.0059	-0.4762	-0.4205	-0.2303	0.1173	0.7322	-0.671	346	348	173	3	5	0.01	0.05	0	0.01
0.0087	0.0234	-0.478	-0.4188	-0.2358	-0.7368	0.6758	0.0197	347	0	173	3	6	0.01	0.05	0	0.01
0.0142	0.012	-0.4019	-0.4231	-0.1501	-0.0526	-0.838	-0.5432	159	350	181	3	1	0.0025	0.4167	1	0.0163
0.0142	0.0432	-0.4025	-0.4331	-0.1566	-0.4475	-0.4972	0.7433	349	351	181	3	2	0.0025	0.4167	0	0.0163
0.0142	0.0314	-0.4211	-0.4512	-0.14	0.3919	-0.9031	-0.1757	350	352	181	3	3	0.001	0.375	0	0.0103
0.0142	0.0183	-0.4197	-0.4861	-0.1291	0.0209	-0.935	-0.354	351	353	181	3	4	0.005	0.5833	0	0.0142
0.0142	0.0102	-0.4209	-0.4851	-0.139	-0.6258	0.0935	0.7744	352	354	181	3	5	0.01	0.05	0	0.01
0.0142	0.0088	-0.424	-0.4823	-0.1323	0.5261	-0.8161	0.2394	353	0	181	3	6	0.01	0.05	0	0.01
0.0092	0.0323	-0.4784	-0.4012	-0.1696	-0.2323	-0.6498	0.7237	160	356	182	3	1	0.0063	0.225	0	0.0163
0.009	0.0455	-0.4866	-0.4245	-0.1497	-0.9865	0.0925	0.1348	355	357	182	3	2	0.0011	0.3333	0	0.0101
0.0084	0.0394	-0.5251	-0.4346	-0.1538	-0.8895	-0.4502	0.0777	356	358	182	3	3	0.0076	0.3438	0	0.0113
0.0056	0.0384	-0.5639	-0.4383	-0.1557	-0.78	-0.3822	-0.4955	357	359	182	3	4	0.01	0.05	0	0.01
0.0039	0.0254	-0.56	-0.4626	-0.1594	-0.1494	-0.9528	-0.2644	358	0	182	3	5	0.0043	0.175	0	0.01
0.0081	0.1044	-0.0318	-0.1265	0.0346	-0.4559	-0.5305	-0.7147	169	361	54	3	1	0.0065	0.5	0	0.0081
0.0097	0.0378	-0.0689	-0.1814	-0.055	-0.7957	-0.2126	-0.5672	360	362	54	3	2	0.0046	0.3438	0	0.0142
0.0088	0.0285	-0.1111	-0.1772	-0.0486	-0.8838	0.1422	-0.4458	361	363	54	3	3	0.0081	0.5	0	0.0088
0.0098	0.0006	-0.1384	-0.1756	-0.0669	-0.94	0.2243	0.2569	362	364	54	3	4	0.0053	0.5417	0	0.0123
0.0096	0.0305	-0.139	-0.1815	-0.0494	-0.9068	-0.3976	-0.1402	363	0	54	3	5	0.0056	0.4167	0	0.0111
0.0099	0.0754	0.0045	-0.0928	-0.0126	-0.3282	0.4485	0.8313	169	366	55	3	1	0.004	0.325	0	0.0164
0.0098	0.0028	-0.0133	-0.0517	0.0484	-0.0362	0.2566	0.9659	365	367	55	3	2	0.01	0.05	0	0.01
0.0097	0.0027	-0.0149	-0.0516	0.0496	-0.1277	0.9603	-0.2479	366	368	55	3	3	0.01	0.05	0	0.01
0.0097	0.0645	-0.0091	-0.0407	0.0464	-0.4318	0.5442	0.7193	367	369	55	3	4	0.0007	0.3333	0	0.0103
0.0093	0.0243	-0.0445	-0.0135	0.0904	-0.6943	0.519	0.4987	368	370	55	3	5	0.01	0.05	0	0.01
0.0096	0.0162	-0.0386	-0.0051	0.0991	0.1704	0.143	0.9749	369	371	55	3	6	0.0011	0.4167	0	0.0108
0.0094	0.0257	-0.0378	-0.0022	0.1187	0.1015	0.9898	-0.1	370	372	55	3	7	0.0013	0.375	0	0.0137
0.0067	0.0397	-0.0291	0.0219	0.1291	-0.0569	0.9895	0.1332	371	373	55	3	8	0.0038	0.4375	0	0.0067
0.0091	0.0308	-0.0245	0.0615	0.1366	-0.0785	0.9912	0.1064	372	374	55	3	9	0.0046	0.4375	0	0.0104
0.0056	0.0157	-0.0232	0.0912	0.1357	0.2344	0.9719	0.0226	373	375	55	3	10	0.0023	0.5313	0	0.0056
0.0064	0.0341	-0.0205	0.0978	0.1241	0.0826	0.8048	-0.5878	374	376	55	3	11	0.01	0.05	0	0.01
0.0059	0.0344	-0.0242	0.1202	0.1341	-0.0938	0.9847	0.1472	375	0	55	3	12	0.01	0.05	0	0.01
0.0147	0.0662	0.0469	-0.0645	-0.0512	0.0809	-0.9939	-0.0756	173	378	62	3	1	0.0031	0.5	0	0.0147
0.0147	0.0196	0.0509	-0.1285	-0.0661	0.2043	-0.9589	-0.1971	377	0	62	3	2	0.01	0.05	0	0.01
0.0099	0.0721	0.0594	-0.0561	-0.066	0.401	0.3882	-0.8298	173	380	77	3	1	0.0048	0.25	0	0.0168
0.0099	0.0844	0.1	-0.0319	-0.1127	0.7131	-0.1758	-0.6786	379	381	77	3	2	0.0065	0.3125	0	0.0099
0.0099	0.0459	0.1593	-0.0322	-0.1509	0.9759	0.1928	-0.1026	380	382	77	3	3	0.01	0.05	0	0.01
0.0099	0.0474	0.1794	-0.0518	-0.1818	0.8141	-0.2108	-0.5411	381	0	77	3	4	0.01	0.05	0	0.01
0.0106	0.0198	0.0266	0.0626	-0.0353	-0.8866	-0.201	-0.4166	177	384	81	3	1	0.003	0.4167	0	0.0106
0.0106	0.0297	0.0063	0.0568	-0.0346	-0.5344	-0.7826	-0.3192	383	385	81	3	2	0.01	0.05	0	0.01
0.0106	0.0307	-0.0048	0.0369	-0.0444	0.4968	-0.7593	-0.4203	384	0	81	3	3	0.0018	0.2917	0	0.0078
0.0053	0.0492	0.0286	0.0892	-0.043	0.8287	-0.1621	-0.5357	178	387	106	3	1	0.003	0.375	1	0.0101
0.0053	0.0378	0.0694	0.0812	-0.0693	0.0385	-0.9666	0.2532	386	0	106	3	2	0.003	0.375	0	0.0101
0.0093	0.0909	-0.1355	0.2229	-0.0504	-0.7908	-0.3892	0.4724	190	389	147	3	1	0.0059	0.3125	0	0.0126
0.008	0.0345	-0.1867	0.2003	-0.0412	-0.8204	0.4711	-0.3242	388	390	147	3	2	0.01	0.05	0	0.01
0.0077	0.0477	-0.186	0.188	-0.045	-0.4095	-0.187	0.8929	389	391	147	3	3	0.001	0.2917	0	0.0135
0.0051	0.014	-0.2158	0.1792	-0.0112	-0.3488	-0.8506	0.3935	390	392	147	3	4	0.01	0.05	0	0.01
0.0036	0.0179	-0.2207	0.1673	-0.0057	-0.8739	0.2576	-0.4122	391	0	147	3	5	0.01	0.05	0	0.01
0.0087	0.0328	-0.2437	0.3762	-0.1253	-0.1556	-0.9738	0.1657	198	394	169	3	1	0.0015	0.375	1	0.0199
0.0086	0.0542	-0.2425	0.3421	-0.1114	0.2793	-0.8664	-0.414	393	395	169	3	2	0.0056	0.2	0	0.0199
0.0079	0.0105	-0.2478	0.302	-0.1251	-0.4687	-0.6626	-0.5842	394	396	169	3	3	0.01	0.05	0	0.01
0.0076	0.053	-0.2576	0.2707	-0.1574	-0.8112	-0.3452	0.472	395	397	169	3	4	0.0131	0.175	0	0.0224
0.0064	0.0468	-0.3019	0.2644	-0.1465	-0.9917	0.0313	0.1246	396	398	169	3	5	0.0046	0.25	0	0.0115
0.0046	0.0089	-0.3408	0.2594	-0.1386	-0.649	-0.7607	-0.0118	397	399	169	3	6	0.0016	0.15	0	0.01
0.0037	0.0188	-0.348	0.255	-0.1429	-0.896	0.1884	0.4022	398	0	169	3	7	0.0023	0.125	0	0.01
0.0078	0.0607	-0.1803	-0.0175	0.0567	-0.9908	0.0652	0.1185	212	401	101	3	1	0.0027	0.5417	0	0.0097
0.0078	0.057	-0.2338	-0.0185	0.0641	-0.1281	-0.136	0.9824	400	402	101	3	2	0.0009	0.375	0	0.011
0.0078	0.0284	-0.2557	-0.0271	0.1152	-0.3074	-0.1396	0.9413	401	403	101	3	3	0.006	0.4167	0	0.0048
0.0078	0.0225	-0.2576	-0.0214	0.1437	-0.7345	0.4209	0.5322	402	404	101	3	4	0.01	0.05	0	0.01
0.0078	0.0048	-0.2625	-0.0372	0.1549	-0.37	-0.1986	0.9076	403	405	101	3	5	0.0006	0.375	0	0.0092
0.0078	0.0307	-0.2634	-0.0396	0.156	0.1116	-0.8922	0.4377	404	406	101	3	6	0.0009	0.25	0	0.0086
0.0078	0.0238	-0.2603	-0.0554	0.1801	-0.1279	-0.6715	0.7298	405	407	101	3	7	0.006	0.25	0	0.018
0.0078	0.0517	-0.2612	-0.0619	0.1973	0.0208	0.0093	0.9997	406	408	101	3	8	0.0009	0.2917	0	0.01
0.0078	0.0323	-0.2494	-0.058	0.244	0.4399	-0.0781	0.8946	407	409	101	3	9	0.0044	0.3125	0	0.0085
0.0078	0.0141	-0.2448	-0.0696	0.2751	0.5295	-0.3763	0.7603	408	410	101	3	10	0.0046	0.7083	0	0.0078
0.0078	0.0393	-0.2479	-0.0601	0.2947	-0.0709	-0.5527	0.8304	409	411	101	3	11	0.0068	0.4583	0	0.0088
0.0078	0.0494	-0.2489	-0.0649	0.3225	0.0118	0.2705	0.9627	410	412	101	3	12	0.004	0.4583	0	0.0076
0.0078	0.0567	-0.2218	-0.0507	0.3074	-0.6533	-0.7011	-0.2859	411	413	101	3	13	0.0043	0.3	0	0.0129
0.0078	0.0376	-0.2433	-0.0904	0.3119	-0.1079	-0.9905	0.0854	412	414	101	3	14	0.005	0.4167	0	0.0117
0.0078	0.0018	-0.2676	-0.1055	0.3231	-0.0759	-0.4009	0.913	413	415	101	3	15	0.004	0.375	0	0.0053
0.0068	0.024	-0.2629	-0.1134	0.329	-0.5662	0.0986	0.8183	414	416	101	3	16	0.0037	0.7083	0	0.0087
0.0078	0.0165	-0.265	-0.1149	0.3481	-0.0231	-0.2109	0.9772	415	417	101	3	17	0.0044	0.5417	0	0.0055
0.0078	0.0008	-0.2767	-0.105	0.3463	0.0005	0.8023	0.597	416	418	101	3	18	0.01	0.05	0	0.01
0.0078	0.02	-0.2775	-0.1068	0.3455	0.4595	-0.5239	0.7172	417	419	101	3	19	0.01	0.05	0	0.01
0.0078	0.0237	-0.2683	-0.1173	0.3598	0.5115	0.3871	0.7672	418	0	101	3	20	0.01	0.05	0	0.01
0.0099	0.1411	-0.1916	-0.0635	0.0635	0.4406	0.7492	-0.4945	212	421	102	3	1	0.0011	0.3333	0	0.0084
0.0099	0.0403	-0.1251	0.0366	-0.0059	0.7959	0.6044	0.0361	420	422	102	3	2	0.001	0.25	0	0.0082
0.0099	0.0288	-0.0916	0.0556	-0.0102	0.9136	0.3852	-0.1303	421	423	102	3	3	0.01	0.05	0	0.01
0.0099	0.0659	-0.0781	0.0497	-0.0159	-0.6876	0.4496	0.5701	422	424	102	3	4	0.0013	0.4167	0	0.0099
0.0099	0.0289	-0.1208	0.0804	0.0194	-0.2958	0.9476	0.1207	423	425	102	3	5	0.001	0.3333	0	0.0108
0.0099	0.0704	-0.1305	0.1093	0.0259	0.091	0.8976	-0.4314	424	426	102	3	6	0.0007	0.375	0	0.0078
0.0099	0.0378	-0.1266	0.1739	-0.0012	-0.1063	0.8698	-0.4819	425	427	102	3	7	0.01	0.05	0	0.01
0.0099	0.0186	-0.1151	0.1742	-0.0142	0.6031	0.1609	-0.7812	426	0	102	3	8	0.01	0.05	0	0.01
0.0068	0.0381	-0.1448	0.0373	0.0479	0.7436	-0.6005	0.2942	214	429	104	3	1	0.01	0.05	1	0.01
0.0068	0.0226	-0.1164	0.0144	0.0591	0.7843	-0.5787	0.2235	428	430	104	3	2	0.01	0.05	0	0.01
0.0068	0.0309	-0.0987	0.0013	0.0641	0.6473	0.7234	0.2402	429	431	104	3	3	0.01	0.05	0	0.01
0.0068	0.0266	-0.0787	0.0237	0.0716	0.9721	0.2235	-0.0715	430	0	104	3	4	0.01	0.05	0	0.01
0.0102	0.055	-0.1592	0.0021	0.0444	0.2616	-0.3635	-0.8941	213	0	291	3	1	0.0026	0.4583	0	0.0102
0.0025	0.0899	-0.1783	0.023	0.0304	0.5061	0.7219	-0.472	215	434	112	3	1	0.01	0.05	0	0.01
0.0025	0.0295	-0.1328	0.0879	-0.0121	0.9673	-0.1918	0.1659	433	0	112	3	2	0.01	0.05	0	0.01
0.0068	0.0237	-0.0902	0.0912	0.0668	-0.3046	0.1951	-0.9323	216	436	113	3	1	0.0036	0.2917	1	0.0286
0.0066	0.0853	-0.1092	0.0852	0.0457	0.072	0.0183	0.9972	435	437	113	3	2	0.015	0.14	0	0.0286
0.0052	0.0301	-0.0898	0.1151	0.1052	0.6329	0.3333	0.6988	436	438	113	3	3	0.01	0.05	0	0.01
0.0037	0.0181	-0.0701	0.1262	0.1256	0.8943	-0.3675	0.2551	437	439	113	3	4	0.0032	0.15	0	0.01
0.0032	0.0149	-0.0527	0.1189	0.1301	-0.0956	-0.5332	0.8406	438	0	113	3	5	0.0003	0.125	0	0.01
0.0164	0.0407	-0.0701	0.0748	0.0749	-0.8161	-0.5741	-0.0669	217	441	144	3	1	0.0023	0.4167	0	0.0164
0.0164	0.022	-0.0953	0.0566	0.0802	-0.6489	-0.1581	0.7442	440	0	144	3	2	0.0024	0.15	0	0.01
0.0068	0.0195	-0.0645	0.0812	0.1029	-0.7566	-0.3817	0.5309	219	443	153	3	1	0.0023	0.5417	1	0.0102
0.0068	0.0289	-0.0793	0.0738	0.1132	0.4715	-0.8643	0.1752	442	444	153	3	2	0.0023	0.5417	0	0.0102
0.0068	0.0045	-0.0651	0.0541	0.1149	0.6336	-0.4642	-0.6189	443	445	153	3	3	0.01	0.05	0	0.01
0.0068	0.0304	-0.0623	0.052	0.1121	-0.3035	-0.9518	-0.0451	444	0	153	3	4	0.01	0.05	0	0.01
0.0124	0.0414	0.0379	0.1579	0.067	0.8013	-0.4383	-0.4073	224	447	192	3	1	0.01	0.05	0	0.01
0.0124	0.0029	0.0672	0.1494	0.039	0.3141	-0.6608	-0.6817	446	448	192	3	2	0.01	0.05	0	0.01
0.0124	0.0254	0.0679	0.1331	0.0273	-0.8435	-0.2936	0.4497	447	449	192	3	3	0.01	0.05	0	0.01
0.0124	0.053	0.0481	0.1233	0.0355	0.8714	0.4858	0.0677	448	450	192	3	4	0.0007	0.5	0	0.0124
0.0124	0.0008	0.0955	0.1413	0.0483	0.9947	0.0862	-0.0561	449	451	192	3	5	0.01	0.05	0	0.01
0.0124	0.0353	0.1039	0.1412	0.0545	0.0225	0.9997	-0.0021	450	452	192	3	6	0.0011	0.3333	0	0.0113
0.0124	0.0198	0.1063	0.1786	0.0502	-0.302	0.8947	0.329	451	453	192	3	7	0.01	0.05	0	0.01
0.0124	0.0394	0.1075	0.1853	0.0718	-0.234	0.7303	0.6417	452	454	192	3	8	0.0006	0.375	0	0.0128
0.0124	0.0333	0.102	0.2044	0.1042	0.1837	0.6214	0.7617	453	455	192	3	9	0.01	0.05	0	0.01
0.0124	0.006	0.1071	0.222	0.1019	0.2742	0.9547	-0.1158	454	456	192	3	10	0.01	0.05	0	0.01
0.0124	0.0182	0.1087	0.2278	0.1012	0.7389	-0.5549	0.3822	455	0	192	3	11	0.01	0.05	0	0.01
0.0068	0.0575	-0.0029	0.2147	0.094	0.3411	0.94	-0.002	228	458	194	3	1	0.0027	0.3333	0	0.0093
0.0067	0.028	0.0207	0.2681	0.0956	-0.0677	0.867	0.4938	457	459	194	3	2	0.0058	0.25	0	0.0138
0.0056	0.0271	0.0256	0.2823	0.1	0.8127	0.5814	-0.0381	458	460	194	3	3	0.0072	0.5	0	0.0056
0.0067	0.0216	0.0455	0.2836	0.1128	0.9769	-0.2047	-0.0606	459	461	194	3	4	0.0071	0.3333	0	0.0067
0.0067	0.0265	0.0587	0.2766	0.1185	0.644	-0.57	0.5103	460	462	194	3	5	0.0041	0.4688	0	0.0079
0.0066	0.0049	0.0817	0.2716	0.1323	0.5858	-0.3699	0.7211	461	463	194	3	6	0.003	0.625	0	0.0066
0.0067	0.0217	0.0849	0.2763	0.1235	0.9967	0.0579	0.057	462	464	194	3	7	0.0042	0.5833	0	0.007
0.0066	0.038	0.1054	0.2728	0.1193	0.6928	0.4602	-0.5551	463	465	194	3	8	0.0034	0.25	0	0.0177
0.0066	0.0318	0.1188	0.2914	0.0903	0.5159	-0.0756	-0.8533	464	466	194	3	9	0.0046	0.1	0	0.0118
0.0065	0.0126	0.1364	0.2862	0.063	0.3475	0.2229	-0.9108	465	467	194	3	10	0.0046	0.25	0	0.0129
0.0065	0.042	0.1359	0.2966	0.0641	0.6925	0.7035	-0.1599	466	468	194	3	11	0.0062	0.4167	0	0.0102
0.0061	0.0328	0.1409	0.3229	0.0528	-0.1542	0.9829	0.1003	467	469	194	3	12	0.01	0.05	0	0.01
0.0062	0.0185	0.1532	0.3224	0.0572	0.8796	0.4683	0.084	468	470	194	3	13	0.0031	0.225	0	0.0591
0.006	0.0076	0.16	0.3323	0.0452	0.675	0.6132	-0.4102	469	471	194	3	14	0.01	0.05	0	0.01
0.0059	0.0208	0.1651	0.337	0.0421	-0.2667	0.9638	0.0052	470	0	194	3	15	0.01	0.05	0	0.01
0.0068	0.0598	0.0097	0.1985	0.0861	0.427	-0.9042	-0.0096	227	473	200	3	1	0.0018	0.4167	0	0.0091
0.0068	0.0378	0.0376	0.145	0.0917	0.9187	0.1446	-0.3674	472	474	200	3	2	0.0011	0.25	0	0.0102
0.0068	0.0023	0.0724	0.1558	0.0807	0.9532	-0.1528	0.261	473	475	200	3	3	0.01	0.05	0	0.01
0.0068	0.0202	0.0745	0.1554	0.0813	0.0811	-0.781	-0.6192	474	0	200	3	4	0.01	0.05	0	0.01
0.0067	0.0372	0.1273	0.3772	0.0899	0.4195	0.4092	0.8103	237	477	216	3	1	0.0007	0.25	1	0.0086
0.0065	0.0265	0.1429	0.3924	0.12	0.5378	-0.8138	-0.2201	476	478	216	3	2	0.0007	0.25	0	0.0086
0.0063	0.0371	0.1619	0.3704	0.1316	-0.3666	-0.9273	0.0755	477	479	216	3	3	0.0057	0.2	0	0.015
0.0057	0.0327	0.1525	0.3392	0.1429	-0.7477	-0.4155	0.518	478	480	216	3	4	0.001	0.25	0	0.0099
0.0043	0.0354	0.1265	0.3292	0.1589	-0.892	-0.3124	0.3268	479	481	216	3	5	0.0038	0.15	0	0.01
0.0033	0.0189	0.1302	0.3288	0.1579	0.3031	-0.9518	0.0468	480	0	216	3	6	0.004	0.2	0	0.01
0.0065	0.0173	0.121	0.3777	0.0787	-0.8759	-0.0317	-0.4815	238	483	219	3	1	0.0024	0.375	1	0.0176
0.0064	0.0289	0.1104	0.3744	0.0621	-0.0016	-0.9515	0.3076	482	484	219	3	2	0.0057	0.25	0	0.0176
0.0058	0.0334	0.1094	0.351	0.0617	-0.8281	0.4737	0.2997	483	485	219	3	3	0.01	0.05	0	0.01
0.0043	0.0404	0.0812	0.3689	0.0722	-0.9628	-0.2701	-0.0056	484	486	219	3	4	0.0014	0.125	0	0.01
0.003	0.0082	0.0428	0.3557	0.0717	-0.6575	-0.2473	0.7117	485	0	219	3	5	0.0006	0.075	0	0.01
0.0025	0.0244	0.1215	0.3721	0.1023	-0.31	0.7547	0.5782	236	488	220	3	1	0.0123	0.275	1	0.01
0.0025	0.0261	0.1084	0.3856	0.1179	0.6441	-0.577	0.5022	487	489	220	3	2	0.01	0.05	0	0.01
0.0027	0.0244	0.1237	0.3714	0.1314	0.2851	0.1034	0.9529	488	0	220	3	3	0.0051	0.225	0	0.0079
0.0065	0.026	0.1295	0.3945	0.0606	-0.8835	0.4626	-0.0735	238	491	221	3	1	0.0022	0.375	1	0.0095
0.0065	0.0544	0.1065	0.4066	0.0586	-0.3491	-0.6112	-0.7103	490	492	221	3	2	0.0022	0.375	0	0.0095
0.0065	0.0349	0.0916	0.379	0.0209	-0.3819	0.4086	-0.8289	491	493	221	3	3	0.0012	0.25	0	0.0089
0.0065	0.0331	0.0766	0.3829	-0.0099	-0.6431	0.239	-0.7275	492	494	221	3	4	0.0044	0.5	0	0.007
0.0065	0.0173	0.049	0.3863	-0.016	-0.8593	-0.338	-0.3839	493	495	221	3	5	0.0052	0.4583	0	0.011
0.0059	0.0435	0.0287	0.3683	-0.0363	-0.8784	-0.1223	0.4621	494	496	221	3	6	0.0052	0.4063	0	0.0059
0.0064	0.0512	-0.0041	0.3635	-0.0357	-0.8818	-0.3948	-0.258	495	497	221	3	7	0.0035	0.375	0	0.0075
0.0061	0.0417	-0.0498	0.3378	-0.041	-0.8145	-0.4503	-0.3658	496	498	221	3	8	0.01	0.05	0	0.01
0.0063	0.0169	-0.0691	0.3561	-0.0401	-0.9285	0.3711	-0.0085	497	499	221	3	9	0.0012	0.4167	0	0.0092
0.006	0.0248	-0.0871	0.3544	-0.0422	-0.9562	0.2916	-0.0266	498	500	221	3	10	0.01	0.05	0	0.01
0.0059	0.0013	-0.0953	0.3681	-0.0334	-0.489	0.8433	0.2229	499	501	221	3	11	0.01	0.05	0	0.01
0.0059	0.0047	-0.0986	0.3705	-0.0367	-0.7549	-0.5269	0.3905	500	0	221	3	12	0.01	0.05	0	0.01
0.0079	0.0841	0.193	0.3713	0.0818	-0.0087	-0.5906	-0.8069	242	503	223	3	1	0.0021	0.4583	0	0.0079
0.0079	0.0172	0.1883	0.3138	0.0071	0.9334	-0.2789	-0.2259	502	504	223	3	2	0.006	0.325	0	0.0176
0.0079	0.0199	0.1971	0.3159	-0.0131	0.4518	-0.7307	-0.5118	503	505	223	3	3	0.0085	0.4583	0	0.0124
0.0079	0.0173	0.2024	0.3046	-0.0277	0.8017	0.1091	-0.5876	504	506	223	3	4	0.0042	0.3438	0	0.0093
0.0079	0.0553	0.2063	0.3052	-0.0371	-0.1203	0.4016	-0.9079	505	507	223	3	5	0.0012	0.3333	0	0.0129
0.0079	0.0369	0.2044	0.3419	-0.08	-0.5444	0.5142	-0.6628	506	508	223	3	6	0.0042	0.375	0	0.0072
0.0079	0.0185	0.189	0.3473	-0.1156	0.0831	0.6492	-0.756	507	509	223	3	7	0.0051	0.5	0	0.0116
0.0079	0.0349	0.1953	0.3579	-0.1242	0.5078	-0.6064	-0.612	508	510	223	3	8	0.0035	0.075	0	0.0162
0.0079	0.0053	0.2145	0.3381	-0.1215	0.5421	-0.8402	0.0145	509	511	223	3	9	0.01	0.05	0	0.01
0.0079	0.0728	0.2249	0.3301	-0.1119	0.6109	-0.4539	-0.6487	510	512	223	3	10	0.0035	0.25	0	0.0138
0.0079	0.021	0.2689	0.2949	-0.152	0.9425	-0.3323	-0.0348	511	513	223	3	11	0.01	0.05	0	0.01
0.0079	0.0475	0.2668	0.3016	-0.1584	0.5542	0.708	-0.4378	512	514	223	3	12	0.0013	0.25	0	0.0103
0.0079	0.0037	0.3005	0.3264	-0.175	0.7934	0.5909	-0.1461	513	515	223	3	13	0.01	0.05	0	0.01
0.0079	0.0568	0.292	0.3261	-0.178	0.0892	0.4661	-0.8802	514	516	223	3	14	0.0009	0.2917	0	0.0113
0.0079	0.0048	0.3012	0.3535	-0.2222	0.6273	0.552	-0.5494	515	517	223	3	15	0.01	0.05	0	0.01
0.0079	0.0127	0.3017	0.358	-0.2314	0.7815	-0.453	-0.429	516	518	223	3	16	0.01	0.05	0	0.01
0.0079	0.0116	0.309	0.3531	-0.2352	-0.1721	0.7246	-0.6673	517	0	223	3	17	0.01	0.05	0	0.01
0.0067	0.0172	0.1959	0.3971	0.0762	-0.4497	0.6374	0.6257	243	520	224	3	1	0.0015	0.375	1	0.0075
0.0067	0.0652	0.1881	0.4081	0.0869	0.0237	0.5872	-0.8091	519	521	224	3	2	0.0015	0.375	0	0.0075
0.0067	0.0359	0.1946	0.4422	0.0398	0.7881	0.5533	-0.2697	520	522	224	3	3	0.0013	0.375	0	0.0112
0.0067	0.0462	0.2211	0.4565	0.0322	0.8006	-0.0368	0.5981	521	523	224	3	4	0.0012	0.4583	0	0.0097
0.0067	0.0366	0.2536	0.4507	0.0628	0.6801	-0.2347	0.6946	522	524	224	3	5	0.001	0.375	0	0.0086
0.0067	0.022	0.2725	0.4487	0.0864	0.6193	0.6731	0.4042	523	525	224	3	6	0.0075	0.325	0	0.0142
0.0067	0.0236	0.2916	0.4563	0.0958	0.6486	0.5258	0.5503	524	526	224	3	7	0.0055	0.35	0	0.0131
0.0067	0.0359	0.3052	0.4729	0.1007	0.9439	0.3294	-0.0244	525	527	224	3	8	0.0013	0.5	0	0.0112
0.0067	0.0448	0.3311	0.4668	0.1339	0.9706	0.024	0.2396	526	528	224	3	9	0.0059	0.2593	0	0.0262
0.0067	0.0466	0.3237	0.4851	0.1374	-0.0231	0.3272	0.9447	527	529	224	3	10	0.0053	0.4583	0	0.0068
0.0067	0.0546	0.3405	0.4843	0.1069	0.0745	-0.9709	0.2276	528	530	224	3	11	0.0052	0.3	0	0.0263
0.0067	0.0121	0.3478	0.4322	0.1259	0.5395	-0.8288	-0.1488	529	531	224	3	12	0.0035	0.5	0	0.0088
0.0067	0.0328	0.3579	0.4198	0.13	-0.2436	0.8346	0.494	530	532	224	3	13	0.0051	0.45	0	0.0121
0.0067	0.0195	0.3555	0.4482	0.1435	-0.0093	0.9377	0.3474	531	533	224	3	14	0.001	0.3333	0	0.0107
0.0067	0.0107	0.3599	0.4636	0.1591	0.3135	0.9395	0.1379	532	534	224	3	15	0.0054	0.5417	0	0.0067
0.0067	0.051	0.367	0.4639	0.1614	-0.7891	-0.2582	0.5574	533	535	224	3	16	0.0014	0.375	0	0.0092
0.0067	0.0556	0.3372	0.4627	0.177	0.7847	-0.0191	0.6196	534	536	224	3	17	0.0041	0.375	0	0.0196
0.0067	0.031	0.3795	0.4586	0.2116	0.7693	-0.3236	0.5509	535	537	224	3	18	0.01	0.05	0	0.01
0.0067	0.027	0.3965	0.4666	0.2311	0.6856	0.1661	0.7088	536	538	224	3	19	0.01	0.05	0	0.01
0.0067	0.0173	0.3908	0.4701	0.2247	0.0249	0.9977	-0.0635	537	0	224	3	20	0.01	0.05	0	0.01
0.008	0.0502	0.1888	0.4034	0.0502	-0.7078	0.2259	-0.6693	244	540	225	3	1	0.0017	0.4167	0	0.008
0.008	0.005	0.1561	0.4134	0.0156	-0.4925	-0.4261	-0.7589	539	541	225	3	2	0.01	0.05	0	0.01
0.008	0.0298	0.1551	0.4133	0.0103	-0.8327	0.2125	-0.5113	540	542	225	3	3	0.001	0.2917	0	0.0078
0.008	0.0313	0.1346	0.4272	-0.0069	-0.6402	0.1786	-0.7472	541	543	225	3	4	0.01	0.05	0	0.01
0.008	0.0105	0.1136	0.4234	-0.0094	-0.9979	-0.0282	-0.0577	542	0	225	3	5	0.01	0.05	0	0.01
0.0064	0.0299	0.2073	0.4371	-0.0125	0.1322	0.8608	0.4915	246	545	226	3	1	0.0027	0.5	1	0.0138
0.0064	0.0423	0.2165	0.4603	-0.0003	-0.4558	-0.082	-0.8863	544	546	226	3	2	0.0049	0.375	0	0.0138
0.0064	0.0339	0.1999	0.4639	-0.0361	0.4407	0.053	-0.8961	545	547	226	3	3	0.001	0.375	0	0.0101
0.0064	0.0314	0.222	0.4653	-0.0613	0.422	0.7313	-0.5358	546	0	226	3	4	0.01	0.05	0	0.01
0.0035	0.0742	0.1937	0.4276	-0.0229	0.3588	-0.7197	0.5944	247	549	231	3	1	0.001	0.375	0	0.0092
0.0025	0.008	0.2215	0.3733	0.0199	0.0755	-0.8113	0.5798	548	0	231	3	2	0.01	0.05	0	0.01
0.0066	0.0628	0.1876	0.4074	0.0488	-0.4694	0.3236	-0.8216	244	551	232	3	1	0.01	0.05	1	0.01
0.0066	0.0303	0.1582	0.4277	-0.0028	-0.0122	0.9893	-0.1455	550	552	232	3	2	0.01	0.05	0	0.01
0.0066	0.0345	0.1578	0.4577	-0.0072	-0.942	-0.0319	0.334	551	553	232	3	3	0.01	0.05	0	0.01
0.0066	0.0241	0.1253	0.4566	0.0043	-0.5679	-0.5805	-0.5836	552	0	232	3	4	0.01	0.05	0	0.01
0.0025	0.0398	0.3613	0.4107	-0.2046	0.5321	-0.7167	0.4508	255	555	267	3	1	0.01	0.05	0	0.01
0.0025	0.0217	0.3819	0.3845	-0.1911	-0.2141	-0.8793	-0.4255	554	556	267	3	2	0.01	0.05	0	0.01
0.0025	0.0238	0.3773	0.3654	-0.2004	-0.4165	-0.4792	0.7726	555	0	267	3	3	0.01	0.05	0	0.01
0.0056	0.1098	-0.2835	0.0233	0.0469	0.6597	0.5793	-0.4787	279	558	138	3	1	0.0014	0.3333	1	0.0097
0.0056	0.0447	-0.2111	0.0869	-0.0057	0.645	0.3044	-0.7009	557	559	138	3	2	0.0014	0.3333	0	0.0097
0.0056	0.0058	-0.1886	0.1043	-0.0327	0.4164	0.8943	-0.1639	558	560	138	3	3	0.01	0.05	0	0.01
0.0056	0.0349	-0.1861	0.1095	-0.0336	0.9577	-0.0599	-0.2813	559	0	138	3	4	0.01	0.05	0	0.01
0.0085	0.0147	-0.1131	-0.1823	0.054	-0.4638	-0.0156	0.8858	304	562	53	4	1	0.0021	0.5	1	0.0085
0.0085	0.0653	-0.1199	-0.1825	0.0671	0.702	-0.6138	-0.3611	561	563	53	4	2	0.0021	0.5	0	0.0085
0.0085	0.0244	-0.0744	-0.2224	0.0471	0.9762	0.1995	0.0855	562	0	53	4	3	0.01	0.05	0	0.01
0.0103	0.0388	-0.1201	-0.2239	0.0317	0.4538	-0.8799	0.1405	306	565	68	4	1	0.0015	0.3333	0	0.0096
0.0103	0.0193	-0.1028	-0.2587	0.0399	0.3229	-0.9237	-0.2064	564	0	68	4	2	0.0013	0.4583	0	0.0103
0.0091	0.0114	0.0071	-0.1748	-0.0199	0.0163	-0.5044	0.8633	324	567	66	4	1	0.0025	0.375	1	0.0112
0.0089	0.0525	0.0073	-0.1805	-0.0101	-0.2735	0.8522	-0.4462	566	568	66	4	2	0.0025	0.375	0	0.0112
0.0081	0.0253	-0.0042	-0.1413	-0.019	0.5037	0.835	0.2214	567	569	66	4	3	0.0015	0.2917	0	0.0105
0.0059	0.0243	0.0072	-0.1234	-0.0096	-0.9547	0.2813	-0.0966	568	570	66	4	4	0.01	0.05	0	0.01
0.004	0.0219	-0.016	-0.1165	-0.0119	-0.4566	0.8536	-0.2507	569	0	66	4	5	0.0006	0.1	0	0.01
0.0082	0.0177	-0.3629	-0.3929	-0.1171	-0.8053	-0.5925	0.0186	339	572	179	4	1	0.01	0.05	0	0.01
0.0082	0.049	-0.3742	-0.4017	-0.1216	-0.0353	-0.938	-0.3449	571	573	179	4	2	0.0006	0.4167	0	0.0089
0.0082	0.0051	-0.3775	-0.4484	-0.1409	0.615	-0.7685	-0.1765	572	574	179	4	3	0.01	0.05	0	0.01
0.0082	0.0189	-0.3749	-0.452	-0.1412	-0.6146	-0.7635	-0.1984	573	0	179	4	4	0.01	0.05	0	0.01
0.0075	0.0556	-0.0089	-0.0908	0.0063	-0.9693	-0.0312	-0.2441	365	576	295	4	1	0.0024	0.5	0	0.0075
0.0075	0.0055	-0.0541	-0.0972	-0.0119	-0.5977	-0.406	-0.6914	575	577	295	4	2	0.01	0.05	0	0.01
0.0075	0.0314	-0.0565	-0.0993	-0.0118	0.8792	-0.4405	-0.1818	576	0	295	4	3	0.01	0.05	0	0.01
0.011	0.0385	-0.0177	0.0834	0.1423	0.9513	0.3079	0.0145	373	579	159	4	1	0.0029	0.4583	0	0.011
0.011	0.0316	0.0136	0.0855	0.156	-0.9425	0.0838	-0.3236	578	0	159	4	2	0.01	0.05	0	0.01
0.0136	0.0301	-0.1921	0.3497	-0.1308	0.6706	0.5815	0.4606	0	581	184	0	1	0.0031	0.5	0	0.0136
0.0136	0.0335	-0.1672	0.3623	-0.1248	0.1428	-0.801	0.5813	580	0	184	0	2	0.01	0.05	0	0.01
0.0074	0.0602	-0.2618	-0.0364	0.1261	-0.7003	-0.4582	0.5474	402	583	110	4	1	0.0022	0.5	0	0.0092
0.0071	0.0288	-0.2857	-0.0529	0.1611	-0.063	-0.0866	0.9943	582	584	110	4	2	0.005	0.6667	0	0.0071
0.0074	0.0234	-0.2959	-0.0555	0.1868	-0.3164	0.299	0.9003	583	585	110	4	3	0.001	0.2917	0	0.0104
0.0057	0.0171	-0.3026	-0.0497	0.2091	-0.8785	-0.0929	0.4687	584	0	110	4	4	0.0036	0.5417	0	0.0057
0.0074	0.0651	-0.2337	-0.0319	0.1359	0.5116	-0.5354	0.672	403	587	123	4	1	0.0011	0.2917	0	0.0105
0.0074	0.0069	-0.2067	-0.0576	0.1752	0.8458	0.5017	-0.1812	586	588	123	4	2	0.01	0.05	0	0.01
0.007	0.0511	-0.2012	-0.0614	0.173	0.5196	-0.1363	0.8435	587	589	123	4	3	0.0009	0.375	0	0.007
0.0066	0.0376	-0.1735	-0.069	0.2062	0.9935	0.0324	0.1095	588	590	123	4	4	0.0035	0.5833	0	0.0066
0.0068	0.0291	-0.1439	-0.0682	0.1976	0.8231	-0.2984	-0.4832	589	591	123	4	5	0.01	0.05	0	0.01
0.0066	0.027	-0.1209	-0.0803	0.2089	0.857	-0.5142	-0.034	590	0	123	4	6	0.01	0.05	0	0.01
0.0069	0.0177	-0.2651	-0.0383	0.1638	-0.2342	0.2927	0.9271	405	593	139	4	1	0.0017	0.5417	1	0.0069
0.0069	0.0614	-0.2693	-0.0331	0.1803	0.9047	0.1814	-0.3855	592	594	139	4	2	0.0017	0.5417	0	0.0069
0.0073	0.0387	-0.2203	-0.0225	0.1566	-0.0526	0.6934	-0.7186	593	595	139	4	3	0.0013	0.25	0	0.0102
0.0071	0.0243	-0.2165	0.0049	0.1312	0.0136	0.9665	-0.2564	594	596	139	4	4	0.01	0.05	0	0.01
0.007	0.026	-0.2184	0.021	0.1167	-0.0227	0.7496	-0.6615	595	0	139	4	5	0.01	0.05	0	0.01
0.0071	0.0132	-0.2273	-0.0682	0.3028	0.5701	-0.8211	-0.0261	412	598	176	4	1	0.0019	0.5417	1	0.0071
0.0071	0.0407	-0.2198	-0.079	0.3024	-0.4091	0.8467	-0.3401	597	599	176	4	2	0.0019	0.5417	0	0.0071
0.0073	0.0007	-0.2374	-0.0443	0.2912	-0.4912	0.8347	-0.249	598	600	176	4	3	0.01	0.05	0	0.01
0.0073	0.0168	-0.237	-0.0437	0.2893	0.3176	0.9314	0.178	599	601	176	4	4	0.01	0.05	0	0.01
0.0072	0.012	-0.229	-0.0259	0.2943	0.3911	0.3185	-0.8635	600	0	176	4	5	0.01	0.05	0	0.01
0.0094	0.0494	-0.0839	0.0417	-0.0148	-0.4064	-0.9131	-0.0334	423	603	130	4	1	0.0032	0.4167	1	0.011
0.0094	0.0593	-0.1039	-0.0034	-0.0165	0.0895	0.9384	-0.3336	602	604	130	4	2	0.0032	0.4167	0	0.011
0.0094	0.0639	-0.104	0.0511	-0.0366	-0.1921	0.9813	0.0137	603	605	130	4	3	0.01	0.05	0	0.01
0.0094	0.0318	-0.0803	0.0729	-0.0225	0.6276	0.6755	0.3869	604	0	130	4	4	0.01	0.05	0	0.01
0.0094	0.0126	-0.1326	0.042	-0.0016	-0.9346	0.1603	0.3176	421	607	131	4	1	0.0012	0.3333	1	0.0145
0.0094	0.0599	-0.1482	0.0461	-0.0012	0.7333	0.3723	-0.5689	606	608	131	4	2	0.0018	0.175	0	0.0145
0.0078	0.0277	-0.1093	0.0718	-0.0349	-0.1404	-0.3134	0.9392	607	609	131	4	3	0.0007	0.4167	0	0.0077
0.0094	0.0084	-0.1135	0.0645	-0.0084	-0.9659	-0.258	-0.0201	608	0	131	4	4	0.01	0.05	0	0.01
0.0105	0.0366	-0.1144	0.0947	0.0848	0.2093	0.9681	-0.1378	0	611	299	0	1	0.0041	0.375	0	0.0129
0.0105	0.0415	-0.1077	0.1271	0.0762	0.3212	-0.7559	0.5704	610	0	299	0	2	0.0012	0.4167	0	0.0105
0.0064	0.0169	0.0113	0.2572	0.0872	-0.1705	0.0255	-0.985	457	613	201	4	1	0.0026	0.4583	1	0.0073
0.0064	0.0551	0.0084	0.2576	0.0705	-0.9625	-0.2515	0.1021	612	614	201	4	2	0.0026	0.4583	0	0.0073
0.0064	0.031	-0.0442	0.2522	0.0757	-0.9985	0.0479	0.0255	613	615	201	4	3	0.01	0.05	0	0.01
0.0064	0.0165	-0.0446	0.2357	0.082	-0.5222	-0.7891	0.3233	614	0	201	4	4	0.01	0.05	0	0.01
0.0064	0.0163	0.0002	0.2341	0.0996	-0.5709	-0.0133	0.8209	457	617	301	4	1	0.0025	0.4583	1	0.0075
0.0064	0.0615	-0.0091	0.2339	0.113	0.9997	0.015	-0.0209	616	618	301	4	2	0.0025	0.4583	0	0.0075
0.0064	0.0208	0.0505	0.2425	0.1093	0.9747	0.1942	-0.111	617	619	301	4	3	0.01	0.05	0	0.01
0.0064	0.0339	0.0706	0.2476	0.1081	0.9714	0.2239	-0.0793	618	0	301	4	4	0.01	0.05	0	0.01
0.0025	0.0583	0.0371	0.2797	0.1096	0.8704	-0.1035	-0.4814	460	621	211	4	1	0.01	0.05	0	0.01
0.0025	0.0139	0.0878	0.2736	0.0816	0.5781	-0.7899	-0.2047	620	622	211	4	2	0.01	0.05	0	0.01
0.0025	0.0059	0.0962	0.2608	0.0795	0.241	-0.3395	-0.9092	621	0	211	4	3	0.01	0.05	0	0.01
0.0025	0.0942	0.1241	0.2777	0.1191	-0.6578	-0.7385	-0.1478	463	624	242	4	1	0.001	0.2083	0	0.0111
0.0025	0.0079	0.0728	0.211	0.1073	0.2623	-0.9649	-0.007	623	625	242	4	2	0.01	0.05	0	0.01
0.0025	0.0233	0.0749	0.2034	0.1073	-0.8855	0.3736	0.2763	624	0	242	4	3	0.01	0.05	0	0.01
0.0025	0.0883	0.1245	0.2764	0.0701	0.6723	0.0255	-0.7399	467	627	250	4	1	0.01	0.05	0	0.01
0.0025	0.0244	0.183	0.2791	0.0044	-0.5601	-0.7769	0.2875	626	628	250	4	2	0.01	0.05	0	0.01
0.0025	0.0145	0.1717	0.2593	0.0099	-0.2373	0.6083	-0.7574	627	0	250	4	3	0.01	0.05	0	0.01
0.0079	0.0305	0.153	0.3614	0.1285	-0.9683	-0.1925	0.1592	478	630	227	4	1	0.0019	0.4583	0	0.0079
0.0079	0.0418	0.1167	0.3557	0.1341	-0.1092	-0.3916	-0.9136	629	631	227	4	2	0.0013	0.4583	0	0.0102
0.0079	0.03	0.1147	0.352	0.0971	0.1733	0.0578	-0.9832	630	632	227	4	3	0.01	0.05	0	0.01
0.0079	0.0229	0.1138	0.3488	0.1046	0.1733	-0.9796	-0.1019	631	633	227	4	4	0.01	0.05	0	0.01
0.0079	0.0202	0.1177	0.3264	0.1023	-0.9882	-0.0489	-0.1448	632	0	227	4	5	0.01	0.05	0	0.01
0.0107	0.0716	0.0342	0.3749	-0.0393	0.2593	0.9534	-0.1543	495	635	244	4	1	0.0012	0.5	1	0.0107
0.0107	0.0429	0.0528	0.4432	-0.0504	0.44	0.89	0.1193	634	636	244	4	2	0.0012	0.5	0	0.0107
0.0107	0.0279	0.0715	0.4811	-0.0457	-0.612	0.7633	-0.2069	635	637	244	4	3	0.0008	0.375	0	0.0134
0.0107	0.0062	0.0575	0.5006	-0.0411	-0.9588	-0.0661	0.2762	636	638	244	4	4	0.01	0.05	0	0.01
0.0107	0.0261	0.0516	0.5002	-0.0394	-0.6339	0.7654	-0.1111	637	639	244	4	5	0.01	0.05	0	0.01
0.0107	0.0276	0.035	0.5202	-0.0423	0.239	0.9511	0.1957	638	0	244	4	6	0.01	0.05	0	0.01
0.0097	0.0425	-0.0744	0.3646	-0.0382	0.878	0.4137	0.2409	498	641	261	4	1	0.0012	0.5	1	0.0097
0.0097	0.024	-0.0371	0.3822	-0.0279	-0.9068	-0.4215	0.0092	640	642	261	4	2	0.0012	0.5	0	0.0097
0.0097	0.0391	-0.0612	0.3726	-0.0398	-0.8949	0.4019	0.1937	641	643	261	4	3	0.001	0.4583	0	0.012
0.0097	0.0032	-0.0837	0.3902	-0.0318	-0.1129	0.8689	-0.482	642	644	261	4	4	0.01	0.05	0	0.01
0.0097	0.0192	-0.0835	0.3915	-0.0345	-0.8478	0.0842	-0.5237	643	0	261	4	5	0.01	0.05	0	0.01
0.0025	0.058	0.2818	0.3059	-0.1274	-0.8015	-0.5412	-0.2543	515	646	268	4	1	0.01	0.05	0	0.01
0.0025	0.0245	0.2353	0.2745	-0.1422	-0.1539	-0.9272	-0.3416	645	0	268	4	2	0.01	0.05	0	0.01
0.0075	0.0209	0.2948	0.3549	-0.2159	-0.1637	0.9113	0.3778	515	648	279	4	1	0.0023	0.4167	1	0.0126
0.0075	0.0452	0.2878	0.3732	-0.2112	-0.5159	-0.4816	0.7085	647	649	279	4	2	0.0037	0.175	0	0.0126
0.0075	0.0199	0.2562	0.3605	-0.1835	-0.774	-0.5675	0.2809	648	650	279	4	3	0.01	0.05	0	0.01
0.0075	0.0266	0.2408	0.3492	-0.178	-0.5701	0.3515	0.7426	649	0	279	4	4	0.01	0.05	0	0.01
0.0079	0.0128	0.1926	0.4415	0.0507	0.4859	0.5655	0.6664	520	652	304	4	1	0.0031	0.4583	1	0.0164
0.0079	0.0355	0.1988	0.4502	0.0612	0.8048	-0.4764	0.354	651	653	304	4	2	0.008	0.35	0	0.0164
0.0079	0.0282	0.2196	0.4306	0.0866	0.559	-0.8116	0.1695	652	654	304	4	3	0.0011	0.3333	0	0.01
0.0079	0.037	0.235	0.4107	0.0988	0.6505	-0.6934	0.3098	653	655	304	4	4	0.001	0.2917	0	0.012
0.0079	0.0049	0.25	0.4063	0.1173	0.2326	-0.2185	0.9477	654	656	304	4	5	0.009	0.4167	0	0.0097
0.0079	0.0295	0.2585	0.3982	0.0993	0.1324	0.9586	-0.2521	655	657	304	4	6	0.0052	0.5	0	0.0079
0.0079	0.079	0.2548	0.4194	0.0951	-0.7066	0.6944	-0.136	656	658	304	4	7	0.0015	0.1	0	0.0281
0.0079	0.0779	0.1991	0.4411	0.1035	-0.673	0.3678	0.6417	657	659	304	4	8	0.0007	0.05	0	0.037
0.0079	0.0901	0.1442	0.4662	0.1516	-0.7758	0.2271	0.5887	658	660	304	4	9	0.01	0.05	0	0.01
0.0079	0.0178	0.1671	0.4645	0.17	0.348	-0.0113	0.9374	659	661	304	4	10	0.01	0.05	0	0.01
0.0079	0.0462	0.1733	0.4643	0.1866	0.6158	-0.2752	0.7383	660	0	304	4	11	0.01	0.05	0	0.01
0.0091	0.0294	0.2826	0.455	0.085	-0.0194	-0.5206	-0.8536	524	663	238	4	1	0.0022	0.5	1	0.0091
0.0091	0.0372	0.2821	0.4396	0.0599	-0.0353	-0.866	-0.4989	662	664	238	4	2	0.0022	0.5	0	0.0091
0.0091	0.0515	0.2958	0.4243	0.0509	0.6996	-0.2451	-0.6712	663	665	238	4	3	0.0067	0.375	0	0.0053
0.0091	0.0229	0.3203	0.4219	0.0157	0.5781	0.6194	-0.5312	664	666	238	4	4	0.01	0.05	0	0.01
0.0091	0.0043	0.327	0.4133	0.0188	0.9436	-0.3221	-0.0765	665	0	238	4	5	0.01	0.05	0	0.01
0.0093	0.0186	0.2969	0.4565	0.1056	-0.2797	-0.8098	0.5158	525	668	253	4	1	0.0026	0.4583	1	0.0093
0.0093	0.0441	0.2917	0.4414	0.1152	-0.7117	-0.4351	0.5516	667	669	253	4	2	0.0026	0.4583	0	0.0093
0.0093	0.0204	0.2499	0.4342	0.1366	-0.7552	-0.586	0.2937	668	670	253	4	3	0.0011	0.3333	0	0.0124
0.0093	0.0298	0.2347	0.4242	0.14	-0.5637	0.6879	0.4572	669	671	253	4	4	0.0048	0.375	0	0.0075
0.0093	0.0002	0.218	0.4448	0.1536	-0.7743	0.1593	0.6125	670	0	253	4	5	0.01	0.05	0	0.01
0.007	0.071	0.2711	0.4418	0.0901	-0.2738	0.4378	0.8564	523	673	254	4	1	0.0019	0.5417	0	0.007
0.007	0.0045	0.2501	0.4753	0.1474	-0.3775	0.6587	0.6509	672	674	254	4	2	0.01	0.05	0	0.01
0.007	0.0178	0.2483	0.4783	0.1503	-0.7345	-0.5011	0.4575	673	0	254	4	3	0.01	0.05	0	0.01
0.0063	0.0575	0.3251	0.4793	0.1069	0.2796	0.6219	0.7315	526	676	255	4	1	0.0026	0.4167	0	0.0112
0.0063	0.0004	0.3466	0.5165	0.1432	0.2352	0.865	0.4432	675	677	255	4	2	0.01	0.05	0	0.01
0.0063	0.0154	0.3467	0.5169	0.1434	0.8222	0.1813	-0.5396	676	678	255	4	3	0.01	0.05	0	0.01
0.0063	0.0251	0.3596	0.5199	0.1337	-0.9845	0.134	-0.1128	677	0	255	4	4	0.01	0.05	0	0.01
0.0025	0.0571	0.394	0.4756	0.1491	-0.5521	0.6325	0.5432	534	680	270	4	1	0.01	0.05	0	0.01
0.0025	0.0213	0.3623	0.5116	0.1803	-0.7709	0.2303	-0.5938	679	0	270	4	2	0.01	0.05	0	0.01
0.0088	0.0165	0.3863	0.4688	0.2298	-0.608	-0.3857	0.694	538	682	281	4	1	0.0027	0.625	1	0.0088
0.0088	0.0421	0.3763	0.4625	0.2412	-0.0696	0.5436	-0.8364	681	683	281	4	2	0.0027	0.625	0	0.0088
0.0088	0.0289	0.3544	0.4833	0.2134	-0.3291	0.6747	-0.6607	682	684	281	4	3	0.0045	0.375	0	0.0104
0.0088	0.0004	0.3438	0.4968	0.193	-0.9693	0.2055	-0.1352	683	685	281	4	4	0.01	0.05	0	0.01
0.0088	0.0179	0.3429	0.4968	0.1935	0.0596	0.9606	0.2713	684	686	281	4	5	0.01	0.05	0	0.01
0.0088	0.0169	0.344	0.514	0.1983	0.4287	0.5127	-0.7439	685	0	281	4	6	0.01	0.05	0	0.01
0.0029	0.0688	0.1789	0.4478	-0.0689	-0.0521	-0.5654	0.8232	545	0	233	4	1	0.0035	0.3333	0	0.01
0.0034	0.0382	-0.2796	-0.0429	0.1309	-0.7859	0.2774	0.5526	582	689	126	5	1	0.004	0.225	0	0.0086
0.003	0.0395	-0.3098	-0.035	0.1487	-0.5593	-0.6124	0.5587	688	690	126	5	2	0.001	0.3333	0	0.0063
0.0025	0.0173	-0.3288	-0.0625	0.169	-0.5809	-0.7305	0.3591	689	0	126	5	3	0.0026	0.15	0	0.01
0.0067	0.0458	-0.2914	-0.0491	0.1831	-0.8941	0.2263	0.3866	583	692	128	5	1	0.0017	0.4167	0	0.0081
0.0067	0.0027	-0.334	-0.0438	0.1959	-0.9536	0.0357	0.299	691	693	128	5	2	0.01	0.05	0	0.01
0.0067	0.0158	-0.339	-0.0433	0.1993	-0.6459	0.3686	-0.6685	692	694	128	5	3	0.01	0.05	0	0.01
0.0067	0.0177	-0.3461	-0.038	0.1854	-0.7276	-0.2751	-0.6285	693	0	128	5	4	0.01	0.05	0	0.01
0.0104	0.0313	-0.258	0.0026	0.0669	0.3723	0.4419	-0.8162	0	696	111	0	1	0.0024	0.4583	0	0.0112
0.0077	0.0239	-0.2545	0.0052	0.044	0.6331	-0.5795	-0.5131	695	697	111	0	2	0.0056	0.4583	0	0.0074
0.0074	0.004	-0.2438	-0.001	0.0236	0.0129	-0.7233	-0.6905	696	0	111	0	3	0.0018	0.2917	0	0.0127
0.0087	0.0132	-0.1597	-0.0702	0.2013	0.1106	-0.2387	-0.9648	589	699	161	5	1	0.0022	0.4583	1	0.0087
0.0087	0.03	-0.1583	-0.0733	0.1886	0.4916	0.858	-0.1486	698	700	161	5	2	0.0022	0.4583	0	0.0087
0.0087	0.0269	-0.1553	-0.0487	0.1907	0.1236	0.9175	0.3781	699	701	161	5	3	0.0008	0.3333	0	0.0101
0.0087	0.0088	-0.156	-0.0335	0.2008	-0.9211	0.386	0.0497	700	702	161	5	4	0.01	0.05	0	0.01
0.0087	0.0196	-0.165	-0.0292	0.2059	-0.9151	0.3191	-0.2465	701	0	161	5	5	0.01	0.05	0	0.01
0.0025	0.1043	0.0745	0.4606	-0.0402	-0.6831	-0.7259	0.0805	636	704	252	5	1	0.01	0.05	0	0.01
0.0025	0.0198	0.0022	0.385	-0.0285	-0.7443	-0.6287	-0.2255	703	0	252	5	2	0.01	0.05	0	0.01
0.0097	0.0181	0.1908	0.4514	0.0569	-0.5321	0.8344	0.1434	651	706	319	5	1	0.0027	0.5	0	0.0102
0.0097	0.0449	0.1795	0.4603	0.0698	0.3607	0.771	0.5248	705	707	319	5	2	0.0011	0.4167	0	0.0097
0.0097	0.0272	0.1946	0.4939	0.0948	-0.2415	0.8675	0.4349	706	708	319	5	3	0.0021	0.05	0	0.0169
0.0097	0.0274	0.1845	0.5158	0.1059	-0.4229	0.5909	0.687	707	709	319	5	4	0.01	0.05	0	0.01
0.0097	0.0097	0.1833	0.5218	0.0983	-0.7319	0.4879	-0.4756	708	710	319	5	5	0.01	0.05	0	0.01
0.0097	0.018	0.1715	0.523	0.0956	-0.0232	0.4929	0.8698	709	711	319	5	6	0.01	0.05	0	0.01
0.0097	0.0146	0.1711	0.5319	0.1113	-0.8694	0.1439	0.4727	710	0	319	5	7	0.01	0.05	0	0.01
0.0075	0.0722	0.2339	0.402	0.0963	0.6953	-0.4525	-0.5585	654	713	239	5	1	0.0032	0.4167	0	0.0101
0.0075	0.023	0.2779	0.3724	0.0537	0.3352	-0.046	-0.941	712	714	239	5	2	0.01	0.05	0	0.01
0.0075	0.0235	0.2808	0.3738	0.058	0.8388	0.5345	0.1039	713	715	239	5	3	0.0011	0.3333	0	0.0086
0.0075	0.0131	0.2992	0.3867	0.0618	-0.5032	0.581	-0.6397	714	0	239	5	4	0.01	0.05	0	0.01
0.0073	0.0641	-0.314	-0.0352	0.1503	-0.5656	-0.4337	-0.7014	689	717	141	6	1	0.0028	0.4583	0	0.0074
0.0073	0.0387	-0.3389	-0.0557	0.1019	-0.0079	-0.4117	-0.9113	716	718	141	6	2	0.004	0.4375	0	0.0073
0.0073	0.005	-0.3307	-0.064	0.0742	0.6016	0.1176	-0.7901	717	0	141	6	3	0.0029	0.2917	0	0.0098
