radius (m)	length (m)	start_point	axis_direction	parent	extension	branch	branch_order	position_in_branch	mad	SurfCov	added	UnmodRadius (m)
0.0196	0.0733	0.0941	-0.5838	-0.3257	0.0306	0.8423	0.5382	0	2	1	0	1	0.0034	0.5833	0	0.0201
0.0123	0.0633	0.0954	-0.527	-0.2747	-0.0031	0.9198	0.3924	1	3	1	0	2	0.0008	0.375	0	0.0093
0.0192	0.0482	0.0941	-0.4521	-0.2549	-0.0935	0.2802	0.9554	2	4	1	0	3	0.0033	0.2	0	0.0245
0.0108	0.0445	0.0823	-0.4375	-0.2091	0.1395	0.9871	0.0787	3	5	1	0	4	0.0013	0.375	0	0.0106
0.0096	0.0353	0.0784	-0.3951	-0.1991	0.029	0.9613	0.2738	4	6	1	0	5	0.0064	0.4063	0	0.0066
0.0081	0.0427	0.0747	-0.3569	-0.1946	-0.0596	0.7471	0.6621	5	7	1	0	6	0.0028	0.425	0	0.0081
0.0066	0.046	0.0735	-0.3246	-0.1673	-0.0177	0.8943	0.4471	6	0	1	0	7	0.0007	0.375	0	0.0054
0.0238	0.0589	0.0849	-0.5039	-0.2577	0.1808	-0.6516	0.7367	2	0	2	1	1	0.0026	0.4583	0	0.0238
0.0143	0.0436	0.097	-0.5615	-0.2882	-0.0181	-0.9485	0.3162	1	10	32	1	1	0.0037	0.4583	0	0.0143
0.0174	0.0753	0.0783	-0.6107	-0.305	-0.5871	-0.6313	0.5068	9	11	32	1	2	0.0042	0.275	0	0.0226
0.0143	0.0598	0.0262	-0.6529	-0.2681	-0.5723	-0.7679	0.2876	10	12	32	1	3	0.0068	0.35	0	0.013
0.0143	0.025	0.0261	-0.6983	-0.2547	0.0956	-0.6443	0.7588	11	13	32	1	4	0.01	0.05	0	0.01
0.0143	0.0393	-0.0009	-0.689	-0.2651	-0.7012	-0.7071	0.0916	12	14	32	1	5	0.0014	0.375	0	0.0141
0.0143	0.0036	-0.0235	-0.7122	-0.2721	-0.2983	-0.8175	-0.4926	13	15	32	1	6	0.01	0.05	0	0.01
0.0143	0.0211	-0.0246	-0.7151	-0.2738	-0.1563	-0.9592	-0.2354	14	16	32	1	7	0.01	0.05	0	0.01
0.0143	0.0222	-0.0279	-0.7354	-0.2788	-0.0028	-0.5662	-0.8243	15	0	32	1	8	0.01	0.05	0	0.01
0.0077	0.0198	0.0723	-0.3298	-0.1813	-0.2847	0.9203	0.2682	6	18	9	1	1	0.002	0.3333	0	0.0093
0.0077	0.0529	0.0817	-0.3057	-0.173	-0.3768	0.9213	0.0964	17	19	9	1	2	0.0049	0.35	0	0.0201
0.0077	0.044	0.0707	-0.259	-0.1691	0.2537	0.8135	0.5233	18	20	9	1	3	0.0013	0.2917	0	0.0116
0.0077	0.0321	0.0766	-0.2218	-0.1517	-0.332	0.7926	0.5114	19	21	9	1	4	0.0022	0.225	0	0.0152
0.0077	0.052	0.0822	-0.1953	-0.1245	-0.5127	0.4414	0.7365	20	22	9	1	5	0.0025	0.225	0	0.0251
0.0077	0.0657	0.0592	-0.167	-0.1002	-0.0993	0.9371	0.3347	21	23	9	1	6	0.0064	0.375	0	0.0109
0.0077	0.0387	0.0494	-0.1161	-0.0615	-0.3533	0.818	0.454	22	24	9	1	7	0.0056	0.25	0	0.0083
0.0064	0.0304	0.0378	-0.0751	-0.0558	-0.3627	0.761	0.5379	23	25	9	1	8	0.0028	0.5	0	0.0064
0.0077	0.0365	0.0232	-0.0594	-0.0299	-0.327	0.7988	0.505	24	26	9	1	9	0.0034	0.4375	0	0.0078
0.0077	0.0301	0.0173	-0.0228	-0.0244	-0.1809	0.886	0.427	25	27	9	1	10	0.0047	0.4063	0	0.0086
0.0076	0.046	0.0145	0.0029	-0.0169	0.0433	0.9872	-0.1537	26	28	9	1	11	0.0045	0.14	0	0.0129
0.0076	0.0247	-0.002	0.0418	-0.0241	-0.3207	0.9162	-0.2403	27	29	9	1	12	0.01	0.05	0	0.01
0.0076	0.0327	-0.0081	0.0616	-0.0151	-0.7395	0.6378	0.2154	28	30	9	1	13	0.0069	0.275	0	0.0164
0.0076	0.0426	-0.0085	0.0744	0.018	-0.4815	0.6117	0.6276	29	31	9	1	14	0.0037	0.2	0	0.0126
0.0067	0.0853	-0.0232	0.1006	0.0481	-0.3676	0.7046	0.607	30	32	9	1	15	0.0022	0.425	0	0.0067
0.0068	0.0632	-0.0689	0.1532	0.0983	-0.4298	0.6876	0.5853	31	33	9	1	16	0.0041	0.4688	0	0.0068
0.0056	0.0589	-0.0734	0.2072	0.1335	-0.3059	0.755	0.58	32	34	9	1	17	0.0049	0.5417	0	0.0053
0.0056	0.0923	-0.0958	0.2225	0.1914	-0.3253	0.6274	0.7075	33	35	9	1	18	0.0027	0.4	0	0.0054
0.0056	0.0744	-0.1328	0.2551	0.2698	-0.3632	0.5037	0.7838	34	36	9	1	19	0.0028	0.5313	0	0.0056
0.0075	0.0589	-0.0747	0.3607	0.2337	-0.0999	0.8475	0.5214	35	37	9	1	20	0.0055	0.5	0	0.0076
0.0062	0.0783	-0.0104	0.3969	0.1263	0.2265	0.9738	0.0188	36	38	9	1	21	0.0033	0.5938	0	0.0062
0.0075	0.0527	0.0137	0.3467	0.2682	0.3473	0.7047	0.6187	37	39	9	1	22	0.0048	0.4167	0	0.0091
0.0074	0.0949	-0.1053	0.3675	0.2696	-0.2432	0.6262	0.7408	38	40	9	1	23	0.0095	0.225	0	0.0105
0.0072	0.0257	-0.1635	0.4001	0.1693	-0.5771	0.8166	-0.0096	39	41	9	1	24	0.01	0.05	0	0.01
0.0075	0.0483	-0.0391	0.3806	0.1708	0.2794	0.9576	-0.0703	40	42	9	1	25	0.0066	0.225	0	0.0155
0.0074	0.1001	-0.02	0.4246	0.1668	0.3631	0.9317	-0.0084	41	43	9	1	26	0.0053	0.1333	0	0.0128
0.0071	0.0699	0.0058	0.4379	0.075	0.4086	0.6613	-0.6291	42	44	9	1	27	0.01	0.05	0	0.01
0.0075	0.0456	-0.0723	0.4259	0.1792	-0.2087	0.952	0.2237	43	45	9	1	28	0.006	0.275	0	0.0141
0.0074	0.048	-0.0895	0.4652	0.1909	-0.4268	0.8845	0.1885	44	46	9	1	29	0.005	0.4167	0	0.0082
0.0073	0.0826	-0.0845	0.4956	0.2315	-0.0556	0.9162	0.3969	45	47	9	1	30	0.0062	0.325	0	0.0088
0.0072	0.1034	-0.088	0.5808	0.2413	-0.1312	0.9184	0.3732	46	48	9	1	31	0.0066	0.2708	0	0.0091
0.0059	0.0885	-0.0948	0.6815	0.2454	-0.0778	0.9856	0.1504	47	49	9	1	32	0.0026	0.4	0	0.0059
0.0068	0.0216	-0.1231	0.764	0.2647	-0.1555	0.9674	0.1998	48	50	9	1	33	0.01	0.05	0	0.01
0.0072	0.0393	-0.1025	0.7616	0.3207	-0.0737	0.8964	0.4371	49	51	9	1	34	0.0008	0.375	0	0.0089
0.0072	0.0312	-0.1604	0.7933	0.2703	-0.31	0.9289	0.2025	50	52	9	1	35	0.0008	0.375	0	0.0084
0.0071	0.0247	-0.0773	0.8197	0.2374	0.0429	0.9985	0.0353	51	53	9	1	36	0.0009	0.2917	0	0.0111
0.005	0.0571	-0.109	0.8173	0.301	-0.088	0.9306	0.3553	52	54	9	1	37	0.003	0.5417	0	0.005
0.0067	0.0201	-0.1391	0.8082	0.3838	-0.2047	0.7339	0.6476	53	55	9	1	38	0.01	0.05	0	0.01
0.0066	0.0331	-0.052	0.8222	0.2559	0.2032	0.9709	0.1264	54	56	9	1	39	0.01	0.05	0	0.01
0.0066	0.0226	-0.0982	0.8479	0.2728	-0.0706	0.9774	0.1993	55	0	9	1	40	0.01	0.05	0	0.01
0.0053	0.0088	-0.0738	0.2037	0.1379	-0.0787	-0.1972	0.9772	33	58	17	2	1	0.0018	0.4583	0	0.0092
0.0053	0.0133	-0.0724	0.1993	0.1482	-0.1461	0.4682	0.8715	57	59	17	2	2	0.01	0.05	0	0.01
0.0053	0.0278	-0.0752	0.2056	0.1574	-0.2396	0.9628	0.1247	58	60	17	2	3	0.01	0.05	0	0.01
0.0053	0.0001	-0.0822	0.2339	0.1611	-0.3504	0.0657	-0.9343	59	0	17	2	4	0.01	0.05	0	0.01
0.008	0.1215	-0.1034	0.2123	0.1398	0.9653	0.2357	-0.1128	32	62	19	2	1	0.0042	0.5	0	0.008
0.008	0.0309	0.0118	0.2363	0.1288	0.8364	-0.4967	-0.2318	61	63	19	2	2	0.01	0.05	0	0.01
0.008	0.0221	0.0356	0.2349	0.1122	0.8546	-0.1975	-0.4803	62	0	19	2	3	0.01	0.05	0	0.01
0.0059	0.0932	-0.0151	0.3906	0.1314	-0.5049	-0.6689	0.5456	37	65	26	2	1	0.003	0.4583	1	0.0086
0.0059	0.0412	-0.0622	0.3283	0.1823	-0.5545	0.8215	-0.1331	64	66	26	2	2	0.003	0.4583	0	0.0086
0.0059	0.0261	-0.0888	0.3556	0.1739	0.5228	0.0823	-0.8485	65	67	26	2	3	0.01	0.05	0	0.01
0.0059	0.0335	-0.0751	0.3578	0.1517	0.7304	0.1518	-0.666	66	0	26	2	4	0.01	0.05	0	0.01
0.0128	0.0593	-0.0118	0.1596	0.182	-0.5241	-0.7145	-0.4635	0	69	24	0	1	0.0038	0.5	0	0.0128
0.0128	0.0068	-0.039	0.1189	0.1615	0.3321	-0.9422	0.0441	68	70	24	0	2	0.01	0.05	0	0.01
0.0128	0.0319	-0.0368	0.1125	0.1618	0.7748	0.2679	-0.5726	69	0	24	0	3	0.01	0.05	0	0.01
