radius (m)	length (m)	start_point	axis_direction	parent	extension	branch	branch_order	position_in_branch	mad	SurfCov	added	UnmodRadius (m)
0.0112	0.0668	-0.1773	0.1221	-0.4526	0.5736	-0.4308	0.6967	0	2	1	0	1	0.0022	0.7083	0	0.0112
0.0123	0.0606	-0.1415	0.0966	-0.3978	0.7371	-0.5215	0.4299	1	3	1	0	2	0.0017	0.7083	0	0.0123
0.0115	0.0597	-0.0974	0.0668	-0.3711	0.6671	-0.0563	0.7429	2	4	1	0	3	0.0016	0.75	0	0.0115
0.0118	0.0565	-0.0589	0.0573	-0.3289	0.7706	-0.361	0.5252	3	5	1	0	4	0.0017	0.75	0	0.0118
0.0112	0.0372	-0.0199	0.0391	-0.292	0.6918	-0.4574	0.5587	4	6	1	0	5	0.0011	0.6667	0	0.0102
0.0112	0.0497	0.0073	0.0229	-0.2728	0.7752	-0.2798	0.5664	5	7	1	0	6	0.0014	0.5417	0	0.0105
0.0112	0.0414	0.044	0.0055	-0.2455	0.6443	-0.4707	0.6028	6	8	1	0	7	0.0012	0.4583	0	0.0099
0.0112	0.0223	0.0712	-0.0145	-0.2218	0.6841	-0.5297	0.5014	7	9	1	0	8	0.0011	0.5	0	0.0105
0.0112	0.0427	0.0809	-0.0292	-0.1992	0.8037	-0.5344	0.2617	8	10	1	0	9	0.0011	0.3333	0	0.01
0.0112	0.0334	0.1097	-0.0544	-0.186	0.501	-0.6365	0.5864	9	11	1	0	10	0.0009	0.3333	0	0.0105
0.0112	0.0232	0.116	-0.0783	-0.1649	0.2219	-0.3626	0.9051	10	12	1	0	11	0.0061	0.5417	0	0.0088
0.0138	0.0288	0.1336	-0.0708	-0.1416	0.1492	-0.2547	0.9554	11	13	1	0	12	0.0065	0.375	0	0.0154
0.0112	0.0181	0.113	-0.0618	-0.1215	-0.0039	0.4052	0.9142	12	14	1	0	13	0.0038	0.25	0	0.0081
0.0112	0.0361	0.1001	-0.0556	-0.125	-0.7413	0.5014	0.4462	13	15	1	0	14	0.0044	0.325	0	0.0078
0.0112	0.0196	0.0778	-0.0327	-0.1206	-0.762	0.6469	-0.028	14	16	1	0	15	0.0031	0.4375	0	0.0078
0.0112	0.0309	0.0636	-0.02	-0.1222	-0.5699	0.7008	-0.429	15	0	1	0	16	0.01	0.05	0	0.01
0.0097	0.0625	0.1316	-0.0883	-0.1262	0.4247	-0.8795	-0.2147	12	18	2	1	1	0.0016	0.5417	0	0.0097
0.0112	0.0308	0.1561	-0.1448	-0.1432	0.3921	-0.9083	0.146	17	19	2	1	2	0.0012	0.5833	0	0.0114
0.0119	0.0311	0.1694	-0.1714	-0.1367	0.5807	-0.7941	0.1794	18	20	2	1	3	0.0013	0.6667	0	0.012
0.0104	0.0445	0.1727	-0.2056	-0.133	0.5429	-0.8397	-0.0099	19	21	2	1	4	0.0017	0.6667	0	0.0104
0.0107	0.0474	0.1953	-0.2441	-0.1323	0.3517	-0.8793	-0.3212	20	22	2	1	5	0.0016	0.625	0	0.0107
0.01	0.0443	0.2122	-0.2853	-0.141	0.4721	-0.8795	0.0595	21	23	2	1	6	0.0013	0.3333	0	0.01
0.0093	0.038	0.235	-0.3217	-0.1495	0.4601	-0.8801	-0.1168	22	24	2	1	7	0.0052	0.5	0	0.0093
0.01	0.0277	0.2457	-0.3577	-0.1563	0.4549	-0.6473	-0.6117	23	25	2	1	8	0.01	0.05	0	0.01
0.0078	0.0297	0.255	-0.3771	-0.1505	0.2583	-0.9658	-0.0232	24	26	2	1	9	0.001	0.375	0	0.0065
0.01	0.0241	0.2683	-0.4013	-0.1572	0.3416	-0.8807	-0.328	25	27	2	1	10	0.01	0.05	0	0.01
0.0095	0.02	0.2656	-0.4159	-0.1553	-0.2109	-0.9013	0.3784	26	28	2	1	11	0.0011	0.375	0	0.0095
0.0108	0.0272	0.2591	-0.4351	-0.148	0.2419	-0.6446	0.7252	27	29	2	1	12	0.0013	0.4583	0	0.011
0.0077	0.0384	0.2766	-0.4537	-0.1377	0.2598	-0.8793	0.3992	28	30	2	1	13	0.004	0.4688	0	0.0072
0.01	0.0335	0.2858	-0.4867	-0.1324	0.6674	-0.7364	-0.1108	29	31	2	1	14	0.01	0.05	0	0.01
0.0103	0.0074	0.313	-0.4879	-0.1144	0.8683	-0.4226	0.2598	30	32	2	1	15	0.0012	0.4583	0	0.0103
0.0112	0.0171	0.3146	-0.5031	-0.1211	0.6009	-0.6092	0.5174	31	33	2	1	16	0.001	0.2917	0	0.0126
0.0119	0.0118	0.3302	-0.5119	-0.1178	0.3041	-0.9525	0.0138	32	34	2	1	17	0.0041	0.625	0	0.0121
0.0093	0.0339	0.3353	-0.5189	-0.121	0.926	-0.3757	-0.0358	33	35	2	1	18	0.0034	0.5	0	0.0093
0.0105	0.0609	0.3315	-0.5273	-0.1248	0.0224	-0.3781	-0.9255	34	36	2	1	19	0.0107	0.3438	0	0.0109
0.0099	0.0494	0.3365	-0.5362	-0.1848	-0.3005	-0.1639	-0.9396	35	37	2	1	20	0.01	0.05	0	0.01
0.0074	0.036	0.3382	-0.5395	-0.1559	-0.3983	-0.9057	0.1449	36	38	2	1	21	0.0009	0.2917	0	0.006
0.0073	0.0278	0.3248	-0.5721	-0.1518	-0.4557	-0.8032	-0.3836	37	39	2	1	22	0.0006	0.3333	0	0.0061
0.0098	0.0005	0.3083	-0.5898	-0.1631	-0.6373	-0.5736	-0.5146	38	40	2	1	23	0.01	0.05	0	0.01
0.0073	0.0448	0.3062	-0.5918	-0.1665	0.5869	-0.7996	0.1274	39	41	2	1	24	0.001	0.3333	0	0.0072
0.0078	0.0348	0.3276	-0.6291	-0.1736	0.329	-0.9441	-0.0206	40	42	2	1	25	0.0008	0.3333	0	0.0078
0.0072	0.0404	0.3394	-0.6622	-0.1724	0.2467	-0.9505	-0.1891	41	43	2	1	26	0.0026	0.4375	0	0.0056
0.0071	0.0328	0.345	-0.7008	-0.1771	0.0358	-0.9988	-0.0336	42	44	2	1	27	0.0033	0.325	0	0.0063
0.0069	0.021	0.3513	-0.7309	-0.1779	0.4675	-0.8795	-0.0893	43	45	2	1	28	0.0037	0.5	0	0.0069
0.0108	0.019	0.347	-0.745	-0.1647	-0.12	-0.9777	0.1722	44	46	2	1	29	0.0069	0.4583	0	0.0116
0.0084	0.0206	0.3427	-0.7647	-0.1642	-0.445	-0.6694	0.5949	45	47	2	1	30	0.0032	0.5	0	0.0084
0.009	0.0168	0.33	-0.7727	-0.1628	-0.805	-0.5909	-0.0534	46	48	2	1	31	0.01	0.05	0	0.01
0.0094	0.0008	0.3162	-0.7828	-0.1625	-0.7286	-0.6398	-0.2447	47	49	2	1	32	0.0009	0.2917	0	0.0102
0.0075	0.0323	0.3195	-0.7859	-0.1526	-0.0758	-0.9719	-0.2228	48	50	2	1	33	0.0066	0.375	0	0.0075
0.0079	0.0297	0.3228	-0.8065	-0.1492	0.5704	-0.7071	0.4178	49	51	2	1	34	0.0054	0.2813	0	0.0079
0.0086	0.0323	0.3394	-0.8338	-0.1539	0.8167	-0.5456	0.1879	50	52	2	1	35	0.01	0.05	0	0.01
0.0109	0.0153	0.3561	-0.8321	-0.1333	0.9044	0.1589	0.3961	51	53	2	1	36	0.0031	0.3	0	0.0171
0.0084	0.0235	0.365	-0.8216	-0.1326	0.8936	0.3484	-0.2829	52	54	2	1	37	0.01	0.05	0	0.01
0.0091	0.0285	0.3674	-0.8263	-0.138	0.5722	-0.812	0.1154	53	55	2	1	38	0.0008	0.4167	0	0.0097
0.0082	0.0066	0.3887	-0.8424	-0.1367	0.4617	-0.5218	-0.7174	54	56	2	1	39	0.01	0.05	0	0.01
0.0063	0.0527	0.3876	-0.8459	-0.1434	0.1273	-0.9688	-0.2125	55	57	2	1	40	0.0007	0.375	0	0.0063
0.008	0.0229	0.3989	-0.8911	-0.1583	0.4869	-0.7029	-0.5184	56	58	2	1	41	0.01	0.05	0	0.01
0.0083	0.0199	0.3997	-0.9077	-0.1576	0.3772	-0.8833	0.2785	57	59	2	1	42	0.0012	0.4167	0	0.0086
0.0079	0.0039	0.406	-0.9268	-0.1505	0.4711	-0.7829	-0.4064	58	60	2	1	43	0.01	0.05	0	0.01
0.0078	0.0087	0.4153	-0.9303	-0.1571	0.3742	-0.6831	0.6272	59	61	2	1	44	0.01	0.05	0	0.01
0.0077	0.0267	0.4186	-0.9363	-0.1516	0.6723	-0.7197	-0.1733	60	0	2	1	45	0.01	0.05	0	0.01
0.0105	0.0164	0.0939	-0.0392	-0.1126	0.7975	0.5347	0.2793	14	63	7	1	1	0.002	0.4583	1	0.0144
0.0105	0.0272	0.107	-0.0304	-0.108	-0.5446	-0.1524	0.8247	62	64	7	1	2	0.002	0.4583	0	0.0144
0.0105	0.0255	0.0949	-0.0318	-0.0885	-0.7193	0.6944	-0.0194	63	65	7	1	3	0.0011	0.3333	0	0.0126
0.01	0.0185	0.0739	-0.0227	-0.0823	-0.9697	0.1326	-0.205	64	66	7	1	4	0.01	0.05	0	0.01
0.0078	0.0408	0.0634	-0.0121	-0.076	-0.8696	0.3417	0.3566	65	67	7	1	5	0.0008	0.375	0	0.0072
0.01	0.0239	0.028	0.0044	-0.0638	-0.7375	0.4695	0.4854	66	68	7	1	6	0.01	0.05	0	0.01
0.0105	0.0309	0.02	0.0102	-0.0567	0.262	0.8482	-0.4603	67	69	7	1	7	0.0024	0.225	0	0.0158
0.0099	0.0369	0.0186	0.0442	-0.0683	0.652	0.7458	0.1365	68	70	7	1	8	0.0074	0.3333	0	0.0099
0.0078	0.0233	0.0283	0.0606	-0.0665	-0.6216	0.7741	0.1201	69	71	7	1	9	0.0095	0.5	0	0.0075
0.0082	0.0197	0.0327	0.086	-0.0472	-0.5828	0.741	0.3336	70	72	7	1	10	0.007	0.5417	0	0.0082
0.009	0.0179	0.0209	0.1013	-0.0435	0.2928	0.9426	0.1606	71	73	7	1	11	0.0055	0.5313	0	0.009
0.0104	0.0288	0.0221	0.118	-0.0294	-0.5135	0.8397	-0.1768	72	74	7	1	12	0.0025	0.25	0	0.0218
0.01	0.002	0.0132	0.1422	-0.0273	-0.3983	0.8556	0.3306	73	75	7	1	13	0.01	0.05	0	0.01
0.01	0.0258	0.0122	0.1443	-0.0265	-0.3526	-0.5154	0.781	74	76	7	1	14	0.01	0.05	0	0.01
0.0083	0.0325	-0.0038	0.1501	-0.0262	-0.646	0.4244	0.6345	75	77	7	1	15	0.0012	0.3333	0	0.0083
0.01	0.0262	-0.0144	0.1642	-0.0062	0.0394	0.5973	0.801	76	78	7	1	16	0.01	0.05	0	0.01
0.0104	0.0111	-0.032	0.175	0.0007	-0.4553	0.8339	0.3118	77	79	7	1	17	0.001	0.375	0	0.0106
0.0101	0.0366	-0.0346	0.1859	0.0043	-0.5377	0.7729	0.3369	78	80	7	1	18	0.0009	0.3333	0	0.0101
0.01	0.035	-0.0452	0.2154	0.0217	-0.2663	0.9318	0.2464	79	81	7	1	19	0.01	0.05	0	0.01
0.0103	0.0608	-0.0619	0.2417	0.0365	0.071	-0.7372	-0.6719	80	82	7	1	20	0.0047	0.275	0	0.017
0.0102	0.0107	-0.0785	0.2144	-0.0096	-0.0351	-0.3284	-0.9439	81	83	7	1	21	0.0012	0.25	0	0.0114
0.0104	0.0432	-0.075	0.2164	-0.0186	-0.5632	0.2473	0.7885	82	84	7	1	22	0.0008	0.4583	0	0.0108
0.0092	0.0364	-0.1004	0.2266	0.0147	-0.6203	0.333	0.7101	83	85	7	1	23	0.0008	0.2917	0	0.0092
0.0103	0.028	-0.1314	0.2283	0.0344	-0.6769	0.1156	0.7269	84	86	7	1	24	0.0068	0.4167	0	0.0107
0.0099	0.0091	-0.142	0.2534	0.0375	-0.943	0.3308	-0.0375	85	87	7	1	25	0.01	0.05	0	0.01
0.0102	0.0289	-0.1444	0.2574	0.0498	-0.6733	-0.6346	0.3793	86	88	7	1	26	0.0007	0.375	0	0.015
0.0096	0.0385	-0.1585	0.2413	0.066	-0.1118	0.949	-0.2947	87	89	7	1	27	0.0008	0.4167	0	0.0096
0.0101	0.0361	-0.164	0.2777	0.0575	0.27	0.9517	0.1463	88	90	7	1	28	0.0036	0.075	0	0.0158
0.0097	0.0196	-0.1652	0.3065	0.0564	-0.4357	0.8994	-0.0359	89	91	7	1	29	0.01	0.05	0	0.01
0.0079	0.0186	-0.1699	0.3157	0.0787	-0.3863	0.8432	0.374	90	92	7	1	30	0.001	0.2917	0	0.0079
0.0093	0.0305	-0.1656	0.3367	0.0837	-0.3834	0.9014	0.201	91	93	7	1	31	0.0008	0.2917	0	0.0093
0.0095	0.0013	-0.1816	0.3556	0.0868	-0.9012	0.4315	0.0412	92	94	7	1	32	0.01	0.05	0	0.01
0.0097	0.0596	-0.1856	0.3629	0.0805	-0.7802	0.2226	0.5845	93	95	7	1	33	0.0012	0.3333	0	0.0099
0.0094	0.0277	-0.2286	0.3649	0.1179	-0.8952	-0.1881	0.404	94	96	7	1	34	0.01	0.05	0	0.01
0.0069	0.0828	-0.2364	0.3575	0.1223	0.1021	0.9932	-0.0562	95	97	7	1	35	0.0011	0.375	0	0.0063
0.0092	0.026	-0.2238	0.438	0.1232	0.1264	0.969	0.2123	96	98	7	1	36	0.01	0.05	0	0.01
0.0078	0.0364	-0.233	0.4589	0.1179	-0.3065	0.9516	-0.022	97	99	7	1	37	0.0009	0.4167	0	0.0078
0.0099	0.0321	-0.2429	0.4946	0.126	-0.7248	0.6887	0.0187	98	100	7	1	38	0.001	0.375	0	0.0109
0.0087	0.0247	-0.269	0.5141	0.1261	-0.6443	0.623	0.4436	99	101	7	1	39	0.0036	0.5313	0	0.0087
0.0094	0.0279	-0.275	0.5241	0.141	0.1687	0.7683	0.6175	100	102	7	1	40	0.003	0.2	0	0.0161
0.0089	0.0294	-0.2736	0.5432	0.1597	-0.5162	0.829	0.2151	101	103	7	1	41	0.0012	0.25	0	0.0093
0.0076	0.0191	-0.2906	0.5629	0.1683	-0.5121	0.5319	0.6744	102	104	7	1	42	0.0037	0.5417	0	0.0076
0.0065	0.0304	-0.2915	0.5766	0.177	-0.2894	0.9392	0.1849	103	105	7	1	43	0.0037	0.5	0	0.0065
0.0065	0.0378	-0.2984	0.6071	0.1741	-0.2463	0.9547	0.1673	104	106	7	1	44	0.0068	0.3438	0	0.0043
0.0095	0.0126	-0.3267	0.6308	0.1968	-0.4976	0.8643	0.0734	105	107	7	1	45	0.0053	0.375	0	0.011
0.0076	0.0085	-0.3258	0.6454	0.2036	-0.6958	0.462	0.5499	106	108	7	1	46	0.0042	0.4583	0	0.0076
0.0087	0.0405	-0.334	0.6565	0.1883	-0.4743	0.8117	0.3409	107	109	7	1	47	0.0061	0.3438	0	0.0094
0.008	0.0305	-0.3521	0.6875	0.1954	-0.4876	0.82	-0.2996	108	0	7	1	48	0.01	0.05	0	0.01
0.0107	0.0778	0.1492	-0.1476	-0.1443	0.154	-0.5515	0.8198	18	111	8	2	1	0.0058	0.325	0	0.0163
0.0099	0.0474	0.1611	-0.1904	-0.0808	0.9937	0.0348	-0.1069	110	112	8	2	2	0.0012	0.4583	0	0.0099
0.0106	0.0381	0.2091	-0.1964	-0.0875	0.3776	0.2297	-0.897	111	113	8	2	3	0.0047	0.275	0	0.0158
0.01	0.0028	0.2114	-0.1947	-0.1197	0.1497	-0.491	-0.8582	112	114	8	2	4	0.01	0.05	0	0.01
0.0104	0.025	0.2175	-0.1951	-0.1147	0.7319	-0.4612	-0.5016	113	115	8	2	5	0.0013	0.4167	0	0.0119
0.0099	0.0148	0.2387	-0.2007	-0.1257	-0.0531	0.2656	-0.9626	114	0	8	2	6	0.01	0.05	0	0.01
0.0025	0.0327	0.1866	-0.1939	-0.1228	0.0788	0.3198	0.9442	19	117	9	2	1	0.0102	0.275	1	0.01
0.0025	0.0346	0.1854	-0.1759	-0.0931	0.6013	0.1863	-0.777	116	118	9	2	2	0.0021	0.225	0	0.01
0.0025	0.0214	0.2058	-0.1691	-0.1199	0.0503	0.2499	-0.967	117	0	9	2	3	0.003	0.125	0	0.01
0.0111	0.0255	0.2511	-0.3395	-0.1593	0.5464	0.3499	-0.7609	23	120	10	2	1	0.0007	0.4167	1	0.0111
0.0111	0.0538	0.265	-0.3306	-0.1787	-0.3945	-0.6315	-0.6675	119	121	10	2	2	0.0007	0.4167	0	0.0111
0.0111	0.0296	0.2462	-0.3648	-0.2153	-0.2552	-0.7854	-0.5639	120	122	10	2	3	0.0011	0.3333	0	0.014
0.0111	0.0022	0.2473	-0.3932	-0.2308	-0.3171	-0.6739	-0.6673	121	123	10	2	4	0.01	0.05	0	0.01
0.0111	0.0112	0.2451	-0.3936	-0.2322	-0.3904	-0.4066	-0.826	122	124	10	2	5	0.01	0.05	0	0.01
0.0111	0.0135	0.2406	-0.3984	-0.2418	-0.8104	0.5534	-0.1923	123	125	10	2	6	0.01	0.05	0	0.01
0.0111	0.0169	0.2369	-0.4079	-0.2399	0.1458	-0.197	-0.9695	124	0	10	2	7	0.01	0.05	0	0.01
0.0095	0.0345	0.2413	-0.3619	-0.167	-0.4786	0.4665	0.7439	24	127	14	2	1	0.0061	0.25	0	0.0161
0.0095	0.0321	0.2382	-0.3297	-0.1632	0.8379	0.0405	0.5444	126	128	14	2	2	0.0013	0.375	0	0.0118
0.0095	0.0065	0.2598	-0.333	-0.151	0.783	-0.2727	-0.5591	127	129	14	2	3	0.01	0.05	0	0.01
0.0095	0.0185	0.2649	-0.3349	-0.1538	0.8331	0.5531	-0.0018	128	0	14	2	4	0.01	0.05	0	0.01
0.0108	0.0532	0.2574	-0.375	-0.1431	-0.2255	0.7201	0.6563	25	131	19	2	1	0.0024	0.5	0	0.0108
0.0108	0.0308	0.2359	-0.344	-0.1043	-0.2582	0.6981	0.6678	130	132	19	2	2	0.01	0.05	0	0.01
0.0108	0.0225	0.2327	-0.3444	-0.1107	-0.9783	-0.207	-0.0048	131	0	19	2	3	0.01	0.05	0	0.01
0.0081	0.0522	0.2624	-0.3987	-0.1433	0.6306	0.659	0.4099	25	134	22	2	1	0.0018	0.4583	0	0.0081
0.0081	0.0279	0.2966	-0.3645	-0.1335	0.7493	0.6581	0.0741	133	135	22	2	2	0.01	0.05	0	0.01
0.0081	0.0107	0.3137	-0.3459	-0.1407	0.6574	0.7086	-0.2562	134	0	22	2	3	0.01	0.05	0	0.01
0.0128	0.0142	0.2696	-0.419	-0.1454	0.5502	0.2097	0.8083	27	137	23	2	1	0.0022	0.375	1	0.0072
0.0128	0.0256	0.2813	-0.4156	-0.1282	-0.8318	0.0744	0.5501	136	138	23	2	2	0.0031	0.125	0	0.0072
0.0128	0.0476	0.2612	-0.403	-0.1316	0.9777	0.1427	0.1543	137	139	23	2	3	0.001	0.4167	0	0.0128
0.0128	0.0526	0.3044	-0.3921	-0.1252	0.777	0.5756	-0.2548	138	140	23	2	4	0.001	0.2917	0	0.011
0.0128	0.0103	0.3433	-0.3574	-0.1346	0.6649	0.6393	-0.3862	139	0	23	2	5	0.01	0.05	0	0.01
0.0055	0.0917	0.2548	-0.4463	-0.1447	0.5995	-0.7872	-0.1445	28	142	35	2	1	0.005	0.24	0	0.0117
0.0025	0.0017	0.294	-0.514	-0.1647	0.216	-0.5089	-0.8333	141	143	35	2	2	0.0019	0.125	0	0.01
0.0025	0.0197	0.2957	-0.5172	-0.1619	0.6432	-0.568	-0.5135	142	0	35	2	3	0.0043	0.175	0	0.01
0.012	0.0149	0.3261	-0.5538	-0.1585	-0.7332	0.1071	-0.6715	37	145	50	2	1	0.0008	0.3333	1	0.0141
0.012	0.0199	0.3152	-0.5522	-0.1685	-0.9546	0.2728	0.1196	144	146	50	2	2	0.0008	0.3333	0	0.0141
0.012	0.0423	0.2957	-0.5396	-0.1586	-0.5653	0.5822	-0.5844	145	147	50	2	3	0.0065	0.4167	0	0.012
0.012	0.0392	0.278	-0.5123	-0.1835	-0.399	0.9075	-0.1317	146	148	50	2	4	0.01	0.05	0	0.01
0.012	0.0288	0.2511	-0.4852	-0.1788	-0.5877	0.8089	0.0165	147	0	50	2	5	0.01	0.05	0	0.01
0.0089	0.0527	0.3318	-0.6161	-0.1658	0.7707	-0.6344	-0.0597	40	150	53	2	1	0.0023	0.4167	0	0.0128
0.0089	0.0471	0.3735	-0.6495	-0.169	-0.0223	-0.9954	-0.093	149	151	53	2	2	0.0011	0.375	0	0.0092
0.0089	0.0335	0.368	-0.6932	-0.165	0.0929	-0.9091	0.4061	150	152	53	2	3	0.01	0.05	0	0.01
0.0089	0.0026	0.3746	-0.7245	-0.1649	0.1549	-0.982	0.1083	151	153	53	2	4	0.0011	0.4167	0	0.0089
0.0089	0.0019	0.3672	-0.7262	-0.1673	0.0781	-0.8627	-0.4997	152	154	53	2	5	0.01	0.05	0	0.01
0.0089	0.0183	0.3673	-0.7279	-0.1683	0.0389	-0.9594	0.2795	153	0	53	2	6	0.01	0.05	0	0.01
0.0072	0.0433	0.3098	-0.8147	-0.1581	-0.918	0.3332	0.2152	49	156	76	2	1	0.01	0.05	1	0.01
0.0072	0.0261	0.2701	-0.8003	-0.1488	-0.8392	0.4796	-0.2563	155	157	76	2	2	0.01	0.05	0	0.01
0.0072	0.0192	0.2482	-0.7878	-0.1555	-0.3405	0.9331	0.1159	156	158	76	2	3	0.01	0.05	0	0.01
0.0072	0.0264	0.2416	-0.7698	-0.1532	-0.9246	0.341	-0.1696	157	0	76	2	4	0.01	0.05	0	0.01
0.0081	0.0494	0.3595	-0.8218	-0.1473	0.6739	-0.5236	-0.5213	54	160	101	2	1	0.0006	0.3333	0	0.0081
0.0076	0.0028	0.387	-0.8476	-0.1739	0.0974	-0.6668	-0.7389	159	161	101	2	2	0.01	0.05	0	0.01
0.0066	0.0078	0.3959	-0.854	-0.1732	0.2192	-0.1673	-0.9612	160	162	101	2	3	0.01	0.05	0	0.01
0.0057	0.0126	0.3942	-0.8478	-0.1819	0.89	0.4339	0.1397	161	163	101	2	4	0.01	0.05	0	0.01
0.0042	0.0237	0.4053	-0.8424	-0.1802	0.1159	0.3389	-0.9337	162	0	101	2	5	0.01	0.05	0	0.01
0.0087	0.0311	0.3849	-0.8489	-0.1285	-0.6996	-0.7092	0.0871	54	165	104	2	1	0.0068	0.325	0	0.0182
0.0086	0.0195	0.3724	-0.8626	-0.1211	-0.7161	0.5486	0.4316	164	166	104	2	2	0.01	0.05	0	0.01
0.0086	0.0421	0.3481	-0.8488	-0.1091	-0.1123	-0.8902	0.4415	165	167	104	2	3	0.001	0.3333	0	0.0107
0.0085	0.0311	0.3421	-0.8863	-0.0912	-0.1182	-0.9477	0.2965	166	168	104	2	4	0.0011	0.3333	0	0.0117
0.0084	0.0265	0.3271	-0.8966	-0.0843	-0.8622	-0.5061	0.0204	167	169	104	2	5	0.0052	0.4167	0	0.0117
0.0071	0.0147	0.3181	-0.9292	-0.1003	-0.8707	-0.4405	-0.2187	168	170	104	2	6	0.0057	0.5417	0	0.0071
0.0071	0.0416	0.3084	-0.9365	-0.1042	-0.3021	-0.6995	-0.6476	169	0	104	2	7	0.01	0.05	0	0.01
0.0075	0.0591	0.4144	-0.9256	-0.152	0.2516	0.8802	-0.4025	59	172	106	2	1	0.0012	0.4167	0	0.0075
0.0075	0.0374	0.4194	-0.88	-0.1752	-0.3728	0.496	-0.7842	171	173	106	2	2	0.003	0.2	0	0.0156
0.0075	0.0139	0.406	-0.8661	-0.1962	-0.9102	0.3316	0.2483	172	174	106	2	3	0.01	0.05	0	0.01
0.0075	0.0098	0.4049	-0.8558	-0.1976	-0.1856	0.8246	0.5344	173	175	106	2	4	0.01	0.05	0	0.01
0.0075	0.0249	0.4026	-0.8488	-0.1884	-0.8511	0.5235	0.0408	174	0	106	2	5	0.01	0.05	0	0.01
0.008	0.059	0.0652	-0.0045	-0.0752	0.2293	0.9676	0.1056	66	177	21	2	1	0.0032	0.4167	1	0.0099
0.008	0.0471	0.0787	0.0526	-0.069	-0.1328	0.8146	0.5647	176	178	21	2	2	0.0032	0.4167	0	0.0099
0.008	0.0395	0.0763	0.094	-0.044	-0.4194	0.7782	0.4675	177	179	21	2	3	0.0034	0.4688	0	0.0092
0.008	0.0141	0.055	0.1247	-0.0342	-0.3927	0.897	0.2028	178	180	21	2	4	0.004	0.5833	0	0.0106
0.008	0.0299	0.052	0.1381	-0.0263	0.009	0.9872	-0.1592	179	181	21	2	5	0.0066	0.5	0	0.008
0.008	0.0229	0.049	0.1667	-0.0358	-0.0551	0.9874	-0.1486	180	182	21	2	6	0.01	0.05	0	0.01
0.008	0.0229	0.0445	0.1709	-0.0204	-0.2871	0.7095	0.6436	181	183	21	2	7	0.0009	0.375	0	0.0099
0.008	0.0164	0.038	0.1827	-0.0062	0.6688	-0.0759	0.7396	182	0	21	2	8	0.01	0.05	0	0.01
0.0093	0.0177	0.0085	0.0458	-0.0737	-0.5908	0.6674	-0.4533	69	185	28	2	1	0.0031	0.4167	1	0.0143
0.0093	0.056	-0.002	0.0536	-0.0791	-0.4013	0.5069	0.7629	184	186	28	2	2	0.0044	0.3	0	0.0143
0.0085	0.047	-0.0255	0.0831	-0.0484	0.042	0.9955	0.0852	185	187	28	2	3	0.0008	0.4167	0	0.0085
0.0087	0.03	-0.0116	0.1211	-0.0411	0.5532	0.8147	0.1739	186	188	28	2	4	0.01	0.05	0	0.01
0.0069	0.0381	-0.0223	0.1247	-0.0471	-0.6513	0.7121	0.2622	187	189	28	2	5	0.0006	0.4583	0	0.0069
0.007	0.0477	-0.0491	0.1508	-0.0378	-0.4933	0.4199	0.7618	188	190	28	2	6	0.0009	0.375	0	0.007
0.0057	0.0191	-0.0662	0.1809	-0.0088	-0.3907	0.6842	0.6158	189	191	28	2	7	0.0049	0.5	0	0.0057
0.0066	0.0202	-0.0848	0.1893	-0.0027	-0.3764	0.926	-0.0299	190	192	28	2	8	0.01	0.05	0	0.01
0.0061	0.0129	-0.0786	0.1831	-0.0012	0.8698	0.4683	-0.1554	191	0	28	2	9	0.01	0.05	0	0.01
0.0025	0.0506	0.0204	0.1416	-0.0317	0.7366	0.4942	0.4618	73	194	29	2	1	0.0067	0.225	1	0.01
0.0025	0.0314	0.0599	0.1662	-0.0042	0.7206	-0.5187	-0.4601	193	195	29	2	2	0.0057	0.225	0	0.01
0.0025	0.0516	0.0812	0.1486	-0.0203	0.7748	-0.6142	-0.15	194	0	29	2	3	0.0024	0.175	0	0.01
0.0092	0.0297	-0.0069	0.174	-0.0046	0.44	0.8688	0.2273	77	197	44	2	1	0.0023	0.5	0	0.0092
0.0095	0.0301	-0.0035	0.2001	0.0102	-0.1961	0.9432	-0.2681	196	198	44	2	2	0.0033	0.225	0	0.0151
0.0095	0.0459	-0.0083	0.228	0.003	0.2407	0.9561	0.1673	197	199	44	2	3	0.0008	0.25	0	0.0131
0.0092	0.0378	-0.0172	0.2719	0.0088	0.0102	0.9928	-0.1193	198	200	44	2	4	0.006	0.3125	0	0.0091
0.0095	0.0203	-0.0191	0.3099	0.0212	-0.3544	0.9321	-0.0742	199	201	44	2	5	0.004	0.5	0	0.0102
0.0094	0.0504	-0.0359	0.3191	0.0084	-0.72	0.694	0.0087	200	202	44	2	6	0.0046	0.425	0	0.0097
0.0092	0.0523	-0.0713	0.3486	0.001	-0.8576	0.3703	-0.357	201	203	44	2	7	0.01	0.05	0	0.01
0.0092	0.0248	-0.112	0.3758	0.0078	-0.8601	0.5099	-0.0176	202	0	44	2	8	0.01	0.05	0	0.01
0.0036	0.0387	-0.0296	0.1661	-0.012	-0.1499	0.826	-0.5434	76	205	45	2	1	0.001	0.375	0	0.0066
0.0025	0.0179	-0.0392	0.2053	-0.0336	0.4634	0.3139	0.8287	204	206	45	2	2	0.0048	0.175	0	0.01
0.0025	0.0138	-0.0322	0.2103	-0.0197	-0.6445	0.4874	0.5891	205	0	45	2	3	0.0053	0.2	0	0.01
0.0079	0.0185	-0.1794	0.3159	0.0516	-0.7004	0.6014	-0.3844	90	208	61	2	1	0.0017	0.4167	0	0.0079
0.0087	0.0337	-0.197	0.3239	0.0473	-0.0841	0.7211	0.6877	207	209	61	2	2	0.0013	0.2917	0	0.0121
0.007	0.0467	-0.194	0.3499	0.0708	-0.2832	0.8857	0.3679	208	210	61	2	3	0.0038	0.5313	0	0.007
0.008	0.0231	-0.2165	0.3758	0.0977	-0.3178	0.6382	0.7012	209	211	61	2	4	0.01	0.05	0	0.01
0.0077	0.0032	-0.2114	0.385	0.087	-0.0039	0.9788	-0.205	210	212	61	2	5	0.01	0.05	0	0.01
0.0074	0.0243	-0.2115	0.3881	0.0863	0.7877	0.6148	-0.0388	211	0	61	2	6	0.01	0.05	0	0.01
0.0092	0.0794	-0.1787	0.369	0.084	0.2668	0.5637	0.7817	94	214	66	2	1	0.0025	0.375	0	0.0098
0.0085	0.0249	-0.1555	0.4186	0.1323	-0.9453	0.3253	-0.0249	213	215	66	2	2	0.0051	0.225	0	0.0146
0.0068	0.0199	-0.1768	0.4224	0.1274	-0.7889	0.1829	-0.5867	214	216	66	2	3	0.01	0.05	0	0.01
0.0055	0.0162	-0.1925	0.4261	0.1157	-0.9515	0.2051	0.2295	215	217	66	2	4	0.01	0.05	0	0.01
0.004	0.0239	-0.2079	0.4292	0.1195	0.0485	0.2709	0.9614	216	0	66	2	5	0.0013	0.15	0	0.01
0.0066	0.0338	-0.2288	0.3956	0.1261	0.3045	-0.6907	0.6559	96	219	70	2	1	0.01	0.05	1	0.01
0.0066	0.0411	-0.2185	0.3722	0.1483	-0.0369	-0.6968	0.7163	218	220	70	2	2	0.01	0.05	0	0.01
0.0066	0.0752	-0.2308	0.3354	0.1931	0.7675	-0.6045	0.2135	219	221	70	2	3	0.0099	0.225	0	0.0166
0.0066	0.0027	-0.1726	0.3058	0.2165	0.9658	-0.1288	0.2252	220	222	70	2	4	0.01	0.05	0	0.01
0.0066	0.0804	-0.168	0.3044	0.2182	-0.4528	-0.8908	-0.0366	221	223	70	2	5	0.0006	0.375	0	0.0074
0.0064	0.0195	-0.1944	0.2293	0.2132	-0.3147	-0.9479	0.0491	222	224	70	2	6	0.0064	0.2813	0	0.0048
0.0066	0.0111	-0.2188	0.2138	0.2102	-0.1866	-0.9728	0.1376	223	225	70	2	7	0.0056	0.5	0	0.0067
0.0066	0.0524	-0.218	0.2107	0.2028	-0.9718	0.1534	-0.1788	224	226	70	2	8	0.0008	0.1	0	0.0134
0.0066	0.0273	-0.2603	0.2357	0.2055	-0.8204	0.5429	-0.1793	225	227	70	2	9	0.0041	0.4	0	0.0066
0.0066	0.0277	-0.2674	0.2523	0.2126	-0.3696	0.861	0.3494	226	228	70	2	10	0.01	0.05	0	0.01
0.0066	0.0115	-0.2946	0.2609	0.2068	-0.697	0.7145	0.0603	227	229	70	2	11	0.0038	0.25	0	0.012
0.0066	0.039	-0.308	0.2627	0.2047	-0.7674	0.4473	0.4594	228	230	70	2	12	0.0043	0.275	0	0.0132
0.0066	0.049	-0.3107	0.2881	0.2118	-0.2003	0.9595	0.1981	229	231	70	2	13	0.006	0.3125	0	0.011
0.0066	0.0634	-0.3495	0.3327	0.2244	-0.0834	0.9965	-0.0017	230	232	70	2	14	0.0059	0.4375	0	0.0092
0.0064	0.0332	-0.3441	0.3183	0.2311	-0.9351	-0.0997	0.3401	231	233	70	2	15	0.0039	0.4375	0	0.0064
0.0065	0.0326	-0.3754	0.336	0.2382	-0.8988	0.0745	0.4319	232	234	70	2	16	0.0064	0.3438	0	0.01
0.0065	0.0257	-0.4049	0.3175	0.2447	-0.999	-0.0068	0.0451	233	235	70	2	17	0.01	0.05	0	0.01
0.0065	0.0339	-0.4045	0.3457	0.2547	-0.7502	0.6115	0.2515	234	236	70	2	18	0.0008	0.375	0	0.0078
0.0065	0.0253	-0.4227	0.3707	0.26	-0.5425	0.8348	-0.0932	235	237	70	2	19	0.01	0.05	0	0.01
0.0065	0.0278	-0.4268	0.3749	0.2691	-0.8904	-0.4447	0.0969	236	238	70	2	20	0.0035	0.325	0	0.0214
0.0065	0.0232	-0.452	0.3639	0.2725	-0.58	0.2382	-0.779	237	239	70	2	21	0.0057	0.325	0	0.0126
0.0064	0.0095	-0.4623	0.3638	0.2666	-0.7665	0.4855	0.4204	238	240	70	2	22	0.01	0.05	0	0.01
0.0065	0.0479	-0.4797	0.3648	0.2612	-0.3833	0.9217	0.0588	239	241	70	2	23	0.0009	0.3333	0	0.0087
0.0065	0.0296	-0.5047	0.3971	0.2695	-0.7265	0.5793	0.3697	240	242	70	2	24	0.001	0.25	0	0.0099
0.0065	0.0227	-0.5296	0.4178	0.2738	-0.896	-0.0378	0.4424	241	243	70	2	25	0.0009	0.2917	0	0.0096
0.0064	0.0181	-0.5511	0.4159	0.2813	-0.8988	0.3595	0.2509	242	244	70	2	26	0.01	0.05	0	0.01
0.0065	0.0157	-0.5606	0.4284	0.2891	-0.702	0.534	0.4712	243	245	70	2	27	0.001	0.3333	0	0.0072
0.0064	0.0021	-0.5724	0.4365	0.2955	-0.7031	0.6185	0.3509	244	246	70	2	28	0.01	0.05	0	0.01
0.0064	0.0144	-0.5777	0.4345	0.2953	-0.5771	0.7617	-0.2945	245	247	70	2	29	0.01	0.05	0	0.01
0.0064	0.0064	-0.5865	0.4459	0.2912	-0.6907	-0.6907	-0.2144	246	0	70	2	30	0.01	0.05	0	0.01
0.0088	0.0313	-0.2232	0.4544	0.1361	-0.1985	-0.2918	0.9356	97	249	78	2	1	0.0017	0.2083	1	0.0117
0.0088	0.0412	-0.2294	0.4453	0.1654	-0.7685	0.5816	-0.2667	248	250	78	2	2	0.0017	0.2083	0	0.0117
0.0087	0.0646	-0.2619	0.4541	0.1465	-0.679	0.3667	-0.6359	249	251	78	2	3	0.0062	0.3333	0	0.0116
0.0086	0.047	-0.3063	0.4788	0.106	-0.5796	0.1712	-0.7967	250	252	78	2	4	0.01	0.05	0	0.01
0.0086	0.0439	-0.343	0.4768	0.0787	-0.7719	0.0904	-0.6292	251	253	78	2	5	0.0013	0.3333	0	0.0091
0.0085	0.0162	-0.3484	0.4802	0.1071	-0.8734	-0.2066	0.441	252	254	78	2	6	0.0009	0.2917	0	0.0122
0.0061	0.0182	-0.3651	0.4721	0.1034	-0.9776	0.0656	0.1999	253	255	78	2	7	0.0034	0.5417	0	0.0061
0.008	0.0218	-0.3838	0.4765	0.104	-0.6711	-0.5952	-0.4421	254	256	78	2	8	0.01	0.05	0	0.01
0.0083	0.0038	-0.3899	0.4733	0.1006	-0.4276	0.7227	-0.543	255	257	78	2	9	0.0012	0.3333	0	0.0129
0.0064	0.0339	-0.3982	0.4679	0.1068	-0.7769	0.6296	-0.0005	256	258	78	2	10	0.0006	0.375	0	0.0064
0.0074	0.0335	-0.4258	0.4805	0.1083	-0.9746	0.113	-0.1934	257	259	78	2	11	0.0071	0.375	0	0.0074
0.008	0.021	-0.4544	0.5022	0.1055	-0.97	0.1928	0.1483	258	260	78	2	12	0.0053	0.375	0	0.0086
0.007	0.0542	-0.4659	0.5193	0.0904	-0.775	0.6277	0.0729	259	261	78	2	13	0.0058	0.375	0	0.0071
0.0068	0.0236	-0.4528	0.5291	0.0947	0.3952	0.8981	-0.1928	260	262	78	2	14	0.01	0.05	0	0.01
0.0066	0.009	-0.457	0.5105	0.0942	0.6234	-0.2861	-0.7277	261	0	78	2	15	0.01	0.05	0	0.01
0.0097	0.0621	-0.2654	0.4996	0.1238	0.2367	-0.9594	-0.1535	100	264	79	2	1	0.0024	0.4167	1	0.0097
0.0097	0.0413	-0.2507	0.4401	0.1142	0.2799	-0.496	0.822	263	265	79	2	2	0.0024	0.4167	0	0.0097
0.0097	0.0595	-0.2459	0.422	0.1463	-0.3258	-0.2033	0.9233	264	266	79	2	3	0.0013	0.3333	0	0.0108
0.0097	0.0458	-0.2536	0.4019	0.2011	-0.2429	-0.3781	0.8933	265	267	79	2	4	0.01	0.05	0	0.01
0.0097	0.011	-0.2585	0.404	0.1943	-0.987	-0.0562	-0.1505	266	0	79	2	5	0.01	0.05	0	0.01
0.01	0.0151	0.2353	-0.4209	-0.2517	-0.2514	-0.9444	-0.2121	125	269	16	3	1	0.01	0.05	1	0.01
0.01	0.0245	0.2315	-0.4352	-0.2549	-0.5684	0.4413	0.6944	268	270	16	3	2	0.01	0.05	0	0.01
0.01	0.0164	0.2175	-0.4243	-0.2379	0.3101	-0.8786	0.3633	269	271	16	3	3	0.01	0.05	0	0.01
0.01	0.011	0.2226	-0.4388	-0.2319	0.027	-0.6212	0.7832	270	0	16	3	4	0.01	0.05	0	0.01
0.0082	0.0611	0.2851	-0.3871	-0.131	-0.8362	0.3133	0.4501	138	273	38	3	1	0.0015	0.4167	0	0.0071
0.01	0.0168	0.2322	-0.369	-0.1018	-0.0592	0.8552	0.515	272	274	38	3	2	0.0011	0.2917	0	0.0115
0.0096	0.022	0.2316	-0.3552	-0.0927	-0.0675	0.634	0.7704	273	275	38	3	3	0.0007	0.375	0	0.011
0.0073	0.0051	0.2266	-0.3488	-0.0772	-0.8522	0.3032	0.4263	274	0	38	3	4	0.01	0.05	0	0.01
0.0052	0.0183	0.2723	-0.4775	-0.1475	-0.3726	-0.8699	0.3233	141	277	39	3	1	0.0027	0.4583	1	0.0119
0.0052	0.0468	0.2658	-0.4892	-0.1372	-0.0818	0.7123	-0.697	276	278	39	3	2	0.0044	0.375	0	0.0119
0.0052	0.0147	0.2632	-0.459	-0.173	0.766	0.575	-0.2876	277	279	39	3	3	0.01	0.05	0	0.01
0.0052	0.0267	0.2744	-0.4505	-0.1772	0.443	0.7672	0.4638	278	0	39	3	4	0.01	0.05	0	0.01
0.0073	0.0374	0.3755	-0.7312	-0.1634	0.6464	0.7546	-0.1125	154	281	60	3	1	0.0015	0.4167	0	0.0073
0.0073	0.0093	0.4007	-0.7035	-0.1709	0.5798	0.8139	0.0378	280	282	60	3	2	0.01	0.05	0	0.01
0.0073	0.0136	0.4061	-0.6959	-0.1705	0.3937	-0.5342	0.7481	281	0	60	3	3	0.01	0.05	0	0.01
0.0092	0.0551	0.2762	-0.795	-0.1507	-0.4636	0.8278	-0.3158	155	284	84	3	1	0.0026	0.4583	0	0.0092
0.0092	0.0318	0.2485	-0.7486	-0.1618	-0.613	0.7313	-0.2992	283	285	84	3	2	0.01	0.05	0	0.01
0.0092	0.009	0.2343	-0.7545	-0.1681	-0.8937	-0.2082	-0.3975	284	0	84	3	3	0.01	0.05	0	0.01
0.0076	0.125	0.0654	0.0191	-0.073	0.5315	0.7775	0.3361	176	287	27	3	1	0.0052	0.1143	1	0.0183
0.0076	0.0302	0.1281	0.1124	-0.0372	-0.719	0.6949	0.0125	286	288	27	3	2	0.0045	0.325	0	0.0183
0.0076	0.0028	0.1067	0.1285	-0.036	-0.9021	0.0085	0.4315	287	289	27	3	3	0.01	0.05	0	0.01
0.0076	0.0265	0.1057	0.1291	-0.0326	-0.322	0.9465	-0.0223	288	0	27	3	4	0.0028	0.2917	0	0.0089
0.0025	0.0228	-0.2188	0.3656	0.0835	-0.2729	0.7522	-0.5998	210	291	74	3	1	0.01	0.05	0	0.01
0.0025	0.0159	-0.225	0.3827	0.0698	-0.3067	0.8874	-0.3443	290	0	74	3	2	0.01	0.05	0	0.01
0.0076	0.0403	-0.2164	0.3672	0.0999	0.0297	-0.979	0.2018	210	293	75	3	1	0.0012	0.2917	1	0.0088
0.0076	0.0464	-0.2152	0.3277	0.108	-0.3335	-0.939	-0.0838	292	294	75	3	2	0.0012	0.2917	0	0.0088
0.0076	0.0293	-0.2193	0.2858	0.1031	0.1463	-0.9889	0.0253	293	295	75	3	3	0.01	0.05	0	0.01
0.0076	0.0373	-0.214	0.2596	0.1126	0.1805	-0.9439	0.2765	294	0	75	3	4	0.01	0.05	0	0.01
0.0065	0.0131	-0.2134	0.3497	0.1738	0.9641	0.0937	0.2484	219	297	77	3	1	0.0024	0.4583	1	0.0065
0.0065	0.0518	-0.2007	0.3509	0.177	0.2369	0.5668	0.789	296	298	77	3	2	0.0024	0.4583	0	0.0065
0.0065	0.0296	-0.1857	0.3789	0.2126	0.4503	0.8928	0.0089	297	299	77	3	3	0.0042	0.175	0	0.0117
0.0065	0.0067	-0.1705	0.3926	0.212	0.9899	0.1414	-0.013	298	300	77	3	4	0.01	0.05	0	0.01
0.0065	0.0479	-0.1731	0.4072	0.2025	0.4914	-0.245	-0.8358	299	301	77	3	5	0.0064	0.25	0	0.0132
0.0065	0.0431	-0.1469	0.3952	0.1783	0.8838	-0.4407	-0.1571	300	302	77	3	6	0.01	0.05	0	0.01
0.0065	0.0248	-0.1267	0.4005	0.1583	0.6406	0.0557	-0.7659	301	303	77	3	7	0.001	0.375	0	0.0069
0.0065	0.0339	-0.1103	0.4021	0.1428	0.9762	0.147	-0.1593	302	304	77	3	8	0.001	0.375	0	0.0081
0.0065	0.0189	-0.0794	0.4076	0.1301	0.9556	0.0515	-0.2901	303	305	77	3	9	0.01	0.05	0	0.01
0.0065	0.0413	-0.0671	0.4071	0.1405	0.935	-0.1475	0.3224	304	306	77	3	10	0.001	0.4167	0	0.0077
0.0065	0.0286	-0.0371	0.3914	0.1623	0.8165	-0.2881	0.5004	305	307	77	3	11	0.01	0.05	0	0.01
0.0065	0.0212	-0.0117	0.3887	0.1619	0.9596	-0.28	0.028	306	308	77	3	12	0.0046	0.25	0	0.0127
0.0065	0.0133	0.004	0.3829	0.1634	-0.028	-0.9991	0.0311	307	309	77	3	13	0.01	0.05	0	0.01
0.0065	0.0597	0.0042	0.3612	0.1565	0.9986	0.0336	0.0402	308	310	77	3	14	0.0042	0.225	0	0.0206
0.0065	0.0285	0.0599	0.3638	0.1685	0.9212	-0.0764	0.3815	309	311	77	3	15	0.01	0.05	0	0.01
0.0065	0.0305	0.071	0.3468	0.1715	0.6057	-0.7551	0.2508	310	312	77	3	16	0.0037	0.25	0	0.0286
0.0065	0.0229	0.0825	0.3235	0.1841	0.462	-0.6477	0.6059	311	313	77	3	17	0.01	0.05	0	0.01
0.0065	0.003	0.0982	0.328	0.1887	0.8946	-0.0242	0.4461	312	314	77	3	18	0.01	0.05	0	0.01
0.0065	0.0224	0.1029	0.3289	0.19	0.4348	-0.8575	-0.2752	313	0	77	3	19	0.01	0.05	0	0.01
0.0076	0.0537	-0.2497	0.2127	0.203	-0.9046	0.3802	0.1926	225	316	114	3	1	0.0019	0.4167	0	0.0076
0.0076	0.0347	-0.2981	0.2352	0.2121	-0.9317	-0.1299	-0.3393	315	317	114	3	2	0.001	0.2917	0	0.0091
0.0076	0.0005	-0.3305	0.2355	0.2007	-0.8786	0.0241	-0.4769	316	318	114	3	3	0.01	0.05	0	0.01
0.0076	0.0015	-0.333	0.2342	0.1992	-0.4325	0.881	-0.1918	317	319	114	3	4	0.01	0.05	0	0.01
0.0076	0.0179	-0.3346	0.2326	0.1986	-0.2233	-0.034	0.9741	318	0	114	3	5	0.01	0.05	0	0.01
0.0062	0.0136	-0.2719	0.2358	0.2056	-0.7409	-0.6325	0.2257	226	321	118	3	1	0.0023	0.375	1	0.0143
0.0062	0.0501	-0.2817	0.2348	0.2019	-0.6269	-0.5122	-0.587	320	322	118	3	2	0.0032	0.275	0	0.0143
0.0059	0.0342	-0.3103	0.2081	0.1793	-0.8267	-0.4896	0.2771	321	323	118	3	3	0.0009	0.3333	0	0.0099
0.0053	0.0198	-0.3316	0.1857	0.189	-0.5492	-0.6995	-0.4573	322	324	118	3	4	0.01	0.05	0	0.01
0.0048	0.0085	-0.3405	0.1879	0.1874	-0.9748	0.1779	-0.1349	323	325	118	3	5	0.002	0.2	0	0.01
0.0041	0.0196	-0.3493	0.19	0.1784	-0.9895	-0.1378	0.0425	324	326	118	3	6	0.0037	0.15	0	0.01
0.0032	0.0203	-0.3663	0.1862	0.1776	-0.3102	-0.9306	0.1945	325	0	118	3	7	0.0042	0.125	0	0.01
0.0062	0.0104	-0.4047	0.3115	0.2474	-0.9292	0.3356	-0.1547	234	328	130	3	1	0.0042	0.25	0	0.0137
0.0062	0.0191	-0.4079	0.3199	0.2522	-0.1011	-0.7397	0.6652	327	329	130	3	2	0.01	0.05	0	0.01
0.0062	0.0356	-0.4099	0.3058	0.2649	-0.6501	0.5658	-0.5072	328	330	130	3	3	0.01	0.05	0	0.01
0.0062	0.0148	-0.433	0.3259	0.2469	-0.9081	0.4095	0.0871	329	0	130	3	4	0.01	0.05	0	0.01
0.0057	0.0542	-0.515	0.4119	0.2721	0.9325	0.2622	0.2483	241	332	133	3	1	0.0011	0.375	0	0.0056
0.0061	0.0187	-0.463	0.4322	0.2759	0.8414	0.3905	0.3736	331	333	133	3	2	0.001	0.2917	0	0.0103
0.0061	0.0036	-0.4474	0.4348	0.2778	0.8341	0.3966	-0.3833	332	334	133	3	3	0.01	0.05	0	0.01
0.0061	0.0206	-0.4444	0.4363	0.2764	0.1382	0.9883	0.0645	333	0	133	3	4	0.01	0.05	0	0.01
0.0086	0.0137	-0.2477	0.4482	0.1068	-0.2207	-0.6247	-0.7491	263	336	146	3	1	0.0023	0.4583	0	0.0086
0.0092	0.0071	-0.2421	0.439	0.0954	-0.1365	-0.7108	-0.69	335	337	146	3	2	0.01	0.05	0	0.01
0.0092	0.0203	-0.2431	0.4339	0.0905	0.9572	-0.2245	-0.1826	336	338	146	3	3	0.01	0.05	0	0.01
0.0092	0.025	-0.2237	0.4294	0.0868	-0.3855	-0.507	-0.771	337	0	146	3	4	0.01	0.05	0	0.01
0.0097	0.0364	-0.188	0.3648	0.1981	0.4406	-0.8917	0.104	297	340	150	4	1	0.0036	0.375	0	0.0111
0.0097	0.0359	-0.1744	0.3461	0.1973	-0.8352	0.0311	0.549	339	341	150	4	2	0.001	0.4167	0	0.0097
0.0097	0.0036	-0.2015	0.3478	0.2097	-0.9212	-0.0925	-0.3779	340	342	150	4	3	0.01	0.05	0	0.01
0.0097	0.0396	-0.2108	0.3442	0.2187	-0.8731	0.2293	-0.4303	341	343	150	4	4	0.0009	0.4167	0	0.0098
0.0097	0.0282	-0.2459	0.3551	0.1957	-0.983	0.1364	0.1231	342	344	150	4	5	0.0031	0.225	0	0.0168
0.0097	0.022	-0.261	0.3528	0.2102	-0.6981	-0.4908	0.5213	343	345	150	4	6	0.01	0.05	0	0.01
0.0097	0.0362	-0.2797	0.3426	0.2197	-0.487	-0.521	0.701	344	346	150	4	7	0.01	0.05	0	0.01
0.0097	0.0153	-0.2786	0.3421	0.2184	0.3895	-0.8626	-0.3228	345	0	150	4	8	0.01	0.05	0	0.01
0.0062	0.0592	0.0339	0.3678	0.1609	0.6938	-0.2865	0.6607	309	348	119	4	1	0.0026	0.4583	0	0.0085
0.0062	0.0446	0.0702	0.3548	0.1888	0.7443	-0.4623	-0.482	347	349	119	4	2	0.001	0.2083	0	0.0079
0.0062	0.0337	0.094	0.3301	0.1666	0.3278	-0.6569	-0.6789	348	350	119	4	3	0.01	0.05	0	0.01
0.0062	0.0303	0.119	0.3211	0.1586	0.8154	-0.4216	-0.3968	349	0	119	4	4	0.01	0.05	0	0.01
0.0062	0.126	0.0264	0.3811	0.1686	-0.8137	-0.4084	0.4136	307	352	120	4	1	0.0012	0.2083	0	0.0142
0.0062	0.0714	-0.0778	0.3258	0.209	-0.9039	-0.3553	0.2381	351	353	120	4	2	0.01	0.05	0	0.01
0.0062	0.0281	-0.1324	0.2853	0.2125	-0.8082	-0.5858	0.0599	352	354	120	4	3	0.01	0.05	0	0.01
0.0062	0.0223	-0.1339	0.2627	0.2346	-0.5693	-0.7337	0.371	353	0	120	4	4	0.01	0.05	0	0.01
0.0102	0.0258	0.0793	0.3183	0.1899	-0.1495	-0.7094	0.6887	312	356	127	4	1	0.0023	0.4583	0	0.0102
0.0102	0.0109	0.0726	0.3058	0.2026	-0.8109	-0.5581	-0.1759	355	357	127	4	2	0.01	0.05	0	0.01
0.0102	0.0272	0.0638	0.2997	0.2007	-0.7743	-0.086	0.6269	356	0	127	4	3	0.01	0.05	0	0.01
0.0084	0.0664	-0.1467	0.2748	0.2228	-0.4826	0.2831	-0.8288	0	359	151	0	1	0.0022	0.5417	0	0.0084
0.0084	0.0084	-0.1744	0.2986	0.1692	-0.4633	0.583	-0.6675	358	0	151	0	2	0.0024	0.375	0	0.0097
0.0092	0.0417	-0.2363	0.3564	0.1964	0.8106	0.3014	-0.5021	342	361	88	5	1	0.01	0.05	1	0.01
0.0092	0.0211	-0.2026	0.3689	0.1755	0.806	0.0561	-0.5892	360	362	88	5	2	0.01	0.05	0	0.01
0.0092	0.0258	-0.1856	0.3701	0.1631	-0.1834	-0.0039	-0.983	361	363	88	5	3	0.01	0.05	0	0.01
0.0092	0.0202	-0.1903	0.37	0.1377	-0.0706	0.111	-0.9913	362	0	88	5	4	0.01	0.05	0	0.01
0.0058	0.0177	0.0749	0.3467	0.1893	0.0161	-0.8342	0.5512	348	365	122	5	1	0.0021	0.375	1	0.0081
0.0057	0.042	0.0752	0.332	0.199	-0.9248	0.035	-0.3788	364	366	122	5	2	0.0021	0.375	0	0.0081
0.0047	0.0058	0.0419	0.3372	0.1843	-0.3642	0.7354	-0.5715	365	367	122	5	3	0.0015	0.125	0	0.01
0.0039	0.0176	0.0372	0.339	0.1806	-0.1814	0.3508	-0.9187	366	368	122	5	4	0.0034	0.2	0	0.01
0.0031	0.01	0.0375	0.3451	0.1631	-0.0182	0.9985	-0.0521	367	0	122	5	5	0.0051	0.175	0	0.01
0.0058	0.0432	-0.0123	0.364	0.1941	0.4797	0.588	0.6513	351	370	123	5	1	0.0026	0.5	1	0.0105
0.0058	0.0506	0.0084	0.3894	0.2223	-0.8092	-0.0706	-0.5833	369	371	123	5	2	0.0026	0.5	0	0.0105
0.0058	0.0092	-0.0261	0.3867	0.2076	-0.8047	-0.4574	0.3784	370	372	123	5	3	0.01	0.05	0	0.01
0.0058	0.0218	-0.0334	0.3781	0.2156	-0.3393	-0.6759	-0.6542	371	0	123	5	4	0.0044	0.175	0	0.0118
0.0058	0.0542	0.0245	0.3734	0.172	-0.2123	-0.8914	0.4005	351	374	126	5	1	0.0024	0.25	1	0.0365
0.0054	0.049	-0.0091	0.3418	0.2004	-0.4109	-0.7515	0.5162	373	375	126	5	2	0.0099	0.225	0	0.0365
0.0051	0.0256	-0.03	0.3103	0.2222	-0.9246	-0.2961	-0.2397	374	376	126	5	3	0.0056	0.25	0	0.011
0.0044	0.0233	-0.0488	0.2996	0.2203	0.0543	-0.7668	-0.6396	375	377	126	5	4	0.001	0.25	0	0.0086
0.0031	0.008	-0.0424	0.2816	0.2056	-0.0304	-0.9484	0.3157	376	0	126	5	5	0.0018	0.125	0	0.01
