radius (m)	length (m)	start_point	axis_direction	parent	extension	branch	branch_order	position_in_branch	mad	SurfCov	added	UnmodRadius (m)
0.0147	0.0792	-0.3475	-0.2379	-0.5516	-0.0483	-0.0746	0.996	0	2	1	0	1	0.0026	0.8333	0	0.0147
0.0186	0.0582	-0.3561	-0.2531	-0.4598	0.1062	0.7881	0.6063	1	3	1	0	2	0.0026	0.7083	0	0.0186
0.0181	0.0564	-0.3626	-0.2062	-0.4103	0.6155	0.6084	0.501	2	4	1	0	3	0.0022	0.7917	0	0.0181
0.015	0.0477	-0.321	-0.1719	-0.3841	0.1697	0.7965	0.5804	3	5	1	0	4	0.0017	0.7083	0	0.015
0.0122	0.0549	-0.3139	-0.1315	-0.3588	0.2694	0.7354	0.6218	4	6	1	0	5	0.0013	0.75	0	0.0122
0.0117	0.0519	-0.3005	-0.0941	-0.32	0.3313	0.7379	0.588	5	7	1	0	6	0.0017	0.6667	0	0.0133
0.0112	0.0794	-0.2879	-0.0456	-0.2957	0.4455	0.6033	0.6615	6	8	1	0	7	0.0015	0.75	0	0.0112
0.012	0.0206	-0.2497	-0.0026	-0.2419	0.5823	0.5042	0.6378	7	9	1	0	8	0.0011	0.2917	0	0.012
0.0112	0.0188	-0.246	0.0066	-0.2295	0.1616	-0.9231	-0.349	8	0	1	0	9	0.0056	0.5833	0	0.0087
0.0104	0.1671	-0.3533	-0.2518	-0.5482	-0.3783	-0.8977	0.2258	1	11	2	1	1	0.0026	0.3333	1	0.0104
0.0104	0.0236	-0.4165	-0.4018	-0.5104	0.1143	-0.7442	0.658	10	0	2	1	2	0.0026	0.3333	0	0.0104
0.0107	0.073	-0.2552	-0.0048	-0.2349	0.427	0.7359	0.5255	7	13	35	1	1	0.0023	0.5417	0	0.013
0.0107	0.0528	-0.2307	0.0476	-0.1923	0.2137	0.7813	0.5864	12	14	35	1	2	0.0017	0.5417	0	0.011
0.0095	0.0599	-0.2149	0.0885	-0.1625	0.2333	0.6581	0.7158	13	15	35	1	3	0.0012	0.4583	0	0.0095
0.0085	0.037	-0.1983	0.1247	-0.117	0.3019	0.7347	0.6075	14	16	35	1	4	0.0011	0.25	0	0.0085
0.0084	0.0406	-0.1858	0.1544	-0.0987	0.3663	0.7333	0.5727	15	17	35	1	5	0.0011	0.375	0	0.0084
0.0106	0.0411	-0.1712	0.1851	-0.076	0.3825	0.6048	0.6985	16	18	35	1	6	0.0013	0.3333	0	0.0106
0.0107	0.0301	-0.1498	0.2076	-0.05	0.5258	0.5721	0.6295	17	19	35	1	7	0.001	0.3333	0	0.0115
0.0094	0.0445	-0.139	0.2315	-0.0338	0.5668	0.6433	0.5147	18	20	35	1	8	0.0011	0.3333	0	0.0094
0.0107	0.033	-0.1201	0.2681	-0.013	0.5239	0.5822	0.6217	19	21	35	1	9	0.0013	0.2917	0	0.0146
0.0107	0.033	-0.1009	0.2861	0.0062	0.6609	0.6659	0.3462	20	22	35	1	10	0.001	0.4167	0	0.0116
0.0087	0.0451	-0.0862	0.3056	0.0282	0.4892	0.7194	0.4931	21	23	35	1	11	0.0009	0.3333	0	0.0087
0.0101	0.0257	-0.0683	0.3425	0.0442	0.3296	0.8598	0.39	22	24	35	1	12	0.0036	0.625	0	0.0101
0.0106	0.0374	-0.0561	0.3613	0.0519	0.3396	0.7677	-0.5434	23	25	35	1	13	0.0015	0.4583	0	0.0141
0.0107	0.0385	-0.0567	0.3901	0.0286	0.1081	0.8931	-0.4366	24	26	35	1	14	0.0015	0.5833	0	0.0129
0.0106	0.0472	-0.044	0.4229	0.0113	0.0722	0.6408	-0.7643	25	27	35	1	15	0.0016	0.5417	0	0.0115
0.0106	0.0521	-0.0488	0.4571	-0.0226	0.0932	0.6418	-0.7612	26	28	35	1	16	0.0015	0.4583	0	0.0129
0.0106	0.0374	-0.026	0.4965	-0.0608	-0.1216	0.5654	-0.8158	27	29	35	1	17	0.0061	0.35	0	0.0173
0.0107	0.0557	-0.0271	0.5154	-0.09	0.5559	0.4341	-0.7089	28	30	35	1	18	0.0019	0.6667	0	0.0141
0.0105	0.0431	-0.0014	0.5484	-0.1249	0.4906	0.6067	-0.6255	29	31	35	1	19	0.0016	0.25	0	0.0143
0.0105	0.042	0.0285	0.5684	-0.1532	0.425	0.7257	-0.541	30	32	35	1	20	0.0011	0.2917	0	0.0113
0.0105	0.0328	0.0519	0.5999	-0.1707	-0.0031	0.9838	-0.179	31	33	35	1	21	0.0065	0.2	0	0.018
0.0105	0.0292	0.0599	0.6303	-0.177	0.2294	0.9725	0.0398	32	34	35	1	22	0.0016	0.25	0	0.012
0.0104	0.0429	0.0705	0.6574	-0.1762	0.3051	0.948	-0.0905	33	35	35	1	23	0.0026	0.2	0	0.019
0.0104	0.0254	0.0956	0.6843	-0.194	0.8208	0.5476	0.1626	34	36	35	1	24	0.0011	0.2917	0	0.0134
0.0105	0.0405	0.1149	0.7005	-0.1956	0.9497	0.2828	-0.1347	35	37	35	1	25	0.001	0.3333	0	0.0115
0.0077	0.016	0.1398	0.7206	-0.2076	0.5768	0.8035	-0.1469	36	38	35	1	26	0.0043	0.4375	0	0.0065
0.009	0.0439	0.1451	0.7302	-0.2114	-0.6215	0.7806	-0.066	37	39	35	1	27	0.0008	0.4167	0	0.009
0.0104	0.0151	0.1458	0.7723	-0.211	-0.2691	0.9631	-0.0033	38	40	35	1	28	0.0061	0.375	0	0.0119
0.0105	0.0104	0.1308	0.7954	-0.219	0.3987	0.8442	0.3582	39	41	35	1	29	0.0048	0.5	0	0.0131
0.0103	0.0353	0.1477	0.8032	-0.2126	0.1203	0.9669	-0.2251	40	42	35	1	30	0.0011	0.3333	0	0.0127
0.0083	0.0362	0.1448	0.8396	-0.2226	0.2633	0.9569	0.1226	41	43	35	1	31	0.0045	0.3	0	0.0083
0.0099	0.0271	0.1671	0.8636	-0.2194	0.5839	0.7382	-0.338	42	44	35	1	32	0.01	0.05	0	0.01
0.0102	0.0324	0.158	0.8779	-0.2341	-0.096	0.8785	-0.4679	43	45	35	1	33	0.0013	0.3333	0	0.0114
0.0102	0.0322	0.1566	0.9065	-0.2484	0.3391	0.6004	-0.7242	44	46	35	1	34	0.0023	0.225	0	0.0154
0.0099	0.0353	0.1586	0.929	-0.2692	0.3374	0.9413	0.0058	45	47	35	1	35	0.0068	0.3333	0	0.0101
0.0097	0.0214	0.1637	0.9536	-0.2561	-0.4278	0.8375	0.34	46	48	35	1	36	0.01	0.05	0	0.01
0.0075	0.0313	0.1759	0.9572	-0.2656	0.5315	0.846	-0.0421	47	49	35	1	37	0.001	0.4167	0	0.0075
0.0104	0.0206	0.1783	0.9857	-0.275	0.2451	0.9475	-0.2055	48	50	35	1	38	0.0075	0.5	0	0.0126
0.0103	0.0196	0.1762	1.0054	-0.2701	-0.6176	0.6024	-0.5057	49	51	35	1	39	0.0037	0.625	0	0.0104
0.0077	0.0286	0.1794	1.0248	-0.2881	-0.5514	0.7634	-0.3363	50	52	35	1	40	0.0065	0.4583	0	0.0077
0.007	0.0316	0.167	1.0383	-0.3048	0.2222	0.6848	-0.694	51	53	35	1	41	0.0049	0.4688	0	0.0069
0.0091	0.0367	0.1653	1.0672	-0.3209	0.1438	0.7219	-0.6769	52	54	35	1	42	0.0011	0.25	0	0.0091
0.008	0.0235	0.1776	1.0941	-0.3414	0.0628	0.9774	-0.202	53	55	35	1	43	0.0048	0.625	0	0.008
0.0092	0.0154	0.1745	1.1172	-0.3424	0.2232	0.9487	0.2238	54	56	35	1	44	0.0043	0.625	0	0.0092
0.0099	0.0562	0.1856	1.1297	-0.3426	0.0613	0.9195	-0.3882	55	57	35	1	45	0.0011	0.375	0	0.0108
0.0086	0.0325	0.181	1.1843	-0.3606	0.1718	0.925	-0.339	56	58	35	1	46	0.0052	0.375	0	0.0086
0.0085	0.0368	0.1854	1.2127	-0.3739	0.0122	0.803	-0.5958	57	59	35	1	47	0.0037	0.5625	0	0.0085
0.0088	0.015	0.1924	1.2435	-0.3891	-0.0658	0.9898	-0.1267	58	60	35	1	48	0.0048	0.5	0	0.0089
0.0096	0.0394	0.2061	1.2622	-0.4031	-0.2222	0.9744	0.033	59	61	35	1	49	0.0044	0.275	0	0.0194
0.0086	0.0543	0.2019	1.2992	-0.4076	-0.3041	0.8465	-0.437	60	62	35	1	50	0.0038	0.4	0	0.0086
0.0096	0.0288	0.195	1.3439	-0.4369	-0.2155	0.8003	-0.5595	61	63	35	1	51	0.0042	0.375	0	0.0133
0.0084	0.0302	0.1844	1.3608	-0.4558	-0.0561	0.4565	-0.888	62	64	35	1	52	0.01	0.05	0	0.01
0.0083	0.006	0.1879	1.3596	-0.4527	0.3444	0.8624	0.3711	63	0	35	1	53	0.01	0.05	0	0.01
0.0083	0.0123	-0.0517	0.341	0.0573	0.9149	-0.2082	0.3458	22	66	3	2	1	0.003	0.4167	1	0.0151
0.0083	0.0433	-0.05	0.3402	0.0657	0.409	0.0598	0.9106	65	67	3	2	2	0.0045	0.275	0	0.0151
0.0083	0.0266	-0.0467	0.3203	0.1003	0.0411	-0.2354	0.971	66	68	3	2	3	0.0057	0.35	0	0.0137
0.0083	0.0387	-0.0456	0.311	0.1229	-0.1845	-0.7169	0.6723	67	69	3	2	4	0.0014	0.625	0	0.0119
0.0083	0.0274	-0.0529	0.2835	0.1493	0.0593	-0.8606	0.5058	68	70	3	2	5	0.0072	0.575	0	0.0139
0.0083	0.0619	-0.053	0.259	0.1613	-0.1711	-0.8125	0.5572	69	71	3	2	6	0.0016	0.5833	0	0.0118
0.0083	0.0366	-0.0565	0.206	0.1853	0.0882	-0.9472	0.3083	70	72	3	2	7	0.0011	0.625	0	0.0114
0.0082	0.0521	-0.0469	0.1716	0.2009	-0.1828	-0.9338	0.3075	71	73	3	2	8	0.0016	0.5833	0	0.0132
0.0082	0.0749	-0.063	0.1229	0.2155	-0.0155	-0.9958	0.0898	72	74	3	2	9	0.0011	0.5	0	0.0101
0.0082	0.0245	-0.0482	0.0416	0.2246	-0.3164	-0.8787	-0.3573	73	75	3	2	10	0.0089	0.225	0	0.0228
0.0082	0.0426	-0.0508	0.0183	0.2186	-0.0482	-0.8784	-0.4754	74	76	3	2	11	0.0046	0.125	0	0.0151
0.0082	0.0366	-0.0633	-0.0114	0.206	-0.6691	-0.7168	-0.1961	75	77	3	2	12	0.003	0.5313	0	0.0096
0.0082	0.0267	-0.0869	-0.037	0.2013	-0.4604	-0.8178	0.3453	76	78	3	2	13	0.0012	0.125	0	0.0161
0.0082	0.0028	-0.0921	-0.0521	0.2171	-0.1623	-0.5932	0.7886	77	79	3	2	14	0.01	0.05	0	0.01
0.0082	0.0422	-0.0954	-0.0594	0.2287	0.8813	0.2311	0.4122	78	80	3	2	15	0.0008	0.4583	0	0.0107
0.0082	0.0267	-0.0605	-0.065	0.248	0.9684	-0.1663	-0.1861	79	81	3	2	16	0.0011	0.25	0	0.0115
0.0082	0.0269	-0.0308	-0.0668	0.24	0.5312	-0.8449	-0.0628	80	82	3	2	17	0.0008	0.4583	0	0.0106
0.0077	0.0445	-0.0173	-0.09	0.2428	0.5938	-0.8045	0.0123	81	83	3	2	18	0.001	0.375	0	0.0077
0.0081	0.0452	0.002	-0.1283	0.2469	0.4109	-0.8827	0.2282	82	84	3	2	19	0.0011	0.4167	0	0.0081
0.0082	0.0363	0.0294	-0.1646	0.2514	0.4524	-0.8791	0.1501	83	85	3	2	20	0.0026	0.5	0	0.0084
0.0082	0.0346	0.0412	-0.1993	0.2581	0.4624	-0.8611	-0.2116	84	86	3	2	21	0.0011	0.2917	0	0.01
0.0082	0.0447	0.0593	-0.227	0.2532	0.6466	-0.7538	0.117	85	87	3	2	22	0.0013	0.5	0	0.0106
0.0082	0.0215	0.0846	-0.2622	0.2545	0.5099	-0.8474	-0.1481	86	88	3	2	23	0.0009	0.3333	0	0.0094
0.0081	0.0509	0.1091	-0.2739	0.2587	0.3018	-0.9183	0.2563	87	89	3	2	24	0.0013	0.2917	0	0.0101
0.0081	0.0358	0.1279	-0.3214	0.2611	0.6162	-0.7477	0.2474	88	90	3	2	25	0.0013	0.375	0	0.0102
0.008	0.0427	0.1426	-0.3522	0.2777	0.5423	-0.8368	0.0752	89	91	3	2	26	0.001	0.375	0	0.0081
0.0081	0.0388	0.1492	-0.386	0.2797	-0.1217	-0.9847	0.1244	90	92	3	2	27	0.0011	0.25	0	0.0097
0.0081	0.0334	0.1542	-0.4241	0.288	-0.0689	-0.968	0.2415	91	93	3	2	28	0.0013	0.4167	0	0.0103
0.0081	0.0388	0.1424	-0.4587	0.294	0.1968	-0.9702	0.1412	92	94	3	2	29	0.0013	0.375	0	0.011
0.0081	0.0383	0.1509	-0.4969	0.2826	-0.07	-0.9971	0.0307	93	95	3	2	30	0.0045	0.3	0	0.0111
0.008	0.0388	0.1526	-0.5348	0.2872	0.1726	-0.975	-0.14	94	96	3	2	31	0.0039	0.225	0	0.0138
0.0081	0.0515	0.1602	-0.5726	0.2846	0.0697	-0.9972	-0.0275	95	97	3	2	32	0.001	0.3333	0	0.0094
0.008	0.0443	0.1618	-0.6242	0.2848	-0.0364	-0.9779	-0.2061	96	98	3	2	33	0.0011	0.3333	0	0.0098
0.008	0.0529	0.1794	-0.659	0.2869	0.5666	-0.7003	-0.4341	97	99	3	2	34	0.0045	0.25	0	0.0131
0.008	0.0223	0.206	-0.7023	0.269	0.8339	-0.5421	-0.1035	98	100	3	2	35	0.0014	0.3333	0	0.0104
0.0081	0.0379	0.2252	-0.7143	0.2677	-0.2342	-0.9644	0.1224	99	101	3	2	36	0.0012	0.4167	0	0.0099
0.008	0.0455	0.2175	-0.7321	0.2623	0.914	-0.2354	-0.3304	100	102	3	2	37	0.0037	0.25	0	0.0168
0.008	0.0577	0.2533	-0.753	0.247	0.7966	-0.4451	-0.409	101	103	3	2	38	0.0036	0.225	0	0.0135
0.008	0.0337	0.287	-0.7868	0.2228	0.5234	-0.7691	-0.3667	102	104	3	2	39	0.0012	0.3333	0	0.0109
0.0078	0.0495	0.301	-0.8128	0.21	0.0585	-0.9303	-0.362	103	105	3	2	40	0.0013	0.2083	0	0.0095
0.008	0.0468	0.2966	-0.853	0.1811	-0.0365	-0.8933	-0.4479	104	106	3	2	41	0.0038	0.4	0	0.0101
0.008	0.009	0.3152	-0.8831	0.1524	0.1723	-0.7284	-0.6632	105	107	3	2	42	0.0074	0.4167	0	0.0123
0.0061	0.0434	0.2924	-0.898	0.144	0.1881	-0.2733	-0.9434	106	108	3	2	43	0.0034	0.4583	0	0.0061
0.0075	0.0246	0.2895	-0.9138	0.1333	-0.703	-0.6242	-0.3409	107	109	3	2	44	0.01	0.05	0	0.01
0.0078	0.0294	0.3063	-0.9191	0.1004	-0.1949	-0.7828	-0.591	108	110	3	2	45	0.0075	0.325	0	0.025
0.0077	0.0606	0.3072	-0.9133	0.1079	0.9814	-0.0744	-0.1769	109	111	3	2	46	0.0063	0.25	0	0.0245
0.0078	0.0204	0.354	-0.9279	0.086	0.614	-0.7891	0.0205	110	112	3	2	47	0.0058	0.25	0	0.0165
0.0078	0.0435	0.352	-0.945	0.0803	0.1516	-0.9663	-0.2081	111	113	3	2	48	0.0046	0.25	0	0.018
0.0078	0.0321	0.3656	-0.9772	0.0686	0.7419	-0.6111	-0.2759	112	114	3	2	49	0.0047	0.375	0	0.0089
0.0073	0.0179	0.3914	-0.9939	0.0682	0.9423	-0.3155	-0.1118	113	115	3	2	50	0.01	0.05	0	0.01
0.0073	0.0184	0.4083	-0.9996	0.0662	0.6053	-0.688	0.4002	114	0	3	2	51	0.01	0.05	0	0.01
0.0101	0.0484	0.1416	0.7142	-0.1906	0.0609	0.3863	0.9203	36	117	10	2	1	0.0025	0.5	0	0.0101
0.0101	0.0417	0.1385	0.7208	-0.1447	-0.0578	0.1373	0.9888	116	118	10	2	2	0.0013	0.3333	0	0.012
0.0101	0.0533	0.1404	0.729	-0.108	0.5164	0.424	0.744	117	119	10	2	3	0.0036	0.25	0	0.0156
0.0101	0.0297	0.1517	0.7506	-0.0573	0.5069	0.3597	0.7834	118	120	10	2	4	0.0088	0.4063	0	0.0121
0.0101	0.0138	0.1678	0.7656	-0.0355	-0.2312	0.3629	0.9027	119	121	10	2	5	0.0045	0.375	0	0.0096
0.0101	0.0013	0.1648	0.7704	-0.0227	-0.4302	0.5928	0.6808	120	122	10	2	6	0.01	0.05	0	0.01
0.0101	0.03	0.1643	0.7711	-0.0219	-0.7483	-0.3893	0.5371	121	0	10	2	7	0.01	0.05	0	0.01
0.0074	0.0648	0.1814	1.0335	-0.2942	0.449	0.8481	-0.2813	51	124	19	2	1	0.0027	0.4583	0	0.0094
0.0074	0.0003	0.1988	1.0836	-0.3149	-0.0236	0.4921	-0.8702	123	125	19	2	2	0.01	0.05	0	0.01
0.0074	0.0145	0.1988	1.0838	-0.3151	0.2727	0.8733	0.4038	124	126	19	2	3	0.01	0.05	0	0.01
0.0074	0.0114	0.2027	1.0972	-0.3102	-0.7473	0.4804	0.4591	125	0	19	2	4	0.01	0.05	0	0.01
0.0113	0.0619	-0.0579	0.1132	0.21	-0.4714	0.2736	-0.8384	73	128	5	3	1	0.0032	0.5417	0	0.0113
0.0113	0.0441	-0.0809	0.1203	0.1572	-0.0405	0.0687	-0.9968	127	0	5	3	2	0.0046	0.625	0	0.0147
0.0078	0.1569	-0.0584	-0.0103	0.2147	-0.8036	-0.4804	0.3514	76	130	9	3	1	0.0013	0.375	0	0.0118
0.0078	0.0486	-0.1828	-0.0877	0.2809	-0.905	-0.4208	0.0626	129	131	9	3	2	0.0011	0.375	0	0.0101
0.0078	0.0206	-0.2152	-0.122	0.2793	-0.7564	-0.651	0.0637	130	132	9	3	3	0.008	0.425	0	0.012
0.0066	0.0248	-0.2324	-0.1341	0.278	-0.1552	-0.9214	-0.3564	131	133	9	3	4	0.0034	0.4063	0	0.0066
0.0078	0.0331	-0.2354	-0.1561	0.2761	-0.4835	-0.8594	0.1664	132	134	9	3	5	0.0013	0.2917	0	0.0102
0.0078	0.02	-0.2542	-0.1831	0.2787	-0.1985	-0.941	-0.2741	133	135	9	3	6	0.01	0.05	0	0.01
0.0078	0.0079	-0.2535	-0.196	0.2947	-0.1201	-0.9491	0.291	134	136	9	3	7	0.001	0.4583	0	0.0114
0.0078	0.0023	-0.2605	-0.1898	0.2982	-0.908	-0.3933	-0.144	135	137	9	3	8	0.01	0.05	0	0.01
0.0078	0.0725	-0.2709	-0.1926	0.286	-0.0755	-0.9752	0.2082	136	138	9	3	9	0.0011	0.2917	0	0.0114
0.0078	0.0383	-0.2737	-0.2633	0.3013	-0.0151	-0.9664	0.2565	137	139	9	3	10	0.0007	0.3333	0	0.0097
0.0061	0.0399	-0.2868	-0.2962	0.3098	-0.3011	-0.9481	-0.1024	138	140	9	3	11	0.0042	0.4375	0	0.0061
0.0061	0.0391	-0.298	-0.3339	0.3036	-0.2882	-0.9402	-0.1815	139	141	9	3	12	0.0009	0.2083	0	0.0058
0.0077	0.0346	-0.3152	-0.3662	0.2907	-0.2244	-0.8744	-0.4301	140	142	9	3	13	0.001	0.25	0	0.0085
0.0061	0.023	-0.314	-0.4033	0.284	-0.4357	-0.8676	-0.2397	141	143	9	3	14	0.0047	0.4583	0	0.0061
0.0068	0.0327	-0.3225	-0.4204	0.2831	0.1094	-0.8602	0.4981	142	144	9	3	15	0.004	0.5625	0	0.0068
0.0077	0.0083	-0.3182	-0.4425	0.2732	0.006	-0.9747	-0.2233	143	145	9	3	16	0.0036	0.4583	0	0.0081
0.0075	0.0211	-0.3129	-0.4488	0.2699	-0.1869	-0.2239	-0.9565	144	146	9	3	17	0.01	0.05	0	0.01
0.0077	0.0234	-0.3229	-0.4577	0.2724	-0.0328	-0.9814	-0.189	145	147	9	3	18	0.0011	0.375	0	0.0118
0.0076	0.0375	-0.3122	-0.4747	0.2694	0.2806	-0.6932	0.6639	146	148	9	3	19	0.0011	0.2917	0	0.0104
0.0066	0.0464	-0.3115	-0.5099	0.2896	0.3795	-0.7066	0.5973	147	149	9	3	20	0.0041	0.4063	0	0.0066
0.0074	0.0249	-0.2839	-0.532	0.3249	0.1216	-0.6478	0.752	148	150	9	3	21	0.01	0.05	0	0.01
0.0076	0.0409	-0.2797	-0.5566	0.3361	0.1391	-0.6457	0.7508	149	151	9	3	22	0.0009	0.3333	0	0.0125
0.0076	0.0051	-0.2763	-0.5936	0.35	0.3476	-0.8127	0.4677	150	152	9	3	23	0.0009	0.3333	0	0.0106
0.0075	0.0319	-0.263	-0.596	0.3562	-0.0394	-0.8481	0.5284	151	153	9	3	24	0.0011	0.2917	0	0.0195
0.0078	0.012	-0.2681	-0.6271	0.3701	0.239	-0.7164	0.6554	152	154	9	3	25	0.0037	0.6667	0	0.0084
0.0072	0.0196	-0.2664	-0.6249	0.3703	0.7918	0.4066	0.4558	153	0	9	3	26	0.01	0.05	0	0.01
0.0201	0.0311	-0.0885	-0.0602	0.2402	-0.1026	-0.0321	0.9942	79	156	11	3	1	0.0028	0.4167	0	0.0201
0.0201	0.0053	-0.1235	-0.0457	0.2575	0.3585	0.9116	0.2009	155	0	11	3	2	0.0034	0.15	0	0.01
0.0094	0.0597	-0	-0.1263	0.2441	-0.888	0.4551	0.0655	82	158	13	3	1	0.0027	0.5	0	0.0094
0.0094	0.004	-0.0495	-0.0988	0.2368	-0.5077	0.8512	-0.133	157	159	13	3	2	0.01	0.05	0	0.01
0.0094	0.028	-0.0458	-0.0874	0.2389	-0.17	0.4135	-0.8945	158	0	13	3	3	0.01	0.05	0	0.01
0.015	0.0659	0.1878	-0.6821	0.2761	-0.8756	-0.4829	0.0124	98	161	22	3	1	0.0024	0.4167	0	0.015
0.015	0.0012	0.1268	-0.7044	0.2832	-0.9417	-0.1218	-0.3137	160	162	22	3	2	0.01	0.05	0	0.01
0.015	0.0192	0.1299	-0.707	0.2779	-0.5653	0.4498	-0.6915	161	0	22	3	3	0.0029	0.25	0	0.0113
0.0025	0.0744	0.2324	-0.7503	0.2544	0.0652	-0.8053	0.5893	102	164	24	3	1	0.01	0.05	0	0.01
0.0025	0.0279	0.2373	-0.8102	0.2983	0.3664	-0.9281	-0.0657	163	0	24	3	2	0.01	0.05	0	0.01
0.0039	0.0554	0.3395	-0.9195	0.1013	-0.7067	-0.7047	0.0636	110	166	25	3	1	0.0021	0.175	0	0.0095
0.0035	0.0474	0.2991	-0.9529	0.1005	-0.7628	0.2817	0.582	165	167	25	3	2	0.0009	0.3333	0	0.0073
0.0025	0.0163	0.2611	-0.9432	0.1289	0.0126	0.2121	0.9772	166	0	25	3	3	0.0026	0.175	0	0.01
0.0087	0.0104	0.3037	-0.9232	0.1066	0.225	-0.91	-0.3481	109	169	26	3	1	0.0019	0.5417	0	0.0109
0.0087	0.0554	0.2907	-0.9393	0.0981	0.4548	-0.5067	-0.7324	168	170	26	3	2	0.0013	0.5417	0	0.0119
0.0087	0.0397	0.3068	-0.9801	0.0601	0.322	-0.403	-0.8567	169	0	26	3	3	0.0031	0.4375	0	0.0087
0.0073	0.0378	0.368	-0.9107	0.1	-0.0928	0.7264	0.681	110	172	33	3	1	0.0015	0.3333	0	0.0121
0.0072	0.0435	0.3565	-0.8837	0.1287	0.331	0.2366	0.9135	171	173	33	3	2	0.0036	0.25	0	0.018
0.0068	0.0627	0.3572	-0.8682	0.1643	-0.0415	0.5546	0.8311	172	174	33	3	3	0.0036	0.08	0	0.0129
0.0052	0.0511	0.3446	-0.8311	0.2089	-0.3428	0.6651	0.6634	173	175	33	3	4	0.01	0.05	0	0.01
0.0044	0.0222	0.3191	-0.7999	0.2081	-0.606	0.7917	0.0772	174	176	33	3	5	0.0034	0.175	0	0.01
0.0035	0.0428	0.303	-0.7854	0.2021	-0.7059	0.7068	-0.0454	175	0	33	3	6	0.0033	0.175	0	0.01
0.0109	0.057	-0.3204	-0.4547	0.2642	-0.6449	-0.7566	-0.1078	145	178	20	4	1	0.002	0.5833	0	0.0109
0.0109	0.053	-0.3584	-0.4955	0.2533	-0.2762	-0.8899	-0.363	177	179	20	4	2	0.0048	0.375	0	0.0086
0.0109	0.0343	-0.3694	-0.5443	0.2336	-0.4186	-0.8239	-0.382	178	0	20	4	3	0.01	0.05	0	0.01
0.0084	0.0235	0.3074	-0.9145	0.1784	-0.7455	0.6561	-0.117	0	0	37	0	1	0.0029	0.4167	0	0.0084
0.0103	0.0645	0.2964	-0.9578	0.0749	-0.4322	-0.399	-0.8087	169	182	31	4	1	0.0026	0.5833	0	0.0103
0.0103	0.0207	0.2741	-0.979	0.0288	0.8033	-0.4114	-0.4306	181	183	31	4	2	0.0053	0.15	0	0.0174
0.0103	0.0203	0.2898	-0.9837	0.0318	0.5212	-0.7981	0.3023	182	0	31	4	3	0.01	0.05	0	0.01
0.0025	0.0488	0.3073	-0.9703	0.0673	-0.7678	-0.3973	0.5026	169	185	32	4	1	0.0071	0.175	1	0.01
0.0025	0.0354	0.2692	-0.9891	0.0908	-0.9079	-0.2484	0.3377	184	0	32	4	2	0.0026	0.175	0	0.01
