radius (m)	length (m)	start_point	axis_direction	parent	extension	branch	branch_order	position_in_branch	mad	SurfCov	added	UnmodRadius (m)
0.0143	0.0763	0.6014	-0.1302	-0.7848	-0.7614	0.0525	0.6461	0	2	1	0	1	0.0024	0.7083	0	0.0143
0.0107	0.0636	0.5403	-0.1391	-0.7319	-0.6548	0.3398	0.6751	1	3	1	0	2	0.0016	0.75	0	0.0107
0.0121	0.0628	0.5018	-0.1191	-0.6833	-0.8492	0.1455	0.5076	2	4	1	0	3	0.0016	0.7083	0	0.0121
0.0122	0.0566	0.4496	-0.1104	-0.6498	-0.7747	0.1292	0.619	3	5	1	0	4	0.0015	0.7083	0	0.0122
0.0132	0.0406	0.4074	-0.1045	-0.6133	-0.562	0.2111	0.7997	4	6	1	0	5	0.0016	0.7083	0	0.0132
0.0112	0.0579	0.3782	-0.0892	-0.5883	-0.721	0.0892	0.6872	5	7	1	0	6	0.0016	0.7083	0	0.0112
0.0117	0.0553	0.3355	-0.0849	-0.5495	-0.7506	0.1148	0.6507	6	8	1	0	7	0.0014	0.75	0	0.0117
0.0136	0.0394	0.2924	-0.0729	-0.5175	-0.8373	0.1461	0.5269	7	9	1	0	8	0.0013	0.7083	0	0.0136
0.0124	0.0731	0.2596	-0.0706	-0.4942	-0.9089	0.2247	0.3513	8	10	1	0	9	0.0016	0.7083	0	0.0124
0.0115	0.0274	0.1946	-0.0571	-0.4639	-0.9416	0.0525	0.3327	9	11	1	0	10	0.0011	0.5	0	0.0115
0.0107	0.0363	0.1733	-0.0504	-0.4516	-0.7454	0.24	0.6219	10	12	1	0	11	0.0011	0.375	0	0.0104
0.0119	0.0331	0.1368	-0.0452	-0.4387	-0.7388	0.3105	0.5981	11	13	1	0	12	0.0011	0.375	0	0.0119
0.0131	0.0484	0.1127	-0.039	-0.4128	-0.7506	0.5262	0.3996	12	14	1	0	13	0.0018	0.625	0	0.0132
0.0117	0.0446	0.0853	-0.016	-0.3867	-0.5289	0.2889	0.798	13	15	1	0	14	0.0017	0.6667	0	0.0117
0.0121	0.0455	0.0669	-0.0004	-0.3507	-0.1973	0.2023	0.9592	14	16	1	0	15	0.0013	0.7083	0	0.0121
0.0116	0.0454	0.0565	0.004	-0.3059	-0.0229	0.2487	0.9683	15	17	1	0	16	0.0012	0.4583	0	0.0116
0.0134	0.0179	0.038	0.0099	-0.2606	0.0073	0.2087	0.978	16	18	1	0	17	0.0019	0.4167	0	0.0139
0.0112	0.0329	0.0437	0.0155	-0.2428	-0.0698	0.0272	0.9972	17	19	1	0	18	0.0016	0.5417	0	0.0112
0.0137	0.0255	0.0289	0.021	-0.2077	0.1776	-0.0123	0.984	18	20	1	0	19	0.0014	0.7083	0	0.0137
0.0118	0.0528	0.0259	0.0189	-0.1854	-0.388	0.2164	0.8959	19	21	1	0	20	0.0016	0.6667	0	0.0118
0.0119	0.0394	0.0098	0.0265	-0.1364	-0.2401	0.1521	0.9588	20	22	1	0	21	0.0011	0.4167	0	0.0119
0.0121	0.0424	-0.0088	0.034	-0.1004	-0.1624	0.1433	0.9763	21	23	1	0	22	0.0016	0.6667	0	0.0121
0.0118	0.0345	-0.0042	0.0454	-0.0605	-0.0676	0.4077	0.9106	22	24	1	0	23	0.0012	0.3333	0	0.0118
0.0107	0.0036	-0.0195	0.0521	-0.0259	0.0875	0.2576	0.9623	23	25	1	0	24	0.0037	0.625	0	0.0076
0.0114	0.0281	-0.0255	0.0564	-0.017	-0.1238	0.7645	-0.6326	24	26	1	0	25	0.0018	0.2917	0	0.0114
0.0125	0.0615	-0.0382	0.0829	-0.0384	-0.5609	-0.6654	0.4926	25	27	1	0	26	0.001	0.375	0	0.013
0.0107	0.0332	-0.0666	0.0408	-0.0048	-0.5015	-0.1824	0.8457	26	28	1	0	27	0.0007	0.3333	0	0.0075
0.0111	0.0232	-0.0812	0.0303	0.0234	-0.341	-0.1315	0.9308	27	29	1	0	28	0.0009	0.4167	0	0.0111
0.0107	0.0178	-0.0861	0.0293	0.046	-0.2464	-0.1165	0.9622	28	30	1	0	29	0.001	0.3333	0	0.0096
0.0107	0.0413	-0.0869	0.0287	0.0633	-0.1296	0.1624	0.9782	29	31	1	0	30	0.0011	0.375	0	0.0082
0.0107	0.0351	-0.0989	0.0339	0.0997	-0.5291	0.0462	0.8473	30	32	1	0	31	0.001	0.3333	0	0.0106
0.0107	0.0287	-0.1069	0.0365	0.1328	-0.295	-0.1039	0.9498	31	33	1	0	32	0.0042	0.5	0	0.0078
0.0107	0.0283	-0.1111	0.0218	0.157	0.0723	-0.2282	0.9709	32	34	1	0	33	0.01	0.05	0	0.01
0.0107	0.0254	-0.1105	0.0376	0.167	0.0533	0.6193	0.7833	33	0	1	0	34	0.01	0.05	0	0.01
0.0112	0.0393	-0.0477	0.0655	-0.0138	0.5119	0.1203	0.8506	26	36	5	1	1	0.0014	0.5	1	0.0112
0.0112	0.034	-0.0276	0.0703	0.0196	0.1935	0.4105	0.8911	35	37	5	1	2	0.0014	0.5	0	0.0112
0.0112	0.0067	-0.0185	0.0826	0.0512	-0.6081	-0.413	0.6779	36	38	5	1	3	0.01	0.05	0	0.01
0.0112	0.0165	-0.0226	0.0799	0.0557	-0.7841	0.6083	-0.1232	37	0	5	1	4	0.01	0.05	0	0.01
0.0102	0.0402	-0.1094	0.0283	0.1764	-0.5628	0.148	0.8132	33	40	4	1	1	0.0019	0.625	0	0.0118
0.009	0.0501	-0.1299	0.0275	0.2088	-0.4548	-0.1806	0.8721	39	41	4	1	2	0.0011	0.375	0	0.009
0.0092	0.056	-0.1428	0.0273	0.2553	-0.3644	0.105	0.9253	40	42	4	1	3	0.0013	0.3333	0	0.0092
0.01	0.0303	-0.1635	0.027	0.3092	-0.2664	0.3062	0.9139	41	43	4	1	4	0.0008	0.4167	0	0.0106
0.0081	0.0251	-0.1735	0.0391	0.3363	-0.4219	-0.1018	0.9009	42	44	4	1	5	0.0039	0.625	0	0.0081
0.0074	0.0292	-0.1685	0.0433	0.3632	-0.3362	0.1944	0.9215	43	45	4	1	6	0.0058	0.4167	0	0.0074
0.0096	0.0301	-0.174	0.0554	0.3844	0.2592	0.5367	0.803	44	46	4	1	7	0.01	0.05	0	0.01
0.0095	0.0395	-0.1871	0.0428	0.3915	-0.5359	-0.1064	0.8375	45	47	4	1	8	0.001	0.5	0	0.0095
0.0094	0.0255	-0.2054	0.0471	0.4256	-0.4403	0.0486	0.8965	46	48	4	1	9	0.0039	0.625	0	0.0094
0.0099	0.0392	-0.2266	0.0381	0.4472	-0.2265	0.1039	0.9684	47	49	4	1	10	0.0059	0.4688	0	0.0105
0.0071	0.0064	-0.2373	0.0402	0.4835	-0.6191	-0.0534	0.7835	48	50	4	1	11	0.0033	0.5313	0	0.0071
0.0085	0.0339	-0.2406	0.0405	0.4889	-0.5013	0.0614	0.8631	49	51	4	1	12	0.0011	0.3333	0	0.0085
0.0091	0.0205	-0.2596	0.0425	0.5166	-0.6248	0.0456	0.7795	50	52	4	1	13	0.001	0.2917	0	0.0093
0.0096	0.0121	-0.2599	0.028	0.5401	-0.4325	0.0867	0.8974	51	53	4	1	14	0.0068	0.375	0	0.0113
0.0089	0.0233	-0.2625	0.0267	0.5446	0.3967	-0.7924	0.4634	52	54	4	1	15	0.01	0.05	0	0.01
0.0073	0.0309	-0.2701	0.0294	0.5481	-0.0006	0.3232	0.9463	53	55	4	1	16	0.0007	0.375	0	0.0073
0.0087	0.0062	-0.2714	0.0336	0.5786	0.1047	0.1842	0.9773	54	56	4	1	17	0.01	0.05	0	0.01
0.0078	0.0437	-0.2706	0.0402	0.5931	-0.6326	-0.6472	0.4255	55	57	4	1	18	0.001	0.2917	0	0.0078
0.007	0.0409	-0.2918	0.0269	0.6166	-0.3472	-0.1491	0.9259	56	58	4	1	19	0.0038	0.5833	0	0.007
0.0083	0.0193	-0.2863	0.0278	0.6361	0.5981	0.2854	0.7489	57	59	4	1	20	0.01	0.05	0	0.01
0.0091	0.0354	-0.2866	0.0204	0.6455	-0.6828	0.3807	0.6236	58	60	4	1	21	0.0031	0.3	0	0.0151
0.0078	0.0502	-0.3096	0.0274	0.669	0.0072	0.2118	0.9773	59	61	4	1	22	0.0009	0.375	0	0.0078
0.0071	0.0304	-0.3107	0.0361	0.7176	-0.1248	-0.1533	0.9803	60	62	4	1	23	0.0008	0.3333	0	0.0071
0.0056	0.0221	-0.3128	0.034	0.7481	-0.3014	-0.09	0.9492	61	63	4	1	24	0.003	0.6667	0	0.0053
0.0075	0.0136	-0.3129	0.0258	0.7681	0.1135	-0.0405	0.9927	62	64	4	1	25	0.01	0.05	0	0.01
0.0071	0.024	-0.3171	0.031	0.7763	0.0214	0.686	0.7273	63	65	4	1	26	0.0005	0.4167	0	0.0071
0.0076	0.0608	-0.3117	0.0466	0.7942	-0.0939	-0.068	0.9933	64	66	4	1	27	0.001	0.4583	0	0.008
0.0064	0.0377	-0.314	0.0509	0.8525	0.0084	0.2372	0.9714	65	67	4	1	28	0.0041	0.5	0	0.0064
0.0066	0.0276	-0.3214	0.0619	0.8878	-0.0048	0.5363	0.844	66	68	4	1	29	0.01	0.05	0	0.01
0.0064	0.0311	-0.2991	0.0671	0.8915	0.6875	0.4503	0.5697	67	0	4	1	30	0.01	0.05	0	0.01
