radius (m)	length (m)	start_point	axis_direction	parent	extension	branch	branch_order	position_in_branch	mad	SurfCov	added	UnmodRadius (m)
0.0163	0.4402	0.1506	-0.1197	-0.386	-0.7633	-0.072	0.642	0	2	1	0	1	0.0034	0.0111	0	0.1763
0.0091	0.0847	-0.2895	-0.2548	-0.1544	-0.3037	-0.1578	0.9396	1	3	1	0	2	0.0042	0.425	0	0.0057
0.01	0.0185	-0.3362	-0.2045	-0.1333	-0.5868	0.4346	0.6832	2	4	1	0	3	0.01	0.05	0	0.01
0.0097	0.0719	-0.2915	-0.2564	-0.1125	-0.2654	-0.1153	0.9572	3	5	1	0	4	0.0011	0.375	0	0.0097
0.0113	0.0352	-0.2741	-0.2664	-0.1511	0.6823	-0.6898	0.242	4	6	1	0	5	0.0068	0.25	0	0.0128
0.0079	0.0428	-0.2554	-0.2991	-0.138	0.7452	-0.609	-0.2716	5	7	1	0	6	0.0041	0.35	0	0.0079
0.0088	0.0206	-0.2322	-0.332	-0.1375	0.55	-0.8321	-0.072	6	8	1	0	7	0.0044	0.35	0	0.0093
0.0077	0.0185	-0.2256	-0.3486	-0.1347	0.2354	-0.901	0.3643	7	9	1	0	8	0.01	0.05	0	0.01
0.0068	0.0482	-0.2373	-0.3522	-0.1244	-0.5292	-0.7553	0.3866	8	10	1	0	9	0.0042	0.4583	0	0.0068
0.0067	0.0147	-0.241	-0.3407	-0.105	-0.3999	0.1681	0.901	9	11	1	0	10	0.01	0.05	0	0.01
0.0065	0.0216	-0.2328	-0.3543	-0.1235	-0.0143	-0.8948	0.4463	10	0	1	0	11	0.01	0.05	0	0.01
0.0075	0.1433	-0.2225	-0.3202	-0.1556	-0.1454	0.7892	-0.5967	6	13	2	1	1	0.0031	0.625	1	0.0136
0.0075	0.0756	-0.2456	-0.2084	-0.2433	0.0519	-0.8672	0.4952	12	14	2	1	2	0.0061	0.475	0	0.0136
0.0074	0.4974	-0.236	-0.2728	-0.2159	0.6388	0.634	0.4359	13	15	2	1	3	0.0069	0.036	0	0.0188
0.0074	0.0216	0.0824	0.0501	-0.0064	0.016	0.6929	0.7209	14	16	2	1	4	0.0013	0.25	0	0.0122
0.0073	0.006	0.0852	0.057	0.0081	0.8646	0.2054	0.4586	15	17	2	1	5	0.01	0.05	0	0.01
0.0074	0.0372	0.0813	0.0632	0.0004	-0.4569	0.5775	0.6766	16	18	2	1	6	0.0055	0.25	0	0.0157
0.0074	0.0504	0.0587	0.0851	0.0159	-0.808	0.3456	0.4773	17	19	2	1	7	0.0011	0.3333	0	0.0075
0.0073	0.0291	0.0231	0.1014	0.0449	-0.602	0.3601	0.7127	18	20	2	1	8	0.01	0.05	0	0.01
0.0073	0.056	0.0013	0.1062	0.0518	0.7352	0.5166	-0.4389	19	21	2	1	9	0.0039	0.25	0	0.0193
0.0072	0.027	0.0302	0.1436	0.0291	0.521	0.8143	-0.2559	20	22	2	1	10	0.01	0.05	0	0.01
0.0074	0.078	0.0371	0.1406	0.0156	0.5326	-0.354	0.7688	21	23	2	1	11	0.0038	0.325	0	0.0125
0.0072	0.0286	0.0758	0.1087	0.0743	0.3058	-0.4556	0.836	22	24	2	1	12	0.01	0.05	0	0.01
0.0073	0.0249	0.0844	0.1165	0.0766	0.0269	0.7192	0.6943	23	25	2	1	13	0.0031	0.275	0	0.0147
0.0071	0.018	0.091	0.1347	0.0926	0.121	0.6577	0.7435	24	26	2	1	14	0.01	0.05	0	0.01
0.0073	0.0583	0.0882	0.1313	0.0918	-0.8874	0.4337	-0.156	25	27	2	1	15	0.001	0.375	0	0.0086
0.0071	0.0362	0.0335	0.1489	0.0867	-0.9376	0.2134	-0.2747	26	28	2	1	16	0.01	0.05	0	0.01
0.0073	0.0101	0.0238	0.1742	0.0822	-0.5753	0.6272	0.5251	27	29	2	1	17	0.0015	0.4167	0	0.0097
0.0074	0.0369	0.0151	0.1787	0.0868	-0.4966	0.4759	0.7259	28	30	2	1	18	0.0038	0.5313	0	0.0086
0.0061	0.0195	0.0024	0.2048	0.1095	-0.4747	0.6125	0.6321	29	31	2	1	19	0.0054	0.4167	0	0.0061
0.0071	0.0374	0.0051	0.213	0.1044	0.5238	0.8313	0.1857	30	32	2	1	20	0.0048	0.12	0	0.0159
0.0068	0.0245	0.025	0.2215	0.1083	0.9514	0.0527	-0.3034	31	33	2	1	21	0.01	0.05	0	0.01
0.0071	0.037	0.0234	0.24	0.1052	0.3522	0.6724	-0.6511	32	34	2	1	22	0.0007	0.375	0	0.0096
0.007	0.0414	0.037	0.2653	0.0851	-0.0452	0.9929	-0.1103	33	35	2	1	23	0.0007	0.2917	0	0.0101
0.0069	0.0375	0.0483	0.2993	0.0853	0.4076	0.8869	0.2171	34	36	2	1	24	0.0056	0.4	0	0.0072
0.007	0.0296	0.0556	0.3402	0.0963	0.7127	0.6831	0.1593	35	37	2	1	25	0.0063	0.375	0	0.0101
0.0065	0.0642	0.0861	0.3438	0.0806	0.6938	0.6818	-0.232	36	38	2	1	26	0.01	0.05	0	0.01
0.0065	0.0374	0.0898	0.3375	0.0738	-0.4786	0.5068	0.717	37	0	2	1	27	0.01	0.05	0	0.01
0.0096	0.2321	0.0513	-0.1258	-0.282	0.9578	0.2391	0.1596	1	40	68	1	1	0.0021	0.5417	1	0.0096
0.0096	0.0756	0.2736	-0.0704	-0.245	-0.7274	-0.5825	0.3626	39	41	68	1	2	0.0021	0.5417	0	0.0096
0.01	0.1079	0.2224	-0.1135	-0.2133	-0.7492	0.1758	0.6386	40	42	68	1	3	0.01	0.05	0	0.01
0.0131	0.2119	0.148	-0.0883	-0.1399	-0.6323	0.1059	0.7675	41	43	68	1	4	0.0014	0.3333	0	0.0164
0.0081	0.0742	0.0118	-0.0676	0.018	-0.3584	-0.8061	0.4708	42	44	68	1	5	0.0015	0.4167	0	0.0081
0.0105	0.0398	-0.0108	-0.1312	0.0481	-0.245	-0.8559	0.4554	43	45	68	1	6	0.0038	0.4688	0	0.0105
0.0098	0.0133	-0.002	-0.1567	0.054	0.4591	-0.8846	0.0815	44	46	68	1	7	0.0067	0.4583	0	0.0098
0.0103	0.0228	-0.0141	-0.15	0.0764	0.8092	0.1388	0.5709	45	47	68	1	8	0.0046	0.5833	0	0.0103
0.0082	0.0243	0.0111	-0.1549	0.0883	0.3236	0.1339	0.9367	46	48	68	1	9	0.0027	0.4063	0	0.0082
0.0094	0.0297	0.0201	-0.1672	0.0972	0.5346	-0.5393	0.6506	47	49	68	1	10	0.0063	0.4167	0	0.0094
0.012	0.0399	0.0203	-0.1884	0.1256	0.4498	-0.8443	0.2913	48	50	68	1	11	0.0047	0.325	0	0.0141
0.01	0.0321	0.0522	-0.2161	0.1394	0.2848	-0.8393	0.4631	49	51	68	1	12	0.0053	0.25	0	0.01
0.0089	0.0591	0.0666	-0.2308	0.1529	0.7405	-0.2487	0.6244	50	52	68	1	13	0.0041	0.2708	0	0.0089
0.0094	0.062	0.1152	-0.241	0.1777	0.9259	0.0292	0.3767	51	53	68	1	14	0.01	0.05	0	0.01
0.0093	0.0263	0.0898	-0.2184	0.2088	0.1907	0.4311	0.8819	52	54	68	1	15	0.01	0.05	0	0.01
0.0092	0.0407	0.0842	-0.2343	0.1889	-0.9184	0.3949	-0.0225	53	55	68	1	16	0.01	0.05	0	0.01
0.0091	0.0263	0.0714	-0.2087	0.1981	-0.4488	0.8431	0.2962	54	56	68	1	17	0.01	0.05	0	0.01
0.009	0.0088	0.0758	-0.2148	0.207	0.0616	0.077	0.9951	55	0	68	1	18	0.01	0.05	0	0.01
0.0086	0.1406	-0.2701	-0.2384	-0.2015	0.1043	0.6874	0.7187	2	58	4	1	1	0.0011	0.3333	0	0.0113
0.0085	0.0742	-0.2461	-0.1512	-0.0962	0.6585	0.7309	0.1792	57	59	4	1	2	0.0064	0.2708	0	0.0167
0.0083	0.0372	-0.2127	-0.0814	-0.0879	0.6551	0.7246	0.214	58	60	4	1	3	0.01	0.05	0	0.01
0.0084	0.0402	-0.1954	-0.0856	-0.078	-0.793	0.1445	-0.5918	59	61	4	1	4	0.0011	0.4583	0	0.0131
0.0076	0.0519	-0.19	-0.0802	-0.0968	0.0652	0.9054	-0.4195	60	62	4	1	5	0.0078	0.375	0	0.0069
0.0076	0.0167	-0.1943	-0.0314	-0.1251	0.5692	0.6548	-0.4973	61	63	4	1	6	0.0042	0.5	0	0.0076
0.0076	0.0216	-0.179	-0.023	-0.1325	0.4179	0.7307	-0.5399	62	64	4	1	7	0.01	0.05	0	0.01
0.0076	0.0252	-0.1853	-0.0052	-0.1335	-0.0541	0.9624	-0.2662	63	0	4	1	8	0.01	0.05	0	0.01
0.0086	0.0777	-0.296	-0.2525	-0.1664	-0.5178	0.6	0.6097	2	66	5	1	1	0.0049	0.275	0	0.0157
0.0081	0.053	-0.336	-0.2201	-0.1086	-0.571	0.478	0.6674	65	67	5	1	2	0.001	0.3333	0	0.008
0.0086	0.029	-0.3673	-0.2044	-0.0694	-0.6341	0.3425	0.6932	66	68	5	1	3	0.01	0.05	0	0.01
0.0086	0.0186	-0.3643	-0.2041	-0.0724	0.3073	0.9455	-0.1077	67	0	5	1	4	0.01	0.05	0	0.01
0.0073	0.0128	-0.2417	-0.3135	-0.1357	0.2935	-0.6099	0.7361	6	70	18	1	1	0.0012	0.4583	1	0.0073
0.0073	0.0624	-0.2379	-0.3213	-0.1263	-0.968	0.1363	-0.2107	69	71	18	1	2	0.0012	0.4583	0	0.0073
0.0074	0.0442	-0.2939	-0.3215	-0.127	-0.9573	-0.1062	0.2687	70	72	18	1	3	0.0012	0.25	0	0.0111
0.0073	0.0446	-0.3344	-0.3214	-0.1118	-0.7942	-0.1078	0.5981	71	73	18	1	4	0.01	0.05	0	0.01
0.0073	0.0288	-0.3347	-0.3158	-0.0978	-0.0921	-0.6271	-0.7735	72	0	18	1	5	0.0014	0.2917	0	0.0078
0.0079	0.0985	0.0765	0.0577	0.0019	0.4157	-0.6199	-0.6656	17	75	69	2	1	0.0024	0.5417	0	0.0084
0.0079	0.0445	0.1121	-0.0066	-0.0619	0.2505	-0.7442	-0.6192	74	76	69	2	2	0.0055	0.5313	0	0.0079
0.0079	0.0268	0.1152	-0.0398	-0.0856	-0.2333	-0.8359	-0.4969	75	77	69	2	3	0.0038	0.4063	0	0.009
0.0079	0.0445	0.1012	-0.0541	-0.0923	-0.7554	-0.6474	-0.1016	76	78	69	2	4	0.01	0.05	0	0.01
0.0079	0.0128	0.1099	-0.0664	-0.0993	0.3082	-0.8536	-0.42	77	79	69	2	5	0.01	0.05	0	0.01
0.0079	0.015	0.1138	-0.0774	-0.1047	-0.7419	-0.4841	0.464	78	0	69	2	6	0.01	0.05	0	0.01
0.007	0.0144	0.0472	0.0942	0.0308	0.2583	0.4101	0.8747	18	81	20	2	1	0.003	0.3333	1	0.0094
0.0069	0.0572	0.0509	0.1001	0.0434	-0.1343	-0.8554	-0.5003	80	82	20	2	2	0.003	0.3333	0	0.0094
0.0063	0.0473	0.0472	0.0506	0.0174	-0.194	-0.9778	0.0792	81	83	20	2	3	0.0048	0.25	0	0.0134
0.0049	0.0262	0.0506	0.0131	0.0341	0.2426	-0.8964	0.3709	82	84	20	2	4	0.0023	0.15	0	0.01
0.0037	0.0317	0.0436	0.0154	0.03	-0.5354	-0.5989	-0.5956	83	0	20	2	5	0.0076	0.225	0	0.01
0.0067	0.0665	0.0262	0.1433	0.0843	-0.4493	-0.8792	-0.1585	27	86	21	2	1	0.01	0.05	1	0.01
0.0065	0.0501	-0.0037	0.0848	0.0738	-0.7133	0.1328	-0.6882	85	87	21	2	2	0.01	0.05	0	0.01
0.0063	0.0488	-0.049	0.0897	0.0397	-0.17	0.7537	-0.6349	86	88	21	2	3	0.0041	0.225	0	0.0281
0.0057	0.0161	-0.0549	0.123	0.0098	-0.5844	-0.5727	-0.5749	87	89	21	2	4	0.01	0.05	0	0.01
0.0057	0.0628	-0.0727	0.1067	0.0096	-0.7539	0.625	-0.2022	88	90	21	2	5	0.0026	0.225	0	0.0116
0.0043	0.0003	-0.122	0.144	0.0048	-0.6601	0.7509	0.0191	89	91	21	2	6	0.0009	0.15	0	0.01
0.0037	0.0311	-0.1218	0.144	0.0043	0.3671	0.9233	-0.1125	90	92	21	2	7	0.0019	0.125	0	0.01
0.003	0.0299	-0.1128	0.1714	0.0015	-0.3843	0.8899	0.2459	91	0	21	2	8	0.003	0.15	0	0.01
0.0069	0.0449	0.0371	0.1541	0.0183	0.2901	0.6998	-0.6528	21	94	32	2	1	0.0025	0.3333	0	0.0086
0.0063	0.0053	0.0524	0.1862	-0.0093	0.6223	-0.4574	-0.6353	93	95	32	2	2	0.01	0.05	0	0.01
0.0059	0.0079	0.0565	0.1888	-0.016	-0.3082	-0.4974	-0.811	94	96	32	2	3	0.01	0.05	0	0.01
0.0048	0.0393	0.0583	0.1853	-0.0235	-0.2584	0.4812	-0.8377	95	97	32	2	4	0.001	0.125	0	0.01
0.0033	0.0137	0.0441	0.2036	-0.0549	-0.3666	0.3995	-0.8402	96	0	32	2	5	0.001	0.1	0	0.01
0.0105	0.0477	0.0915	0.1371	0.0889	0.8132	0.4978	0.3014	26	99	38	2	1	0.0015	0.5	0	0.012
0.0105	0.022	0.135	0.1693	0.0961	0.6993	-0.6471	-0.3039	98	100	38	2	2	0.001	0.375	0	0.0108
0.0105	0.0321	0.1599	0.1671	0.0771	-0.0698	-0.6857	-0.7245	99	101	38	2	3	0.0012	0.375	0	0.0129
0.0105	0.0516	0.1583	0.1679	0.0567	0.1674	0.1188	-0.9787	100	102	38	2	4	0.0067	0.3	0	0.0129
0.0105	0.037	0.1816	0.1775	0.0115	0.1589	0.5637	-0.8105	101	103	38	2	5	0.0065	0.325	0	0.0094
0.0105	0.0286	0.2033	0.1752	-0.0127	0.7198	0.3396	-0.6055	102	104	38	2	6	0.0072	0.25	0	0.0116
0.0105	0.0292	0.2099	0.1727	-0.0352	0.6377	-0.478	-0.6039	103	105	38	2	7	0.0079	0.3438	0	0.0068
0.0105	0.0358	0.243	0.1777	-0.0511	0.6532	-0.4461	-0.6118	104	106	38	2	8	0.01	0.05	0	0.01
0.0105	0.0327	0.2415	0.1499	-0.0673	0.1165	-0.6207	-0.7754	105	107	38	2	9	0.0008	0.5	0	0.0112
0.0105	0.0135	0.26	0.1364	-0.08	0.6966	-0.2509	-0.6721	106	108	38	2	10	0.0011	0.3333	0	0.0084
0.0105	0.0314	0.2805	0.14	-0.079	0.7175	-0.1753	-0.6741	107	109	38	2	11	0.0007	0.25	0	0.0136
0.0105	0.0082	0.2947	0.1267	-0.1052	0.6155	-0.1608	-0.7715	108	110	38	2	12	0.0037	0.5417	0	0.0105
0.0105	0.0028	0.3013	0.1261	-0.1137	0.2808	-0.9513	-0.1273	109	111	38	2	13	0.01	0.05	0	0.01
0.0105	0.0111	0.3026	0.1219	-0.1115	-0.4593	-0.81	-0.3645	110	0	38	2	14	0.0027	0.25	0	0.0085
0.0097	0.0115	0.0172	0.1851	0.084	-0.684	-0.7158	-0.1407	29	113	42	2	1	0.0019	0.4583	0	0.0097
0.0097	0.0703	0.013	0.174	0.0573	-0.9856	0.0782	-0.1497	112	114	42	2	2	0.009	0.25	0	0.0207
0.0097	0.0117	-0.0475	0.1759	0.0294	-0.887	0.0405	-0.46	113	115	42	2	3	0.0064	0.225	0	0.0159
0.0097	0.016	-0.0593	0.1629	0.0142	0.0535	0.5838	-0.8101	114	116	42	2	4	0.01	0.05	0	0.01
0.0097	0.0052	-0.0586	0.1701	0.0046	-0.4149	-0.7458	-0.5213	115	0	42	2	5	0.01	0.05	0	0.01
0.0091	0.0538	0.041	0.2848	0.0779	0.6574	-0.1491	-0.7387	34	118	60	2	1	0.0032	0.4583	0	0.0091
0.0091	0.0201	0.0666	0.2706	0.0422	-0.0184	-0.5268	-0.8498	117	119	60	2	2	0.01	0.05	0	0.01
0.0091	0.0156	0.0748	0.2769	0.0345	0.3095	0.3351	-0.8899	118	0	60	2	3	0.01	0.05	0	0.01
0.0077	0.0187	0.0751	0.3495	0.1015	0.5424	-0.8083	0.229	36	121	64	2	1	0.0024	0.5	1	0.0077
0.0077	0.0654	0.0853	0.3344	0.1057	0.1287	-0.5395	-0.8321	120	122	64	2	2	0.0024	0.5	0	0.0077
0.0077	0.0198	0.1019	0.3099	0.0584	0.5069	0.1652	-0.846	121	123	64	2	3	0.01	0.05	0	0.01
0.0077	0.0369	0.0949	0.2947	0.0515	0.1778	-0.5857	-0.7908	122	124	64	2	4	0.0007	0.4583	0	0.0098
0.0077	0.0047	0.1044	0.269	0.0284	0.6678	-0.4297	-0.6078	123	125	64	2	5	0.01	0.05	0	0.01
0.0077	0.014	0.1076	0.267	0.0255	-0.3435	-0.8982	-0.2741	124	126	64	2	6	0.01	0.05	0	0.01
0.0077	0.0111	0.1037	0.2552	0.0193	-0.9156	-0.1426	-0.376	125	0	64	2	7	0.01	0.05	0	0.01
0.0119	0.0111	0.0254	-0.0566	0.0115	0.9676	0.2163	-0.1303	43	128	3	2	1	0.0035	0.4167	1	0.0132
0.0119	0.0367	0.0361	-0.0541	0.0101	-0.8409	-0.1136	0.5291	127	129	3	2	2	0.0035	0.4167	0	0.0132
0.0119	0.0278	0.0013	-0.0468	0.0373	-0.7602	0.1631	-0.6288	128	130	3	2	3	0.0014	0.4167	0	0.0119
0.0119	0.0264	-0.0136	-0.0475	0.0234	-0.6364	-0.7713	-0.0105	129	131	3	2	4	0.0011	0.375	0	0.0118
0.0119	0.0071	-0.0279	-0.0679	0.0286	0.2882	-0.9459	-0.1492	130	132	3	2	5	0.01	0.05	0	0.01
0.0119	0.0162	-0.0233	-0.0775	0.0287	-0.7496	-0.6609	-0.0364	131	133	3	2	6	0.01	0.05	0	0.01
0.0119	0.0259	-0.0354	-0.0882	0.0282	-0.1216	-0.9828	-0.139	132	0	3	2	7	0.01	0.05	0	0.01
0.0095	0.0265	0.0048	-0.065	0.0144	-0.8454	0.3126	-0.4332	43	135	9	2	1	0.0031	0.5	1	0.0095
0.0095	0.0351	-0.0176	-0.0568	0.003	-0.6757	-0.574	-0.4624	134	136	9	2	2	0.0031	0.5	0	0.0095
0.0095	0.0502	-0.0408	-0.0788	-0.0114	-0.7794	-0.5322	-0.3308	135	137	9	2	3	0.0049	0.375	0	0.012
0.0095	0.0269	-0.0861	-0.0974	-0.0328	-0.5649	-0.6899	-0.4527	136	138	9	2	4	0.01	0.05	0	0.01
0.0095	0.0272	-0.0927	-0.1173	-0.0486	-0.359	-0.7456	-0.5614	137	139	9	2	5	0.01	0.05	0	0.01
0.0095	0.0292	-0.1132	-0.1154	-0.0587	-0.7941	-0.2535	-0.5525	138	140	9	2	6	0.01	0.05	0	0.01
0.0095	0.0079	-0.1171	-0.1046	-0.0754	-0.382	0.3802	-0.8423	139	0	9	2	7	0.01	0.05	0	0.01
0.009	0.0465	0.025	-0.1599	0.1006	0.3579	0.9185	0.1683	48	142	22	2	1	0.0091	0.25	0	0.0183
0.009	0.0006	0.0249	-0.1279	0.1146	0.179	0.2602	0.9488	141	143	22	2	2	0.01	0.05	0	0.01
0.009	0.0265	0.0249	-0.1277	0.1151	0.2864	0.9516	0.1116	142	144	22	2	3	0.01	0.05	0	0.01
0.009	0.0191	0.0325	-0.1025	0.1181	-0.7914	0.5961	0.1351	143	0	22	2	4	0.01	0.05	0	0.01
0.0131	0.0282	-0.0256	-0.16	0.0548	-0.446	0.2881	-0.8474	44	146	27	2	1	0.0028	0.4583	1	0.0131
0.0131	0.0483	-0.0381	-0.1518	0.0309	0.0597	0.9358	-0.3473	145	147	27	2	2	0.0028	0.4583	0	0.0131
0.0131	0.0226	-0.045	-0.1135	0.0062	0.0882	0.7004	-0.7083	146	148	27	2	3	0.01	0.05	0	0.01
0.0131	0.0144	-0.0337	-0.1008	-0.0033	0.5717	0.6534	-0.4961	147	149	27	2	4	0.01	0.05	0	0.01
0.0131	0.0056	-0.042	-0.1072	-0.0014	-0.6548	0.2865	-0.6994	148	0	27	2	5	0.01	0.05	0	0.01
0.0088	0.1093	-0.0189	-0.1497	0.0469	-0.659	-0.7113	0.2447	44	151	28	2	1	0.0026	0.4583	0	0.0087
0.01	0.0313	-0.0852	-0.2269	0.0631	-0.4544	-0.8413	-0.2929	150	152	28	2	2	0.01	0.05	0	0.01
0.01	0.0038	-0.1036	-0.2257	0.0647	-0.9883	-0.1523	0.0081	151	153	28	2	3	0.01	0.05	0	0.01
0.01	0.0246	-0.1073	-0.2263	0.0648	-0.6313	0.7723	0.0702	152	0	28	2	4	0.01	0.05	0	0.01
0.009	0.0498	0.1119	-0.2505	0.1776	0.7663	-0.329	0.5519	52	155	36	2	1	0.0027	0.5417	0	0.0104
0.009	0.0048	0.1413	-0.2678	0.2076	0.2807	-0.0919	0.9554	154	156	36	2	2	0.01	0.05	0	0.01
0.009	0.0246	0.1426	-0.2682	0.2122	0.9991	0.0048	0.0428	155	157	36	2	3	0.01	0.05	0	0.01
0.009	0.0253	0.1672	-0.2681	0.2133	0.7332	-0.5928	0.3332	156	0	36	2	4	0.01	0.05	0	0.01
0.0092	0.067	-0.2697	-0.2035	-0.1555	-0.9505	0.2913	-0.1082	57	159	8	2	1	0.0028	0.5	0	0.0092
0.0092	0.0152	-0.3285	-0.1914	-0.1662	-0.8503	-0.519	-0.087	158	0	8	2	2	0.0022	0.4583	0	0.0111
0.0043	0.0803	-0.2059	-0.1163	-0.0921	0.6958	0.573	-0.433	58	161	16	2	1	0.0044	0.3	0	0.0102
0.0025	0.0289	-0.1471	-0.0733	-0.1229	0.7925	0.5977	-0.1215	160	162	16	2	2	0.0035	0.15	0	0.01
0.0025	0.0198	-0.1517	-0.066	-0.119	-0.2752	0.9329	0.2323	161	0	16	2	3	0.0028	0.125	0	0.01
0.0075	0.0249	0.1088	0.0211	-0.0475	0.6094	0.2057	-0.7657	74	164	6	3	1	0.01	0.05	1	0.01
0.0075	0.0121	0.124	0.0263	-0.0666	0.7814	0.1238	-0.6116	163	165	6	3	2	0.01	0.05	0	0.01
0.0075	0.0152	0.1303	0.0288	-0.0799	-0.0383	-0.9873	-0.1543	164	166	6	3	3	0.01	0.05	0	0.01
0.0075	0.007	0.1325	0.0079	-0.08	-0.133	-0.4058	-0.9042	165	0	6	3	4	0.01	0.05	0	0.01
0.0054	0.0134	-0.0823	0.122	0.0047	0.0465	0.9509	-0.3059	89	168	44	3	1	0.0025	0.3333	1	0.0101
0.0054	0.052	-0.0817	0.1347	0.0006	-0.1241	0.9868	0.1036	167	169	44	3	2	0.0025	0.3333	0	0.0101
0.0049	0.0064	-0.089	0.1838	0.014	-0.1692	0.955	0.2437	168	170	44	3	3	0.0027	0.15	0	0.01
0.0045	0.0187	-0.0894	0.1929	0.0183	-0.9759	0.218	0.004	169	171	44	3	4	0.0007	0.125	0	0.01
0.0041	0.0109	-0.1154	0.1923	0.0204	-0.0381	0.4605	0.8868	170	172	44	3	5	0.007	0.175	0	0.01
0.0036	0.0117	-0.1165	0.1988	0.0321	0.8289	0.5502	-0.1015	171	173	44	3	6	0.0032	0.15	0	0.01
0.003	0.0146	-0.1056	0.2048	0.0306	0.3749	0.5402	0.7534	172	0	44	3	7	0.0022	0.1	0	0.01
0.01	0.0529	0.0995	0.1326	0.0965	-0.3247	0.1666	0.931	98	175	40	3	1	0.0039	0.175	0	0.017
0.0095	0.0059	0.0902	0.1317	0.1478	-0.2496	0.0142	0.9682	174	176	40	3	2	0.01	0.05	0	0.01
0.009	0.0675	0.0881	0.1256	0.163	-0.8627	0.4468	0.2371	175	177	40	3	3	0.0008	0.375	0	0.0097
0.0065	0.0377	0.0289	0.1499	0.1854	-0.8954	0.3911	0.2129	176	178	40	3	4	0.01	0.05	0	0.01
0.005	0.0259	0.0172	0.1668	0.2083	-0.5203	0.4808	0.7058	177	179	40	3	5	0.0009	0.15	0	0.01
0.0038	0.0003	0.0153	0.1498	0.2025	-0.6427	-0.6201	0.4499	178	0	40	3	6	0.005	0.2	0	0.01
0.01	0.0397	0.1278	0.1493	0.0975	0.8277	-0.4677	-0.3101	98	181	46	3	1	0.0033	0.325	0	0.0155
0.01	0.0329	0.1386	0.1285	0.0689	-0.2574	-0.8447	0.4692	180	182	46	3	2	0.0052	0.275	0	0.0263
0.01	0.0264	0.1367	0.1003	0.0761	-0.7349	-0.377	-0.5637	181	183	46	3	3	0.01	0.05	0	0.01
0.01	0.0133	0.1172	0.0904	0.0612	0.0284	-0.8997	0.4356	182	0	46	3	4	0.01	0.05	0	0.01
0.0097	0.0184	0.0696	0.2588	0.0395	0.2921	-0.3636	0.8846	118	185	71	3	1	0.0023	0.5	1	0.0097
0.0097	0.0368	0.075	0.2521	0.0557	-0.6441	0.0279	-0.7644	184	186	71	3	2	0.0023	0.5	0	0.0097
0.0097	0.0096	0.0544	0.2507	0.0344	-0.5562	0.6695	0.4923	185	0	71	3	3	0.01	0.05	0	0.01
0.0146	0.0465	-0.0458	-0.0932	-0.0186	-0.2963	0.225	-0.9282	136	188	26	3	1	0.004	0.25	0	0.0207
0.0146	0.031	-0.0523	-0.084	-0.0501	-0.1069	-0.9934	-0.0409	187	189	26	3	2	0.0013	0.4167	0	0.0146
0.0146	0.016	-0.0587	-0.1121	-0.0612	-0.8141	-0.5716	0.1024	188	0	26	3	3	0.01	0.05	0	0.01
0.0124	0.0205	-0.1838	-0.1035	-0.1029	0.786	-0.5845	0.2013	160	191	29	3	1	0.0034	0.5	1	0.0124
0.0124	0.0523	-0.1676	-0.1155	-0.0987	0.5938	0.5514	0.5859	190	192	29	3	2	0.0034	0.5	0	0.0124
0.0124	0.0099	-0.1421	-0.0862	-0.0782	-0.0468	0.9968	0.0646	191	0	29	3	3	0.01	0.05	0	0.01
