radius (m)	length (m)	start_point	axis_direction	parent	extension	branch	branch_order	position_in_branch	mad	SurfCov	added	UnmodRadius (m)
0.0158	0.0306	0.1302	0.1799	-0.1444	-0.8329	0.2231	0.5064	0	2	1	0	1	0.0038	0.4167	0	0.0182
0.0106	0.0364	0.1125	0.166	-0.1288	-0.9349	-0.3549	0.0075	1	3	1	0	2	0.0011	0.3333	0	0.0106
0.011	0.0439	0.0793	0.1532	-0.1264	-0.5997	-0.7574	0.2582	2	4	1	0	3	0.0011	0.25	0	0.011
0.0111	0.0408	0.057	0.129	-0.0975	-0.3942	-0.7757	0.4929	3	5	1	0	4	0.0063	0.3125	0	0.0111
0.01	0.0234	0.0212	0.0991	-0.0922	-0.5786	-0.3587	0.7325	4	6	1	0	5	0.0057	0.375	0	0.01
0.01	0.025	0.0093	0.0939	-0.0703	-0.8158	-0.292	0.4993	5	7	1	0	6	0.01	0.05	0	0.01
0.0084	0.0198	0.0121	0.0772	-0.06	-0.2134	-0.6892	0.6924	6	8	1	0	7	0.0011	0.375	0	0.0071
0.01	0.0235	0.0099	0.0612	-0.051	0.1853	-0.8363	0.5161	7	9	1	0	8	0.01	0.05	0	0.01
0.0079	0.0459	0.0043	0.0573	-0.0335	-0.3408	-0.4882	0.8034	8	10	1	0	9	0.0006	0.4167	0	0.006
0.01	0.0285	-0.0127	0.0311	-0.0021	-0.4619	-0.665	0.587	9	11	1	0	10	0.01	0.05	0	0.01
0.0072	0.027	-0.0209	0.0117	0.0141	-0.0294	-0.8174	0.5753	10	12	1	0	11	0.0008	0.2917	0	0.0072
0.0085	0.0333	-0.0225	-0.0116	0.0278	0.554	-0.7912	0.259	11	13	1	0	12	0.0013	0.2917	0	0.0085
0.0088	0.0015	-0.0167	-0.0377	0.0308	0.0203	-0.996	-0.0867	12	14	1	0	13	0.01	0.05	0	0.01
0.0118	0.0316	-0.0069	-0.0536	0.0289	0.5542	0.4596	-0.694	13	15	1	0	14	0.0013	0.4167	0	0.0141
0.0081	0.0127	0.0178	-0.0407	0.0159	0.3042	-0.8623	-0.4049	14	16	1	0	15	0.01	0.05	0	0.01
0.0078	0.0064	0.0173	-0.0486	0.0135	0.5806	0.1179	0.8056	15	17	1	0	16	0.01	0.05	0	0.01
0.0075	0.0114	0.021	-0.0479	0.0186	-0.6916	-0.6087	0.3889	16	0	1	0	17	0.01	0.05	0	0.01
0.0101	0.0598	0.1019	0.1733	-0.1277	-0.7986	-0.491	0.3482	2	19	2	1	1	0.0092	0.425	0	0.0227
0.0101	0.0217	0.0705	0.1477	-0.0972	0.1203	-0.9773	0.1743	18	20	2	1	2	0.01	0.05	0	0.01
0.0101	0.0225	0.0715	0.1252	-0.093	0.288	-0.6509	-0.7025	19	21	2	1	3	0.01	0.05	0	0.01
0.0101	0.028	0.078	0.1106	-0.1088	-0.5372	-0.771	0.342	20	0	2	1	4	0.01	0.05	0	0.01
0.0082	0.0659	0.0388	0.1176	-0.087	-0.9206	0.1347	0.3666	4	23	3	1	1	0.0027	0.375	0	0.0082
0.0072	0.0334	-0.0183	0.1181	-0.0646	-0.8462	-0.4248	0.3219	22	24	3	1	2	0.0008	0.3333	0	0.0072
0.0067	0.0195	-0.0466	0.1006	-0.0582	-0.7586	-0.5197	0.393	23	25	3	1	3	0.01	0.05	0	0.01
0.0056	0.01	-0.0518	0.1087	-0.0534	-0.373	0.3284	0.8678	24	26	3	1	4	0.01	0.05	0	0.01
0.0042	0.0082	-0.0535	0.112	-0.0488	-0.5886	0.7561	-0.2859	25	0	3	1	5	0.001	0.1	0	0.01
0.0074	0.0474	0.0015	0.0986	-0.076	-0.4568	-0.4832	0.7469	5	28	7	1	1	0.0012	0.4583	0	0.0072
0.0095	0.027	-0.0159	0.0728	-0.0441	-0.275	-0.8859	0.3737	27	29	7	1	2	0.01	0.05	0	0.01
0.0095	0.0068	-0.0331	0.0634	-0.0445	-0.8378	-0.5454	0.0251	28	30	7	1	3	0.01	0.05	0	0.01
0.0095	0.0212	-0.0388	0.0597	-0.0443	0.4989	-0.8508	-0.1649	29	0	7	1	4	0.01	0.05	0	0.01
0.0132	0.0258	-0.0117	-0.0404	0.0379	0.5615	-0.16	0.8119	13	32	8	1	1	0.0009	0.4167	1	0.0132
0.0132	0.0396	0.0028	-0.0446	0.0588	-0.2733	-0.9526	0.134	31	33	8	1	2	0.0009	0.4167	0	0.0132
0.0132	0.0606	-0.0091	-0.0817	0.0675	-0.3066	-0.9507	0.0475	32	34	8	1	3	0.0041	0.2917	0	0.0122
0.0132	0.0413	-0.0364	-0.1289	0.0667	-0.7462	-0.6595	-0.0912	33	35	8	1	4	0.01	0.05	0	0.01
0.0132	0.0647	-0.0693	-0.154	0.0768	-0.7818	-0.6232	-0.0216	34	36	8	1	5	0.0029	0.225	0	0.0071
0.0132	0.0291	-0.1212	-0.1791	0.0929	-0.9239	-0.3191	0.2113	35	37	8	1	6	0.0008	0.2917	0	0.0176
0.0132	0.0333	-0.1157	-0.2147	0.0829	-0.5331	-0.8082	0.2501	36	38	8	1	7	0.01	0.05	0	0.01
0.0132	0.026	-0.146	-0.2203	0.0782	-0.8721	-0.4881	0.0351	37	39	8	1	8	0.01	0.05	0	0.01
0.0132	0.0323	-0.0966	-0.2139	0.0783	0.2549	-0.9559	0.146	38	0	8	1	9	0.01	0.05	0	0.01
0.0112	0.0378	0.0728	0.1436	-0.1114	0.9849	-0.1644	-0.0541	18	41	22	2	1	0.0032	0.4583	0	0.0112
0.0112	0.007	0.1036	0.1371	-0.1188	0.5477	-0.5406	-0.6386	40	42	22	2	2	0.01	0.05	0	0.01
0.0112	0.0111	0.105	0.1351	-0.125	0.5539	0.8276	0.0908	41	0	22	2	3	0.01	0.05	0	0.01
0.0066	0.1062	-0.0199	-0.0268	0.0345	0.619	0.3828	0.6857	31	44	11	2	1	0.0007	0.2083	0	0.0053
0.0077	0.0158	0.0433	0.0089	0.1096	0.7157	-0.0529	0.6964	43	45	11	2	2	0.01	0.05	0	0.01
0.0074	0.0361	0.0387	0.0143	0.1035	0.5289	0.8277	-0.1875	44	46	11	2	3	0.0006	0.3333	0	0.0082
0.0057	0.007	0.0594	0.0437	0.094	0.581	0.7846	0.2165	45	47	11	2	4	0.01	0.05	0	0.01
0.0045	0.0269	0.0634	0.0492	0.0955	0.399	-0.2227	0.8895	46	0	11	2	5	0.01	0.05	0	0.01
0.0109	0.0965	-0.1118	-0.2207	0.0719	0.598	0.727	-0.3375	37	49	19	2	1	0.0017	0.4583	0	0.0109
0.01	0.038	-0.0498	-0.1527	0.0292	0.4571	0.8894	-0.0029	48	50	19	2	2	0.01	0.05	0	0.01
0.0121	0.0208	-0.0454	-0.1381	0.0249	-0.1291	0.2947	-0.9468	49	51	19	2	3	0.0011	0.4167	0	0.0123
0.0118	0.0867	-0.0471	-0.1304	0.0062	-0.1124	0.584	-0.8039	50	52	19	2	4	0.0011	0.3333	0	0.0129
0.0074	0.0339	-0.0584	-0.094	-0.0648	-0.5166	0.1325	-0.8459	51	53	19	2	5	0.0052	0.4688	0	0.0074
0.0086	0.019	-0.0593	-0.0947	-0.0908	0.0755	-0.2439	-0.9669	52	54	19	2	6	0.01	0.05	0	0.01
0.008	0.016	-0.061	-0.0935	-0.0874	-0.9452	0.2547	-0.2045	53	0	19	2	7	0.01	0.05	0	0.01
0.0112	0.0538	0.0506	0.0274	0.107	0.6001	-0.7959	0.0806	45	56	17	3	1	0.0028	0.5	0	0.0112
0.0112	0.0007	0.0746	-0.013	0.1112	-0.2456	-0.8399	0.484	55	57	17	3	2	0.01	0.05	0	0.01
0.0112	0.0235	0.0744	-0.0136	0.1116	-0.3556	0.7396	0.5714	56	0	17	3	3	0.01	0.05	0	0.01
