radius (m)	length (m)	start_point	axis_direction	parent	extension	branch	branch_order	position_in_branch	mad	SurfCov	added	UnmodRadius (m)
0.029	0.1162	0.5248	-0.1713	-0.1694	-0.2528	-0.8687	0.426	0	2	1	0	1	0.0045	0.25	0	0.0341
0.0176	0.0437	0.4837	-0.2135	-0.1044	-0.8811	-0.2771	0.3833	1	3	1	0	2	0.0017	0.5417	0	0.0134
0.0176	0.0599	0.4484	-0.2364	-0.0753	-0.8782	0.2257	0.4218	2	4	1	0	3	0.0019	0.6667	0	0.0166
0.0176	0.0394	0.3998	-0.2063	-0.0565	-0.6919	0.3989	0.6018	3	5	1	0	4	0.0024	0.7083	0	0.0176
0.0187	0.0779	0.3658	-0.2172	-0.0434	-0.9657	0.1623	0.2028	4	6	1	0	5	0.0017	0.5417	0	0.0187
0.0196	0.0465	0.2976	-0.1763	-0.0404	-0.9716	0.1598	-0.1743	5	7	1	0	6	0.0023	0.375	0	0.0196
0.0176	0.0693	0.2662	-0.178	-0.0149	-0.0489	0.9582	0.2819	6	8	1	0	7	0.0046	0.275	0	0.012
0.0176	0.007	0.2654	-0.106	-0.0093	0.2893	0.8672	0.4053	7	9	1	0	8	0.0048	0.6071	0	0.0118
0.0176	0.0088	0.2696	-0.1005	-0.0065	0.2709	0.932	0.2407	8	0	1	0	9	0.0033	0.4583	0	0.0126
0.0131	0.0188	0.4774	-0.1974	-0.1073	-0.7933	0.6054	-0.0653	2	11	2	1	1	0.0036	0.4583	0	0.0136
0.0136	0.08	0.4657	-0.1825	-0.1069	-0.713	0.4073	0.5708	10	12	2	1	2	0.0018	0.5417	0	0.0143
0.0091	0.0027	0.4038	-0.1565	-0.0634	-0.7957	0.4583	0.3961	11	13	2	1	3	0.005	0.5	0	0.0087
0.0102	0.0317	0.4057	-0.1537	-0.0638	-0.3055	0.9479	0.0905	12	0	2	1	4	0.0014	0.375	0	0.0114
0.007	0.089	0.2479	-0.1743	-0.0173	-0.728	-0.0785	-0.6811	7	0	3	1	1	0.0074	0.26	0	0.0227
0.0125	0.0909	0.3629	-0.186	-0.0469	-0.6409	0.4651	0.6107	4	16	4	1	1	0.0138	0.375	0	0.0367
0.0125	0.0361	0.3012	-0.1641	-0.0117	-0.0575	-0.6999	0.7119	15	17	4	1	2	0.0056	0.4375	0	0.0125
0.0125	0.0227	0.2991	-0.1894	0.0141	0.311	-0.6788	0.6652	16	0	4	1	3	0.01	0.05	0	0.01
0.0107	0.1028	0.259	-0.1665	-0.0284	-0.872	0.4879	-0.0402	7	19	5	1	1	0.0024	0.4583	0	0.0107
0.0107	0.0369	0.1682	-0.1188	-0.0326	-0.9016	0.4144	0.1238	18	20	5	1	2	0.01	0.05	0	0.01
0.0107	0.0244	0.135	-0.1035	-0.028	-0.3718	-0.1828	-0.9102	19	0	5	1	3	0.01	0.05	0	0.01
0.01	0.085	0.2499	-0.1564	-0.0176	-0.8711	0.1364	-0.4718	7	22	6	1	1	0.01	0.05	1	0.01
0.01	0.0202	0.1759	-0.1448	-0.0577	-0.3581	0.2967	-0.8853	21	0	6	1	2	0.01	0.05	0	0.01
0.0162	0.0604	0.2806	-0.1178	0.0001	-0.3624	0.9202	0.1478	7	24	7	1	1	0.0031	0.625	0	0.0128
0.0167	0.111	0.2569	-0.0702	0.0121	-0.958	0.2593	0.1221	23	25	7	1	2	0.0023	0.5625	0	0.0168
0.0167	0.044	0.1513	-0.0336	0.011	-0.998	0.0605	-0.0188	24	26	7	1	3	0.0018	0.625	0	0.0213
0.0167	0.0283	0.1034	-0.0196	0.0271	-0.9756	-0.1907	-0.1089	25	27	7	1	4	0.0019	0.625	0	0.0172
0.0162	0.0529	0.0671	-0.0029	0.0253	-0.9278	-0.3556	-0.1123	26	28	7	1	5	0.0025	0.75	0	0.0162
0.0167	0.0415	0.0094	-0.0495	0.0131	-0.8992	0.1908	0.3938	27	29	7	1	6	0.002	0.4167	0	0.0168
0.0162	0.035	-0.0324	-0.0301	0.018	-0.4658	-0.7083	-0.5304	28	30	7	1	7	0.0016	0.5417	0	0.0122
0.0162	0.0654	-0.0487	-0.0489	0.0073	-0.9996	-0.0234	0.0147	29	31	7	1	8	0.0017	0.5417	0	0.0148
0.0162	0.0909	-0.115	-0.0514	0.0085	-0.6691	0.6567	0.3479	30	32	7	1	9	0.0019	0.5	0	0.0132
0.0162	0.0234	-0.167	0.0131	0.0456	-0.618	0.6846	0.3865	31	33	7	1	10	0.0018	0.3333	0	0.0128
0.0162	0.0709	-0.1885	0.0118	0.0578	-0.8578	0.2673	-0.439	32	34	7	1	11	0.002	0.5	0	0.0161
0.0166	0.0264	-0.2526	0.0529	0.0293	-0.8803	-0.0739	-0.4686	33	35	7	1	12	0.0018	0.375	0	0.0175
0.0162	0.0618	-0.2637	0.056	0.0229	-0.3181	0.9376	-0.1402	34	36	7	1	13	0.0023	0.4583	0	0.0162
0.0162	0.0394	-0.3068	0.1002	0.0206	-0.5144	0.8553	-0.0624	35	37	7	1	14	0.0016	0.4583	0	0.0158
0.0162	0.0367	-0.3226	0.1391	0.0141	-0.8101	0.5549	-0.1893	36	38	7	1	15	0.0015	0.6667	0	0.0134
0.0162	0.0528	-0.3531	0.1611	0.0158	-0.5824	0.7877	-0.2011	37	39	7	1	16	0.0019	0.5417	0	0.0157
0.0167	0.0442	-0.3736	0.2033	-0.0107	-0.2965	0.9413	-0.1611	38	40	7	1	17	0.002	0.625	0	0.02
0.0166	0.0477	-0.4029	0.2336	-0.0001	-0.6832	0.7092	-0.174	39	41	7	1	18	0.0017	0.5833	0	0.0171
0.0163	0.0224	-0.4191	0.2839	-0.0117	-0.7145	0.6945	-0.0849	40	42	7	1	19	0.0019	0.5	0	0.0163
0.0162	0.0374	-0.4291	0.2963	-0.019	-0.1168	0.8031	-0.5842	41	43	7	1	20	0.0015	0.5417	0	0.0123
0.0162	0.0432	-0.4395	0.3287	-0.0402	0.2606	0.8434	-0.4698	42	44	7	1	21	0.0014	0.5	0	0.0129
0.0162	0.0603	-0.4331	0.3593	-0.0571	-0.805	0.5705	-0.1628	43	45	7	1	22	0.0038	0.3	0	0.0107
0.0162	0.0074	-0.4715	0.4066	-0.0731	-0.7249	0.661	0.1936	44	46	7	1	23	0.0034	0.15	0	0.01
0.0162	0.0229	-0.4791	0.4115	-0.0448	-0.5234	-0.8511	-0.0404	45	47	7	1	24	0.0015	0.125	0	0.01
0.0162	0.0063	-0.506	0.3863	-0.0617	-0.7485	0.3018	0.5905	46	0	7	1	25	0.0029	0.125	0	0.01
0.0102	0.0326	0.1934	-0.1176	-0.0335	0.7921	0.5938	-0.1416	18	49	66	2	1	0.0037	0.5417	1	0.0184
0.0102	0.0381	0.2196	-0.1074	-0.0386	0.7986	0.0049	0.6018	48	50	66	2	2	0.0056	0.3	0	0.0184
0.0102	0.0373	0.2461	-0.1098	-0.0192	-0.7373	0.4708	0.4845	49	51	66	2	3	0.01	0.05	0	0.01
0.0102	0.0387	0.2186	-0.0922	-0.0011	-0.235	0.6938	0.6807	50	0	66	2	4	0.01	0.05	0	0.01
0.0158	0.0935	0.2534	-0.054	0.0209	0.9348	0.3513	-0.0523	24	53	11	2	1	0.0039	0.6667	0	0.0158
0.0151	0.034	0.3393	-0.0175	0.0132	0.887	0.4527	0.0911	52	54	11	2	2	0.0017	0.4583	0	0.0151
0.0144	0.0444	0.3794	0.0013	0.0178	-0.1204	0.6729	-0.7299	53	55	11	2	3	0.0018	0.2917	0	0.0144
0.0157	0.0317	0.377	0.0445	-0.0203	-0.9693	0.2368	0.0668	54	56	11	2	4	0.0023	0.2917	0	0.0184
0.0146	0.0448	0.367	0.0578	-0.043	-0.6692	0.616	-0.4156	55	57	11	2	5	0.0016	0.375	0	0.0146
0.0155	0.0289	0.3558	0.0792	-0.0613	0.2062	0.5937	-0.7778	56	58	11	2	6	0.0016	0.2917	0	0.0172
0.013	0.0614	0.3574	0.1002	-0.0717	0.9449	0.06	0.322	57	59	11	2	7	0.0017	0.5	0	0.013
0.0155	0.0348	0.4181	0.0945	-0.0601	0.9557	0.0124	0.2942	58	60	11	2	8	0.0014	0.4583	0	0.0187
0.0134	0.0427	0.4516	0.1074	-0.0577	0.9946	-0.0716	-0.0746	59	61	11	2	9	0.0015	0.4583	0	0.0134
0.0138	0.0494	0.4871	0.1174	-0.0464	0.8152	0.5671	-0.1175	60	62	11	2	10	0.0017	0.2917	0	0.0138
0.0141	0.0412	0.5437	0.1213	-0.0463	0.7999	0.5789	0.1583	61	63	11	2	11	0.0056	0.35	0	0.0146
0.0097	0.0266	0.5739	0.1583	-0.0452	0.9821	0.1773	-0.0628	62	64	11	2	12	0.0055	0.4688	0	0.0097
0.0129	0.0342	0.6082	0.1376	-0.027	0.9668	0.2401	-0.0871	63	65	11	2	13	0.0105	0.3	0	0.0139
0.0115	0.0366	0.6426	0.1646	-0.0396	0.9844	0.021	0.1746	64	66	11	2	14	0.0061	0.45	0	0.0117
0.0075	0.0198	0.6795	0.1636	-0.0331	0.9018	0.4316	-0.022	65	67	11	2	15	0.0042	0.5	0	0.0068
0.0111	0.0531	0.6806	0.1686	-0.0273	-0.3069	0.8994	-0.3111	66	68	11	2	16	0.0011	0.3333	0	0.0134
0.0084	0.008	0.6831	0.2152	-0.0456	0.0484	0.9918	-0.118	67	69	11	2	17	0.01	0.05	0	0.01
0.0077	0.0254	0.6835	0.2231	-0.0466	0.3035	-0.2279	-0.9252	68	0	11	2	18	0.01	0.05	0	0.01
0.0131	0.042	0.1249	-0.0472	0.0034	-0.586	-0.7242	-0.3636	25	71	15	2	1	0.0034	0.4167	1	0.0131
0.0131	0.0489	0.1003	-0.0776	-0.0119	-0.713	-0.1333	-0.6883	70	0	15	2	2	0.0034	0.4167	0	0.0131
0.0154	0.1069	0.041	0.0029	0.0295	-0.9568	0.1896	0.2204	27	73	18	2	1	0.0036	0.625	0	0.0154
0.0154	0.0486	-0.064	0.0158	0.055	-0.6646	0.0511	-0.7455	72	74	18	2	2	0.0029	0.5417	0	0.0169
0.0154	0.0305	-0.1075	0.0283	0.012	0.0489	-0.5243	-0.8501	73	0	18	2	3	0.0023	0.125	0	0.01
0.0154	0.079	-0.134	-0.0551	0.0102	-0.9784	-0.1891	0.0838	31	76	21	2	1	0.0018	0.5833	1	0.0154
0.0154	0.0416	-0.2113	-0.0701	0.0168	-0.885	0.0002	0.4656	75	77	21	2	2	0.0018	0.5833	0	0.0154
0.0154	0.0724	-0.2285	-0.0852	0.0355	-0.6066	-0.7795	-0.1566	76	78	21	2	3	0.0021	0.625	0	0.0175
0.0154	0.0633	-0.303	-0.0738	0.0639	-0.7608	-0.5477	0.3483	77	79	21	2	4	0.0096	0.65	0	0.0229
0.0154	0.0303	-0.3651	-0.132	0.0698	-0.8429	0.1417	0.5191	78	80	21	2	5	0.0025	0.6667	0	0.0187
0.0154	0.0551	-0.3844	-0.1266	0.1048	-0.4317	-0.8814	0.1917	79	81	21	2	6	0.0056	0.375	0	0.0239
0.0154	0.0302	-0.4083	-0.1712	0.1165	-0.0641	-0.2878	0.9556	80	82	21	2	7	0.0057	0.15	0	0.01
0.0154	0.0241	-0.4127	-0.1777	0.1455	-0.6626	-0.7383	-0.1258	81	0	21	2	8	0.0087	0.1	0	0.01
0.0175	0.0268	-0.4533	0.3301	-0.0486	-0.4748	-0.1864	-0.8601	43	84	22	2	1	0.0049	0.4583	0	0.0175
0.0175	0.0209	-0.4699	0.3914	-0.0595	0.9956	0.0687	-0.0631	83	0	22	2	2	0	0.05	0	0.0397
0.0315	0.0333	-0.1767	0.0398	0.0434	-0.3936	0.9185	0.0384	32	86	67	2	1	0.0041	0.4688	0	0.0315
0.0315	0.0371	-0.1933	0.0693	0.0419	-0.4375	0.8787	0.1909	85	87	67	2	2	0.0035	0.125	0	0.01
0.0315	0.0396	-0.156	0.111	0.0259	-0.3315	-0.3115	-0.8905	86	0	67	2	3	0.0021	0.1	0	0.01
0.0133	0.0606	-0.3627	0.2079	0.001	0.6783	-0.3829	0.6272	39	89	50	2	1	0.0031	0.4583	1	0.0133
0.0133	0.0413	-0.3216	0.1847	0.039	-0.4357	0.4666	-0.7697	88	90	50	2	2	0.0031	0.4583	0	0.0133
0.0133	0.0426	-0.3463	0.2062	0.0139	0.1567	0.9757	-0.153	89	0	50	2	3	0.0019	0.375	0	0.011
0.0025	0.0665	0.5084	0.1162	-0.0528	0.9383	-0.2607	-0.2274	61	92	25	3	1	0.0106	0.475	1	0.01
0.0025	0.0186	0.5735	0.1135	-0.0678	0.9318	-0.1731	-0.3191	91	93	25	3	2	0.01	0.05	0	0.01
0.0025	0.0221	0.5921	0.1119	-0.0737	0.7741	-0.6202	-0.127	92	0	25	3	3	0.0071	0.225	0	0.01
0.0144	0.033	0.3506	-0.0285	0.016	0.3719	-0.9169	0.145	53	95	69	3	1	0.009	0.375	1	0.0214
0.0143	0.0869	0.3662	-0.0636	0.0209	0.3784	0.2308	-0.8964	94	96	69	3	2	0.0091	0.32	0	0.0214
0.0137	0.0789	0.3946	-0.0382	-0.0602	0.8115	0.4685	-0.3492	95	97	69	3	3	0.0016	0.4167	0	0.0138
0.0136	0.056	0.4616	-0.0035	-0.1011	0.8717	0.4754	0.1191	96	98	69	3	4	0.0016	0.375	0	0.0171
0.0132	0.0394	0.5031	0.0266	-0.098	0.5251	0.7944	-0.3052	97	99	69	3	5	0.0017	0.375	0	0.0147
0.0131	0.0376	0.5297	0.0414	-0.1096	0.9363	0.3295	-0.1217	98	100	69	3	6	0.0015	0.4167	0	0.0153
0.0093	0.0138	0.5615	0.0594	-0.1209	0.7974	-0.1997	-0.5695	99	101	69	3	7	0.0043	0.625	0	0.0093
0.0093	0.0252	0.571	0.0547	-0.1271	0.4115	0.3785	0.8291	100	0	69	3	8	0.01	0.05	0	0.01
0.0134	0.0842	0.3351	0.0662	-0.0333	-0.9725	-0.2191	-0.0791	57	0	56	3	1	0.0033	0.4583	0	0.0134
0.0025	0.0792	0.6844	0.168	-0.0381	-0.9149	0.2944	-0.2761	66	104	65	3	1	0.0098	0.325	1	0.01
0.0025	0.0226	0.6145	0.2002	-0.0547	-0.9416	0.3271	-0.0797	103	105	65	3	2	0.0122	0.15	0	0.01
0.0033	0.0217	0.5934	0.2052	-0.0544	0.5463	0.5699	0.6138	104	0	65	3	3	0.0011	0.3333	0	0.007
0.0111	0.0923	-0.1461	-0.0432	0.0175	-0.652	0.6445	0.3993	75	107	29	3	1	0.0036	0.4583	1	0.0111
0.0111	0.0731	-0.2063	0.0163	0.0544	-0.8438	-0.303	-0.443	106	108	29	3	2	0.0036	0.4583	0	0.0111
0.0111	0.0253	-0.2666	0.0076	0.0177	-0.9754	0.0239	-0.2192	107	0	29	3	3	0.01	0.05	0	0.01
0.01	0.1522	-0.2205	-0.0511	0.0356	-0.6506	0.7586	0.0367	77	110	31	3	1	0.01	0.05	0	0.01
0.01	0.041	-0.3195	0.0644	0.0412	-0.4604	0.2696	-0.8458	109	111	31	3	2	0.01	0.05	0	0.01
0.01	0.0238	-0.3384	0.0754	0.0065	-0.7047	0.054	0.7074	110	0	31	3	3	0.01	0.05	0	0.01
0.0133	0.0769	-0.3023	0.0349	-0.0029	-0.1501	0.9551	-0.2553	0	113	70	0	1	0.0023	0.5417	0	0.0133
0.0133	0.0018	-0.3225	0.0974	-0.0332	0.5371	0.3319	-0.7755	112	114	70	0	2	0.01	0.05	0	0.01
0.0133	0.023	-0.3127	0.1017	-0.0286	0.5906	-0.6735	-0.4444	113	0	70	0	3	0.0044	0.25	0	0.0132
0.0135	0.0597	-0.3954	0.2884	0.0002	0.3707	0.4561	-0.809	0	116	71	0	1	0.0034	0.5833	0	0.0135
0.0135	0.0056	-0.3834	0.3124	-0.0492	0.1993	-0.322	-0.9255	115	0	71	0	2	0.01	0.05	0	0.01
