radius (m)	length (m)	start_point	axis_direction	parent	extension	branch	branch_order	position_in_branch	mad	SurfCov	added	UnmodRadius (m)
0.0126	0.078	1.6454	-0.6508	-0.6921	-0.4213	-0.5824	0.6952	0	2	1	0	1	0.0027	0.8333	0	0.0126
0.0146	0.0409	1.5984	-0.6846	-0.634	-0.3711	-0.6649	0.6482	1	3	1	0	2	0.0021	0.7083	0	0.0146
0.0163	0.0587	1.5782	-0.7042	-0.6076	-0.7568	-0.4896	0.433	2	4	1	0	3	0.0021	0.625	0	0.0165
0.0128	0.0702	1.539	-0.726	-0.5784	-0.8307	0.4377	0.344	3	5	1	0	4	0.0016	0.5833	0	0.0128
0.0126	0.0414	1.4735	-0.709	-0.5536	-0.827	0.443	0.3462	4	6	1	0	5	0.0013	0.625	0	0.0126
0.0126	0.0561	1.4449	-0.6833	-0.5339	-0.8523	0.3993	0.3377	5	7	1	0	6	0.0014	0.8333	0	0.0126
0.0105	0.012	1.392	-0.6652	-0.5188	-0.7533	0.5186	0.4046	6	8	1	0	7	0.0057	0.75	0	0.0105
0.0117	0.0368	1.3861	-0.6647	-0.5147	0.8564	0.489	-0.1654	7	0	1	0	8	0.0012	0.5417	0	0.0119
0.0099	0.0484	1.3769	-0.6667	-0.5176	-0.5591	0.5764	0.596	7	10	2	1	1	0.0026	0.7083	0	0.0144
0.0099	0.0302	1.3396	-0.6336	-0.5015	-0.5795	0.4768	0.661	9	11	2	1	2	0.0016	0.6667	0	0.013
0.0099	0.0463	1.323	-0.6145	-0.4806	-0.9003	0.0803	0.4279	10	12	2	1	3	0.0018	0.6667	0	0.0124
0.0099	0.03	1.28	-0.612	-0.4631	-0.7252	0.6842	0.0771	11	13	2	1	4	0.0014	0.6667	0	0.0122
0.0099	0.0456	1.2608	-0.5867	-0.4581	-0.9031	0.3711	0.2162	12	14	2	1	5	0.002	0.5833	0	0.014
0.0099	0.0357	1.2196	-0.5689	-0.4495	-0.7094	0.5552	0.4342	13	15	2	1	6	0.0072	0.65	0	0.0166
0.0099	0.0306	1.1939	-0.549	-0.435	-0.9019	0.3067	0.3042	14	16	2	1	7	0.0018	0.625	0	0.0134
0.0099	0.0378	1.1695	-0.5355	-0.4229	-0.8335	0.5063	0.2213	15	17	2	1	8	0.002	0.7083	0	0.0132
0.0099	0.0347	1.1312	-0.5229	-0.4109	-0.6036	0.7633	0.2302	16	18	2	1	9	0.0016	0.75	0	0.0143
0.0099	0.0277	1.1093	-0.4915	-0.3976	-0.803	-0.5033	0.3192	17	19	2	1	10	0.0013	0.5	0	0.0123
0.0099	0.0592	1.0868	-0.5079	-0.3866	-0.795	0.4572	0.3987	18	20	2	1	11	0.0014	0.5417	0	0.0105
0.0099	0.0257	1.0386	-0.4833	-0.3652	-0.9348	0.3394	0.1048	19	21	2	1	12	0.0009	0.375	0	0.01
0.0099	0.0465	1.0216	-0.4744	-0.3582	-0.1958	0.936	0.2926	20	22	2	1	13	0.0011	0.4583	0	0.01
0.0099	0.0585	1.0059	-0.4495	-0.349	-0.9455	0.3151	0.0822	21	23	2	1	14	0.0015	0.625	0	0.0126
0.0099	0.0359	0.9594	-0.4103	-0.3405	-0.92	0.3917	-0.0087	22	24	2	1	15	0.0011	0.4167	0	0.0139
0.0099	0.0405	0.9206	-0.4172	-0.3351	-0.7878	0.3524	0.5051	23	25	2	1	16	0.0014	0.5833	0	0.0115
0.0099	0.0532	0.8998	-0.3874	-0.3153	-0.795	0.5717	0.2028	24	26	2	1	17	0.0017	0.5833	0	0.0136
0.0099	0.0284	0.8446	-0.3717	-0.3039	-0.7381	0.6564	0.1561	25	27	2	1	18	0.0013	0.625	0	0.0118
0.0099	0.0421	0.8254	-0.3506	-0.2962	-0.8667	0.4836	0.122	26	28	2	1	19	0.0015	0.5417	0	0.0114
0.0099	0.0331	0.7867	-0.3301	-0.2953	-0.8227	0.3406	0.4552	27	29	2	1	20	0.0014	0.5	0	0.012
0.0099	0.0173	0.7569	-0.3214	-0.2813	-0.6947	0.7189	-0.0254	28	30	2	1	21	0.0012	0.375	0	0.0109
0.0099	0.0303	0.7455	-0.3108	-0.2759	-0.9474	0.262	0.1839	29	31	2	1	22	0.0012	0.5417	0	0.0113
0.0099	0.0329	0.724	-0.2961	-0.2676	-0.714	0.6484	0.2641	30	32	2	1	23	0.0011	0.5417	0	0.0121
0.0099	0.0383	0.6971	-0.2772	-0.2611	-0.6636	0.7161	0.2165	31	33	2	1	24	0.0013	0.5417	0	0.0121
0.0099	0.0289	0.664	-0.2562	-0.258	-0.7297	0.5481	0.4088	32	34	2	1	25	0.0015	0.5417	0	0.0135
0.0099	0.0314	0.6462	-0.2347	-0.2433	-0.8799	0.372	0.2957	33	35	2	1	26	0.0012	0.5417	0	0.0124
0.0099	0.0482	0.6128	-0.2272	-0.2364	-0.6363	0.7324	0.2424	34	36	2	1	27	0.0016	0.6667	0	0.0105
0.0097	0.0263	0.5808	-0.1967	-0.2201	-0.7867	0.5311	0.3145	35	37	2	1	28	0.0013	0.4167	0	0.0097
0.0099	0.0746	0.5528	-0.1833	-0.2193	-0.4486	0.8155	0.3657	36	38	2	1	29	0.002	0.5833	0	0.0114
0.0099	0.0251	0.5032	-0.1314	-0.2009	-0.6119	0.6468	0.4552	37	39	2	1	30	0.0013	0.25	0	0.0129
0.0099	0.0215	0.4893	-0.1162	-0.1844	-0.9463	0.1325	0.2948	38	40	2	1	31	0.0008	0.375	0	0.0124
0.0091	0.0327	0.4717	-0.1132	-0.1844	-0.8823	0.2876	-0.3727	39	41	2	1	32	0.0008	0.3333	0	0.0091
0.0077	0.0386	0.4452	-0.1044	-0.1901	-0.8941	0.2787	0.3507	40	42	2	1	33	0.0009	0.375	0	0.0067
0.0089	0.0411	0.4098	-0.0913	-0.1803	-0.7571	0.4592	0.4646	41	43	2	1	34	0.0012	0.375	0	0.0089
0.0077	0.0324	0.3796	-0.0716	-0.161	-0.7076	0.5752	0.4104	42	44	2	1	35	0.0008	0.375	0	0.0076
0.0087	0.0143	0.3528	-0.0721	-0.155	-0.9814	0.1912	0.0171	43	45	2	1	36	0.0046	0.5833	0	0.0087
0.0077	0.0055	0.336	-0.0667	-0.1417	-0.7516	-0.659	-0.0279	44	46	2	1	37	0.0075	0.5	0	0.0066
0.0099	0.0508	0.3331	-0.0605	-0.1522	-0.5799	0.6243	0.5235	45	47	2	1	38	0.0012	0.4167	0	0.0112
0.0077	0.0171	0.2947	-0.0356	-0.1276	-0.6214	0.7335	0.2753	46	48	2	1	39	0.0047	0.7083	0	0.0077
0.0098	0.0422	0.2903	-0.0108	-0.1167	-0.9048	0.3195	0.2816	47	49	2	1	40	0.0012	0.3333	0	0.0102
0.0098	0.0328	0.2467	-0.0095	-0.1044	-0.7937	0.3725	0.4808	48	50	2	1	41	0.0009	0.2917	0	0.0123
0.0083	0.0352	0.226	0.0118	-0.0866	-0.7968	0.3571	0.4875	49	51	2	1	42	0.001	0.3333	0	0.0083
0.0077	0.0208	0.1931	0.0149	-0.0721	-0.8954	0.3941	0.2072	50	52	2	1	43	0.0061	0.5	0	0.0058
0.0098	0.0335	0.1786	0.031	-0.0668	-0.8532	0.4729	-0.22	51	53	2	1	44	0.0011	0.3333	0	0.01
0.008	0.0306	0.1523	0.0478	-0.07	-0.4898	0.8699	0.0582	52	54	2	1	45	0.0011	0.375	0	0.008
0.0098	0.036	0.1479	0.069	-0.0619	0.1397	0.855	0.4994	53	55	2	1	46	0.0008	0.3333	0	0.011
0.0092	0.0064	0.1399	0.1041	-0.0454	0.2715	0.9324	0.2386	54	56	2	1	47	0.0012	0.375	0	0.0092
0.0094	0.049	0.1463	0.0879	-0.0419	-0.9741	-0.1997	0.1064	55	57	2	1	48	0.0013	0.5	0	0.0094
0.0096	0.0306	0.1032	0.0873	-0.0369	-0.8756	0.4496	0.1763	56	58	2	1	49	0.001	0.25	0	0.0097
0.0095	0.0367	0.0765	0.1007	-0.0342	-0.7601	0.6416	-0.1027	57	59	2	1	50	0.0009	0.2917	0	0.0095
0.0097	0.0399	0.0588	0.1179	-0.007	-0.7104	0.6063	0.3575	58	60	2	1	51	0.0096	0.3125	0	0.0108
0.0097	0.0118	0.0211	0.1231	0.0049	-0.3568	0.0616	0.9322	59	61	2	1	52	0.0052	0.4063	0	0.0099
0.0097	0.031	0.0117	0.1357	0.0133	-0.8417	-0.2602	0.4731	60	62	2	1	53	0.0039	0.25	0	0.0167
0.0097	0.0355	-0.0124	0.1299	0.03	-0.7485	0.06	0.6605	61	63	2	1	54	0.001	0.2917	0	0.012
0.0077	0.0429	-0.0445	0.1318	0.0447	-0.831	0.1883	0.5235	62	64	2	1	55	0.0007	0.25	0	0.0071
0.0083	0.0358	-0.081	0.1389	0.0666	-0.7308	0.2877	0.619	63	65	2	1	56	0.001	0.5	0	0.0083
0.0084	0.0419	-0.1082	0.1526	0.0808	-0.7594	0.5576	0.3352	64	66	2	1	57	0.0012	0.25	0	0.0084
0.0077	0.0326	-0.1427	0.1672	0.1017	-0.7936	0.503	0.3422	65	67	2	1	58	0.001	0.2917	0	0.0076
0.0077	0.0362	-0.1647	0.1832	0.1191	-0.7887	0.3694	0.4915	66	68	2	1	59	0.0039	0.5313	0	0.0065
0.0077	0.023	-0.1982	0.1899	0.1319	-0.858	0.3383	0.3865	67	69	2	1	60	0.0051	0.4583	0	0.0067
0.0082	0.0272	-0.2116	0.1967	0.151	-0.7797	0.3482	0.5204	68	70	2	1	61	0.001	0.2083	0	0.0082
0.0096	0.0359	-0.2347	0.2066	0.1547	-0.9544	0.2363	0.1825	69	71	2	1	62	0.0018	0.2917	0	0.0121
0.0097	0.023	-0.2501	0.2007	0.1819	-0.7802	-0.1551	0.606	70	72	2	1	63	0.0048	0.625	0	0.0097
0.0096	0.0344	-0.2782	0.2179	0.1853	-0.1702	0.3774	0.9103	71	73	2	1	64	0.0011	0.2917	0	0.0121
0.0094	0.0242	-0.2937	0.2129	0.2106	-0.8562	0.3333	0.3946	72	74	2	1	65	0.0008	0.375	0	0.0094
0.0096	0.0181	-0.3147	0.2202	0.2199	-0.9285	0.3521	-0.1183	73	75	2	1	66	0.0007	0.4583	0	0.0098
0.0097	0.0427	-0.3312	0.2219	0.2206	-0.5832	0.3828	0.7165	74	76	2	1	67	0.0015	0.4167	0	0.012
0.0088	0.0262	-0.3547	0.2479	0.2481	-0.7074	0.3032	0.6385	75	77	2	1	68	0.0051	0.4688	0	0.0088
0.0095	0.0256	-0.3744	0.2571	0.2546	-0.9829	0.1312	0.1291	76	78	2	1	69	0.0014	0.2917	0	0.0103
0.0086	0.0312	-0.391	0.2575	0.2749	-0.887	-0.2277	0.4018	77	79	2	1	70	0.0045	0.4583	0	0.0086
0.0077	0.034	-0.4304	0.2619	0.2709	-0.7837	0.0873	0.6149	78	80	2	1	71	0.0077	0.4063	0	0.0075
0.009	0.0323	-0.4543	0.2678	0.2975	-0.8893	0.3895	0.2397	79	81	2	1	72	0.0036	0.4688	0	0.009
0.0095	0.0135	-0.4763	0.283	0.314	-0.7626	0.4657	0.4489	80	82	2	1	73	0.0039	0.3438	0	0.0104
0.0095	0.0268	-0.4993	0.2925	0.3115	-0.24	0.7374	0.6313	81	83	2	1	74	0.005	0.375	0	0.0116
0.0077	0.0302	-0.5106	0.2913	0.3198	-0.9184	0.3119	-0.2436	82	84	2	1	75	0.0062	0.375	0	0.0074
0.0077	0.024	-0.5359	0.2936	0.3147	-0.8489	-0.4013	-0.344	83	85	2	1	76	0.0026	0.5	0	0.0061
0.0077	0.0365	-0.5529	0.3037	0.314	-0.9856	0.1693	-0.0025	84	86	2	1	77	0.0056	0.375	0	0.0074
0.0077	0.0324	-0.593	0.2984	0.313	-0.9179	0.318	0.2374	85	87	2	1	78	0.0034	0.4688	0	0.0054
0.0082	0.0266	-0.6235	0.3042	0.3238	-0.9189	0.311	0.2427	86	88	2	1	79	0.0041	0.425	0	0.0082
0.0077	0.0319	-0.6476	0.315	0.3268	-0.9602	0.2633	0.0936	87	89	2	1	80	0.0033	0.5313	0	0.0066
0.0077	0.0396	-0.6756	0.3246	0.336	-0.8452	0.4693	0.2557	88	90	2	1	81	0.0047	0.4688	0	0.0065
0.0088	0.0237	-0.7093	0.3366	0.3478	-0.8755	0.139	0.4627	89	91	2	1	82	0.01	0.05	0	0.01
0.0093	0.0106	-0.7179	0.3477	0.3669	-0.6733	0.6093	0.4188	90	92	2	1	83	0.0008	0.3333	0	0.0141
0.0093	0.0305	-0.7241	0.355	0.3677	-0.9588	-0.0946	-0.2678	91	93	2	1	84	0.0012	0.375	0	0.0102
0.008	0.0239	-0.7547	0.3493	0.3679	-0.9263	0.3763	-0.0198	92	94	2	1	85	0.0051	0.4167	0	0.008
0.0084	0.0231	-0.7811	0.3546	0.3457	-0.8703	0.4842	0.0905	93	95	2	1	86	0.0059	0.5	0	0.0084
0.0094	0.0098	-0.8003	0.3802	0.3633	-0.9209	0.3112	-0.2349	94	96	2	1	87	0.0059	0.4167	0	0.0127
0.0094	0.0226	-0.8026	0.3737	0.3742	-0.6548	0.4125	0.6333	95	97	2	1	88	0.0014	0.1	0	0.0149
0.0086	0.0006	-0.8029	0.3818	0.3855	0.2054	-0.0415	0.9778	96	98	2	1	89	0.01	0.05	0	0.01
0.0089	0.0449	-0.805	0.3893	0.392	-0.8843	-0.4198	0.2044	97	99	2	1	90	0.0012	0.3333	0	0.0095
0.0085	0.0071	-0.8357	0.374	0.3949	-0.2487	0.9519	0.179	98	100	2	1	91	0.01	0.05	0	0.01
0.0091	0.0323	-0.8364	0.3741	0.4004	-0.9795	-0.1899	-0.0678	99	101	2	1	92	0.0013	0.3333	0	0.0105
0.0077	0.045	-0.8635	0.3755	0.4084	-0.7204	0.6703	-0.1779	100	102	2	1	93	0.0007	0.375	0	0.0076
0.0089	0.0351	-0.8958	0.3944	0.4062	-0.9581	0.1209	0.2596	101	103	2	1	94	0.0014	0.25	0	0.0131
0.0083	0.0355	-0.9314	0.3979	0.4039	-0.9412	-0.2902	0.1731	102	104	2	1	95	0.0009	0.3333	0	0.0083
0.0084	0.0003	-0.9663	0.3894	0.4064	-0.9232	-0.3194	0.2137	103	105	2	1	96	0.01	0.05	0	0.01
0.0092	0.0139	-0.974	0.3827	0.4075	-0.5987	0.727	0.3362	104	106	2	1	97	0.0013	0.375	0	0.0129
0.0084	0.0129	-0.9836	0.3869	0.4053	0.5464	0.5812	-0.6031	105	107	2	1	98	0.01	0.05	0	0.01
0.0083	0.0329	-0.9765	0.3944	0.3975	-0.3865	0.807	0.4466	106	108	2	1	99	0.01	0.05	0	0.01
0.0092	0.0397	-0.9941	0.4278	0.4107	-0.8206	-0.5464	0.1672	107	109	2	1	100	0.0008	0.4167	0	0.0104
0.0077	0.0488	-1.0259	0.4072	0.4218	-0.962	0.2405	0.1296	108	110	2	1	101	0.0041	0.4063	0	0.0062
0.0079	0.0282	-1.0632	0.4302	0.4408	-0.8502	0.1593	0.5018	109	111	2	1	102	0.0062	0.3438	0	0.0079
0.0082	0.0267	-1.0896	0.4409	0.4394	-0.6498	0.6665	0.3654	110	112	2	1	103	0.01	0.05	0	0.01
0.009	0.0261	-1.0944	0.4438	0.4433	-0.7858	-0.5707	-0.2385	111	113	2	1	104	0.0071	0.3	0	0.018
0.009	0.0491	-1.1061	0.4415	0.4532	-0.8175	0.5759	-0.0052	112	114	2	1	105	0.0012	0.375	0	0.011
0.0082	0.0236	-1.152	0.4564	0.449	-0.8523	0.2231	0.4731	113	115	2	1	106	0.0046	0.4375	0	0.0084
0.008	0.0054	-1.1684	0.4734	0.4445	-0.9776	0.193	-0.0834	114	116	2	1	107	0.01	0.05	0	0.01
0.009	0.033	-1.179	0.4629	0.4447	-0.4371	0.2505	0.8638	115	117	2	1	108	0.0013	0.375	0	0.0135
0.0082	0.0361	-1.1929	0.4718	0.4707	-0.8654	0.4989	-0.0474	116	118	2	1	109	0.001	0.2917	0	0.0086
0.008	0.023	-1.2245	0.4847	0.4673	-0.9888	0.1059	-0.1049	117	119	2	1	110	0.01	0.05	0	0.01
0.0088	0.0201	-1.2403	0.4854	0.4771	-0.8565	0.1077	0.5048	118	120	2	1	111	0.0035	0.275	0	0.0161
0.0087	0.035	-1.2537	0.4898	0.4973	-0.8932	0.3734	0.2505	119	121	2	1	112	0.0009	0.2917	0	0.0135
0.0082	0.0504	-1.2874	0.504	0.5008	-0.7968	0.4032	0.45	120	122	2	1	113	0.0012	0.2083	0	0.0095
0.0077	0.0193	-1.3376	0.5078	0.5158	-0.8677	0.3835	0.3163	121	123	2	1	114	0.0062	0.3125	0	0.0076
0.0094	0.0118	-1.3515	0.5315	0.5311	-0.8709	-0.1158	0.4777	122	124	2	1	115	0.0053	0.5417	0	0.0109
0.0084	0.0255	-1.3656	0.5284	0.5318	-0.7395	0.535	0.4086	123	125	2	1	116	0.0036	0.4583	0	0.0087
0.0084	0.0133	-1.3804	0.538	0.5486	-0.5952	0.4503	0.6655	124	126	2	1	117	0.0032	0.5	0	0.0087
0.0085	0.0233	-1.3901	0.5514	0.5556	-0.7088	0.009	0.7054	125	127	2	1	118	0.0009	0.25	0	0.01
0.0083	0.0422	-1.4071	0.5484	0.5692	-0.9794	0.2011	-0.0183	126	128	2	1	119	0.0011	0.3333	0	0.0091
0.0078	0.0228	-1.446	0.5479	0.572	-0.9667	-0.2474	0.0656	127	129	2	1	120	0.0045	0.75	0	0.0078
0.0093	0.0289	-1.4707	0.5611	0.5651	-0.9443	0.0123	0.3288	128	130	2	1	121	0.0068	0.5	0	0.0131
0.0082	0.0327	-1.4926	0.5651	0.5884	-0.832	0.5231	0.1848	129	131	2	1	122	0.0048	0.425	0	0.0086
0.0083	0.0393	-1.5241	0.5752	0.5907	-0.8532	0.2887	0.4343	130	132	2	1	123	0.0037	0.45	0	0.0087
0.0092	0.005	-1.5545	0.5786	0.619	-0.8826	0.2303	0.4098	131	133	2	1	124	0.0048	0.4688	0	0.01
0.0077	0.0244	-1.5587	0.5856	0.6197	-0.815	0.157	0.5577	132	134	2	1	125	0.0049	0.5833	0	0.0074
0.0077	0.0339	-1.5813	0.5878	0.6304	-0.7726	0.4326	0.4647	133	135	2	1	126	0.0034	0.5833	0	0.0075
0.0081	0.0332	-1.6115	0.5917	0.6406	-0.797	-0.0154	0.6037	134	136	2	1	127	0.0045	0.3438	0	0.0084
0.0078	0.0235	-1.6355	0.6057	0.661	-0.9008	0.1384	0.4116	135	137	2	1	128	0.01	0.05	0	0.01
0.0077	0.0352	-1.651	0.6074	0.6788	-0.7534	0.3116	0.579	136	138	2	1	129	0.0007	0.3333	0	0.0073
0.008	0.0084	-1.6758	0.6302	0.6813	-0.7834	0.5522	0.2854	137	139	2	1	130	0.0009	0.3333	0	0.0083
0.0078	0.0005	-1.6702	0.6375	0.6899	-0.4127	0.7791	0.4719	138	140	2	1	131	0.01	0.05	0	0.01
0.0089	0.0409	-1.6791	0.6289	0.6799	-0.7984	0.0942	0.5948	139	141	2	1	132	0.0015	0.375	0	0.0129
0.0078	0.0302	-1.7156	0.6244	0.6971	-0.6371	-0.3074	0.7068	140	142	2	1	133	0.01	0.05	0	0.01
0.0078	0.0088	-1.7079	0.6327	0.7094	0.1251	0.2991	0.946	141	143	2	1	134	0.01	0.05	0	0.01
0.0078	0.0185	-1.7069	0.6339	0.7193	-0.0473	0.732	0.6796	142	0	2	1	135	0.01	0.05	0	0.01
0.0136	0.1005	1.5852	-0.6829	-0.6398	0.1917	-0.9539	0.2308	2	145	39	1	1	0.0026	0.4063	0	0.0186
0.0104	0.0533	1.6109	-0.7718	-0.6065	0.8506	-0.4828	-0.2082	144	146	39	1	2	0.0008	0.5	0	0.0104
0.0131	0.0252	1.6517	-0.8007	-0.6134	0.7484	-0.5139	0.4193	145	147	39	1	3	0.0008	0.2917	0	0.0147
0.0104	0.042	1.6718	-0.8063	-0.6176	0.4699	-0.8045	-0.3634	146	148	39	1	4	0.001	0.375	0	0.0093
0.0125	0.0324	1.6961	-0.8396	-0.6265	0.7991	-0.2124	-0.5625	147	149	39	1	5	0.0012	0.3333	0	0.0131
0.0104	0.007	1.7175	-0.8558	-0.6416	0.8971	-0.3442	0.277	148	150	39	1	6	0.01	0.05	0	0.01
0.0104	0.0248	1.7238	-0.8582	-0.6397	0.7862	-0.5419	0.2971	149	151	39	1	7	0.01	0.05	0	0.01
0.0104	0.0141	1.7432	-0.8716	-0.6323	-0.4465	-0.0638	0.8925	150	0	39	1	8	0.01	0.05	0	0.01
0.0088	0.0478	0.5146	-0.1315	-0.1989	0.9846	-0.0035	0.1749	38	153	3	2	1	0.0052	0.4688	1	0.0088
0.0088	0.0775	0.5617	-0.1316	-0.1905	0.913	-0.3588	-0.1941	152	0	3	2	2	0.0052	0.4688	0	0.0088
0.0129	0.0448	0.4125	-0.0958	-0.1693	0.6665	0.6945	0.271	41	155	6	2	1	0.0025	0.4583	0	0.0129
0.0129	0.0315	0.4397	-0.0693	-0.1608	0.744	0.1005	-0.6606	154	0	6	2	2	0.01	0.05	0	0.01
0.0092	0.0405	0.0112	0.1269	0.0054	-0.7667	0.5785	-0.2784	60	157	11	2	1	0.0033	0.375	0	0.01
0.0092	0.0198	-0.0205	0.1555	-0.0146	-0.9912	-0.1326	-0.001	156	158	11	2	2	0.0047	0.3	0	0.0168
0.0092	0.0612	-0.0336	0.1597	-0.0098	-0.7697	0.6185	0.1583	157	159	11	2	3	0.004	0.375	0	0.0113
0.0091	0.022	-0.0704	0.2047	-0.0187	-0.5682	0.8229	-0.0025	158	160	11	2	4	0.01	0.05	0	0.01
0.0087	0.0238	-0.0877	0.2128	-0.0004	-0.676	0.7075	0.206	159	161	11	2	5	0.0013	0.4167	0	0.0087
0.009	0.0273	-0.0914	0.234	0.0083	-0.4057	0.8622	0.3032	160	162	11	2	6	0.0042	0.4375	0	0.0096
0.0085	0.0021	-0.0926	0.2447	0.0044	0.8054	0.592	0.0288	161	163	11	2	7	0.01	0.05	0	0.01
0.0075	0.0591	-0.0883	0.251	0.0068	-0.8898	0.3163	0.3288	162	164	11	2	8	0.0009	0.4167	0	0.0075
0.0076	0.0514	-0.1362	0.281	0.0247	-0.7696	0.3883	0.507	163	165	11	2	9	0.0064	0.3125	0	0.0076
0.0077	0.0215	-0.188	0.2783	0.0347	-0.912	0.3748	0.1668	164	166	11	2	10	0.01	0.05	0	0.01
0.0075	0.0202	-0.168	0.2868	0.0402	-0.0321	0.8785	0.4767	165	0	11	2	11	0.01	0.05	0	0.01
0.0107	0.0405	-0.487	0.2729	0.3022	-0.8582	-0.2293	0.4593	80	168	16	2	1	0.0028	0.5833	0	0.0107
0.0107	0.0153	-0.5196	0.263	0.3192	-0.5907	-0.5689	-0.5722	167	0	16	2	2	0.01	0.05	0	0.01
0.0039	0.0395	-0.6103	0.3126	0.3186	0.4257	0.6256	-0.6537	86	170	18	2	1	0.0035	0.225	0	0.0108
0.0025	0.0233	-0.5957	0.3328	0.2938	0.1724	0.1393	0.9751	169	171	18	2	2	0.0054	0.225	0	0.01
0.0039	0.0347	-0.5864	0.3431	0.3231	0.8736	-0.279	-0.3988	170	0	18	2	3	0.0051	0.225	0	0.0099
0.0061	0.0016	-0.8657	0.3634	0.3906	-0.4256	-0.8606	-0.2797	100	173	20	2	1	0.0008	0.4167	0	0.0056
0.0084	0.0417	-0.8695	0.3593	0.3857	0.118	0.8106	-0.5736	172	174	20	2	2	0.0009	0.4167	0	0.0095
0.0083	0.028	-0.8642	0.3925	0.3603	-0.0886	0.9244	-0.371	173	175	20	2	3	0.0009	0.3333	0	0.0108
0.0076	0.0558	-0.8689	0.4189	0.3511	-0.1588	0.7954	-0.5849	174	176	20	2	4	0.0006	0.25	0	0.0076
0.0072	0.0319	-0.8852	0.4621	0.3189	-0.1616	0.7849	-0.5982	175	177	20	2	5	0.01	0.05	0	0.01
0.0067	0.027	-0.9031	0.4811	0.3025	-0.4485	0.6854	-0.5736	176	178	20	2	6	0.01	0.05	0	0.01
0.0063	0.0149	-0.887	0.4704	0.31	-0.7363	-0.1997	0.6465	177	0	20	2	7	0.01	0.05	0	0.01
0.0025	0.0345	-0.9521	0.3991	0.4115	0.0335	0.4316	0.9014	103	180	24	2	1	0.0062	0.25	1	0.01
0.0025	0.0269	-0.9584	0.4119	0.4448	-0.3522	0.8484	-0.3952	179	181	24	2	2	0.0022	0.175	0	0.01
0.0025	0.0136	-0.9669	0.4331	0.4339	0.6915	0.5391	-0.4809	180	0	24	2	3	0.0008	0.125	0	0.01
0.0078	0.0921	-1.0863	0.4365	0.4285	-0.743	-0.4812	-0.4651	111	183	27	2	1	0.0013	0.4583	0	0.0088
0.0078	0.0517	-1.1551	0.3942	0.3879	-0.9585	-0.2662	0.1017	182	184	27	2	2	0.0012	0.4583	0	0.0121
0.0077	0.0271	-1.2058	0.3964	0.3914	-0.9853	-0.0553	0.1619	183	185	27	2	3	0.0012	0.4583	0	0.009
0.0077	0.0389	-1.2332	0.3836	0.3926	-0.9754	-0.0006	0.2206	184	186	27	2	4	0.001	0.25	0	0.0103
0.0073	0.0456	-1.2731	0.3952	0.398	-0.9868	-0.1465	0.0684	185	187	27	2	5	0.0033	0.425	0	0.0073
0.0057	0.042	-1.3181	0.3874	0.4009	-0.9987	-0.042	0.0296	186	188	27	2	6	0.0032	0.425	0	0.005
0.0075	0.0262	-1.3571	0.3836	0.4114	-0.9075	-0.3644	0.2087	187	189	27	2	7	0.0035	0.4063	0	0.0075
0.0075	0.0303	-1.3831	0.3773	0.4137	-0.884	-0.196	0.4243	188	190	27	2	8	0.01	0.05	0	0.01
0.0076	0.0219	-1.3956	0.3846	0.402	-0.8818	0.3326	-0.3345	189	191	27	2	9	0.0007	0.375	0	0.0102
0.0076	0.0048	-1.4024	0.4013	0.3997	-0.5781	0.8127	-0.0726	190	192	27	2	10	0.001	0.2917	0	0.0108
0.006	0.04	-1.4062	0.3912	0.3874	-0.9232	0.2859	-0.257	191	193	27	2	11	0.0052	0.4167	0	0.006
0.0075	0.0225	-1.4406	0.4064	0.3765	-0.6572	0.3267	-0.6792	192	194	27	2	12	0.001	0.2917	0	0.0082
0.0075	0.038	-1.4566	0.4142	0.3635	-0.8173	0.2878	-0.4991	193	195	27	2	13	0.0009	0.375	0	0.0077
0.0064	0.026	-1.4848	0.4239	0.3401	-0.7925	0.2005	-0.5759	194	196	27	2	14	0.0008	0.2917	0	0.0064
0.0061	0.0212	-1.5027	0.4255	0.3219	-0.6878	0.1206	-0.7158	195	197	27	2	15	0.0034	0.625	0	0.0061
0.0073	0.0267	-1.524	0.4369	0.3189	-0.7889	0.2035	-0.5799	196	198	27	2	16	0.0015	0.2083	0	0.0104
0.0074	0.0255	-1.5438	0.4363	0.301	-0.9358	-0.0611	-0.3471	197	199	27	2	17	0.0012	0.25	0	0.0087
0.0074	0.0166	-1.5645	0.4417	0.2848	-0.9126	-0.0151	-0.4086	198	200	27	2	18	0.001	0.2917	0	0.009
0.0074	0.0473	-1.5815	0.4415	0.2796	-0.6194	0.3227	-0.7156	199	201	27	2	19	0.0008	0.375	0	0.0084
0.0064	0.0297	-1.6119	0.4662	0.2508	-0.6804	0.2851	-0.675	200	202	27	2	20	0.0056	0.4063	0	0.0064
0.0069	0.0222	-1.6348	0.4607	0.2314	-0.952	0.1778	-0.2493	201	203	27	2	21	0.01	0.05	0	0.01
0.0071	0.015	-1.6388	0.4685	0.2173	-0.4673	0.1399	-0.873	202	204	27	2	22	0.0011	0.25	0	0.0093
0.0071	0.019	-1.65	0.4618	0.2095	-0.554	-0.2178	-0.8035	203	205	27	2	23	0.0011	0.25	0	0.0089
0.0072	0.0221	-1.655	0.465	0.2002	-0.249	0.7137	-0.6547	204	206	27	2	24	0.0013	0.3333	0	0.011
0.007	0.0322	-1.6591	0.4806	0.1854	-0.0033	0.7642	-0.645	205	207	27	2	25	0.001	0.25	0	0.0103
0.0066	0.0278	-1.6689	0.4987	0.1726	-0.7272	0.4793	-0.4913	206	208	27	2	26	0.01	0.05	0	0.01
0.0056	0.0605	-1.6721	0.5156	0.1649	-0.004	0.8649	-0.5019	207	209	27	2	27	0.0007	0.4583	0	0.0056
0.0065	0.0639	-1.6722	0.5646	0.1296	-0.0587	0.8331	-0.5499	208	210	27	2	28	0.0029	0.2917	0	0.007
0.0061	0.0343	-1.6706	0.6204	0.1007	0.0309	0.9155	-0.4012	209	211	27	2	29	0.01	0.05	0	0.01
0.0061	0.0298	-1.6885	0.6303	0.0787	-0.4024	0.6159	-0.6772	210	0	27	2	30	0.01	0.05	0	0.01
0.0075	0.037	-1.6531	0.6006	0.6666	-0.2176	-0.437	-0.8727	136	213	36	2	1	0.0049	0.3	0	0.0159
0.0075	0.0434	-1.6683	0.5923	0.6354	-0.4894	-0.33	-0.8072	212	214	36	2	2	0.0008	0.3333	0	0.008
0.0071	0.055	-1.6975	0.5794	0.6126	-0.8369	-0.1228	-0.5333	213	215	36	2	3	0.0031	0.4688	0	0.0071
0.0075	0.0006	-1.7439	0.5705	0.586	-0.8966	-0.2848	-0.339	214	0	36	2	4	0.003	0.2917	0	0.008
0.01	0.0618	1.585	-0.7381	-0.6187	0.3326	-0.8879	0.3179	144	217	40	2	1	0.0051	0.5833	0	0.012
0.0083	0.0235	1.6019	-0.7923	-0.6	0.1452	-0.4419	-0.8852	216	0	40	2	2	0.0025	0.4583	0	0.0083
0.0025	0.0295	0.0033	0.1452	0.0013	0.5956	0.6091	-0.5237	156	219	14	3	1	0.0102	0.375	1	0.01
0.0025	0.0399	0.0009	0.1613	-0.009	-0.2104	-0.3089	-0.9275	218	0	14	3	2	0.0025	0.15	0	0.01
0.009	0.028	-1.407	0.4019	0.4063	0.6423	-0.6466	0.4115	191	221	30	3	1	0.0016	0.4583	0	0.009
0.009	0.0632	-1.4037	0.3939	0.4156	-0.4307	-0.4555	0.7791	220	222	30	3	2	0.0009	0.375	0	0.0138
0.009	0.0228	-1.4348	0.3685	0.4582	-0.8156	0.1629	0.5552	221	223	30	3	3	0.0008	0.3333	0	0.0083
0.009	0.003	-1.4451	0.3746	0.4707	-0.1383	0.5461	0.8262	222	224	30	3	4	0.01	0.05	0	0.01
0.009	0.0237	-1.4455	0.3763	0.4732	-0.9489	-0.2974	0.1058	223	0	30	3	5	0.01	0.05	0	0.01
0.0099	0.0563	-1.665	0.4793	0.1816	-0.9958	-0.0422	-0.0814	206	226	32	3	1	0.0027	0.4167	0	0.0099
0.0099	0.021	-1.718	0.478	0.1761	-0.0363	-0.5971	-0.8014	225	0	32	3	2	0.0009	0.3333	0	0.0068
