radius (m)	length (m)	start_point	axis_direction	parent	extension	branch	branch_order	position_in_branch	mad	SurfCov	added	UnmodRadius (m)
0.0134	0.3558	-1.4245	-0.0121	-0.249	0.3588	-0.9332	-0.018	0	2	1	0	1	0.003	0.7604	0	0.0134
0.0126	0.194	-1.2842	-0.367	-0.245	-0.8471	-0.5196	-0.1114	1	3	1	0	2	0.0447	0.4777	0	0.0134
0.0117	0.1865	-1.4482	-0.4686	-0.267	-0.9057	-0.3798	-0.1882	2	0	1	0	3	0.002	0.7143	0	0.0117
0.0131	1.6294	-1.2811	-0.4051	-0.2429	0.9264	0.3522	0.1334	3	5	2	1	1	0.0038	0.3	1	0.0208
0.0131	0.1295	0.2306	0.1644	-0.0263	0.8896	0.4548	0.0415	4	6	2	1	2	0.0095	0.3143	0	0.0208
0.0131	0.1738	0.328	0.2467	-0.0146	0.7936	0.6084	-0.0112	5	7	2	1	3	0.0018	0.625	0	0.0138
0.0131	0.1387	0.4857	0.3429	-0.0018	0.5524	0.8039	-0.2207	6	8	2	1	4	0.0016	0.8	0	0.0131
0.0131	0.3499	0.5957	0.4854	-0.0115	0.1601	0.4279	-0.8895	7	0	2	1	5	0.0102	0.35	0	0.0771
0.012	0.1231	-1.3788	-0.1303	-0.2378	-0.3479	0.9139	0.2093	1	10	3	1	1	0.0019	0.9167	1	0.012
0.012	0.0836	-1.4217	-0.0177	-0.2121	-0.2817	0.9434	0.1753	9	11	3	1	2	0.0019	0.9167	0	0.012
0.0127	0.2493	-1.4578	0.0578	-0.1898	-0.1805	0.9756	0.1254	10	12	3	1	3	0.0018	0.7639	0	0.0127
0.0131	0.1186	-1.507	0.3002	-0.1535	-0.176	0.9842	0.0214	11	13	3	1	4	0.0016	0.9063	0	0.0131
0.0123	0.1708	-1.5215	0.4193	-0.1459	-0.2907	0.9528	-0.088	12	14	3	1	5	0.0017	0.7292	0	0.0123
0.0109	0.1159	-1.5772	0.5821	-0.1531	-0.2744	0.938	-0.2118	13	15	3	1	6	0.0013	0.8438	0	0.0109
0.0117	0.1137	-1.6108	0.6904	-0.1775	-0.2015	0.9629	-0.1796	14	16	3	1	7	0.0014	0.875	0	0.0117
0.0126	0.1433	-1.6345	0.7993	-0.2039	-0.1892	0.98	-0.0618	15	17	3	1	8	0.0018	0.925	0	0.0126
0.0117	0.2179	-1.6539	0.9422	-0.2164	-0.3143	0.9487	-0.0347	16	0	3	1	9	0.0056	0.3545	0	0.0801
0.0111	0.5158	-1.3989	-0.4606	-0.257	0.9679	0.1576	0.1956	3	19	4	1	1	0.0034	0.7321	1	0.0152
0.0111	0.2068	-0.8996	-0.3793	-0.1562	0.8831	0.4228	0.2035	18	20	4	1	2	0.0034	0.7321	0	0.0152
0.0125	0.1589	-0.7193	-0.2891	-0.1079	0.8565	0.5092	0.0844	19	21	4	1	3	0.0016	0.875	0	0.0125
0.0129	0.1706	-0.5791	-0.2148	-0.0908	0.8416	0.539	0.0344	20	22	4	1	4	0.0016	0.9375	0	0.0129
0.0121	0.1179	-0.4371	-0.1152	-0.0843	0.975	0.2006	0.0955	21	23	4	1	5	0.002	0.5938	0	0.0145
0.0117	0.0835	-0.3068	-0.0635	-0.0754	0.8708	-0.4612	0.1705	22	24	4	1	6	0.0014	0.875	0	0.0117
0.0122	0.265	-0.2239	-0.0872	-0.0658	0.8341	-0.527	0.163	23	25	4	1	7	0.0017	0.75	0	0.0122
0.0116	0.1387	-0.0034	-0.2304	-0.0294	0.8323	-0.5171	0.2	24	26	4	1	8	0.0014	0.875	0	0.0116
0.0116	0.1479	0.1103	-0.3039	0.002	0.8676	-0.4584	0.193	25	27	4	1	9	0.0015	0.9	0	0.0116
0.0124	0.1766	0.2374	-0.3799	0.0228	0.8743	-0.3955	0.2813	26	28	4	1	10	0.0017	0.7708	0	0.0124
0.0111	0.1298	0.3945	-0.4481	0.0683	0.8216	-0.4323	0.3717	27	29	4	1	11	0.0017	0.75	0	0.0144
0.0115	0.1168	0.5032	-0.4989	0.1167	0.8814	-0.3321	0.336	28	30	4	1	12	0.0058	0.8333	0	0.0166
0.0119	0.1306	0.5995	-0.5546	0.1648	0.9123	-0.1558	0.3787	29	31	4	1	13	0.0016	0.775	0	0.0119
0.0114	0.1073	0.722	-0.5732	0.2107	0.7657	-0.1776	0.6183	30	32	4	1	14	0.0013	0.75	0	0.0114
0.0116	0.1277	0.8175	-0.5933	0.2635	0.6854	-0.2054	0.6986	31	33	4	1	15	0.0015	0.875	0	0.0116
0.0125	0.122	0.9006	-0.6209	0.3588	0.8152	-0.208	0.5406	32	34	4	1	16	0.0021	0.75	0	0.0125
0.0126	0.0896	0.9898	-0.6431	0.4375	0.7382	-0.1932	0.6463	33	35	4	1	17	0.0014	0.875	0	0.0126
0.0114	0.1245	1.0601	-0.6736	0.4928	0.7289	0.0966	0.6778	34	36	4	1	18	0.0053	0.4571	0	0.0327
0.0114	0.1521	1.1668	-0.68	0.567	0.6037	0.0855	0.7926	35	37	4	1	19	0.0065	0.675	0	0.0181
0.0128	0.1062	1.2669	-0.6666	0.6771	0.7797	0.1342	0.6116	36	38	4	1	20	0.0016	0.875	0	0.0128
0.0126	0.0868	1.3458	-0.6531	0.7512	0.9069	0.1534	0.3925	37	39	4	1	21	0.0014	0.875	0	0.0126
0.0114	0.1782	1.4217	-0.6367	0.7911	0.9177	0.1979	0.3443	38	0	4	1	22	0.0019	0.5625	0	0.0127
0.0113	0.1191	0.3534	0.2126	-0.0194	0.6312	-0.7664	0.1192	5	41	5	2	1	0.0021	0.65	1	0.0113
0.0113	0.1217	0.4286	0.1213	-0.0052	0.6445	-0.7497	-0.1503	40	42	5	2	2	0.0021	0.65	0	0.0113
0.0124	0.2533	0.5148	0.0355	-0.0174	0.6572	-0.7321	-0.1791	41	0	5	2	3	0.0018	0.6944	0	0.0128
0.0129	0.2038	0.6168	0.5454	-0.1067	0.2372	0.9113	0.3366	8	44	6	2	1	0.0025	0.6667	1	0.0142
0.0129	0.0796	0.6652	0.7311	-0.0381	0.7185	-0.6381	0.2768	43	45	6	2	2	0.0025	0.6667	0	0.0142
0.0129	0.2461	0.7669	0.6612	0.0809	0.6352	-0.6487	-0.4192	44	46	6	2	3	0.0031	0.375	0	0.0175
0.0129	0.1062	0.9297	0.4929	-0.0114	0.4303	-0.5607	-0.7075	45	47	6	2	4	0.0017	0.75	0	0.0129
0.0129	0.1852	0.9771	0.4347	-0.0866	0.4478	-0.5954	-0.6671	46	0	6	2	5	0.0017	0.6042	0	0.0117
0.0071	0.4598	0.4927	0.3411	0.0091	0.4995	-0.798	-0.3374	7	0	9	2	1	0.0063	0.4	0	0.013
0.0135	0.3194	0.6004	0.4977	-0.0084	0.3415	0.9108	-0.2318	8	50	8	2	1	0.002	1	1	0.0135
0.0135	0.0853	0.7094	0.7886	-0.0824	0.4975	0.8292	-0.2547	49	51	8	2	2	0.002	1	0	0.0135
0.0135	0.3822	0.7701	0.8632	-0.0776	0.4697	0.7678	-0.4357	50	0	8	2	3	0.0257	0.35	0	0.2838
0.0115	0.4954	-0.3	-0.0545	-0.0714	0.8772	0.4696	0.0998	23	0	10	2	1	0.0039	0.9271	0	0.0115
