radius (m)	length (m)	start_point	axis_direction	parent	extension	branch	branch_order	position_in_branch	mad	SurfCov	added	UnmodRadius (m)
0.0147	0.0588	0.0813	-0.067	-0.1596	-0.5602	-0.5814	0.5901	0	2	1	0	1	0.0028	0.6667	0	0.0147
0.0138	0.0874	0.0321	-0.1033	-0.1045	0.1086	-0.9939	-0.0173	1	3	1	0	2	0.0022	0.75	0	0.0138
0.0165	0.0387	0.0479	-0.1916	-0.0969	-0.4487	-0.8774	0.1697	2	4	1	0	3	0.0021	0.75	0	0.0165
0.0181	0.0463	0.04	-0.2239	-0.0861	-0.4266	0.107	0.8981	3	5	1	0	4	0.0021	0.5833	0	0.0186
0.0138	0.0232	0.0209	-0.2336	-0.0371	-0.5976	0.3386	0.7268	4	6	1	0	5	0.0013	0.3333	0	0.0116
0.0147	0.0258	0.0087	-0.2282	-0.0152	-0.9018	0.1817	0.392	5	0	1	0	6	0.0017	0.375	0	0.0147
0.0132	0.0551	0.0089	-0.2146	-0.0209	0.0258	-0.9652	0.2603	6	8	2	1	1	0.0079	0.375	1	0.0184
0.0132	0.0713	-0.0051	-0.248	-0.0156	-0.3297	0.1657	0.9294	7	9	2	1	2	0.0055	0.275	0	0.0184
0.0093	0.0246	-0.0289	-0.2254	0.0443	-0.7105	0.3456	0.613	8	10	2	1	3	0.0007	0.3333	0	0.0071
0.0093	0.0452	-0.0194	-0.2198	0.0501	0.2046	0.9309	0.3026	9	11	2	1	4	0.0051	0.4167	0	0.0071
0.0092	0.0336	-0.0226	-0.1715	0.0686	0.5226	0.7858	0.3308	10	12	2	1	5	0.0011	0.2917	0	0.0063
0.0109	0.0244	-0.0032	-0.1429	0.0725	0.056	0.9485	0.3119	11	13	2	1	6	0.0052	0.4375	0	0.0109
0.0125	0.0261	-0.0055	-0.1226	0.0892	-0.231	0.9506	0.2072	12	14	2	1	7	0.0013	0.4167	0	0.0128
0.0128	0.0446	-0.0072	-0.1	0.0834	-0.3065	0.9066	-0.2902	13	15	2	1	8	0.0014	0.4583	0	0.0131
0.0123	0.0503	-0.0132	-0.0537	0.0743	-0.3325	0.7804	-0.5296	14	16	2	1	9	0.0016	0.5417	0	0.0124
0.0124	0.0289	-0.0391	-0.02	0.0466	-0.351	0.6968	-0.6255	15	17	2	1	10	0.0013	0.625	0	0.0124
0.0104	0.0676	-0.0301	0.0112	0.0328	-0.3342	0.7817	-0.5266	16	18	2	1	11	0.0013	0.5417	0	0.0104
0.013	0.0669	-0.0576	0.0615	-0.0113	0.2609	0.8752	-0.4074	17	19	2	1	12	0.0027	0.4167	0	0.0142
0.0098	0.076	-0.043	0.1229	-0.0334	-0.5126	0.6115	-0.6028	18	20	2	1	13	0.0016	0.5	0	0.0098
0.0117	0.0511	-0.0713	0.1727	-0.0845	-0.4685	0.7417	-0.48	19	21	2	1	14	0.0013	0.5417	0	0.0119
0.0122	0.0354	-0.096	0.2115	-0.1069	-0.5446	0.6849	-0.484	20	22	2	1	15	0.0013	0.375	0	0.0133
0.0124	0.0414	-0.1053	0.2321	-0.1206	0.2535	0.9333	0.2544	21	23	2	1	16	0.0011	0.3333	0	0.0145
0.0096	0.0203	-0.1096	0.2816	-0.1226	0.3181	0.8697	0.3775	22	24	2	1	17	0.0041	0.4583	0	0.0096
0.0117	0.0544	-0.1048	0.2985	-0.1125	-0.5426	0.8308	-0.124	23	25	2	1	18	0.0008	0.2917	0	0.0134
0.0093	0.0289	-0.1327	0.3439	-0.1236	-0.1312	0.9913	-0.0104	24	26	2	1	19	0.0009	0.3333	0	0.0093
0.0075	0.0332	-0.1455	0.3698	-0.1269	-0.3199	0.9431	0.0912	25	27	2	1	20	0.0044	0.5417	0	0.0057
0.0072	0.0394	-0.1536	0.4029	-0.1264	-0.3945	0.8868	0.2406	26	28	2	1	21	0.0045	0.375	0	0.0067
0.0091	0.0405	-0.1628	0.4395	-0.1148	-0.2969	0.9443	0.142	27	29	2	1	22	0.0063	0.4	0	0.0091
0.0073	0.0124	-0.1749	0.4795	-0.1139	-0.0931	0.934	0.345	28	30	2	1	23	0.005	0.4688	0	0.0073
0.0101	0.0087	-0.1782	0.4952	-0.1158	0.8104	0.5775	0.0991	29	31	2	1	24	0.0047	0.625	0	0.0103
0.0085	0.0206	-0.1584	0.5002	-0.1145	0.0028	0.9928	-0.1196	30	32	2	1	25	0.0057	0.5833	0	0.0086
0.0064	0.0241	-0.1806	0.5182	-0.1273	0.0433	0.9446	-0.3254	31	33	2	1	26	0.0035	0.375	0	0.0064
0.0076	0.0454	-0.1832	0.5354	-0.1366	-0.6266	0.5484	-0.5538	32	34	2	1	27	0.01	0.05	0	0.01
0.0073	0.0312	-0.2194	0.5439	-0.1327	-0.9422	0.3283	-0.066	33	0	2	1	28	0.01	0.05	0	0.01
0.0131	0.0219	0.0207	-0.1226	-0.1014	-0.6666	-0.7242	0.1766	2	36	53	1	1	0.0038	0.5417	1	0.0156
0.0131	0.0597	0.0061	-0.1385	-0.0976	0.1464	0.9265	0.3467	35	37	53	1	2	0.0038	0.5417	0	0.0156
0.0131	0.0433	0.0026	-0.0833	-0.0873	-0.4551	0.7185	0.526	36	38	53	1	3	0.0029	0.7083	0	0.017
0.0131	0.0333	-0.0176	-0.0561	-0.0576	0.1798	0.8572	0.4826	37	0	53	1	4	0.0028	0.25	0	0.0145
0.0146	0.0325	-0.0316	-0.2322	0.0511	0.5832	-0.66	0.4737	9	40	3	2	1	0.0022	0.5417	0	0.0149
0.0088	0.0344	-0.0146	-0.267	0.059	-0.3266	-0.4288	0.8423	39	41	3	2	2	0.0064	0.6	0	0.0146
0.0146	0.0545	-0.0311	-0.2859	0.0849	0.6915	-0.4891	-0.5316	40	42	3	2	3	0.0031	0.225	0	0.021
0.0146	0.0303	0.0025	-0.3133	0.0508	0.6047	0.5742	-0.5519	41	43	3	2	4	0.01	0.05	0	0.01
0.0146	0.0699	0.0209	-0.2959	0.034	0.5891	0.3088	-0.7467	42	0	3	2	5	0.01	0.05	0	0.01
0.0155	0.0102	0.017	-0.2718	-0.0174	0.8371	-0.5453	0.0439	7	45	54	2	1	0.0023	0.4583	0	0.0174
0.0155	0.0239	0.0195	-0.3008	-0.0248	0.1558	0.2787	-0.9476	44	0	54	2	2	0.0014	0.4167	0	0.0155
0.0117	0.075	0.0048	-0.241	-0.0089	0.0851	0.5493	0.8313	8	47	5	2	1	0.0031	0.5417	0	0.0117
0.0117	0.0193	0.0192	-0.2015	0.0471	0.3305	0.926	0.1826	46	0	5	2	2	0.01	0.05	0	0.01
0.0088	0.0162	-0.0192	-0.1782	0.0662	-0.9086	0.229	0.3492	10	49	6	2	1	0.0025	0.4583	1	0.0099
0.0088	0.0408	-0.034	-0.1745	0.0718	0.2414	-0.8291	0.5042	48	50	6	2	2	0.0025	0.4583	0	0.0099
0.0088	0.02	-0.0299	-0.2065	0.0876	-0.2731	-0.9614	-0.0325	49	51	6	2	3	0.001	0.375	0	0.0095
0.0088	0.016	-0.043	-0.2306	0.0881	0.1409	-0.4345	-0.8896	50	0	6	2	4	0.0014	0.375	0	0.0077
0.0103	0.0516	-0.0155	-0.1743	0.0749	0.377	-0.0025	0.9262	11	53	7	2	1	0.0019	0.4167	0	0.0119
0.0103	0.0318	-0.005	-0.1711	0.1312	0.634	-0.1956	0.7482	52	0	7	2	2	0.0048	0.4375	0	0.0103
0.0088	0.0648	-0.0011	-0.1408	0.0731	0.3938	-0.1239	0.9108	11	55	8	2	1	0.0063	0.4	1	0.0141
0.0088	0.0473	0.0168	-0.158	0.1339	0.3023	-0.0765	0.9501	54	56	8	2	2	0.0056	0.425	0	0.0141
0.0087	0.0414	0.0199	-0.1712	0.1582	0.1446	-0.9245	0.3527	55	57	8	2	3	0.0013	0.4583	0	0.0134
0.0087	0.0488	0.0297	-0.2064	0.1741	0.4137	-0.7403	0.5299	56	58	8	2	4	0.0054	0.425	0	0.0142
0.0086	0.0399	0.0465	-0.2428	0.2008	0.2209	-0.7425	0.6324	57	59	8	2	5	0.0013	0.4167	0	0.0097
0.0085	0.0444	0.0591	-0.2679	0.2292	0.1621	-0.6579	0.7354	58	60	8	2	6	0.0012	0.3333	0	0.0093
0.0084	0.0345	0.0719	-0.2988	0.2585	0.2439	-0.638	0.7304	59	61	8	2	7	0.0015	0.3333	0	0.0094
0.0059	0.014	0.0831	-0.3203	0.281	0.6084	-0.6114	0.506	60	62	8	2	8	0.0038	0.625	0	0.0059
0.0073	0.0322	0.086	-0.3303	0.2885	0.2497	-0.9618	0.1122	61	63	8	2	9	0.0007	0.4167	0	0.0073
0.0082	0.0283	0.0986	-0.3587	0.2962	0.2565	-0.9249	0.2808	62	64	8	2	10	0.0035	0.6667	0	0.0083
0.0081	0.0269	0.1069	-0.3752	0.3133	0.6496	-0.5545	0.5202	63	65	8	2	11	0.0047	0.4583	0	0.0111
0.0068	0.0264	0.1243	-0.3969	0.3215	0.323	-0.6166	0.718	64	66	8	2	12	0.01	0.05	0	0.01
0.0066	0.0036	0.1107	-0.3919	0.3333	-0.4099	-0.1235	0.9037	65	0	8	2	13	0.01	0.05	0	0.01
0.0085	0.0374	0.0005	-0.1065	0.1005	0.8459	0.5323	0.0319	13	68	9	2	1	0.0014	0.5	0	0.0123
0.0071	0.0043	0.0337	-0.0903	0.1101	0.7052	0.6877	0.1726	67	69	9	2	2	0.0051	0.5417	0	0.0069
0.0078	0.039	0.0376	-0.0862	0.1113	-0.7291	0.6562	-0.1944	68	0	9	2	3	0.0023	0.2917	0	0.0089
0.0104	0.013	0.0092	-0.1182	0.0808	0.9984	-0.056	-0.0077	12	71	10	2	1	0.0023	0.5	1	0.0104
0.0104	0.0604	0.0221	-0.119	0.0807	0.4745	-0.2994	0.8278	70	72	10	2	2	0.0023	0.5	0	0.0104
0.0104	0.026	0.0465	-0.1353	0.133	0.2486	-0.4875	0.837	71	73	10	2	3	0.0007	0.2917	0	0.0072
0.0104	0.0028	0.0528	-0.1509	0.1488	0.2511	-0.8737	0.4166	72	74	10	2	4	0.01	0.05	0	0.01
0.0104	0.0213	0.0535	-0.1533	0.15	0.7789	-0.5899	0.2128	73	0	10	2	5	0.01	0.05	0	0.01
0.0103	0.0314	-0.059	0.1285	-0.0385	-0.6174	-0.5406	0.5715	19	76	13	2	1	0.0015	0.5417	1	0.0103
0.0103	0.0304	-0.0784	0.1115	-0.0205	0.0716	0.0173	-0.9973	75	77	13	2	2	0.0015	0.5417	0	0.0103
0.0103	0.0438	-0.0696	0.1128	-0.0513	-0.0647	-0.0941	-0.9935	76	0	13	2	3	0.002	0.25	0	0.01
0.011	0.0624	-0.0545	0.0433	0.0043	-0.8448	-0.3601	-0.3958	17	79	14	2	1	0.0019	0.625	1	0.0118
0.011	0.0681	-0.1071	0.0209	-0.0203	-0.6196	-0.4242	-0.6603	78	80	14	2	2	0.0019	0.625	0	0.0118
0.011	0.0203	-0.151	-0.0127	-0.0626	-0.6908	-0.1492	-0.7074	79	81	14	2	3	0.0049	0.55	0	0.011
0.011	0.0477	-0.1507	-0.0154	-0.0689	0.3875	-0.6437	-0.66	80	82	14	2	4	0.0012	0.375	0	0.0083
0.011	0.0026	-0.1357	-0.0437	-0.1028	0.4248	-0.279	-0.8612	81	83	14	2	5	0.01	0.05	0	0.01
0.011	0.0247	-0.1346	-0.0444	-0.105	0.2554	-0.9666	-0.0222	82	84	14	2	6	0.01	0.05	0	0.01
0.011	0.0024	-0.1262	-0.0701	-0.107	-0.493	-0.8216	0.2862	83	0	14	2	7	0.01	0.05	0	0.01
0.0113	0.0276	-0.0593	0.1306	-0.0538	0.2163	-0.5441	-0.8107	19	86	15	2	1	0.0018	0.4583	0	0.0113
0.0113	0.0219	-0.0402	0.1178	-0.0844	0.2441	-0.96	0.1376	85	0	15	2	2	0.01	0.05	0	0.01
0.0025	0.0402	-0.0589	0.1505	-0.0672	-0.1152	-0.5933	-0.7967	19	88	22	2	1	0.0071	0.325	1	0.01
0.0025	0.0125	-0.0607	0.1113	-0.0943	0.3272	-0.2343	-0.9154	87	0	22	2	2	0.0044	0.125	0	0.01
0.0093	0.0221	-0.0892	0.1693	-0.0928	-0.0055	-0.8539	-0.5204	19	90	23	2	1	0.0023	0.4167	1	0.0096
0.0093	0.0578	-0.0894	0.1504	-0.1044	0.9377	-0.3303	-0.1075	89	91	23	2	2	0.0023	0.4167	0	0.0096
0.0093	0.005	-0.0386	0.1373	-0.1064	0.8865	0.4561	0.0781	90	92	23	2	3	0.01	0.05	0	0.01
0.0093	0.0265	-0.0342	0.1395	-0.1061	0.6215	0.6624	-0.4182	91	0	23	2	4	0.01	0.05	0	0.01
0.0131	0.1199	-0.0956	0.2304	-0.1126	0.9611	0.2443	0.1286	22	94	24	2	1	0.0026	0.525	0	0.0146
0.0131	0.0307	0.0217	0.2514	-0.1066	0.748	0.5722	-0.3362	93	95	24	2	2	0.0017	0.5833	0	0.0141
0.0131	0.0328	0.0415	0.2764	-0.1028	0.5979	-0.6467	0.4735	94	96	24	2	3	0.0022	0.5417	0	0.0131
0.0131	0.0992	0.0571	0.2518	-0.0859	0.6505	-0.756	0.073	95	97	24	2	4	0.002	0.375	0	0.0123
0.0131	0.0097	0.1207	0.1972	-0.0826	0.9148	0.1152	0.387	96	98	24	2	5	0.0029	0.175	0	0.0182
0.0131	0.0347	0.1297	0.1982	-0.0828	0.6191	-0.7828	0.0621	97	99	24	2	6	0.0016	0.3333	0	0.0143
0.0131	0.0444	0.1683	0.187	-0.0934	0.7071	-0.7041	0.0657	98	100	24	2	7	0.0067	0.375	0	0.0151
0.0131	0.0273	0.2014	0.1609	-0.0801	0.9839	-0.1559	-0.0877	99	101	24	2	8	0.002	0.2	0	0.0062
0.0131	0.0225	0.2268	0.1576	-0.098	0.9887	0.1225	-0.0862	100	102	24	2	9	0.0012	0.075	0	0.0075
0.0131	0.007	0.2443	0.1654	-0.095	0.5538	0.7864	-0.2736	101	103	24	2	10	0.01	0.05	0	0.01
0.0131	0.014	0.2483	0.1693	-0.0976	0.5678	-0.2891	0.7707	102	104	24	2	11	0.01	0.05	0	0.01
0.0131	0.0066	0.2615	0.1665	-0.0829	0.3124	-0.9417	-0.125	103	105	24	2	12	0.01	0.05	0	0.01
0.0131	0.0261	0.2636	0.1603	-0.0837	0.8704	0.251	-0.4236	104	0	24	2	13	0.01	0.05	0	0.01
0.0079	0.0209	0.0202	-0.1739	0.1499	-0.012	0.0546	-0.9984	56	107	19	3	1	0.0012	0.4583	1	0.0084
0.0079	0.0478	0.02	-0.1728	0.1291	0.6053	-0.1579	0.7801	106	108	19	3	2	0.0012	0.4583	0	0.0084
0.0079	0.0427	0.0568	-0.1866	0.1593	0.7156	0.1183	0.6884	107	0	19	3	3	0.0051	0.4375	0	0.0079
0.0083	0.0313	0.0398	-0.2098	0.1849	0.2949	0.9423	0.1585	57	110	20	3	1	0.0018	0.5	1	0.0106
0.0083	0.058	0.049	-0.1803	0.1898	-0.4031	-0.746	0.5301	109	111	20	3	2	0.0018	0.5	0	0.0106
0.0083	0.0302	0.029	-0.2233	0.2191	0.3752	-0.5801	0.723	110	112	20	3	3	0.0013	0.2917	0	0.0082
0.0083	0.0173	0.0482	-0.2355	0.2386	0.5423	-0.5209	0.6593	111	0	20	3	4	0.01	0.05	0	0.01
0.0105	0.0609	-0.1442	-0.045	-0.0871	-0.6692	0.0523	0.7412	81	114	17	3	1	0.0015	0.4167	1	0.011
0.0105	0.0538	-0.1849	-0.0418	-0.0419	0.4352	-0.0846	-0.8963	113	115	17	3	2	0.0015	0.4167	0	0.011
0.0105	0.004	-0.1573	-0.0483	-0.0845	0.7431	0.5655	-0.3577	114	116	17	3	3	0.01	0.05	0	0.01
0.0105	0.028	-0.1543	-0.0461	-0.0859	0.915	-0.3874	-0.1127	115	0	17	3	4	0.01	0.05	0	0.01
0.005	0.0775	-0.0829	0.0371	-0.0184	-0.7887	-0.5858	0.1864	78	118	56	3	1	0.0113	0.28	0	0.0203
0.006	0.026	-0.148	-0.0157	-0.0208	-0.8926	-0.2938	0.3419	117	0	56	3	2	0.0026	0.3333	0	0.0071
0.0168	0.0358	-0.1082	-0.0576	-0.106	0.0155	0.8633	0.5044	84	120	33	3	1	0.0041	0.4583	0	0.0168
0.0168	0.0679	-0.1147	-0.0341	-0.0974	-0.4731	0.8307	-0.2935	119	121	33	3	2	0.004	0.0833	0	0.0111
0.0168	0.0492	-0.1225	0.0352	-0.13	-0.4704	0.8824	-0.0063	120	0	33	3	3	0.0016	0.25	0	0.0248
0.0157	0.0307	-0.1472	-0.0243	-0.0917	0.077	0.4652	-0.8818	81	123	39	3	1	0.0047	0.325	1	0.01
0.0157	0.0309	-0.1468	-0.0187	-0.1131	0.3683	0.4454	0.8161	122	124	39	3	2	0.0018	0.2	0	0.01
0.0157	0.0699	-0.1436	-0.0036	-0.111	0.0292	0.9985	0.0465	123	125	39	3	3	0.0032	0.225	0	0.0234
0.0157	0.0201	-0.1437	0.0696	-0.1033	0.1526	0.8113	-0.5643	124	126	39	3	4	0.0059	0.4583	0	0.0157
0.0157	0.0362	-0.1197	0.0798	-0.1142	0.2829	0.9584	-0.038	125	127	39	3	5	0.0039	0.2	0	0.01
0.0157	0.0157	-0.1529	0.0892	-0.13	-0.5239	0.8477	0.083	126	0	39	3	6	0.0025	0.15	0	0.01
0.006	0.0407	-0.0531	0.1223	-0.0489	0.4698	0.8056	-0.361	85	129	57	3	1	0.0014	0.4583	0	0.0055
0.0083	0.0567	-0.0341	0.1542	-0.0649	0.0593	0.8284	-0.557	128	0	57	3	2	0.0051	0.225	0	0.0134
0.0125	0.0998	0.0139	0.2663	-0.087	-0.4856	0.72	0.4957	93	131	26	3	1	0.0034	0.5417	0	0.0115
0.0141	0.0504	-0.0245	0.3325	-0.051	0.6811	0.6998	0.2156	130	132	26	3	2	0.0017	0.7083	0	0.0141
0.0125	0.0451	-0.0118	0.3676	-0.0345	0.0779	0.9439	0.3209	131	133	26	3	3	0.0019	0.375	0	0.0153
0.0125	0.0258	-0.0048	0.4131	-0.0183	-0.6944	0.6394	0.3302	132	0	26	3	4	0.0035	0.3571	0	0.0092
0.011	0.0452	0.032	0.2822	-0.0941	-0.523	0.2228	0.8227	95	135	27	3	1	0.002	0.5833	1	0.011
0.011	0.0524	0.0083	0.2923	-0.0569	0.8049	0.2134	-0.5537	134	136	27	3	2	0.002	0.5833	0	0.011
0.011	0.0247	0.0516	0.3168	-0.0874	0.9476	-0.1151	-0.2979	135	0	27	3	3	0.01	0.05	0	0.01
0.0162	0.0448	0.0597	0.2672	-0.0811	0.6865	0.5957	0.4169	96	138	30	3	1	0.0035	0.4167	1	0.0162
0.0162	0.062	0.0904	0.2938	-0.0625	-0.682	-0.4628	0.5663	137	139	30	3	2	0.0035	0.4167	0	0.0162
0.0162	0.0427	0.0591	0.2404	-0.0221	-0.9135	-0.3734	0.1618	138	0	30	3	3	0.0024	0.175	0	0.0071
0.0149	0.0733	0.0725	0.254	-0.0839	0.9184	0.2786	-0.2808	96	141	58	3	1	0.0038	0.5417	0	0.0191
0.0149	0.0449	0.1555	0.2785	-0.0877	0.4734	-0.8489	-0.235	140	142	58	3	2	0.0019	0.5417	0	0.0149
0.0149	0.0378	0.1769	0.2412	-0.1013	0.5395	-0.8184	-0.1979	141	0	58	3	3	0.01	0.05	0	0.01
0.0125	0.0867	0.0678	0.223	-0.0914	0.0496	-0.9409	0.3349	96	144	36	3	1	0.0034	0.4583	0	0.013
0.0112	0.0243	0.0793	0.1526	-0.0675	0.7038	-0.6146	-0.3561	143	145	36	3	2	0.0014	0.3333	0	0.0117
0.0101	0.0057	0.0949	0.1424	-0.0787	0.5381	-0.2624	-0.801	144	146	36	3	3	0.0038	0.4583	0	0.01
0.01	0.018	0.0949	0.1428	-0.0797	0.384	-0.6348	0.6706	145	0	36	3	4	0.0026	0.3333	0	0.0096
0.0115	0.0333	-0.0859	0.0383	-0.0139	-0.6774	0.0099	0.7356	117	148	18	4	1	0.0033	0.4583	1	0.0115
0.0115	0.0406	-0.1084	0.0387	0.0106	-0.8144	0.109	0.57	147	0	18	4	2	0.0033	0.4583	0	0.0115
0.0139	0.0569	0.0089	0.3027	-0.0534	0.5567	0.8215	-0.1234	135	150	62	4	1	0.0029	0.5833	1	0.0177
0.0139	0.0731	0.0406	0.3495	-0.0604	-0.4204	-0.828	0.3711	149	151	62	4	2	0.0029	0.5833	0	0.0177
0.0139	0.0371	0.01	0.2812	-0.0241	-0.9995	-0.0292	-0.0115	150	0	62	4	3	0.0021	0.5	0	0.0139
0.0114	0.052	0.1441	0.2601	-0.1046	0.8518	0.5136	-0.1035	140	0	37	4	1	0.0028	0.4167	0	0.0114
