radius (m)	length (m)	start_point	axis_direction	parent	extension	branch	branch_order	position_in_branch	mad	SurfCov	added	UnmodRadius (m)
0.0173	0.0766	0.5199	-0.0145	-0.1178	-0.454	-0.2724	0.8483	0	2	1	0	1	0.0027	0.75	0	0.0173
0.0183	0.0805	0.4893	-0.0402	-0.0522	-0.5594	-0.3854	0.7339	1	3	1	0	2	0.0027	0.75	0	0.0183
0.0173	0.0438	0.4463	-0.0443	0.0154	-0.8454	-0.1022	0.5243	2	4	1	0	3	0.0014	0.6667	0	0.0143
0.0173	0.0738	0.4106	-0.0586	0.0326	-0.9285	0.0822	-0.3622	3	5	1	0	4	0.0017	0.6667	0	0.0146
0.0173	0.0312	0.3447	-0.0563	0.003	-0.8634	-0.2829	-0.4177	4	6	1	0	5	0.0013	0.4583	0	0.013
0.0173	0.0139	0.3205	-0.0663	-0.0144	-0.8315	-0.3379	-0.4409	5	7	1	0	6	0.0042	0.625	0	0.0131
0.0173	0.0313	0.3188	-0.0596	-0.014	0.6556	-0.7113	0.2535	6	0	1	0	7	0.0016	0.25	0	0.017
0.0112	0.127	0.4852	-0.0373	-0.0243	-0.9169	0.393	-0.0694	2	9	86	1	1	0.0162	0.3286	0	0.0473
0.0112	0.0566	0.3662	0.0143	-0.0107	-0.9856	-0.1339	-0.1034	8	10	86	1	2	0.0071	0.5417	0	0.0112
0.0112	0.0311	0.3104	0.0067	-0.0165	-0.7655	0.2916	-0.5736	9	0	86	1	3	0.01	0.05	0	0.01
0.0115	0.0498	0.3133	-0.0732	-0.0239	-0.9031	-0.2862	-0.3202	7	12	3	1	1	0.0029	0.5	0	0.0115
0.01	0.0564	0.2677	-0.0853	-0.0385	-0.9706	-0.2194	-0.0989	11	13	3	1	2	0.0009	0.4167	0	0.0099
0.01	0.0073	0.2152	-0.0983	-0.0372	-0.8121	-0.5378	0.2264	12	14	3	1	3	0.01	0.05	0	0.01
0.0103	0.056	0.211	-0.1119	-0.0405	-0.844	0.1251	-0.5215	13	15	3	1	4	0.001	0.3333	0	0.0103
0.01	0.0071	0.1703	-0.0989	-0.0713	-0.5827	0.4646	-0.6668	14	16	3	1	5	0.01	0.05	0	0.01
0.0107	0.0628	0.146	-0.091	-0.0748	-0.1813	-0.9048	0.3854	15	17	3	1	6	0.0018	0.375	0	0.0107
0.01	0.0405	0.1264	-0.142	-0.0567	-0.64	-0.7549	0.1432	16	18	3	1	7	0.0046	0.45	0	0.0087
0.0129	0.015	0.1005	-0.1641	-0.0661	-0.8722	-0.4287	-0.2357	17	19	3	1	8	0.006	0.5	0	0.0129
0.0124	0.0259	0.0872	-0.1631	-0.0569	-0.6028	0.6833	-0.4118	18	20	3	1	9	0.0014	0.2917	0	0.0124
0.01	0.0059	0.0811	-0.1459	-0.0704	0.0414	0.9986	-0.0326	19	21	3	1	10	0.01	0.05	0	0.01
0.0125	0.0754	0.0789	-0.1352	-0.0551	-0.9567	0.2006	-0.2107	20	22	3	1	11	0.0013	0.4167	0	0.0125
0.0124	0.0722	0.0037	-0.1378	-0.0559	-0.9912	0.0766	-0.1083	21	23	3	1	12	0.0055	0.2917	0	0.0124
0.0132	0.0355	-0.0654	-0.1156	-0.068	-0.9615	0.1956	0.1929	22	24	3	1	13	0.0013	0.3333	0	0.0136
0.0152	0.0425	-0.0915	-0.1016	-0.0565	-0.6322	0.7717	-0.0689	23	25	3	1	14	0.0059	0.4	0	0.0221
0.01	0.0007	-0.1309	-0.0833	-0.0653	-0.7626	0.6455	0.0419	24	26	3	1	15	0.0057	0.75	0	0.01
0.0138	0.0852	-0.1293	-0.0853	-0.0581	0.5141	0.8474	0.1328	25	27	3	1	16	0.0015	0.4167	0	0.0144
0.0134	0.0569	-0.0855	-0.0129	-0.0483	0.1942	0.9704	0.1435	26	28	3	1	17	0.0006	0.2917	0	0.0141
0.01	0.0371	-0.0619	0.0338	-0.0453	0.4358	0.8395	-0.3245	27	29	3	1	18	0.01	0.05	0	0.01
0.01	0.0318	-0.0539	0.0455	-0.0412	0.2291	0.5623	0.7946	28	30	3	1	19	0.0008	0.3333	0	0.0092
0.01	0.018	-0.0579	0.0604	-0.019	-0.3426	0.4158	0.8425	29	31	3	1	20	0.0011	0.2917	0	0.01
0.01	0.0327	-0.0618	0.063	-0.0028	-0.1288	0.1559	0.9793	30	32	3	1	21	0.0013	0.2083	0	0.0093
0.0133	0.0306	-0.0656	0.0733	0.0241	0.5504	0.565	0.6147	31	33	3	1	22	0.001	0.25	0	0.0143
0.0141	0.0671	-0.0453	0.0904	0.0446	0.1017	0.9888	-0.1094	32	34	3	1	23	0.0084	0.2	0	0.0229
0.0142	0.026	-0.0644	0.1362	0.0083	-0.1046	0.854	-0.5097	33	35	3	1	24	0.0133	0.2917	0	0.0163
0.0103	0.0393	-0.0697	0.1615	0.0064	-0.9648	0.0992	-0.2437	34	36	3	1	25	0.004	0.3214	0	0.0103
0.01	0.04	-0.0991	0.1712	0.0093	-0.8472	0.1513	0.5093	35	37	3	1	26	0.01	0.05	0	0.01
0.013	0.0134	-0.1241	0.1934	0.0008	-0.7795	0.6176	0.1051	36	38	3	1	27	0.0013	0.4167	0	0.0133
0.01	0.0538	-0.1335	0.2032	-0.0001	-0.9444	0.1473	-0.2939	37	39	3	1	28	0.0011	0.2083	0	0.0075
0.0126	0.0199	-0.1868	0.2095	-0.0127	-0.8273	0.2626	-0.4966	38	40	3	1	29	0.0014	0.25	0	0.0126
0.01	0.0052	-0.2019	0.216	-0.0164	-0.9584	-0.1436	0.2466	39	41	3	1	30	0.01	0.05	0	0.01
0.0142	0.0659	-0.2266	0.2021	-0.0108	-0.5123	0.5566	-0.6541	40	42	3	1	31	0.006	0.225	0	0.0212
0.01	0.0031	-0.267	0.2251	-0.0413	-0.8799	0.4723	0.0512	41	43	3	1	32	0.01	0.05	0	0.01
0.0119	0.0455	-0.2676	0.238	-0.0402	-0.9561	0.1491	0.2521	42	44	3	1	33	0.0017	0.3333	0	0.0119
0.01	0.0098	-0.2947	0.2417	-0.0321	0.1768	-0.1412	0.9741	43	45	3	1	34	0.01	0.05	0	0.01
0.0131	0.0469	-0.2944	0.2461	-0.0334	-0.8843	0.3529	0.3058	44	46	3	1	35	0.0011	0.2917	0	0.0139
0.0139	0.0445	-0.3417	0.2616	-0.0202	-0.1733	0.9833	-0.0551	45	47	3	1	36	0.0013	0.3333	0	0.0153
0.01	0.0233	-0.3506	0.3064	-0.0199	-0.4966	0.7184	-0.4872	46	48	3	1	37	0.01	0.05	0	0.01
0.0136	0.0275	-0.3767	0.3144	-0.0182	-0.7355	0.4144	-0.536	47	49	3	1	38	0.0017	0.25	0	0.0155
0.01	0.0413	-0.3801	0.3162	-0.0431	-0.1335	0.6007	-0.7882	48	50	3	1	39	0.01	0.05	0	0.01
0.0139	0.0655	-0.3799	0.3307	-0.0715	-0.6045	-0.0075	0.7966	49	51	3	1	40	0.0017	0.2917	0	0.0158
0.0125	0.0184	-0.433	0.3327	-0.0352	-0.6894	-0.5186	0.5058	50	52	3	1	41	0.0011	0.3333	0	0.0126
0.01	0.0355	-0.4394	0.3234	-0.0174	-0.7802	0.2588	0.5695	51	53	3	1	42	0.0063	0.5417	0	0.0077
0.0121	0.0418	-0.4597	0.3354	-0.0398	-0.3682	0.9298	-0.0019	52	54	3	1	43	0.0066	0.5417	0	0.0121
0.01	0.0134	-0.4881	0.348	-0.0447	-0.5071	0.3926	-0.7673	53	55	3	1	44	0.005	0.4375	0	0.0091
0.01	0.0338	-0.489	0.3707	-0.0454	-0.6727	0.5156	-0.5307	54	56	3	1	45	0.01	0.05	0	0.01
0.0124	0.0263	-0.4765	0.3653	-0.0415	-0.4073	-0.8759	-0.2585	55	0	3	1	46	0.0012	0.3333	0	0.0124
0.011	0.1328	0.3631	0.0115	-0.0304	0.5747	-0.4246	0.6996	8	58	2	2	1	0.007	0.1429	0	0.0216
0.011	0.053	0.438	-0.0351	0.0456	0.0258	-0.8651	-0.501	57	59	2	2	2	0.0047	0.4	0	0.011
0.011	0.0038	0.4394	-0.0748	0.0196	0.0888	0.0862	-0.9923	58	0	2	2	3	0.01	0.05	0	0.01
0.01	0.0097	0.0587	-0.1185	-0.0574	-0.1292	0.8691	0.4774	21	61	10	2	1	0.0024	0.4167	0	0.01
0.01	0.0268	0.0478	-0.1147	-0.0524	-0.3079	0.6949	0.6498	60	62	10	2	2	0.01	0.05	0	0.01
0.01	0.03	0.0495	-0.0903	-0.0494	0.0184	0.9239	0.3821	61	63	10	2	3	0.01	0.05	0	0.01
0.01	0.0367	0.0521	-0.0884	-0.0666	0.0517	-0.7403	0.6703	62	0	10	2	4	0.01	0.05	0	0.01
0.0114	0.0589	0.0853	-0.1731	-0.0572	-0.5081	0.0722	0.8582	18	65	11	2	1	0.0028	0.5	0	0.0114
0.0122	0.044	0.0603	-0.1604	-0.0021	-0.2395	-0.3493	0.9059	64	66	11	2	2	0.0017	0.2917	0	0.0166
0.0122	0.0118	0.0513	-0.1748	0.0436	0.8316	-0.5384	-0.1362	65	67	11	2	3	0.0037	0.225	0	0.0234
0.0121	0.016	0.0553	-0.1783	0.0409	-0.0174	0.3148	0.949	66	68	11	2	4	0.0012	0.375	0	0.0145
0.009	0.0233	0.051	-0.1776	0.0476	-0.1797	-0.8412	0.5099	67	69	11	2	5	0.0009	0.375	0	0.0088
0.0121	0.0445	0.0619	-0.2056	0.0521	-0.4075	-0.8929	0.1914	68	70	11	2	6	0.0016	0.4167	0	0.013
0.0099	0.0365	0.0454	-0.2326	0.034	-0.6378	-0.6778	-0.3657	69	71	11	2	7	0.0046	0.5	0	0.0099
0.012	0.0357	0.0226	-0.2737	0.0359	-0.3533	-0.6431	-0.6794	70	72	11	2	8	0.0068	0.4063	0	0.0133
0.0117	0.0526	-0.0129	-0.2559	0.0173	-0.8722	-0.4891	-0.0086	71	73	11	2	9	0.0126	0.3	0	0.0143
0.01	0.0541	-0.0492	-0.2722	0.0355	-0.9052	0.2566	0.3388	72	74	11	2	10	0.01	0.05	0	0.01
0.0094	0.0317	-0.0717	-0.2982	0.0249	-0.8258	-0.5634	0.024	73	75	11	2	11	0.0007	0.375	0	0.0094
0.0093	0.0455	-0.0858	-0.3236	0.0116	-0.5826	-0.8103	-0.0626	74	76	11	2	12	0.0108	0.325	0	0.0093
0.0099	0.0286	-0.1147	-0.3622	0.0159	-0.2758	-0.9119	-0.304	75	77	11	2	13	0.0041	0.475	0	0.0101
0.0079	0.0189	-0.1146	-0.3915	0.0119	-0.3779	-0.9258	0.0051	76	78	11	2	14	0.007	0.5833	0	0.0079
0.0085	0.004	-0.1214	-0.3955	0.0173	0.3868	-0.3398	0.8573	77	0	11	2	15	0.0016	0.3333	0	0.0087
0.007	0.0699	-0.0812	-0.1258	-0.0668	-0.8404	-0.5387	0.059	23	80	15	2	1	0.0012	0.25	1	0.0074
0.0068	0.0363	-0.1399	-0.1634	-0.0627	-0.8789	-0.4766	0.02	79	81	15	2	2	0.0012	0.25	0	0.0074
0.006	0.019	-0.1734	-0.1864	-0.0618	-0.9496	0.2683	0.1619	80	0	15	2	3	0.0066	0.15	0	0.0131
0.0125	0.099	-0.0559	-0.1311	-0.041	0.1486	0.9676	0.2042	24	83	17	2	1	0.0014	0.25	0	0.0128
0.0091	0.0368	-0.0346	-0.0423	-0.0242	0.7424	0.6644	0.0865	82	84	17	2	2	0.0055	0.4375	0	0.0072
0.01	0.0006	-0.0185	-0.013	-0.0355	0.4518	0.8906	-0.0515	83	85	17	2	3	0.01	0.05	0	0.01
0.0122	0.0503	-0.0071	-0.0214	-0.0323	0.5079	0.7733	0.3795	84	86	17	2	4	0.0013	0.375	0	0.0126
0.0126	0.0541	0.0185	0.0119	-0.0273	0.7943	0.5664	-0.2195	85	87	17	2	5	0.0014	0.4167	0	0.0132
0.0109	0.0544	0.0583	0.044	-0.0266	0.9134	0.364	0.1823	86	88	17	2	6	0.0012	0.5	0	0.0109
0.01	0.0337	0.0786	0.0794	-0.0212	0.3416	0.7885	0.5115	87	89	17	2	7	0.0106	0.4063	0	0.01
0.0124	0.0592	0.1006	0.099	-0.0234	-0.0899	0.9197	-0.3821	88	90	17	2	8	0.0017	0.3333	0	0.0158
0.01	0.0449	0.0989	0.1564	-0.0385	0.2665	0.8483	-0.4575	89	91	17	2	9	0.01	0.05	0	0.01
0.0114	0.0411	0.0908	0.1567	-0.0631	-0.1098	0.1638	-0.9804	90	0	17	2	10	0.0033	0.375	0	0.0128
0.0131	0.0715	-0.1198	-0.0498	-0.044	-0.9219	0.3097	0.2329	26	93	18	2	1	0.004	0.5313	0	0.0138
0.0126	0.0426	-0.187	-0.0232	-0.0335	-0.4189	0.686	0.5949	92	94	18	2	2	0.0015	0.25	0	0.0126
0.0129	0.0577	-0.2065	0.0045	-0.009	-0.6987	0.4859	0.5251	93	95	18	2	3	0.0015	0.375	0	0.0141
0.0108	0.0126	-0.2415	0.0383	0.0109	-0.7067	0.7068	0.0312	94	96	18	2	4	0.0042	0.4375	0	0.0108
0.012	0.0381	-0.2627	0.032	0.0212	-0.5704	0.7193	0.3966	95	97	18	2	5	0.0015	0.3333	0	0.0125
0.0108	0.0116	-0.2886	0.0469	0.0406	-0.7947	0.4175	0.4405	96	98	18	2	6	0.01	0.05	0	0.01
0.0108	0.0131	-0.2978	0.0518	0.0457	-0.4083	0.6411	-0.6498	97	0	18	2	7	0.01	0.05	0	0.01
0.0025	0.0739	-0.0991	-0.0983	-0.0693	-0.8846	0.4663	-0.0052	23	100	21	2	1	0.0119	0.3	1	0.01
0.0025	0.0305	-0.1658	-0.0654	-0.0533	-0.6169	0.7867	0.0236	99	0	21	2	2	0.0051	0.225	0	0.01
0.0057	0.0424	-0.0902	-0.0034	-0.0589	0.0617	0.5501	-0.8328	27	102	28	2	1	0.0018	0.375	0	0.0106
0.0025	0.0316	-0.0909	0.0201	-0.0864	0.0668	0.9978	0.0023	101	103	28	2	2	0.0077	0.15	0	0.01
0.0025	0.0329	-0.0916	0.0526	-0.0808	-0.1097	0.9686	-0.2232	102	0	28	2	3	0.0048	0.175	0	0.01
0.0169	0.0413	-0.0453	0.0656	-0.0291	0.6139	-0.779	-0.1278	29	105	39	2	1	0.0029	0.4167	0	0.0169
0.0169	0.0003	-0.0235	0.0452	-0.068	0.0515	-0.9407	-0.3353	104	106	39	2	2	0.0027	0.125	0	0.01
0.0169	0.0343	-0.0213	0.0467	-0.0393	0.6422	-0.7666	-0.0033	105	0	39	2	3	0.0013	0.125	0	0.01
0.0095	0.0218	-0.0416	0.0613	-0.0298	0.5355	0.6842	0.4951	29	108	40	2	1	0.0023	0.5	1	0.01
0.0095	0.0319	-0.0299	0.0762	-0.019	-0.2431	0.5251	0.8155	107	109	40	2	2	0.0023	0.5	0	0.01
0.0095	0.0671	-0.0397	0.1015	0.0155	-0.1842	-0.7159	0.6734	108	110	40	2	3	0.0019	0.2917	0	0.0135
0.0095	0.022	-0.0485	0.0584	0.0569	-0.5757	-0.1962	-0.7938	109	0	40	2	4	0.0011	0.3333	0	0.0084
0.0134	0.0091	-0.0552	0.13	0.0384	0.4862	-0.6052	-0.6304	33	112	41	2	1	0.0032	0.4167	0	0.018
0.0134	0.048	-0.071	0.1252	0.0204	0.451	-0.4538	-0.7685	111	113	41	2	2	0.0012	0.375	0	0.0108
0.0134	0.0101	-0.0501	0.1084	-0.0158	-0.4196	0.066	-0.9053	112	114	41	2	3	0.01	0.05	0	0.01
0.0134	0.0338	-0.0544	0.109	-0.025	-0.0236	-0.8558	-0.5167	113	0	41	2	4	0.01	0.05	0	0.01
0.011	0.0807	-0.0506	0.0636	0.0615	0.0886	0.1262	0.988	33	116	50	2	1	0.0012	0.4583	0	0.0115
0.0087	0.035	-0.0386	0.0657	0.1349	0.0631	-0.5933	0.8025	115	117	50	2	2	0.0056	0.4063	0	0.0083
0.0089	0.0238	-0.0237	0.0664	0.1622	0.4525	-0.2386	0.8592	116	118	50	2	3	0.01	0.05	0	0.01
0.0084	0.0272	-0.026	0.0679	0.1555	-0.5219	-0.8525	0.028	117	0	50	2	4	0.01	0.05	0	0.01
0.0129	0.0911	-0.0809	0.1812	-0.0087	0.1603	0.2708	0.9492	34	120	51	2	1	0.0013	0.5	0	0.0129
0.011	0.0341	-0.0571	0.2061	0.0707	0.3786	-0.801	0.4637	119	121	51	2	2	0.0012	0.25	0	0.0108
0.011	0.0257	-0.0451	0.1804	0.0908	0.3211	-0.8664	0.3825	120	122	51	2	3	0.0011	0.25	0	0.0081
0.013	0.0371	-0.0302	0.1647	0.1084	0.0637	-0.7827	0.6192	121	123	51	2	4	0.0015	0.2083	0	0.0136
0.0132	0.0251	-0.0304	0.1319	0.1322	0.3532	-0.0089	0.9355	122	124	51	2	5	0.001	0.4167	0	0.0158
0.011	0.0654	-0.0173	0.1304	0.1493	0.2248	-0.9165	0.3309	123	125	51	2	6	0.001	0.4167	0	0.011
0.011	0.0228	-0.0081	0.0765	0.153	0.3231	-0.8647	-0.3845	124	126	51	2	7	0.0046	0.375	0	0.006
0.011	0.0235	-0.0008	0.0754	0.1488	0.3307	0.2231	-0.917	125	127	51	2	8	0.01	0.05	0	0.01
0.011	0.018	-0.0036	0.0709	0.1545	0.0089	-0.9434	-0.3317	126	128	51	2	9	0.01	0.05	0	0.01
0.011	0.0239	-0.0029	0.0539	0.1488	-0.3768	-0.4939	0.7836	127	0	51	2	10	0.01	0.05	0	0.01
0.0113	0.0751	-0.2819	0.2522	-0.0342	-0.1625	0.9758	-0.1462	43	130	77	2	1	0.0019	0.2917	0	0.0146
0.0099	0.0241	-0.3032	0.3384	-0.0375	-0.4312	0.2139	-0.8765	129	131	77	2	2	0.0011	0.375	0	0.0096
0.0113	0.0434	-0.3093	0.3472	-0.0346	-0.9838	-0.0099	0.1787	130	132	77	2	3	0.0011	0.375	0	0.012
0.0096	0.0192	-0.3468	0.3362	-0.0165	0.6388	0.6765	0.3665	131	0	77	2	4	0.01	0.05	0	0.01
0.0125	0.0398	-0.3165	0.2481	-0.0386	0.5912	-0.7331	-0.3363	45	134	78	2	1	0.0044	0.225	0	0.021
0.0112	0.0454	-0.3001	0.211	-0.0379	0.892	-0.39	0.2284	133	135	78	2	2	0.0016	0.2917	0	0.0113
0.0105	0.0448	-0.2594	0.1919	-0.0381	0.9968	-0.0763	0.0231	134	136	78	2	3	0.01	0.05	0	0.01
0.01	0.001	-0.2426	0.2035	-0.0193	0.6375	0.4	0.6585	135	0	78	2	4	0.01	0.05	0	0.01
0.0108	0.0538	-0.3766	0.3252	-0.0099	0.5755	-0.6719	0.4663	48	138	79	2	1	0.0016	0.4583	0	0.0105
0.0129	0.0272	-0.3508	0.293	0.0131	-0.1482	-0.5965	-0.7888	137	139	79	2	2	0.0016	0.2917	0	0.0129
0.0105	0.0093	-0.3581	0.278	-0.0035	-0.7562	0.2679	-0.597	138	140	79	2	3	0.01	0.05	0	0.01
0.0105	0.0306	-0.3652	0.2805	-0.0091	0.4052	-0.1902	-0.8942	139	0	79	2	4	0.01	0.05	0	0.01
0.0025	0.0649	0.059	-0.1923	0.0428	-0.7658	0.5809	-0.2759	69	142	16	3	1	0.0094	0.2	1	0.01
0.0025	0.0251	0.0078	-0.1582	0.0228	0.5314	0.2506	-0.8092	141	143	16	3	2	0.01	0.05	0	0.01
0.0025	0.0237	0.0212	-0.1519	0.0025	-0.7218	0.267	-0.6386	142	0	16	3	3	0.0057	0.15	0	0.01
0.0095	0.0353	0.0742	-0.1964	0.0593	-0.0823	-0.6416	0.7626	69	145	30	3	1	0.01	0.05	0	0.01
0.0082	0.0423	0.0834	-0.2261	0.1103	0.8994	0.1376	-0.4149	144	146	30	3	2	0.0043	0.5	0	0.0082
0.0094	0.0222	0.1108	-0.2407	0.0943	0.8681	-0.4384	0.2326	145	147	30	3	3	0.0047	0.4063	0	0.0096
0.0089	0.032	0.1298	-0.2385	0.0895	0.8753	-0.2975	-0.3812	146	148	30	3	4	0.01	0.05	0	0.01
0.0086	0.0083	0.1262	-0.2434	0.095	0.1814	-0.8224	0.5392	147	0	30	3	5	0.01	0.05	0	0.01
0.0114	0.0563	0.0202	-0.2987	0.0235	0.831	0.2188	0.5115	71	150	35	3	1	0.0029	0.4583	0	0.0157
0.0114	0.0363	0.0927	-0.2889	0.0224	0.7228	-0.2541	0.6427	149	151	35	3	2	0.012	0.3	0	0.0205
0.0114	0.0405	0.1103	-0.263	0.0331	0.9488	0.1306	-0.2876	150	152	35	3	3	0.01	0.05	0	0.01
0.0114	0.0058	0.0983	-0.2904	0.0278	0.4526	-0.7817	-0.4292	151	0	35	3	4	0.01	0.05	0	0.01
0.017	0.017	-0.0897	-0.3449	0.0103	-0.266	-0.9418	-0.2057	75	154	64	3	1	0.0025	0.4583	0	0.017
0.017	0.0325	-0.0969	-0.3521	0.0032	0.9623	0.2653	-0.0604	153	155	64	3	2	0.001	0.3333	0	0.0128
0.017	0.0494	-0.0701	-0.3119	0.0088	-0.0719	0.2217	-0.9725	154	156	64	3	3	0.0045	0.275	0	0.0107
0.017	0.0173	-0.0777	-0.2958	-0.03	0.7274	0.6839	-0.0572	155	157	64	3	4	0.004	0.2	0	0.0099
0.017	0.0711	-0.0672	-0.2854	-0.0413	0.1677	0.9716	-0.1667	156	158	64	3	5	0.0043	0.275	0	0.0118
0.017	0.0451	-0.0636	-0.2223	-0.0378	0.0286	0.9264	0.3754	157	159	64	3	6	0.0021	0.125	0	0.01
0.017	0.0372	-0.0566	-0.1892	-0.0486	-0.4591	0.8163	-0.3506	158	160	64	3	7	0.0033	0.15	0	0.0086
0.017	0.0088	-0.0706	-0.1578	-0.0566	-0.427	0.9009	0.078	159	0	64	3	8	0.0008	0.125	0	0.01
0.0132	0.0829	-0.0102	-0.0168	-0.0395	0.2751	0.9614	-0.004	84	162	37	3	1	0.0024	0.4583	0	0.0132
0.0132	0.0262	0.0096	0.0609	-0.0368	0.0393	0.8164	0.5761	161	163	37	3	2	0.0012	0.25	0	0.0121
0.0132	0.0774	-0.0015	0.0798	-0.0213	-0.1799	0.9168	0.3565	162	164	37	3	3	0.0066	0.275	0	0.0108
0.0132	0.0499	0.0157	0.1472	0.0045	0.1235	0.9674	0.221	163	165	37	3	4	0.01	0.05	0	0.01
0.0132	0.0407	-0.0199	0.1507	0.0056	-0.739	0.6552	0.1569	164	0	37	3	5	0.01	0.05	0	0.01
0.0137	0.0267	0.0796	0.0478	-0.0328	0.2453	-0.326	-0.913	87	167	54	3	1	0.0038	0.5	1	0.0137
0.0137	0.0471	0.0862	0.0392	-0.0572	0.1311	0.9777	-0.1639	166	168	54	3	2	0.0038	0.5	0	0.0137
0.0137	0.0155	0.0896	0.0834	-0.0615	-0.4937	0.8676	0.0587	167	0	54	3	3	0.0036	0.2083	0	0.0122
0.012	0.0815	-0.2014	-0.0184	-0.0348	-0.9075	-0.4176	0.0446	93	170	23	3	1	0.0068	0.225	0	0.0186
0.0115	0.0577	-0.2508	-0.0613	-0.0288	-0.3503	-0.889	0.2948	169	171	23	3	2	0.001	0.3333	0	0.0151
0.0084	0.0436	-0.2683	-0.1115	-0.0045	0.0676	-0.9894	0.1282	170	172	23	3	3	0.0047	0.375	0	0.0084
0.0064	0.0402	-0.284	-0.1468	0.0033	-0.3903	-0.9204	-0.0223	171	173	23	3	4	0.01	0.05	0	0.01
0.0043	0.0427	-0.2876	-0.1419	0.0014	0.9522	-0.2696	0.1435	172	0	23	3	5	0.0067	0.2	0	0.01
0.0096	0.0461	-0.2843	0.0437	0.05	0.7861	0.4321	0.442	97	175	24	3	1	0.0027	0.5417	0	0.0139
0.0096	0.0437	-0.2502	0.0704	0.0818	0.8788	0.4632	-0.1149	174	176	24	3	2	0.0058	0.5417	0	0.0096
0.0096	0.0006	-0.2322	0.0864	0.0702	-0.1121	0.9573	-0.2666	175	0	24	3	3	0.0036	0.2917	0	0.0127
0.0114	0.0678	-0.2784	0.0412	0.0176	-0.0314	-0.7214	-0.6918	96	178	90	3	1	0.0033	0.225	0	0.0171
0.0106	0.0126	-0.2873	-0.0058	-0.0302	-0.1504	-0.8294	-0.538	177	179	90	3	2	0.01	0.05	0	0.01
0.0103	0.0326	-0.2892	-0.0163	-0.037	-0.5224	0.0409	-0.8517	178	180	90	3	3	0.01	0.05	0	0.01
0.01	0.0182	-0.3062	-0.015	-0.0648	0.2417	-0.8629	-0.4437	179	0	90	3	4	0.01	0.05	0	0.01
0.0114	0.0633	-0.1074	0.0765	0.0533	0.2652	0.0539	0.9627	0	182	57	0	1	0.0023	0.5417	0	0.0114
0.0114	0.0205	-0.0854	0.0878	0.1141	0.4325	-0.2631	0.8624	181	0	57	0	2	0.01	0.05	0	0.01
0.008	0.0372	-0.027	0.0682	0.1471	-0.535	-0.7841	-0.3146	118	184	68	3	1	0.0025	0.4583	0	0.0105
0.008	0.0196	-0.035	0.0368	0.1371	0.1846	0.2849	-0.9406	183	185	68	3	2	0.001	0.25	0	0.01
0.008	0.01	-0.0327	0.0441	0.1237	0.3367	-0.8664	0.3688	184	186	68	3	3	0.01	0.05	0	0.01
0.008	0.0161	-0.0292	0.0354	0.1284	0.9933	0.1023	-0.0546	185	0	68	3	4	0.01	0.05	0	0.01
0.0093	0.0872	-0.0626	0.2328	0.0669	0.9986	0.016	0.0507	120	188	59	3	1	0.0011	0.2917	0	0.0093
0.008	0.0878	0.0033	0.2469	0.0823	0.3364	0.8725	-0.3543	187	189	59	3	2	0.0101	0.25	0	0.008
0.0081	0.0617	0.048	0.3221	0.0601	0.2072	0.9566	-0.2048	188	190	59	3	3	0.01	0.05	0	0.01
0.0079	0.0445	0.0668	0.378	0.0405	0.3195	0.9354	-0.1515	189	191	59	3	4	0.0015	0.25	0	0.0139
0.0056	0.0272	0.0955	0.387	0.0042	0.47	0.6978	-0.5405	190	192	59	3	5	0.01	0.05	0	0.01
0.0045	0.0333	0.0366	0.384	0.0063	-0.3607	0.7262	-0.5853	191	0	59	3	6	0.01	0.05	0	0.01
0.005	0.102	-0.0652	0.233	0.0677	0.8452	-0.3418	0.4107	120	0	60	3	1	0.002	0.3333	0	0.0114
0.0146	0.0471	0.0447	-0.1934	-0.0495	0.0559	-0.6104	-0.7901	0	195	14	0	1	0.0026	0.4583	0	0.0146
0.0146	0.0129	0.051	-0.2198	-0.0774	0.3037	-0.944	0.1289	194	196	14	0	2	0.01	0.05	0	0.01
0.0146	0.0306	0.0549	-0.232	-0.0758	0.6304	-0.7627	0.1447	195	0	14	0	3	0.01	0.05	0	0.01
0.0103	0.0631	-0.0556	-0.3021	-0.0016	0.765	0.637	-0.0948	155	198	71	4	1	0.0032	0.5	0	0.0103
0.0103	0.0262	-0.008	-0.2615	-0.0067	0.4527	0.8912	-0.0276	197	199	71	4	2	0.01	0.05	0	0.01
0.0103	0.0024	-0.004	-0.2444	-0.0213	0.1839	0.8562	-0.4827	198	0	71	4	3	0.0042	0.175	0	0.0209
0.009	0.0526	-0.1024	0.0809	0.1139	-0.4166	0.6568	-0.6286	181	201	97	1	1	0.0028	0.5417	0	0.009
0.009	0.0105	-0.124	0.1161	0.0804	-0.6641	-0.214	-0.7164	200	202	97	1	2	0.01	0.05	0	0.01
0.009	0.0133	-0.1305	0.114	0.0723	-0.5496	0.7902	-0.271	201	0	97	1	3	0.002	0.3333	0	0.0084
0.0167	0.0458	-0.1264	0.1019	0.0898	-0.3618	-0.922	-0.1381	200	204	65	2	1	0.0033	0.4167	0	0.0167
0.0167	0.0366	-0.1358	0.0731	0.079	0.5844	-0.0412	0.8104	203	205	65	2	2	0.003	0.2	0	0.0091
0.0167	0.0055	-0.1116	0.0673	0.1103	0.2592	0.4862	0.8345	204	0	65	2	3	0.0024	0.2917	0	0.0122
