radius (m)	length (m)	start_point	axis_direction	parent	extension	branch	branch_order	position_in_branch	mad	SurfCov	added	UnmodRadius (m)
0.0114	0.0844	-0.0163	-0.2244	-0.0612	-0.3945	0.7912	0.4674	0	2	1	0	1	0.0023	0.4583	0	0.0122
0.0098	0.0394	-0.0567	-0.1671	-0.0203	-0.5565	0.5165	0.6507	1	3	1	0	2	0.01	0.05	0	0.01
0.0105	0.0717	-0.0581	-0.1621	-0.0092	0.6103	0.7917	0.0272	2	4	1	0	3	0.0008	0.375	0	0.0112
0.0086	0.0283	-0.0159	-0.1036	-0.0085	0.5512	0.7458	0.3741	3	5	1	0	4	0.0009	0.3333	0	0.0086
0.0079	0.0372	0.0011	-0.0862	0.0072	0.7752	0.5874	0.2325	4	6	1	0	5	0.0042	0.375	0	0.0079
0.0094	0.0317	0.0248	-0.0537	0.0127	0.8665	0.4668	0.1767	5	7	1	0	6	0.01	0.05	0	0.01
0.0097	0.0003	0.0217	-0.039	0.0152	-0.0043	1	0.0017	6	8	1	0	7	0.0006	0.4167	0	0.0099
0.0092	0.0191	0.0229	-0.0381	0.0247	-0.1722	0.9841	-0.043	7	9	1	0	8	0.01	0.05	0	0.01
0.0068	0.0207	0.0306	-0.0295	0.0159	0.4578	0.8	-0.3878	8	10	1	0	9	0.0002	0.4167	0	0.0046
0.0066	0.069	0.0394	-0.0132	0.0082	-0.4022	0.8926	-0.2038	9	11	1	0	10	0.0008	0.25	0	0.006
0.0086	0.0433	0.0077	0.0466	-0.0019	-0.5361	0.8328	-0.1379	10	12	1	0	11	0.01	0.05	0	0.01
0.0078	0.0271	0.0181	0.0722	-0.0203	0.0208	0.7922	-0.6098	11	13	1	0	12	0.0005	0.375	0	0.0078
0.0065	0.0311	0.0336	0.0787	-0.0108	0.7102	0.704	-0.0046	12	14	1	0	13	0.0009	0.4583	0	0.0065
0.0074	0.0331	0.0565	0.0933	0.0004	0.7923	0.5391	0.2857	13	15	1	0	14	0.0062	0.4375	0	0.0074
0.0077	0.0267	0.0875	0.1135	-0.0045	0.9143	0.2214	0.3393	14	16	1	0	15	0.0052	0.4688	0	0.008
0.0062	0.0325	0.0824	0.1158	0.008	-0.1171	0.9924	0.0389	15	17	1	0	16	0.0063	0.4167	0	0.0062
0.0062	0.0272	0.0843	0.1504	0.0126	-0.4593	0.8649	0.2025	16	18	1	0	17	0.0032	0.4063	0	0.0062
0.006	0.0369	0.0618	0.1544	0.0089	-0.8604	0.4969	-0.1132	17	19	1	0	18	0.01	0.05	0	0.01
0.0057	0.006	0.072	0.1668	0.0164	0.0727	0.9698	0.2326	18	20	1	0	19	0.01	0.05	0	0.01
0.0054	0.008	0.0727	0.171	0.0172	-0.648	-0.3311	0.6859	19	0	1	0	20	0.01	0.05	0	0.01
0.0071	0.0287	-0.0638	-0.1526	-0.0067	-0.9869	0.0552	-0.1515	3	22	2	1	1	0.0023	0.375	0	0.0068
0.0091	0.0233	-0.0886	-0.1508	-0.0113	0.0693	-0.9944	-0.0798	21	23	2	1	2	0.0011	0.3333	0	0.0092
0.0087	0.0035	-0.0832	-0.1619	-0.0103	0.8739	-0.3537	0.3334	22	24	2	1	3	0.01	0.05	0	0.01
0.0085	0.0341	-0.0805	-0.1604	-0.0169	-0.9365	-0.3423	-0.0763	23	25	2	1	4	0.0011	0.25	0	0.0112
0.0055	0.0588	-0.1114	-0.1797	-0.0136	-0.993	-0.1165	0.0203	24	0	2	1	5	0.01	0.05	0	0.01
0.0074	0.0359	0.0173	-0.0838	0.01	0.8529	-0.4423	0.2773	5	27	4	1	1	0.002	0.5417	0	0.0074
0.0054	0.0423	0.0478	-0.0885	0.0225	0.9964	-0.0046	0.0847	26	28	4	1	2	0.0031	0.4375	0	0.0039
0.0071	0.0321	0.0877	-0.0842	0.029	0.9196	0.3571	0.1636	27	29	4	1	3	0.01	0.05	0	0.01
0.0072	0.0093	0.1205	-0.0862	0.0331	0.9728	0.2301	0.0277	28	30	4	1	4	0.001	0.375	0	0.0094
0.0069	0.04	0.1285	-0.0809	0.0326	0.7928	0.3688	0.4852	29	31	4	1	5	0.0007	0.25	0	0.0106
0.007	0.0382	0.1577	-0.0611	0.0482	0.7181	0.609	0.3367	30	32	4	1	6	0.0011	0.375	0	0.0092
0.0059	0.0652	0.1917	-0.0505	0.0564	0.895	0.3728	0.2449	31	33	4	1	7	0.0042	0.25	0	0.0061
0.0052	0.0614	0.2493	-0.0401	0.0723	0.9771	-0.0497	0.2069	32	34	4	1	8	0.01	0.05	0	0.01
0.0048	0.0144	0.2526	-0.0135	0.0744	0.45	0.8893	0.0821	33	0	4	1	9	0.0013	0.1	0	0.01
0.0089	0.0301	0.0118	-0.0508	0.0144	-0.7122	0.7005	-0.0464	6	36	7	1	1	0.01	0.05	0	0.01
0.0089	0.0455	-0.0127	-0.0225	0.0112	-0.9236	-0.345	0.1673	35	37	7	1	2	0.0006	0.2917	0	0.01
0.0088	0.0254	-0.0537	-0.0305	0.0258	-0.9923	0.0092	0.1234	36	38	7	1	3	0.01	0.05	0	0.01
0.0087	0.0178	-0.0536	-0.0222	0.0219	-0.3142	0.9484	-0.0425	37	39	7	1	4	0.01	0.05	0	0.01
0.0087	0.0066	-0.0582	-0.0081	0.0182	-0.3553	0.6196	-0.6999	38	40	7	1	5	0.0006	0.3333	0	0.0129
0.0086	0.0457	-0.059	-0.0024	0.0137	-0.6492	0.6365	-0.4163	39	41	7	1	6	0.0007	0.3333	0	0.0096
0.008	0.0395	-0.0952	0.0176	-0.0019	-0.7802	0.3721	-0.5027	40	42	7	1	7	0.01	0.05	0	0.01
0.0059	0.0123	-0.1108	0.0467	-0.0039	-0.5783	0.8012	-0.1536	41	43	7	1	8	0.0009	0.375	0	0.0059
0.0072	0.0012	-0.1137	0.0558	-0.0114	-0.4323	0.7911	-0.4328	42	44	7	1	9	0.01	0.05	0	0.01
0.0071	0.0577	-0.1231	0.055	-0.0044	-0.5416	0.6965	-0.4707	43	45	7	1	10	0.0008	0.3333	0	0.0079
0.007	0.0467	-0.1446	0.0997	-0.0234	-0.2925	0.9388	-0.182	44	46	7	1	11	0.0005	0.2917	0	0.0099
0.0052	0.023	-0.1534	0.1415	-0.0405	-0.0277	0.9676	-0.2508	45	47	7	1	12	0.01	0.05	0	0.01
0.0046	0.0438	-0.1636	0.1615	-0.0405	-0.2831	0.953	-0.1078	46	48	7	1	13	0.01	0.05	0	0.01
0.004	0.0232	-0.1562	0.1546	-0.0406	-0.9108	-0.3488	0.2208	47	0	7	1	14	0.01	0.05	0	0.01
0.0062	0.0659	0.0441	0.0982	-0.0113	-0.9521	-0.3027	-0.0423	13	50	10	1	1	0.002	0.375	0	0.0068
0.006	0.0822	-0.0144	0.0841	-0.02	-0.8208	0.5706	-0.0262	49	51	10	1	2	0.0012	0.2917	0	0.01
0.0055	0.0456	-0.0872	0.1199	-0.0186	-0.9046	0.4237	-0.0463	50	52	10	1	3	0.0055	0.325	0	0.0098
0.0041	0.0355	-0.1261	0.1423	-0.0165	-0.907	0.156	0.3912	51	53	10	1	4	0.0017	0.175	0	0.01
0.0036	0.0157	-0.1563	0.1332	-0.0147	-0.9644	-0.2336	0.1238	52	54	10	1	5	0.0026	0.2	0	0.01
0.0031	0.0368	-0.1274	0.1233	-0.0151	0.1185	0.9483	-0.2946	53	0	10	1	6	0.0018	0.175	0	0.01
0.0059	0.0199	0.0936	0.1454	0.0089	0.8818	-0.3221	-0.3444	17	56	12	1	1	0.0022	0.3333	1	0.0094
0.0057	0.0697	0.1112	0.139	0.0021	0.887	-0.4617	-0.0051	55	57	12	1	2	0.0022	0.3333	0	0.0094
0.0051	0.0015	0.1689	0.1042	-0.0052	0.8715	-0.1574	-0.4644	56	58	12	1	3	0.01	0.05	0	0.01
0.0051	0.0464	0.1708	0.117	-0.0141	0.9792	0.0733	0.1895	57	59	12	1	4	0.0009	0.3333	0	0.0101
0.0037	0.0042	0.2144	0.1227	-0.0085	0.8879	0.0655	-0.4553	58	60	12	1	5	0.002	0.125	0	0.01
0.0031	0.0208	0.2168	0.1186	-0.0144	0.9662	-0.2498	-0.0636	59	0	12	1	6	0.0015	0.15	0	0.01
0.0052	0.0437	0.0821	0.1711	0.014	0.9471	0.0134	-0.3205	20	62	13	1	1	0.01	0.05	1	0.01
0.0052	0.0218	0.1235	0.1717	0	0.6797	-0.7263	-0.1025	61	63	13	1	2	0.01	0.05	0	0.01
0.0052	0.0093	0.1438	0.1584	0.001	0.421	-0.9069	-0.0158	62	64	13	1	3	0.01	0.05	0	0.01
0.0052	0.0048	0.1476	0.1472	0.0019	0.8123	0.1534	0.5626	63	0	13	1	4	0.01	0.05	0	0.01
0.0073	0.0545	0.0037	-0.0554	0.0153	-0.8731	-0.4775	0.0984	35	66	9	2	1	0.0006	0.4167	1	0.0073
0.0073	0.0226	-0.0438	-0.0814	0.0207	0.6396	-0.5578	-0.5289	65	67	9	2	2	0.0006	0.4167	0	0.0073
0.0073	0.0031	-0.0289	-0.0947	0.0087	0.7977	0.5569	0.2312	66	0	9	2	3	0.01	0.05	0	0.01
