radius (m)	length (m)	start_point	axis_direction	parent	extension	branch	branch_order	position_in_branch	mad	SurfCov	added	UnmodRadius (m)
0.0201	0.0711	-0.0545	-0.0948	-0.1432	0.5135	-0.1568	0.8436	0	2	1	0	1	0.0038	0.75	0	0.0201
0.0288	0.06	-0.0231	-0.1173	-0.1018	-0.9528	-0.0559	0.2985	1	3	1	0	2	0.0028	0.5	0	0.0307
0.0201	0.0507	-0.0784	-0.1174	-0.0888	-0.7823	-0.3413	-0.5211	2	4	1	0	3	0.0038	0.2	0	0.0096
0.0201	0.0297	-0.1162	-0.0996	-0.1177	-0.857	0.0824	0.5086	3	5	1	0	4	0.0032	0.2	0	0.0106
0.0201	0.0274	-0.1175	-0.0951	-0.0874	-0.5238	-0.1205	0.8433	4	0	1	0	5	0.0022	0.1	0	0.01
0.0103	0.093	-0.1312	-0.1127	-0.0868	-0.7714	-0.615	0.1636	5	7	2	1	1	0.0033	0.4167	0	0.0102
0.0104	0.0226	-0.2019	-0.1709	-0.0803	-0.8843	-0.4641	-0.0513	6	8	2	1	2	0.0011	0.2083	0	0.0107
0.0102	0.0051	-0.2115	-0.1758	-0.0781	0.5128	-0.8313	-0.2146	7	0	2	1	3	0.01	0.05	0	0.01
0.0175	0.1091	-0.0409	-0.0927	-0.0826	-0.0988	0.6722	0.7337	2	10	3	1	1	0.0033	0.5417	0	0.0175
0.02	0.0446	-0.0422	-0.0196	-0.0101	0.3491	0.8423	0.4106	9	11	3	1	2	0.0021	0.5833	0	0.0204
0.017	0.0587	-0.0292	0.012	0.0153	0.3168	0.6707	0.6707	10	12	3	1	3	0.002	0.6667	0	0.017
0.0128	0.0537	-0.0067	0.058	0.0639	0.9062	0.0456	-0.4205	11	13	3	1	4	0.0016	0.5417	0	0.0119
0.0126	0.0629	0.0421	0.0592	0.0467	0.8019	0.5856	0.1182	12	14	3	1	5	0.0017	0.5833	0	0.0126
0.0161	0.0588	0.0888	0.0785	0.0615	0.9745	-0.1316	0.1816	13	15	3	1	6	0.0024	0.4583	0	0.0163
0.0153	0.0399	0.1455	0.0963	0.0563	0.9858	-0.0712	-0.1523	14	16	3	1	7	0.0021	0.5417	0	0.0153
0.0152	0.0331	0.187	0.0901	0.0516	0.8481	0.4279	-0.3125	15	17	3	1	8	0.0017	0.5833	0	0.0153
0.0161	0.0315	0.2165	0.0984	0.0439	0.9648	0.2576	0.0523	16	18	3	1	9	0.0016	0.2917	0	0.0191
0.0119	0.0117	0.2472	0.1204	0.0578	0.9482	-0.2223	0.2268	17	0	3	1	10	0.0019	0.375	0	0.0077
0.0217	0.0505	-0.0243	-0.1336	-0.0762	0.6097	-0.7796	0.1429	2	20	34	1	1	0.0032	0.4688	0	0.0218
0.0188	0.0828	-0.0114	-0.1752	-0.0848	0.3749	-0.8762	-0.3028	19	21	34	1	2	0.0023	0.5417	0	0.0188
0.0188	0.0179	0.0334	-0.2404	-0.1104	-0.0105	-0.0585	-0.9982	20	22	34	1	3	0.0042	0.225	0	0.0136
0.0188	0.0083	0.0293	-0.2414	-0.1282	-0.0083	-0.8304	-0.5571	21	23	34	1	4	0.004	0.05	0	0.01
0.0188	0.0066	0.034	-0.2459	-0.1198	0.7896	0.4885	-0.3713	22	0	34	1	5	0	0.025	0	0.0082
0.0143	0.0377	-0.0681	-0.0254	-0.0123	-0.8546	0.4159	0.3109	9	25	6	2	1	0.0041	0.7083	1	0.0143
0.0143	0.0641	-0.1003	-0.0097	-0.0005	-0.2851	0.9236	0.2562	24	0	6	2	2	0.0041	0.7083	0	0.0143
0.012	0.075	0.0561	0.0555	0.0421	0.6559	-0.6201	-0.4305	13	27	9	2	1	0.0018	0.6667	1	0.0133
0.012	0.0538	0.1052	0.009	0.0098	0.6207	-0.6201	0.4799	26	28	9	2	2	0.0018	0.6667	0	0.0133
0.0119	0.0499	0.1509	-0.0186	0.0359	0.4174	-0.8882	-0.1923	27	29	9	2	3	0.0017	0.5417	0	0.0124
0.0113	0.0495	0.1714	-0.0587	0.0214	0.834	-0.3899	-0.3905	28	30	9	2	4	0.0011	0.4167	0	0.0113
0.0113	0.0172	0.2136	-0.0798	-0.0018	0.9755	0.0029	0.2202	29	0	9	2	5	0.01	0.05	0	0.01
0.0156	0.0675	0.0013	0.0484	0.0407	-0.9965	0.0686	0.0468	11	32	35	2	1	0.0049	0.2	0	0.0218
0.0155	0.0613	-0.0887	0.0792	0.0388	-0.7203	-0.6621	-0.2067	31	33	35	2	2	0.0055	0.3	0	0.0287
0.0138	0.0204	-0.1372	0.0419	0.0339	-0.4888	-0.8669	0.0983	32	34	35	2	3	0.0009	0.2917	0	0.0138
0.0131	0.0765	-0.1464	0.0325	0.0426	-0.4809	0.575	-0.6619	33	35	35	2	4	0.0021	0.5417	0	0.0131
0.0137	0.0391	-0.1875	0.0672	0.002	-0.9342	0.0576	-0.3522	34	36	35	2	5	0.0012	0.375	0	0.0137
0.0103	0.0034	-0.2221	0.0638	-0.008	-0.9483	-0.1425	0.2836	35	37	35	2	6	0.0052	0.6667	0	0.0097
0.0145	0.046	-0.2382	0.0588	-0.0046	-0.2835	0.3082	-0.9081	36	38	35	2	7	0.0033	0.225	0	0.0277
0.0106	0.0496	-0.2465	0.0687	-0.0443	-0.5209	-0.7621	-0.3845	37	39	35	2	8	0.0013	0.5417	0	0.0106
0.0106	0.0249	-0.2651	0.035	-0.0717	-0.2973	-0.7276	-0.6183	38	40	35	2	9	0.0008	0.4167	0	0.0106
0.0134	0.0479	-0.2743	0.0321	-0.0852	-0.8586	-0.042	-0.5109	39	41	35	2	10	0.0012	0.3333	0	0.0152
0.01	0.0089	-0.3098	0.0448	-0.0987	-0.5594	0.6253	-0.5442	40	42	35	2	11	0.01	0.05	0	0.01
0.01	0.0279	-0.3147	0.0504	-0.1035	-0.19	-0.5413	-0.8191	41	43	35	2	12	0.01	0.05	0	0.01
0.01	0.0261	-0.32	0.0353	-0.1264	-0.0053	-0.9531	-0.3025	42	0	35	2	13	0.01	0.05	0	0.01
0.0145	0.0296	0.1981	0.0773	0.0456	0.323	-0.9251	-0.1996	15	45	13	2	1	0.0035	0.5	1	0.0153
0.0145	0.066	0.2076	0.0499	0.0397	0.9079	-0.2701	0.3205	44	46	13	2	2	0.0035	0.5	0	0.0153
0.0144	0.0332	0.2778	0.0256	0.0711	0.1176	0.8879	0.4447	45	47	13	2	3	0.0015	0.2917	0	0.0181
0.0142	0.0435	0.277	0.0546	0.0802	0.0737	-0.9972	0.0104	46	48	13	2	4	0.0013	0.3333	0	0.0143
0.0129	0.0431	0.28	0.0114	0.0801	0.0074	-0.9548	-0.2973	47	49	13	2	5	0.0011	0.375	0	0.0129
0.0141	0.0132	0.2913	-0.0277	0.0833	0.3454	-0.9303	-0.1231	48	50	13	2	6	0.008	0.4375	0	0.0164
0.0094	0.0356	0.2827	-0.0535	0.0663	0.4365	-0.8271	0.3542	49	51	13	2	7	0.0039	0.5625	0	0.009
0.0119	0.0448	0.2949	-0.083	0.0767	-0.1534	-0.9535	0.2594	50	52	13	2	8	0.0056	0.575	0	0.0119
0.0076	0.0075	0.2994	-0.1195	0.0782	0.4806	-0.8769	-0.006	51	53	13	2	9	0.0051	0.5313	0	0.0071
0.0091	0.0407	0.3083	-0.1236	0.0873	0.3514	-0.9347	0.0532	52	54	13	2	10	0.0041	0.4375	0	0.0095
0.0071	0.0545	0.3256	-0.1594	0.0911	0.4142	-0.8342	0.364	53	0	13	2	11	0.0018	0.375	0	0.0067
0.006	0.0833	0.2167	0.089	0.0486	0.8464	0.3349	0.4141	16	56	21	2	1	0.0041	0.24	0	0.0113
0.0063	0.0131	0.2851	0.1153	0.0818	0.5488	-0.8276	0.1178	55	0	21	2	2	0.01	0.05	0	0.01
0.0147	0.0464	-0.0183	-0.1707	-0.0833	-0.8705	-0.3866	-0.3046	19	0	4	2	1	0.0044	0.375	0	0.0147
0.0114	0.0322	0.1165	-0.0043	0.0058	0.1576	-0.3235	-0.933	27	59	14	3	1	0.002	0.5833	1	0.0128
0.0114	0.0482	0.1216	-0.0147	-0.0242	-0.5007	-0.6187	-0.6054	58	60	14	3	2	0.002	0.5833	0	0.0128
0.0114	0.0294	0.0959	-0.0432	-0.0526	-0.4483	0.0131	-0.8938	59	61	14	3	3	0.0014	0.5833	0	0.0161
0.0114	0.0174	0.088	-0.0465	-0.0913	0.2149	0.9575	-0.1926	60	0	14	3	4	0.0034	0.4167	0	0.013
0.0118	0.1104	0.154	-0.0433	0.0208	0.4257	0.9031	-0.0568	29	63	15	3	1	0.0044	0.4063	0	0.0118
0.0118	0.0095	0.1947	0.0438	-0.005	-0.4855	0.7964	-0.3606	62	0	15	3	2	0.0023	0.2917	0	0.0188
0.0138	0.0428	0.1818	-0.0744	0.0085	-0.8071	-0.3309	-0.489	29	65	36	3	1	0.0028	0.5	0	0.0138
0.0138	0.0394	0.1401	-0.0876	-0.0058	-0.5501	0.5021	-0.6673	64	0	36	3	2	0.0015	0.4583	0	0.0143
0.0125	0.1269	-0.0717	0.0647	0.0549	-0.6508	0.7396	-0.1718	31	67	10	3	1	0.0016	0.5417	0	0.0125
0.0125	0.0717	-0.1413	0.1669	0.0324	-0.4762	0.7002	-0.5319	66	68	10	3	2	0.0021	0.5	0	0.0147
0.0125	0.0143	-0.1672	0.2118	-0.0155	0.6123	0.7847	0.0967	67	0	10	3	3	0.005	0.2917	0	0.0117
0.0106	0.029	-0.1216	0.0693	0.036	-0.7938	0.5765	0.1935	32	70	11	3	1	0.0014	0.5417	1	0.0106
0.0106	0.0445	-0.1446	0.086	0.0416	-0.5184	0.2426	-0.82	69	71	11	3	2	0.0014	0.5417	0	0.0106
0.0106	0.0255	-0.1687	0.0963	0.0067	-0.685	-0.4255	-0.5913	70	0	11	3	3	0.0046	0.375	0	0.0134
0.0055	0.0849	-0.2294	0.0706	-0.0105	0.6022	-0.7948	0.0752	37	73	12	3	1	0.0081	0.38	1	0.0115
0.0055	0.0088	-0.1946	-0.0127	-0.0096	0.68	-0.7292	0.0763	72	0	12	3	2	0.0034	0.325	0	0.0115
0.005	0.1251	-0.1572	0.0248	0.0259	-0.3783	0.8939	-0.2403	33	0	19	3	1	0.0027	0.3333	0	0.0106
0.0101	0.0715	-0.2616	0.0173	-0.0787	0.6218	-0.7236	0.2996	39	76	27	3	1	0.0031	0.5417	0	0.0102
0.0099	0.063	-0.2184	-0.0342	-0.057	-0.2937	-0.8353	-0.4647	75	77	27	3	2	0.0012	0.375	0	0.0099
0.0098	0.0501	-0.211	-0.0827	-0.0813	0.2332	-0.783	-0.5766	76	78	27	3	3	0.0088	0.45	0	0.0098
0.0098	0.0613	-0.1932	-0.117	-0.1037	0.7518	-0.6157	-0.2362	77	79	27	3	4	0.0077	0.3438	0	0.008
0.0098	0.03	-0.2133	-0.1323	-0.0912	0.1837	0.9288	-0.3219	78	0	27	3	5	0.0017	0.3333	0	0.0088
0.0103	0.0858	0.2694	-0.0303	0.0743	-0.3175	-0.8035	-0.5036	48	81	22	3	1	0.0032	0.5417	0	0.0112
0.0103	0.0352	0.2305	-0.0946	0.034	-0.4226	-0.8189	-0.3884	80	82	22	3	2	0.004	0.5417	0	0.0103
0.0103	0.0076	0.2172	-0.1275	0.026	-0.8305	-0.5348	-0.1556	81	0	22	3	3	0.01	0.05	0	0.01
0.0049	0.0342	0.2813	-0.0928	0.0801	0.1075	-0.6024	-0.7909	51	84	30	3	1	0.0014	0.375	0	0.0091
0.0025	0.0168	0.281	-0.1133	0.0511	-0.3005	-0.7436	0.5973	83	85	30	3	2	0.0065	0.2	0	0.01
0.0025	0.0317	0.2717	-0.1244	0.0636	0.4903	-0.0399	0.8706	84	0	30	3	3	0.0005	0.1	0	0.01
0.0093	0.0417	-0.2268	-0.0533	-0.0789	-0.869	0.1042	-0.4837	76	87	31	4	1	0.003	0.5417	0	0.0125
0.0093	0.013	-0.2566	-0.0437	-0.0909	0.2426	0.722	-0.6479	86	88	31	4	2	0.006	0.7083	0	0.0093
0.0093	0.0248	-0.255	-0.0305	-0.0958	-0.3713	0.5383	-0.7565	87	0	31	4	3	0.0015	0.375	0	0.0114
0.0112	0.0737	0.2511	-0.0235	0.0339	-0.4846	0.4034	-0.7762	0	90	41	0	1	0.0032	0.5	0	0.0107
0.0165	0.0102	0.232	0.0215	-0.0027	-0.5104	0.8354	-0.2038	89	91	41	0	2	0.0051	0.5833	0	0.0197
0.009	0.0178	0.2314	0.0252	-0.0037	0.5311	0.6299	0.5667	90	0	41	0	3	0.0048	0.4375	0	0.009
