radius (m)	length (m)	start_point	axis_direction	parent	extension	branch	branch_order	position_in_branch	mad	SurfCov	added	UnmodRadius (m)
0.0091	0.0634	-0.0001	0.2056	-0.0904	-0.5985	-0.494	0.6308	0	2	1	0	1	0.0023	0.4583	0	0.008
0.0133	0.0392	-0.0338	0.1714	-0.0621	0.4442	-0.818	0.3655	1	3	1	0	2	0.0011	0.25	0	0.0156
0.01	0.0006	-0.0132	0.1477	-0.0381	0.7012	-0.64	0.3142	2	4	1	0	3	0.01	0.05	0	0.01
0.01	0.0271	-0.0124	0.148	-0.0349	0.8314	-0.5553	0.0192	3	5	1	0	4	0.01	0.05	0	0.01
0.01	0.0043	0.0113	0.1322	-0.0344	0.2242	0.2954	0.9287	4	6	1	0	5	0.01	0.05	0	0.01
0.0126	0.1542	-0.0515	0.1114	-0.0653	0.1893	-0.9488	0.2527	5	7	1	0	6	0.0212	0.1	0	0.0858
0.01	0.0138	-0.051	-0.0258	-0.0428	-0.2185	-0.9644	-0.1486	6	8	1	0	7	0.01	0.05	0	0.01
0.0113	0.1729	-0.0306	-0.1476	0.0405	0.945	0.3025	0.1247	7	9	1	0	8	0.0016	0.0222	0	0.1422
0.01	0.1449	0.2167	-0.201	-0.0291	0.85	0.4699	0.2381	8	10	1	0	9	0.01	0.05	0	0.01
0.0104	0.0328	0.1635	-0.1968	-0.0431	0.0958	-0.7559	0.6476	9	11	1	0	10	0.0084	0.4167	0	0.011
0.0095	0.0238	0.1767	-0.2238	-0.0406	-0.6948	-0.6568	-0.2931	10	12	1	0	11	0.01	0.05	0	0.01
0.0093	0.0181	0.1768	-0.2219	-0.0376	-0.5691	0.0771	0.8186	11	13	1	0	12	0.01	0.05	0	0.01
0.0091	0.0277	0.1668	-0.2205	-0.0228	-0.1231	0.992	-0.0265	12	0	1	0	13	0.01	0.05	0	0.01
0.0088	0.0638	-0.0027	0.2135	-0.0867	-0.2088	-0.3325	0.9197	1	15	33	1	1	0.0012	0.4167	0	0.0088
0.0088	0.2659	-0.0222	0.1848	-0.0203	-0.7861	0.6171	-0.0356	14	16	33	1	2	0.0009	0.0972	0	0.013
0.0088	0.0256	-0.232	0.3536	-0.0336	-0.8364	0.2492	0.4881	15	17	33	1	3	0.0011	0.3333	0	0.0109
0.0088	0.0001	-0.2523	0.3517	-0.0314	-0.8558	0.3527	-0.3785	16	18	33	1	4	0.01	0.05	0	0.01
0.0088	0.0147	-0.2524	0.3518	-0.0315	0.0565	0.9689	0.2408	17	19	33	1	5	0.01	0.05	0	0.01
0.0088	0.0075	-0.2541	0.3666	-0.0256	-0.53	0.5057	-0.6807	18	0	33	1	6	0.01	0.05	0	0.01
0.0113	0.0821	-0.0406	0.1078	-0.056	0.0129	-0.994	-0.1089	6	21	3	1	1	0.0053	0.1333	0	0.0179
0.01	0.0692	-0.0178	0.0386	-0.0262	-0.2208	-0.8846	0.4108	20	22	3	1	2	0.01	0.05	0	0.01
0.009	0.0488	-0.0392	0.0223	0.0051	-0.2991	-0.102	0.9487	21	23	3	1	3	0.0049	0.5	0	0.009
0.0103	0.0101	-0.0304	0.0171	-0.0323	-0.1885	-0.9808	-0.0503	22	24	3	1	4	0.0012	0.375	0	0.0104
0.0098	0.0448	-0.0285	0.0067	-0.0243	-0.3133	-0.9466	0.0758	23	25	3	1	5	0.01	0.05	0	0.01
0.0093	0.0234	-0.027	0.0078	-0.0253	0.712	-0.3166	-0.6267	24	0	3	1	6	0.01	0.05	0	0.01
0.0098	0.1203	0.0415	-0.114	0.0452	-0.7736	0.4683	-0.427	8	27	11	1	1	0.0025	0.4167	1	0.0098
0.0098	0.0562	-0.0515	-0.0577	-0.0061	0.8305	-0.5108	0.2222	26	28	11	1	2	0.0025	0.4167	0	0.0098
0.01	0.0019	-0.0093	-0.0874	0.0106	0.6644	-0.4488	0.5976	27	29	11	1	3	0.01	0.05	0	0.01
0.0098	0.0468	-0.0091	-0.0912	0.0135	0.9568	-0.1881	0.2217	28	30	11	1	4	0.0014	0.3333	0	0.0086
0.01	0.0216	0.0324	-0.0986	0.0274	0.7414	0.3598	0.5664	29	31	11	1	5	0.01	0.05	0	0.01
0.0098	0.0171	0.045	-0.1027	0.0379	0.575	-0.2797	0.7689	30	32	11	1	6	0.0006	0.3333	0	0.007
0.0107	0.0378	0.0502	-0.111	0.0513	0.3588	-0.5489	-0.755	31	33	11	1	7	0.0006	0.3333	0	0.0126
0.01	0.0226	0.0673	-0.1373	0.0368	0.1455	-0.906	-0.3974	32	34	11	1	8	0.01	0.05	0	0.01
0.0107	0.0063	0.0593	-0.1475	0.0121	0.6406	-0.3443	-0.6863	33	35	11	1	9	0.0045	0.35	0	0.0162
0.0106	0.0465	0.0508	-0.1514	0.0262	0.4694	-0.8492	0.2416	34	36	11	1	10	0.0042	0.375	0	0.0127
0.01	0.042	0.0803	-0.1763	0.0377	0.6745	-0.3728	0.6372	35	37	11	1	11	0.01	0.05	0	0.01
0.0105	0.0534	0.0586	-0.1946	0.033	0.0965	-0.9928	-0.0705	36	38	11	1	12	0.001	0.2917	0	0.0143
0.01	0.038	0.0749	-0.2459	0.0221	0.1204	-0.991	-0.0591	37	39	11	1	13	0.01	0.05	0	0.01
0.01	0.0275	0.0589	-0.2641	0.0301	-0.5781	-0.7638	0.287	38	40	11	1	14	0.01	0.05	0	0.01
0.01	0.0103	0.0648	-0.265	0.0312	0.69	-0.6146	0.3823	39	0	11	1	15	0.01	0.05	0	0.01
0.0113	0.0746	0.173	-0.203	-0.0446	0.9659	-0.1449	0.2147	10	42	13	1	1	0.0029	0.4583	0	0.0113
0.0113	0.0325	0.2576	-0.2208	-0.0359	0.5943	0.2975	0.7472	41	43	13	1	2	0.0085	0.3	0	0.0212
0.0113	0.0513	0.2948	-0.2159	-0.0214	-0.1135	-0.9601	0.2556	42	44	13	1	3	0.0029	0.25	0	0.0489
0.0113	0.0314	0.2954	-0.262	-0.0212	0.3619	-0.9312	-0.0443	43	45	13	1	4	0.01	0.05	0	0.01
0.0113	0.0147	0.3175	-0.28	-0.0238	0.7209	-0.6607	0.2094	44	46	13	1	5	0.0009	0.25	0	0.0117
0.0113	0.0153	0.326	-0.2899	-0.0154	0.7254	0.6175	0.3041	45	0	13	1	6	0.01	0.05	0	0.01
0.0093	0.2405	-0.2509	0.3472	-0.0389	0.8748	-0.445	0.1918	17	48	2	2	1	0.0015	0.4167	0	0.0104
0.0093	0.0029	-0.0425	0.2343	-0.0023	-0.9232	-0.2111	0.3212	47	49	2	2	2	0.01	0.05	0	0.01
0.0093	0.0361	-0.0529	0.2302	-0.0023	-0.4232	0.8974	0.1247	48	50	2	2	3	0.0006	0.375	0	0.0092
0.0093	0.0259	-0.0642	0.2605	-0.0034	-0.0835	0.9162	-0.392	49	51	2	2	4	0.0008	0.375	0	0.0107
0.0093	0.0159	-0.0753	0.2816	-0.0088	-0.4975	0.6626	-0.5599	50	52	2	2	5	0.004	0.5417	0	0.0104
0.0093	0.0348	-0.0824	0.2927	-0.0242	-0.8457	0.5306	-0.0571	51	53	2	2	6	0.0046	0.4583	0	0.0093
0.0093	0.0266	-0.0949	0.3192	-0.0167	-0.3609	0.9233	-0.1312	52	54	2	2	7	0.01	0.05	0	0.01
0.0093	0.0155	-0.1213	0.3238	-0.0227	-0.7609	0.6458	-0.0628	53	55	2	2	8	0.0014	0.4167	0	0.0125
0.0093	0.0321	-0.1292	0.3393	-0.0298	-0.8808	0.4486	-0.1514	54	56	2	2	9	0.01	0.05	0	0.01
0.0093	0.0301	-0.151	0.3324	-0.0383	-0.9162	-0.2189	-0.3357	55	0	2	2	10	0.01	0.05	0	0.01
0.0129	0.0159	-0.2454	0.3681	-0.034	0.6899	0.1412	-0.71	18	58	34	2	1	0.0024	0.4583	1	0.0129
0.0129	0.0403	-0.2345	0.3703	-0.0453	0.9473	-0.1176	0.2979	57	59	34	2	2	0.0024	0.4583	0	0.0129
0.0129	0.0587	-0.1906	0.377	-0.0444	0.901	-0.4333	0.02	58	60	34	2	3	0.0013	0.2917	0	0.0125
0.0129	0.0272	-0.1362	0.3618	-0.0361	0.9744	0.0163	-0.224	59	61	34	2	4	0.01	0.05	0	0.01
0.0129	0.0226	-0.1125	0.3758	-0.0415	0.9104	0.2082	-0.3576	60	0	34	2	5	0.01	0.05	0	0.01
0.0113	0.0325	-0.0254	0.0443	-0.0332	-0.8664	-0.4803	-0.1365	21	63	10	2	1	0.0011	0.5833	1	0.0113
0.0113	0.0388	-0.0535	0.0287	-0.0376	0.7101	0.4171	-0.5672	62	64	10	2	2	0.0011	0.5833	0	0.0113
0.0113	0.0392	-0.0398	0.0466	-0.0722	-0.415	-0.8458	0.3352	63	65	10	2	3	0.0011	0.375	0	0.0102
0.0113	0.0127	-0.0669	0.0157	-0.0648	-0.1293	-0.9816	-0.1402	64	66	10	2	4	0.01	0.05	0	0.01
0.0113	0.0331	-0.0686	0.0032	-0.0666	0.2934	-0.8842	0.3636	65	0	10	2	5	0.01	0.05	0	0.01
0.0093	0.0624	0.0148	-0.0861	0.0205	-0.7899	0.341	0.5097	29	68	18	2	1	0.0019	0.3333	0	0.0124
0.009	0.0037	-0.0346	-0.0719	0.0455	-0.9829	0.135	-0.1248	67	69	18	2	2	0.01	0.05	0	0.01
0.009	0.0271	-0.0506	-0.0683	0.0463	0.2595	0.9376	0.2312	68	70	18	2	3	0.0015	0.3333	0	0.0117
0.007	0.0211	-0.0383	-0.0462	0.0529	0.2234	0.4542	0.8624	69	71	18	2	4	0.0007	0.3333	0	0.007
0.0082	0.0378	-0.0339	-0.0382	0.0646	-0.9899	-0.1215	0.0734	70	72	18	2	5	0.0011	0.2083	0	0.0085
0.0079	0.0309	-0.0738	-0.0416	0.0682	-0.1631	-0.7619	0.6268	71	73	18	2	6	0.0028	0.25	0	0.0296
0.0058	0.0191	-0.0633	-0.0426	0.0836	0.5733	-0.257	0.778	72	74	18	2	7	0.0058	0.3333	0	0.0058
0.0057	0.0245	-0.0569	-0.0514	0.0775	0.7341	0.621	-0.2748	73	75	18	2	8	0.01	0.05	0	0.01
0.0059	0.0439	-0.0463	-0.0599	0.0802	-0.7697	0.4286	0.4731	74	76	18	2	9	0.001	0.25	0	0.0082
0.0041	0.0068	-0.0826	-0.0401	0.096	-0.896	-0.0737	0.4378	75	0	18	2	10	0.0015	0.125	0	0.01
0.009	0.0133	0.0403	-0.0866	0.0277	-0.0478	0.7951	-0.6046	30	78	19	2	1	0.002	0.3333	1	0.009
0.009	0.0404	0.0397	-0.076	0.0197	-0.7459	0.6379	0.1916	77	79	19	2	2	0.002	0.3333	0	0.009
0.0093	0.0183	0.0136	-0.0454	0.0283	-0.7613	0.6472	-0.0383	78	80	19	2	3	0.01	0.05	0	0.01
0.0085	0.0199	-0.0017	-0.0483	0.0333	-0.9308	0.2023	0.3045	79	81	19	2	4	0.0006	0.5	0	0.0085
0.0091	0.0012	-0.0114	-0.0464	0.0431	-0.4001	-0.0222	0.9162	80	82	19	2	5	0.01	0.05	0	0.01
0.009	0.0275	-0.0119	-0.0464	0.0443	-0.723	-0.3278	-0.6081	81	83	19	2	6	0.01	0.05	0	0.01
0.0088	0.0321	-0.0318	-0.0554	0.0276	-0.1264	0.0078	-0.992	82	0	19	2	7	0.01	0.05	0	0.01
0.0053	0.0347	0.0415	-0.0835	0.0343	-0.2259	0.8916	0.3924	30	85	22	2	1	0.0015	0.4583	0	0.0049
0.0095	0.0089	0.0298	-0.0537	0.0402	-0.2384	0.971	-0.0173	84	86	22	2	2	0.01	0.05	0	0.01
0.0095	0.0188	0.0277	-0.045	0.04	-0.2416	0.7185	0.6522	85	87	22	2	3	0.01	0.05	0	0.01
0.0095	0.0112	0.0193	-0.0286	0.0515	0.2206	0.5186	0.8261	86	0	22	2	4	0.01	0.05	0	0.01
0.0082	0.0406	0.053	-0.1962	0.024	0.027	-0.9287	-0.37	37	89	31	2	1	0.0024	0.4583	0	0.0082
0.009	0.0334	0.0465	-0.2334	0.011	-0.1502	-0.9408	-0.3039	88	90	31	2	2	0.01	0.05	0	0.01
0.0082	0.0087	0.0497	-0.2484	-0.0125	0.153	-0.67	-0.7264	89	91	31	2	3	0.0007	0.3333	0	0.0066
0.0088	0.0072	0.0508	-0.2531	-0.0192	-0.4557	-0.425	-0.7821	90	92	31	2	4	0.01	0.05	0	0.01
0.0087	0.0219	0.0475	-0.2562	-0.0249	-0.8025	-0.5076	-0.3135	91	93	31	2	5	0.01	0.05	0	0.01
0.0086	0.016	0.0299	-0.2673	-0.0317	-0.7318	0.6188	-0.2855	92	0	31	2	6	0.01	0.05	0	0.01
0.0083	0.0611	-0.0613	0.2689	-0.0067	0.736	-0.6674	0.1138	51	95	5	3	1	0.0028	0.5	1	0.0083
0.0083	0.0415	-0.0164	0.2281	0.0003	-0.2714	-0.9413	0.2007	94	96	5	3	2	0.0028	0.5	0	0.0083
0.0088	0.0342	-0.0258	0.1876	0.0151	-0.7432	-0.6666	0.0575	95	97	5	3	3	0.0013	0.375	0	0.0123
0.0086	0.0387	-0.0446	0.1701	0.0423	-0.6435	-0.6963	0.3179	96	98	5	3	4	0.01	0.05	0	0.01
0.0086	0.0264	-0.0402	0.1534	0.0439	0.4512	-0.6117	0.6498	97	99	5	3	5	0.01	0.05	0	0.01
0.0085	0.019	-0.0518	0.1628	0.0356	0.3174	0.8004	0.5085	98	100	5	3	6	0.01	0.05	0	0.01
0.0084	0.0213	-0.0458	0.178	0.0453	-0.4728	-0.4919	0.7311	99	0	5	3	7	0.01	0.05	0	0.01
0.0075	0.0584	-0.0733	-0.0577	0.0719	-0.3523	0.0823	-0.9323	72	102	25	3	1	0.0026	0.4583	0	0.0085
0.0069	0.0234	-0.0967	-0.0483	0.0217	-0.553	0.3589	-0.7519	101	103	25	3	2	0.0038	0.5	0	0.0069
0.0072	0.0199	-0.0993	-0.0477	0.0182	-0.6733	-0.7336	0.0925	102	104	25	3	3	0.01	0.05	0	0.01
0.0071	0.0171	-0.112	-0.0645	0.018	0.4597	0.6706	-0.5822	103	105	25	3	4	0.01	0.05	0	0.01
0.0069	0.0193	-0.1041	-0.053	0.008	-0.3304	0.9274	-0.1752	104	0	25	3	5	0.01	0.05	0	0.01
0.0078	0.0317	0.0581	-0.2198	0.0221	0.5319	-0.1239	0.8377	88	107	40	3	1	0.01	0.05	1	0.01
0.0078	0.0386	0.075	-0.2237	0.0486	-0.9423	-0.3015	-0.1451	106	108	40	3	2	0.01	0.05	0	0.01
0.0078	0.0304	0.0386	-0.2354	0.043	-0.6818	-0.6798	-0.2702	107	109	40	3	3	0.01	0.05	0	0.01
0.0078	0.0217	0.0178	-0.256	0.0348	0.0143	-0.997	-0.0765	108	0	40	3	4	0.01	0.05	0	0.01
0.0071	0.01	-0.0911	-0.0606	0.0378	-0.5823	-0.7947	0.1713	101	111	27	4	1	0.01	0.05	1	0.01
0.0071	0.0281	-0.0969	-0.0686	0.0395	-0.7477	0.6606	0.0674	110	112	27	4	2	0.01	0.05	0	0.01
0.0071	0.0204	-0.118	-0.05	0.0414	-0.0356	0.9832	-0.179	111	113	27	4	3	0.01	0.05	0	0.01
0.0071	0.0202	-0.1187	-0.0299	0.0377	0.688	0.5438	-0.4807	112	0	27	4	4	0.01	0.05	0	0.01
