radius (m)	length (m)	start_point	axis_direction	parent	extension	branch	branch_order	position_in_branch	mad	SurfCov	added	UnmodRadius (m)
0.0162	0.0879	0.0988	-0.3544	-0.1681	-0.7022	0.5517	0.45	0	2	1	0	1	0.0035	0.4167	0	0.0169
0.0171	0.061	0.0588	-0.301	-0.1028	-0.2324	0.9726	0.0125	1	3	1	0	2	0.0016	0.3333	0	0.0196
0.011	0.0029	0.0609	-0.2421	-0.0936	0.0338	0.9992	-0.0236	2	4	1	0	3	0.0066	0.5	0	0.0101
0.0109	0.0206	0.036	-0.2274	-0.0793	0.2556	0.9158	-0.3097	3	5	1	0	4	0.0049	0.375	0	0.0054
0.0108	0.0293	0.0436	-0.2177	-0.0795	-0.4458	0.4233	0.7887	4	6	1	0	5	0.01	0.05	0	0.01
0.0106	0.0331	0.0451	-0.2013	-0.0817	-0.1666	0.984	0.0627	5	7	1	0	6	0.0012	0.375	0	0.0102
0.0104	0.0247	0.0459	-0.1738	-0.0797	0.607	0.7517	-0.2576	6	8	1	0	7	0.01	0.05	0	0.01
0.0132	0.0108	0.0515	-0.1544	-0.0953	0.5964	0.5865	-0.5481	7	9	1	0	8	0.0014	0.2917	0	0.0132
0.0156	0.032	0.0636	-0.1551	-0.0963	0.5579	0.7223	0.4087	8	10	1	0	9	0.0013	0.375	0	0.0177
0.01	0.0363	0.0877	-0.1493	-0.1082	0.9719	0.012	0.235	9	11	1	0	10	0.01	0.05	0	0.01
0.0134	0.0786	0.0801	-0.1555	-0.0932	-0.1029	0.9526	0.2864	10	12	1	0	11	0.001	0.4167	0	0.0141
0.01	0.0342	0.0674	-0.0918	-0.0596	0.0476	0.6947	0.7177	11	13	1	0	12	0.01	0.05	0	0.01
0.0118	0.0211	0.059	-0.0682	-0.043	-0.2858	0.8997	0.3299	12	14	1	0	13	0.0006	0.4167	0	0.0121
0.01	0.0386	0.0669	-0.0679	-0.0671	0.1733	-0.8072	0.5642	13	15	1	0	14	0.01	0.05	0	0.01
0.0151	0.0309	0.0686	-0.0864	-0.055	0.1308	0.6337	0.7624	14	16	1	0	15	0.0007	0.4167	0	0.0181
0.0074	0.0268	0.0724	-0.0657	-0.0309	0.9634	0.0903	0.2525	15	17	1	0	16	0.0076	0.4583	0	0.0064
0.0093	0.0239	0.1	-0.0691	-0.0346	0.892	-0.317	0.3224	16	18	1	0	17	0.01	0.05	0	0.01
0.0089	0.0253	0.1035	-0.0643	-0.0129	0.5981	-0.0406	0.8004	17	0	1	0	18	0.01	0.05	0	0.01
0.0119	0.0389	0.083	-0.3418	-0.1399	-0.3603	-0.7611	0.5394	1	20	37	1	1	0.0044	0.5417	0	0.0154
0.0115	0.0425	0.0748	-0.3721	-0.1041	-0.712	0.6305	0.3091	19	21	37	1	2	0.0015	0.4167	0	0.0114
0.0114	0.0203	0.0424	-0.3471	-0.0963	-0.5949	0.8028	-0.0392	20	0	37	1	3	0.01	0.05	0	0.01
0.0097	0.0336	0.0269	-0.2132	-0.0714	-0.8966	0.0833	0.435	5	23	2	1	1	0.0018	0.4167	0	0.0096
0.0098	0.0169	0.0031	-0.2068	-0.0542	-0.4003	0.031	0.9159	22	24	2	1	2	0.01	0.05	0	0.01
0.0102	0.0228	0.0063	-0.1975	-0.0549	-0.7371	0.6701	-0.0872	23	25	2	1	3	0.0012	0.2917	0	0.0105
0.0096	0.0188	-0.0101	-0.178	-0.0498	-0.9956	-0.0391	0.0853	24	0	2	1	4	0.01	0.05	0	0.01
0.0095	0.0474	0.0595	-0.0768	-0.0384	-0.8799	-0.0938	0.4659	12	27	6	1	1	0.0043	0.4167	1	0.0249
0.0095	0.0404	0.02	-0.0777	-0.0084	-0.8214	0.5701	-0.0181	26	28	6	1	2	0.0117	0.25	0	0.0249
0.0095	0.0339	-0.0146	-0.0703	-0.0087	-0.8164	0.0924	0.5701	27	29	6	1	3	0.0032	0.25	0	0.0154
0.0095	0.0079	-0.0385	-0.0744	0.0013	-0.9031	0.076	-0.4226	28	30	6	1	4	0.01	0.05	0	0.01
0.0095	0.0476	-0.0505	-0.066	-0.0116	-0.1499	0.7256	0.6715	29	31	6	1	5	0.0008	0.375	0	0.0136
0.0094	0.005	-0.0614	-0.043	0.025	-0.7153	0.4502	0.5344	30	32	6	1	6	0.01	0.05	0	0.01
0.0089	0.0487	-0.0594	-0.0374	0.0278	-0.4981	0.8276	0.2587	31	33	6	1	7	0.0012	0.4167	0	0.0089
0.0092	0.048	-0.0719	0.0117	0.0392	-0.5548	0.7767	0.2983	32	34	6	1	8	0.0039	0.4	0	0.0092
0.0093	0.0307	-0.1069	0.0424	0.0581	-0.4718	0.8203	0.3234	33	35	6	1	9	0.01	0.05	0	0.01
0.0089	0.005	-0.0994	0.0728	0.0533	-0.154	0.9811	0.1174	34	36	6	1	10	0.0005	0.3333	0	0.0064
0.0089	0.0371	-0.1057	0.0738	0.0477	-0.4607	0.8761	-0.142	35	37	6	1	11	0.0011	0.3333	0	0.0077
0.0092	0.0267	-0.1194	0.1081	0.0439	-0.3519	0.8803	-0.3183	36	38	6	1	12	0.01	0.05	0	0.01
0.0093	0.0208	-0.121	0.1187	0.0444	0.2999	0.6594	0.6893	37	39	6	1	13	0.001	0.3333	0	0.0103
0.0091	0.0054	-0.1104	0.127	0.0615	0.7892	0.6125	-0.0451	38	40	6	1	14	0.01	0.05	0	0.01
0.0093	0.0242	-0.1178	0.133	0.0548	-0.4329	0.2321	0.871	39	41	6	1	15	0.001	0.3333	0	0.0139
0.0092	0.0038	-0.1327	0.1411	0.0703	-0.6622	0.326	0.6747	40	42	6	1	16	0.0015	0.25	0	0.0127
0.009	0.0062	-0.1376	0.1347	0.0652	-0.8386	-0.231	0.4933	41	43	6	1	17	0.01	0.05	0	0.01
0.0089	0.0367	-0.1504	0.1313	0.0711	-0.2298	0.9703	0.076	42	44	6	1	18	0.0009	0.3333	0	0.0078
0.0089	0.0058	-0.1541	0.1642	0.0737	0.491	0.86	0.1389	43	45	6	1	19	0.01	0.05	0	0.01
0.0089	0.0124	-0.1526	0.1692	0.0739	-0.2813	0.7	0.6564	44	0	6	1	20	0.01	0.05	0	0.01
0.0071	0.0306	0.0916	-0.065	-0.0335	0.0919	0.9729	0.2121	16	47	8	1	1	0.0043	0.275	0	0.0201
0.007	0.0108	0.0823	-0.0397	-0.0312	-0.4399	0.4596	0.7715	46	48	8	1	2	0.01	0.05	0	0.01
0.0069	0.0584	0.082	-0.0256	-0.0272	-0.1912	0.4934	0.8485	47	49	8	1	3	0.0011	0.3333	0	0.0091
0.0065	0.045	0.0754	0.0023	0.022	0.2216	0.8632	0.4536	48	50	8	1	4	0.0012	0.25	0	0.0103
0.0061	0.0557	0.0859	0.0399	0.0442	0.2769	0.8217	0.4981	49	51	8	1	5	0.0054	0.2	0	0.0118
0.0044	0.0007	0.0977	0.0823	0.0754	-0.0146	0.7162	0.6978	50	52	8	1	6	0.0058	0.2	0	0.01
0.0033	0.0228	0.0954	0.0817	0.0739	-0.2828	0.9439	-0.1705	51	0	8	1	7	0.0011	0.1	0	0.01
0.009	0.0848	-0.0621	-0.0253	0.0226	0.2286	0.9673	-0.1103	32	54	20	2	1	0.0019	0.4583	0	0.009
0.009	0.014	-0.0427	0.0549	0.0149	0.9505	-0.2001	-0.2377	53	55	20	2	2	0.01	0.05	0	0.01
0.009	0.0321	-0.0268	0.0486	0.007	0.8281	0.5588	0.0445	54	0	20	2	3	0.0018	0.2917	0	0.0096
0.0092	0.0852	-0.1209	0.1288	0.0717	0.7895	-0.4831	-0.3785	40	57	22	2	1	0.0009	0.375	0	0.0056
0.0092	0.0557	-0.051	0.0869	0.0346	0.832	0.4022	0.3822	56	58	22	2	2	0.0008	0.375	0	0.0109
0.0092	0.0239	-0.0107	0.1101	0.0457	0.7078	0.6017	-0.3701	57	59	22	2	3	0.01	0.05	0	0.01
0.0092	0.0143	0.0126	0.118	0.05	0.8803	0.4205	-0.2197	58	60	22	2	4	0.0009	0.4167	0	0.0092
0.0092	0.0449	0.0197	0.1297	0.0519	0.4529	0.7957	-0.4022	59	61	22	2	5	0.0007	0.2917	0	0.0062
0.0092	0.0335	0.0269	0.1676	0.031	0.2182	0.9311	-0.2923	60	62	22	2	6	0.0011	0.25	0	0.0133
0.0092	0.0195	0.0476	0.1864	0.0168	0.3566	0.6287	-0.6911	61	63	22	2	7	0.01	0.05	0	0.01
0.0092	0.0464	0.0524	0.1862	0.026	-0.3828	0.8255	0.4146	62	64	22	2	8	0.0009	0.3333	0	0.0097
0.0092	0.0337	0.0361	0.2205	0.0399	-0.8784	0.2184	-0.4251	63	65	22	2	9	0.0014	0.3333	0	0.0137
0.0092	0.0207	-0.0014	0.2235	0.0387	-0.2758	-0.8487	-0.4513	64	66	22	2	10	0.0018	0.225	0	0.0188
0.0092	0.0048	-0.0082	0.2154	0.0401	-0.5287	-0.6599	0.5339	65	67	22	2	11	0.01	0.05	0	0.01
0.0092	0.0269	-0.0012	0.2109	0.0471	0.1492	-0.8106	-0.5663	66	68	22	2	12	0.0005	0.3333	0	0.0124
0.0092	0.0231	0.009	0.1894	0.0341	0.3424	0.1068	-0.9335	67	69	22	2	13	0.0008	0.375	0	0.011
0.0092	0.0273	0.0265	0.1893	0.0237	0.6511	-0.3928	-0.6495	68	70	22	2	14	0.01	0.05	0	0.01
0.0092	0.0076	0.0302	0.1982	0.0101	0.322	0.4094	-0.8537	69	71	22	2	15	0.01	0.05	0	0.01
0.0092	0.0247	0.0327	0.2013	0.0036	0.255	0.9349	-0.2469	70	72	22	2	16	0.01	0.05	0	0.01
0.0092	0.0238	0.039	0.2244	-0.0025	0.4298	0.6873	-0.5856	71	0	22	2	17	0.01	0.05	0	0.01
0.0088	0.0043	-0.1094	0.1345	0.0586	0.1238	0.4837	-0.8664	40	74	23	2	1	0.01	0.05	0	0.01
0.0088	0.0353	-0.1093	0.1346	0.0533	0.9803	-0.0953	-0.1729	73	75	23	2	2	0.0041	0.25	0	0.0185
0.0064	0.0401	-0.0824	0.1266	0.0447	-0.4852	0.8647	-0.1296	74	76	23	2	3	0.0008	0.25	0	0.006
0.0088	0.0112	-0.099	0.161	0.0329	-0.3803	0.9041	-0.195	75	0	23	2	4	0.01	0.05	0	0.01
0.0083	0.0362	-0.1376	0.131	0.0383	-0.451	-0.4844	0.7497	37	78	26	2	1	0.0027	0.5	0	0.0082
0.0087	0.023	-0.1411	0.1106	0.0757	0.2455	-0.8141	-0.5263	77	79	26	2	2	0.0024	0.25	0	0.0169
0.0087	0.0197	-0.1435	0.0936	0.0649	-0.2329	-0.9421	-0.2411	78	80	26	2	3	0.01	0.05	0	0.01
0.0087	0.0259	-0.1481	0.0751	0.0602	0.2722	-0.8749	-0.4006	79	0	26	2	4	0.01	0.05	0	0.01
0.0058	0.0104	0.0904	0.0541	0.0598	-0.1935	-0.4331	0.8803	50	82	18	2	1	0.0027	0.4167	1	0.0144
0.0058	0.0488	0.09	0.0435	0.0613	-0.9594	0.0821	-0.2698	81	83	18	2	2	0.0038	0.25	0	0.0144
0.0058	0.0169	0.0545	0.0465	0.0537	-0.3707	0.4188	0.829	82	84	18	2	3	0.01	0.05	0	0.01
0.0058	0.0275	0.0483	0.0535	0.0677	-0.2824	0.7722	0.5691	83	0	18	2	4	0.01	0.05	0	0.01
0.0087	0.0289	-0.0094	0.1093	0.0638	-0.7603	-0.1437	0.6334	57	86	25	3	1	0.002	0.5	1	0.0102
0.0087	0.0485	-0.0314	0.1052	0.0821	0.5558	0.6612	-0.5039	85	87	25	3	2	0.002	0.5	0	0.0102
0.0087	0.04	-0.0017	0.1384	0.0562	-0.3186	-0.3625	-0.8758	86	88	25	3	3	0.0008	0.3333	0	0.01
0.0087	0.0203	-0.0109	0.1292	0.0182	-0.0787	-0.4464	-0.8914	87	0	25	3	4	0.01	0.05	0	0.01
0.0025	0.09	0.0414	0.1239	0.0377	-0.6637	-0.7366	0.1305	59	0	29	3	1	0.01	0.05	0	0.01
0.0099	0.026	0.0243	0.2646	0.0019	-0.0253	-0.2012	0.9792	0	91	35	0	1	0.0031	0.4167	0	0.0099
0.0099	0.0277	0.0288	0.2633	0.0262	0.6162	-0.7655	0.1852	90	92	35	0	2	0.01	0.05	0	0.01
0.0099	0.0269	0.0459	0.2421	0.0314	-0.5554	-0.2962	-0.7771	91	0	35	0	3	0.01	0.05	0	0.01
