radius (m)	length (m)	start_point	axis_direction	parent	extension	branch	branch_order	position_in_branch	mad	SurfCov	added	UnmodRadius (m)
0.0102	0.1084	0.2902	-0.0551	-0.4187	-0.8159	-0.385	0.4314	0	2	1	0	1	0.002	0.7188	0	0.0102
0.0126	0.0807	0.2	-0.0911	-0.3686	-0.8735	-0.4086	0.2648	1	3	1	0	2	0.0019	0.6667	0	0.0126
0.0127	0.0468	0.1398	-0.1397	-0.3458	-0.8327	-0.5323	0.1526	2	4	1	0	3	0.0013	0.5	0	0.0129
0.0104	0.0799	0.0953	-0.1544	-0.3502	-0.8215	-0.5614	-0.0999	3	5	1	0	4	0.0048	0.5625	0	0.0104
0.0102	0.0035	0.0684	-0.1701	-0.3095	-0.6385	-0.3195	0.7002	4	6	1	0	5	0.0011	0.4583	0	0.0095
0.0127	0.0611	0.0665	-0.1731	-0.2978	-0.7672	-0.6332	-0.1027	5	7	1	0	6	0.0012	0.2917	0	0.0141
0.0123	0.0641	0.0123	-0.1821	-0.2903	-0.9224	-0.3236	0.2109	6	8	1	0	7	0.0092	0.2083	0	0.0142
0.0102	0.0347	-0.0251	-0.2266	-0.2734	-0.6452	-0.5062	0.5723	7	9	1	0	8	0.01	0.05	0	0.01
0.0102	0.0071	-0.0413	-0.2053	-0.2783	-0.9229	0.3014	0.2395	8	0	1	0	9	0.01	0.05	0	0.01
0.0129	0.0692	0.1921	-0.1037	-0.3552	-0.0506	0.1999	0.9785	2	11	3	1	1	0.0045	0.4167	0	0.0129
0.0129	0.0567	0.1833	-0.0807	-0.2957	-0.3893	0.481	0.7855	10	12	3	1	2	0.01	0.05	0	0.01
0.0129	0.0277	0.1869	-0.0867	-0.2928	0.336	-0.6234	0.7061	11	0	3	1	3	0.01	0.05	0	0.01
0.0081	0.0759	0.1112	-0.1594	-0.3532	-0.7991	-0.5883	0.1236	3	14	4	1	1	0.0025	0.5	0	0.008
0.0091	0.0497	0.0575	-0.2069	-0.3448	-0.4004	-0.8497	-0.3432	13	15	4	1	2	0.0033	0.5417	0	0.0117
0.008	0.0451	0.0445	-0.2501	-0.3559	-0.123	-0.9924	-0.0065	14	0	4	1	3	0.0015	0.4167	0	0.0102
0.0113	0.0662	-0.0263	-0.2362	-0.302	-0.9254	-0.0201	0.3786	6	17	5	1	1	0.0011	0.4167	0	0.0117
0.0108	0.0549	-0.072	-0.2408	-0.2793	-0.0005	-0.5821	0.8131	16	18	5	1	2	0.001	0.2083	0	0.0112
0.0088	0.0592	-0.0732	-0.25	-0.2278	0.1582	-0.2763	0.948	17	19	5	1	3	0.0041	0.2292	0	0.008
0.011	0.02	-0.0752	-0.2547	-0.1725	0.1608	0.2229	0.9615	18	20	5	1	4	0.0063	0.35	0	0.0113
0.0109	0.0275	-0.0786	-0.2618	-0.1585	-0.663	0.0505	0.7469	19	21	5	1	5	0.0013	0.375	0	0.0111
0.0103	0.0358	-0.0944	-0.263	-0.1358	-0.6826	-0.0502	0.7291	20	22	5	1	6	0.0013	0.25	0	0.0103
0.0088	0.0061	-0.1123	-0.2525	-0.1087	-0.62	0.2646	0.7386	21	23	5	1	7	0.0042	0.8333	0	0.0088
0.0113	0.0334	-0.1238	-0.261	-0.1133	-0.4975	-0.3371	0.7993	22	24	5	1	8	0.0012	0.3333	0	0.019
0.0102	0.0477	-0.1385	-0.2858	-0.0907	0.2805	-0.2406	0.9292	23	25	5	1	9	0.0011	0.375	0	0.0102
0.0088	0.0311	-0.1291	-0.3034	-0.05	0.3811	-0.6481	0.6593	24	26	5	1	10	0.0052	0.5417	0	0.0071
0.01	0.023	-0.108	-0.3215	-0.0409	0.4041	-0.8995	0.1664	25	27	5	1	11	0.01	0.05	0	0.01
0.0088	0.0503	-0.1093	-0.3206	-0.0422	-0.6007	-0.1052	0.7925	26	28	5	1	12	0.0009	0.4167	0	0.0079
0.0112	0.0457	-0.1289	-0.3337	-0.0049	0.0442	-0.2562	0.9656	27	29	5	1	13	0.0012	0.2917	0	0.0129
0.0111	0.0528	-0.1254	-0.3377	0.0233	-0.3107	0.8676	0.3883	28	30	5	1	14	0.001	0.25	0	0.0192
0.0111	0.0535	-0.1385	-0.2935	0.0518	-0.1908	0.9462	0.2614	29	31	5	1	15	0.0046	0.2708	0	0.0135
0.011	0.0535	-0.1268	-0.2575	0.0691	0.4938	0.8156	0.3015	30	32	5	1	16	0.0067	0.2292	0	0.0155
0.01	0.0604	-0.0986	-0.2201	0.0883	0.8148	0.427	0.392	31	33	5	1	17	0.01	0.05	0	0.01
0.0111	0.0403	-0.092	-0.2197	0.0741	-0.1854	0.9001	-0.3943	32	34	5	1	18	0.0008	0.2917	0	0.0139
0.0108	0.0321	-0.1044	-0.1812	0.0631	0.3165	0.9422	-0.1105	33	35	5	1	19	0.0013	0.2917	0	0.0114
0.0088	0.0388	-0.0929	-0.1513	0.0553	0.548	0.8316	0.0899	34	36	5	1	20	0.001	0.3333	0	0.0082
0.0088	0.0415	-0.0707	-0.1198	0.0619	0.3203	0.9403	0.1155	35	37	5	1	21	0.0021	0.35	0	0.0067
0.0088	0.0298	-0.0617	-0.0795	0.0654	0.2842	0.9581	-0.0366	36	38	5	1	22	0.0038	0.4688	0	0.0054
0.0088	0.0397	-0.0563	-0.0518	0.06	0.0404	0.9747	-0.2197	37	39	5	1	23	0.0043	0.4375	0	0.0069
0.0088	0.034	-0.0418	-0.0188	0.0564	0.4669	0.8578	-0.2149	38	40	5	1	24	0.0031	0.5313	0	0.006
0.0088	0.0124	-0.0401	0.0188	0.0489	0.516	0.8564	0.0204	39	41	5	1	25	0.0063	0.4583	0	0.0073
0.0088	0.0267	-0.0222	0.0275	0.0547	0.1289	0.988	0.0847	40	42	5	1	26	0.0046	0.4167	0	0.0088
0.01	0.0249	-0.0217	0.0566	0.0554	0.4547	0.7579	0.4678	41	43	5	1	27	0.01	0.05	0	0.01
0.0088	0.0181	-0.0131	0.0616	0.0443	0.1757	0.8312	-0.5275	42	44	5	1	28	0.0008	0.375	0	0.0078
0.0088	0.0392	-0.0109	0.0793	0.0423	0.0322	0.9482	-0.316	43	45	5	1	29	0.0014	0.25	0	0.0075
0.01	0.0255	-0.0037	0.1144	0.0296	0.2915	0.9158	-0.2763	44	46	5	1	30	0.01	0.05	0	0.01
0.0089	0.0172	0.0047	0.1298	0.0371	0.2912	0.8482	0.4424	45	47	5	1	31	0.0009	0.3333	0	0.0089
0.0088	0.0514	0.0032	0.1428	0.0331	0.4875	0.7827	-0.3869	46	48	5	1	32	0.0008	0.3333	0	0.0078
0.01	0.0235	0.0271	0.1782	0.0071	0.2286	0.7495	-0.6212	47	49	5	1	33	0.01	0.05	0	0.01
0.0099	0.0502	0.0292	0.1892	0.0145	0.648	0.6964	0.3085	48	50	5	1	34	0.0014	0.375	0	0.01
0.0088	0.0356	0.0583	0.2272	0.0326	0.7593	0.5049	0.4105	49	51	5	1	35	0.0032	0.4	0	0.0087
0.0098	0.0239	0.0717	0.2449	0.0538	0.2708	0.7656	0.5835	50	52	5	1	36	0.01	0.05	0	0.01
0.01	0.0378	0.0794	0.2492	0.0377	-0.0058	0.906	-0.4233	51	53	5	1	37	0.0011	0.4583	0	0.01
0.0088	0.0557	0.0837	0.2813	0.0199	-0.0083	0.6284	-0.7778	52	54	5	1	38	0.004	0.425	0	0.0073
0.0088	0.0336	0.0892	0.3176	-0.0198	0.1956	0.7757	-0.6	53	55	5	1	39	0.0043	0.4	0	0.0061
0.0088	0.03	0.0919	0.3494	-0.0302	0.2265	0.8744	-0.4291	54	56	5	1	40	0.0041	0.4688	0	0.0057
0.0088	0.043	0.0996	0.3705	-0.0483	0.3788	0.6971	-0.6088	55	57	5	1	41	0.0035	0.5	0	0.0074
0.009	0.0397	0.1234	0.4041	-0.06	0.3827	0.8289	-0.408	56	58	5	1	42	0.0042	0.275	0	0.009
0.0094	0.0414	0.1391	0.4367	-0.076	0.5575	0.8195	-0.1329	57	59	5	1	43	0.01	0.05	0	0.01
0.0106	0.0044	0.1201	0.4533	-0.0837	-0.3795	0.9251	-0.0159	58	60	5	1	44	0.0009	0.4167	0	0.0114
0.0093	0.0057	0.1201	0.4469	-0.0762	-0.9303	0.1023	0.3521	59	61	5	1	45	0.01	0.05	0	0.01
0.0088	0.043	0.1095	0.4555	-0.0727	0.4114	0.4314	-0.8029	60	62	5	1	46	0.001	0.3333	0	0.0084
0.0088	0.0365	0.125	0.4761	-0.1036	0.049	0.8773	-0.4775	61	63	5	1	47	0.0008	0.3333	0	0.0063
0.0092	0.0064	0.1243	0.5094	-0.1164	0.0517	0.9652	-0.2565	62	64	5	1	48	0.01	0.05	0	0.01
0.0092	0.0129	0.1246	0.5129	-0.116	0.6267	0.4543	0.6331	63	65	5	1	49	0.01	0.05	0	0.01
0.0092	0.0001	0.1333	0.5193	-0.1072	0.0466	-0.7666	0.6404	64	66	5	1	50	0.01	0.05	0	0.01
0.0091	0.0182	0.1333	0.5193	-0.1072	0.4589	-0.2378	0.8561	65	0	5	1	51	0.01	0.05	0	0.01
0.0107	0.0194	-0.0171	-0.2247	-0.3059	0.0468	0.9985	-0.0282	16	68	79	2	1	0.0019	0.375	1	0.0116
0.0107	0.0444	-0.0162	-0.2054	-0.3064	-0.7677	-0.1373	-0.6259	67	69	79	2	2	0.0019	0.375	0	0.0116
0.0102	0.0384	-0.0487	-0.2107	-0.3268	-0.9701	-0.0915	0.2246	68	70	79	2	3	0.01	0.05	0	0.01
0.01	0.0292	-0.0859	-0.2142	-0.3182	-0.8068	0.1637	-0.5677	69	0	79	2	4	0.01	0.05	0	0.01
0.0081	0.0411	-0.0665	-0.2369	-0.2687	-0.4935	0.0967	0.8644	17	72	10	2	1	0.0021	0.4167	0	0.0081
0.0101	0.0479	-0.0763	-0.2507	-0.2307	-0.3155	-0.0533	0.9474	71	73	10	2	2	0.0013	0.3333	0	0.0113
0.0101	0.0327	-0.0971	-0.2525	-0.1879	-0.4415	-0.2094	0.8725	72	74	10	2	3	0.0046	0.5	0	0.0106
0.0092	0.0256	-0.1152	-0.263	-0.1627	-0.6754	-0.0056	0.7374	73	75	10	2	4	0.01	0.05	0	0.01
0.0088	0.0258	-0.1049	-0.2689	-0.1725	0.0678	0.9886	-0.1343	74	0	10	2	5	0.01	0.05	0	0.01
0.0106	0.059	-0.1314	-0.2689	-0.0806	0.8616	-0.3596	0.3581	23	77	17	2	1	0.0024	0.5	0	0.0106
0.0106	0.0253	-0.0803	-0.2794	-0.0581	0.5404	-0.1191	0.8329	76	78	17	2	2	0.01	0.05	0	0.01
0.0106	0.0186	-0.0667	-0.2824	-0.0371	0.5066	0.0704	0.8593	77	0	17	2	3	0.01	0.05	0	0.01
0.0083	0.0743	-0.1214	-0.3078	-0.0331	0.3089	-0.0753	0.9481	25	80	20	2	1	0.0029	0.5	0	0.0093
0.0083	0.0498	-0.1032	-0.3174	0.0288	-0.512	-0.6345	0.579	79	81	20	2	2	0.0009	0.375	0	0.0107
0.007	0.0143	-0.1061	-0.3404	0.0663	-0.0772	-0.5949	0.8001	80	82	20	2	3	0.0044	0.4583	0	0.007
0.0083	0.0369	-0.1216	-0.3492	0.0759	-0.105	-0.4533	0.8852	81	83	20	2	4	0.0013	0.2917	0	0.0109
0.0082	0.0246	-0.1228	-0.3616	0.1107	-0.271	-0.2885	0.9183	82	84	20	2	5	0.0011	0.2917	0	0.0098
0.0082	0.0355	-0.1295	-0.3748	0.1301	-0.191	-0.4553	0.8696	83	85	20	2	6	0.001	0.25	0	0.0094
0.0082	0.0328	-0.1356	-0.3905	0.1625	-0.5426	-0.7385	0.4003	84	86	20	2	7	0.001	0.4583	0	0.0092
0.0082	0.0131	-0.1474	-0.4114	0.1871	-0.6784	-0.5251	0.5138	85	87	20	2	8	0.0058	0.5	0	0.0116
0.008	0.0293	-0.1562	-0.4176	0.1942	-0.2718	-0.4735	0.8378	86	88	20	2	9	0.0007	0.2917	0	0.0084
0.0073	0.0255	-0.1661	-0.4294	0.2203	-0.572	-0.7638	0.299	87	89	20	2	10	0.0008	0.3333	0	0.0073
0.0067	0.0357	-0.1772	-0.4481	0.2314	-0.574	-0.462	0.6761	88	90	20	2	11	0.0006	0.375	0	0.0067
0.0058	0.0483	-0.1964	-0.4631	0.2566	-0.3049	-0.3698	0.8777	89	91	20	2	12	0.0017	0.4688	0	0.0058
0.0071	0.0246	-0.2057	-0.4881	0.295	-0.2687	-0.6092	0.7461	90	92	20	2	13	0.01	0.05	0	0.01
0.0061	0.0421	-0.2221	-0.4975	0.3117	-0.4504	-0.5737	0.6841	91	93	20	2	14	0.0009	0.375	0	0.0061
0.0073	0.0404	-0.2367	-0.5275	0.3379	-0.4488	-0.6166	0.6468	92	94	20	2	15	0.0007	0.2917	0	0.0088
0.0065	0.0132	-0.2457	-0.563	0.3466	-0.3376	-0.8719	0.3546	93	95	20	2	16	0.01	0.05	0	0.01
0.0064	0.0118	-0.2136	-0.5364	0.3343	0.7485	-0.6347	0.1923	94	96	20	2	17	0.01	0.05	0	0.01
0.0064	0.0068	-0.2323	-0.5256	0.3357	0.3365	0.4663	-0.8181	95	97	20	2	18	0.01	0.05	0	0.01
0.0063	0.0102	-0.2291	-0.5237	0.3314	0.334	-0.5534	-0.763	96	0	20	2	19	0.01	0.05	0	0.01
0.0106	0.0423	-0.1409	-0.2971	0.062	0.0061	-0.9162	0.4007	30	99	23	2	1	0.0075	0.4167	1	0.0134
0.0106	0.0595	-0.1406	-0.3359	0.079	-0.1109	0.9034	-0.4143	98	100	23	2	2	0.0075	0.4167	0	0.0134
0.0106	0.0278	-0.1435	-0.2825	0.049	-0.5658	0.6878	-0.4548	99	101	23	2	3	0.0042	0.375	0	0.0067
0.0106	0.0446	-0.1729	-0.2827	0.0364	-0.3842	0.2685	-0.8834	100	0	23	2	4	0.0028	0.3333	0	0.0238
0.0104	0.0133	-0.122	-0.2301	0.0725	-0.9586	0.1867	-0.2148	31	103	27	2	1	0.0019	0.3333	0	0.0125
0.0104	0.0472	-0.1174	-0.2253	0.0606	0.0224	-0.9783	-0.2058	102	104	27	2	2	0.0013	0.4167	0	0.0107
0.0104	0.002	-0.1069	-0.2698	0.0482	-0.0424	-0.7778	-0.627	103	105	27	2	3	0.01	0.05	0	0.01
0.0104	0.0103	-0.107	-0.2714	0.0469	-0.538	0.6335	-0.5561	104	0	27	2	4	0.01	0.05	0	0.01
0.0231	0.0489	-0.1066	-0.2069	0.0569	0.6614	-0.2777	-0.6967	34	107	31	2	1	0.0011	0.375	0	0.0102
0.0231	0.0096	-0.0759	-0.2183	0.0312	0.9399	0.3264	0.1003	106	108	31	2	2	0.01	0.05	0	0.01
0.0231	0.0518	-0.0452	-0.222	0.0315	-0.3023	-0.9349	-0.1859	107	109	31	2	3	0.0018	0.4167	0	0.0231
0.0231	0.0313	-0.0697	-0.2555	0.0212	0.0482	-0.0186	-0.9987	108	110	31	2	4	0.0011	0.25	0	0.0095
0.0231	0.0149	-0.0652	-0.2575	-0.0076	0.6902	0.3435	-0.6369	109	0	31	2	5	0.01	0.05	0	0.01
0.0085	0.0491	-0.0867	-0.2113	0.1051	0.6266	-0.2189	0.7479	32	112	34	2	1	0.0022	0.4583	0	0.0085
0.0095	0.0315	-0.0646	-0.202	0.1366	0.4968	0.4148	0.7623	111	113	34	2	2	0.0066	0.4063	0	0.0129
0.0089	0.0292	-0.0449	-0.2071	0.1733	0.3262	0.5867	0.7412	112	114	34	2	3	0.0053	0.375	0	0.0089
0.0078	0.0339	-0.0325	-0.1937	0.193	0.4026	-0.148	0.9034	113	115	34	2	4	0.0049	0.4375	0	0.0078
0.0065	0.0384	-0.0239	-0.1934	0.2256	0.3046	-0.068	0.95	114	116	34	2	5	0.0039	0.5313	0	0.0065
0.0091	0.0256	-0.0166	-0.1925	0.262	0.0928	0.1601	0.9827	115	117	34	2	6	0.0038	0.5	0	0.0096
0.0083	0.0153	-0.0131	-0.192	0.2876	0.0535	0.1475	0.9876	116	118	34	2	7	0.0008	0.25	0	0.0089
0.0072	0.0419	-0.0112	-0.1992	0.2999	0.1692	-0.267	0.9487	117	119	34	2	8	0.0035	0.4583	0	0.0072
0.0075	0.0236	0.0057	-0.2106	0.3356	0.3158	-0.5002	0.8063	118	120	34	2	9	0.01	0.05	0	0.01
0.0085	0.0121	0.009	-0.2149	0.3567	0.1895	-0.1589	0.9689	119	121	34	2	10	0.0012	0.4167	0	0.0106
0.0049	0.0427	0.0102	-0.2137	0.3688	0.3861	0.046	0.9213	120	122	34	2	11	0.0038	0.5313	0	0.0048
0.0062	0.0285	0.0327	-0.2071	0.4013	0.7103	0.0967	0.6972	121	123	34	2	12	0.01	0.05	0	0.01
0.0059	0.0232	0.034	-0.2147	0.4271	0.3599	-0.1319	0.9236	122	0	34	2	13	0.01	0.05	0	0.01
0.0075	0.0517	-0.0631	-0.1159	0.0692	0.2506	0.7898	0.5599	36	125	43	2	1	0.0022	0.4167	0	0.0075
0.0083	0.0519	-0.034	-0.0825	0.0929	0.4767	0.5693	0.6698	124	126	43	2	2	0.0052	0.375	0	0.0096
0.0083	0.0346	-0.01	-0.0616	0.1329	0.6971	0.3221	0.6406	125	127	43	2	3	0.0046	0.4	0	0.0098
0.0083	0.0351	0.0033	-0.0503	0.1632	0.5568	0.407	0.7241	126	128	43	2	4	0.0053	0.375	0	0.0113
0.0083	0.0214	0.0247	-0.034	0.187	0.54	0.194	0.819	127	129	43	2	5	0.0039	0.5625	0	0.0093
0.0082	0.0404	0.0354	-0.0267	0.2013	0.6028	0.6391	0.4777	128	130	43	2	6	0.0011	0.3333	0	0.0097
0.0082	0.0327	0.0608	0.0078	0.2179	-0.0037	0.3071	0.9517	129	131	43	2	7	0.0042	0.275	0	0.0133
0.0081	0.0415	0.0554	0.0268	0.2388	-0.0554	0.7327	0.6783	130	132	43	2	8	0.0013	0.3333	0	0.0114
0.0082	0.0321	0.0652	0.061	0.2611	-0.1584	0.948	0.276	131	133	43	2	9	0.0045	0.425	0	0.0096
0.008	0.0467	0.0663	0.0868	0.2737	0.3513	0.8332	0.4271	132	0	43	2	10	0.0021	0.3333	0	0.0112
0.0073	0.027	-0.0691	-0.0784	0.0701	-0.8195	-0.3475	0.4556	37	135	44	2	1	0.0024	0.5417	1	0.0073
0.0073	0.0731	-0.0913	-0.0878	0.0825	0.412	0.5575	-0.7207	134	136	44	2	2	0.0024	0.5417	0	0.0073
0.008	0.0274	-0.0682	-0.052	0.0285	0.587	-0.7396	-0.3292	135	137	44	2	3	0.0013	0.2917	0	0.011
0.0078	0.0169	-0.0483	-0.0646	0.0169	0.7065	-0.5206	-0.4794	136	138	44	2	4	0.01	0.05	0	0.01
0.0077	0.0159	-0.0547	-0.0656	0.0158	-0.1729	-0.8526	0.4931	137	139	44	2	5	0.01	0.05	0	0.01
0.0076	0.0213	-0.0575	-0.0792	0.0236	-0.4384	-0.3955	-0.8071	138	0	44	2	6	0.01	0.05	0	0.01
0.0138	0.0249	-0.0228	0.0602	0.0676	-0.8576	-0.2522	0.4483	42	141	48	2	1	0.0026	0.4167	0	0.0138
0.0138	0.0269	-0.0351	0.0594	0.0706	0.7282	-0.2458	0.6398	140	142	48	2	2	0.0015	0.25	0	0.0102
0.0138	0.01	-0.0223	0.0542	0.0881	-0.1682	-0.8801	0.4439	141	143	48	2	3	0.01	0.05	0	0.01
0.0138	0.0446	-0.0251	0.0394	0.1034	-0.246	0.8571	0.4527	142	144	48	2	4	0.0008	0.3333	0	0.0114
0.0138	0.0122	-0.0274	0.0797	0.1268	0.0091	0.829	-0.5592	143	145	48	2	5	0.01	0.05	0	0.01
0.0138	0.0205	-0.0273	0.0898	0.12	-0.0123	0.7421	0.6702	144	0	48	2	6	0.01	0.05	0	0.01
0.0084	0.0177	-0.0273	0.0489	0.0523	-0.8805	0.0449	-0.4719	41	147	49	2	1	0.0019	0.3333	1	0.0164
0.0083	0.0467	-0.0352	0.0516	0.041	-0.3505	-0.0213	-0.9363	146	148	49	2	2	0.0026	0.2	0	0.0164
0.008	0.0185	-0.0593	0.0544	0.0119	-0.1313	0.9402	-0.3142	147	149	49	2	3	0.0011	0.375	0	0.0114
0.0067	0.0122	-0.0608	0.0712	0.0126	0.1886	0.9792	0.0743	148	150	49	2	4	0.01	0.05	0	0.01
0.0055	0.0248	-0.0585	0.0831	0.0135	0.7244	0.5851	-0.3646	149	151	49	2	5	0.01	0.05	0	0.01
0.004	0.0404	-0.0396	0.0961	0.0028	0.4132	0.7711	-0.4845	150	0	49	2	6	0.0013	0.15	0	0.01
0.0095	0.0624	0.0814	0.2812	0.0334	0.576	0.8129	0.0859	52	153	55	2	1	0.0023	0.5	0	0.0097
0.0091	0.0456	0.0804	0.3294	0.0313	-0.0972	0.9851	0.1417	152	154	55	2	2	0.0059	0.2813	0	0.0091
0.0094	0.0307	0.1004	0.3829	0.0465	-0.332	0.9433	0.0051	153	155	55	2	3	0.0086	0.35	0	0.0098
0.0084	0.016	0.0764	0.4112	0.0356	-0.0515	0.9987	0.0036	154	156	55	2	4	0.0039	0.6667	0	0.0084
0.0074	0.0334	0.0824	0.431	0.0426	-0.3357	0.9247	-0.1795	155	157	55	2	5	0.0041	0.4688	0	0.0074
0.0093	0.0293	0.0816	0.4562	0.0486	-0.1157	0.8552	0.5052	156	158	55	2	6	0.0039	0.4063	0	0.0123
0.0071	0.0182	0.0788	0.4666	0.0777	0.1477	0.6916	0.7071	157	159	55	2	7	0.0099	0.375	0	0.0071
0.0087	0.0508	0.0899	0.4883	0.0862	0.1222	0.3357	0.934	158	160	55	2	8	0.0054	0.275	0	0.0089
0.0089	0.0246	0.0824	0.492	0.1393	0.0102	0.3836	0.9234	159	161	55	2	9	0.0072	0.375	0	0.0097
0.0065	0.031	0.0881	0.5073	0.1617	-0.2011	0.2194	0.9547	160	162	55	2	10	0.0032	0.4	0	0.0065
0.0081	0.0405	0.079	0.5265	0.1816	-0.1321	0.5913	0.7955	161	163	55	2	11	0.0042	0.35	0	0.0085
0.0063	0.0284	0.0695	0.5413	0.218	-0.432	0.5241	0.734	162	164	55	2	12	0.0035	0.4063	0	0.0063
0.0071	0.0367	0.0677	0.5647	0.2355	-0.3138	0.6595	0.6831	163	165	55	2	13	0.01	0.05	0	0.01
0.0069	0.0227	0.0452	0.5547	0.2477	-0.7675	0.0055	0.641	164	0	55	2	14	0.01	0.05	0	0.01
0.0095	0.0244	0.0868	0.2674	0.0364	0.7469	0.183	0.6393	52	167	56	2	1	0.0035	0.375	1	0.0159
0.0094	0.0501	0.1002	0.2688	0.05	-0.3934	0.0223	0.9191	166	168	56	2	2	0.0045	0.25	0	0.0159
0.0094	0.0534	0.0885	0.262	0.0947	0.6361	0.5562	0.5348	167	169	56	2	3	0.001	0.375	0	0.0096
0.0093	0.0326	0.1244	0.2879	0.1057	0.93	0.3669	0.0205	168	170	56	2	4	0.01	0.05	0	0.01
0.0076	0.0501	0.1178	0.2912	0.1126	0.1111	0.2218	0.9687	169	171	56	2	5	0.001	0.4167	0	0.0076
0.009	0.025	0.1284	0.3058	0.1535	0.5082	0.6072	0.6108	170	172	56	2	6	0.01	0.05	0	0.01
0.0089	0.0409	0.1271	0.3019	0.1702	-0.0731	0.1268	0.9892	171	173	56	2	7	0.0013	0.4167	0	0.0089
0.0088	0.0348	0.1348	0.2944	0.2108	0.1909	0.1702	0.9668	172	174	56	2	8	0.0015	0.2083	0	0.0109
0.0083	0.0339	0.1421	0.3088	0.2437	0.3128	0.0681	0.9474	173	175	56	2	9	0.01	0.05	0	0.01
0.0081	0.0331	0.141	0.3139	0.2417	0.0642	-0.9926	-0.1033	174	176	56	2	10	0.01	0.05	0	0.01
0.0079	0.0245	0.1431	0.281	0.2383	-0.8638	-0.4186	0.2802	175	0	56	2	11	0.01	0.05	0	0.01
0.0025	0.1298	0.0937	0.3882	-0.0524	-0.3295	-0.867	0.3737	55	178	58	2	1	0.01	0.05	0	0.01
0.0025	0.017	0.0509	0.2756	-0.0039	0.4102	0.711	0.5712	177	0	58	2	2	0.01	0.05	0	0.01
0.0046	0.0572	0.1297	0.4204	-0.066	0.3731	0.6453	0.6666	57	180	66	2	1	0.0058	0.25	0	0.0118
0.0025	0.0096	0.1593	0.457	-0.0344	-0.2514	0.8996	-0.3571	179	181	66	2	2	0.007	0.2	0	0.01
0.0025	0.0123	0.156	0.4675	-0.035	-0.9356	0.0482	-0.3497	180	0	66	2	3	0.0065	0.15	0	0.01
0.0083	0.0224	0.1289	0.4808	-0.1154	0.3869	-0.4059	-0.828	62	183	73	2	1	0.0016	0.5417	1	0.0086
0.0083	0.0505	0.1376	0.4717	-0.134	0.4357	0.3307	0.8372	182	184	73	2	2	0.0016	0.5417	0	0.0086
0.0083	0.0724	0.1596	0.4895	-0.0923	0.6294	0.3246	0.706	183	185	73	2	3	0.0013	0.5	0	0.0123
0.0083	0.0486	0.1688	0.5099	-0.024	0.4151	0.107	0.9034	184	186	73	2	4	0.01	0.05	0	0.01
0.0083	0.0479	0.158	0.5278	0.0021	-0.499	-0.0027	0.8666	185	187	73	2	5	0.0078	0.4583	0	0.0149
0.0083	0.0684	0.1321	0.5596	0.0088	-0.7193	0.4907	0.4918	186	188	73	2	6	0.007	0.4063	0	0.0132
0.0082	0.0995	0.1894	0.5797	0.0302	0.1678	0.6709	0.7223	187	189	73	2	7	0.0047	0.375	0	0.0109
0.0081	0.0721	0.2189	0.6613	0.0296	0.4502	0.8558	0.2549	188	190	73	2	8	0.0027	0.4375	0	0.0083
0.0081	0.0641	0.1958	0.7259	0.0473	0.0505	0.9857	0.1607	189	191	73	2	9	0.0036	0.4063	0	0.0086
0.0066	0.0666	0.1518	0.7331	0.1128	-0.2198	0.7722	0.5961	190	192	73	2	10	0.0036	0.5313	0	0.0066
0.0075	0.0231	0.1635	0.7846	0.1581	-0.138	0.7623	0.6323	191	193	73	2	11	0.01	0.05	0	0.01
0.008	0.0379	0.2431	0.7826	0.1469	0.3543	0.7336	0.5799	192	194	73	2	12	0.0042	0.275	0	0.0131
0.0074	0.0291	0.2511	0.7927	0.1873	0.3637	0.6166	0.6983	193	195	73	2	13	0.01	0.05	0	0.01
0.0079	0.0508	0.2176	0.846	0.1497	0.1116	0.8836	0.4548	194	196	73	2	14	0.0011	0.4167	0	0.0093
0.0071	0.0231	0.2103	0.8964	0.163	0.0782	0.9097	0.4078	195	197	73	2	15	0.01	0.05	0	0.01
0.007	0.0216	0.2056	0.9269	0.1114	0.0504	0.9876	0.1486	196	198	73	2	16	0.01	0.05	0	0.01
0.007	0.0138	0.2178	0.7376	0.0579	0.6652	0.2266	-0.7115	197	0	73	2	17	0.01	0.05	0	0.01
0.0085	0.06	0.1342	0.4958	-0.1186	0.0572	0.8467	-0.529	62	200	74	2	1	0.002	0.4583	0	0.0116
0.0085	0.0263	0.1441	0.5491	-0.1376	-0.3321	0.943	-0.0198	199	201	74	2	2	0.01	0.05	0	0.01
0.0085	0.0329	0.1484	0.5642	-0.1498	-0.4549	0.3604	-0.8144	200	202	74	2	3	0.0015	0.3333	0	0.0134
0.0085	0.0403	0.1439	0.5836	-0.1809	-0.5255	0.2591	-0.8104	201	203	74	2	4	0.0062	0.4063	0	0.0085
0.0085	0.03	0.1288	0.605	-0.2066	0.1732	0.4576	-0.8721	202	204	74	2	5	0.01	0.05	0	0.01
0.0085	0.0247	0.1207	0.5919	-0.2251	-0.1695	-0.1919	-0.9667	203	205	74	2	6	0.01	0.05	0	0.01
0.0085	0.0517	0.1329	0.5872	-0.2151	-0.3297	0.931	0.1568	204	206	74	2	7	0.0015	0.3333	0	0.0098
0.0085	0.0057	0.121	0.6326	-0.2023	-0.0695	0.8255	0.5601	205	207	74	2	8	0.01	0.05	0	0.01
0.0085	0.0229	0.1206	0.6373	-0.1991	-0.0695	0.4877	-0.8703	206	0	74	2	9	0.01	0.05	0	0.01
0.0025	0.0334	-0.0114	-0.2104	-0.3148	0.523	-0.7517	-0.4018	68	209	7	3	1	0.0082	0.275	1	0.01
0.0025	0.0163	0.0015	-0.2378	-0.324	-0.4146	-0.5326	-0.7379	208	210	7	3	2	0.0083	0.175	0	0.01
0.0025	0.0203	-0.0015	-0.2503	-0.3332	0.2412	-0.4221	-0.8739	209	0	7	3	3	0.0034	0.175	0	0.01
0.0106	0.1052	-0.1049	-0.3068	-0.0073	0.5385	0.0341	0.8419	79	212	83	3	1	0.001	0.2917	1	0.0099
0.0106	0.0228	-0.0483	-0.3032	0.0812	0.7564	-0.4415	0.4827	211	213	83	3	2	0.001	0.2917	0	0.0099
0.0106	0.033	-0.0304	-0.3121	0.0994	0.793	-0.6085	0.0301	212	214	83	3	3	0.0042	0.4583	0	0.0106
0.0106	0.0203	-0.0117	-0.3265	0.1079	0.6681	-0.0906	0.7386	213	215	83	3	4	0.0063	0.5833	0	0.0117
0.0106	0.0323	-0.0053	-0.3079	0.1049	0.0335	0.6649	0.7462	214	216	83	3	5	0.012	0.3333	0	0.0079
0.0106	0.0374	0.009	-0.3125	0.1178	0.8314	0.5143	-0.2102	215	217	83	3	6	0.01	0.05	0	0.01
0.0106	0.0219	0.0051	-0.3121	0.1189	-0.4394	0.8869	0.1425	216	218	83	3	7	0.01	0.05	0	0.01
0.0106	0.025	-0.0046	-0.2927	0.122	0.2822	-0.072	0.9566	217	0	83	3	8	0.01	0.05	0	0.01
0.0082	0.0229	-0.0305	-0.3249	0.1024	-0.0138	-0.9735	0.2284	213	220	37	4	1	0.0015	0.5833	1	0.0082
0.0082	0.0545	-0.0308	-0.3473	0.1077	-0.688	0.5713	-0.4476	219	221	37	4	2	0.0015	0.5833	0	0.0082
0.0084	0.004	-0.0634	-0.3139	0.0826	-0.4253	0.8316	-0.3571	220	222	37	4	3	0.01	0.05	0	0.01
0.0083	0.017	-0.0677	-0.3117	0.0798	-0.5438	0.6531	0.527	221	0	37	4	4	0.0019	0.3333	0	0.0083
0.0101	0.0432	-0.0141	-0.3116	0.1098	-0.8064	-0.5611	0.1866	215	224	38	4	1	0.0011	0.3333	1	0.0144
0.0101	0.0329	-0.0489	-0.3358	0.1178	-0.5364	-0.7736	0.3373	223	225	38	4	2	0.0011	0.3333	0	0.0144
0.0093	0.0294	-0.0684	-0.3593	0.1299	-0.7532	-0.6374	-0.1626	224	226	38	4	3	0.006	0.4688	0	0.0092
0.0092	0.031	-0.0867	-0.3705	0.1306	-0.8424	0.0371	0.5376	225	0	38	4	4	0.0017	0.3333	0	0.0073
0.0122	0.0458	-0.1194	-0.2157	0.0259	0.7018	0.6926	-0.167	0	228	36	0	1	0.0032	0.4167	0	0.0122
0.0122	0.0014	-0.0896	-0.183	0.0177	0.1832	0.7705	0.6105	227	229	36	0	2	0.01	0.05	0	0.01
0.0122	0.0167	-0.0888	-0.1823	0.026	0.7275	-0.6802	-0.0898	228	0	36	0	3	0.0025	0.1	0	0.0071
