radius (m)	length (m)	start_point	axis_direction	parent	extension	branch	branch_order	position_in_branch	mad	SurfCov	added	UnmodRadius (m)
0.0194	0.0568	0.0198	0.2813	-0.1333	-0.9514	-0.0703	0.2999	0	2	1	0	1	0.0039	0.4167	0	0.0197
0.0167	0.0458	-0.0156	0.2799	-0.126	0.4776	-0.2991	0.8261	1	3	1	0	2	0.0014	0.2083	0	0.0142
0.0167	0.0274	0.0031	0.2748	-0.0881	-0.9312	-0.3464	0.1138	2	4	1	0	3	0.0098	0.4167	0	0.0167
0.0167	0.0502	-0.0217	0.2665	-0.0849	-0.8269	0.4976	0.2621	3	5	1	0	4	0.01	0.05	0	0.01
0.0167	0.0304	-0.0188	0.2632	-0.072	0.5361	0.8416	-0.0656	4	6	1	0	5	0.0016	0.375	0	0.0155
0.0167	0.0154	0	0.2636	-0.0712	0.9949	0.0989	-0.0195	5	7	1	0	6	0.0023	0.175	0	0.01
0.0167	0.0305	0.0085	0.2783	-0.0482	-0.0471	0.8641	-0.5012	6	0	1	0	7	0.0028	0.125	0	0.01
0.0123	0.0201	-0.0099	0.2597	-0.1194	0.2415	-0.9337	0.2645	2	9	2	1	1	0.0017	0.5417	1	0.0123
0.0123	0.0543	-0.005	0.241	-0.1141	-0.0951	-0.7332	0.6733	8	10	2	1	2	0.0017	0.5417	0	0.0123
0.0139	0.0522	-0.0117	0.208	-0.073	0.0885	-0.5303	0.8432	9	11	2	1	3	0.0021	0.5417	0	0.0144
0.013	0.0636	0.0007	0.1716	-0.0315	-0.5371	-0.6369	0.553	10	12	2	1	4	0.0023	0.3333	0	0.0139
0.009	0.0472	-0.0171	0.1254	-0.0005	-0.3161	-0.947	0.0562	11	13	2	1	5	0.0009	0.375	0	0.0088
0.0091	0.0287	-0.0314	0.0821	0.0058	-0.0717	-0.9263	0.3699	12	14	2	1	6	0.0012	0.375	0	0.0091
0.0103	0.0479	-0.0424	0.0554	0.0167	0.0285	-0.9398	0.3407	13	15	2	1	7	0.0013	0.2917	0	0.0103
0.0119	0.0412	-0.0384	0.0106	0.0334	0.0766	-0.9919	0.1016	14	16	2	1	8	0.0012	0.25	0	0.012
0.0127	0.026	-0.035	-0.0302	0.0295	-0.1603	-0.987	-0.01	15	17	2	1	9	0.0016	0.375	0	0.0135
0.0098	0.0444	-0.0235	-0.0492	0.0292	0.3591	-0.8268	0.433	16	18	2	1	10	0.0059	0.5	0	0.0098
0.0085	0.0196	-0.0086	-0.0861	0.0534	0.7873	-0.5997	0.1434	17	19	2	1	11	0.0051	0.5313	0	0.0084
0.0089	0.0312	0.0093	-0.0947	0.0585	0.4115	-0.7282	0.5482	18	20	2	1	12	0.0027	0.425	0	0.0089
0.009	0.0281	0.0215	-0.1194	0.0544	0.3791	-0.9223	0.0748	19	21	2	1	13	0.0058	0.4167	0	0.009
0.0087	0.0279	0.0317	-0.1483	0.069	0.2535	-0.9433	-0.2141	20	22	2	1	14	0.0058	0.5	0	0.0087
0.01	0.0316	0.0362	-0.1767	0.0593	0.4216	-0.8839	0.2025	21	23	2	1	15	0.001	0.3333	0	0.01
0.0086	0.0324	0.052	-0.2038	0.0645	0.416	-0.8867	0.2017	22	24	2	1	16	0.0008	0.2917	0	0.0086
0.0119	0.033	0.0599	-0.2348	0.0736	0.4723	-0.8411	0.2636	23	25	2	1	17	0.0009	0.3333	0	0.0141
0.0109	0.0283	0.0901	-0.257	0.0682	0.4035	-0.9133	0.055	24	26	2	1	18	0.0015	0.25	0	0.0131
0.0096	0.0256	0.1002	-0.2852	0.0728	0.906	-0.416	0.0779	25	27	2	1	19	0.01	0.05	0	0.01
0.0094	0.0102	0.1028	-0.293	0.0635	0.2969	-0.6455	-0.7036	26	28	2	1	20	0.01	0.05	0	0.01
0.0093	0.0248	0.1059	-0.2996	0.0563	0.7244	-0.5411	0.4272	27	0	2	1	21	0.01	0.05	0	0.01
0.012	0.0422	-0.0483	-0.0388	0.0247	-0.4147	0.4115	-0.8116	16	30	4	2	1	0.0046	0.5	0	0.0164
0.012	0.0377	-0.0575	-0.0171	-0.0193	-0.7434	-0.088	-0.663	29	31	4	2	2	0.0065	0.4375	0	0.0122
0.012	0.019	-0.0817	-0.0354	-0.0383	-0.2376	-0.4134	-0.879	30	32	4	2	3	0.01	0.05	0	0.01
0.012	0.0111	-0.0795	-0.023	-0.0331	0.3755	0.619	-0.6898	31	0	4	2	4	0.01	0.05	0	0.01
0.0128	0.0817	0.1147	-0.2849	0.0665	-0.3288	0.6142	-0.7174	26	34	6	2	1	0.002	0.4167	0	0.0128
0.0128	0.0211	0.0781	-0.2465	0.0209	-0.3249	-0.569	-0.7554	33	35	6	2	2	0.0013	0.25	0	0.0126
0.0128	0.0261	0.075	-0.2617	0.0016	-0.6188	-0.7835	0.0571	34	0	6	2	3	0.01	0.05	0	0.01
0.0121	0.0163	-0.058	-0.0443	0.0297	-0.796	-0.4489	0.406	29	37	5	3	1	0.0029	0.4167	1	0.0154
0.0121	0.036	-0.071	-0.0516	0.0363	-0.5688	-0.579	-0.5841	36	38	5	3	2	0.0029	0.4167	0	0.0154
0.0121	0.0331	-0.1034	-0.0454	0.0222	-0.0039	0.2469	-0.969	37	39	5	3	3	0.0012	0.4583	0	0.0165
0.0121	0.029	-0.1187	-0.0426	-0.0015	-0.5115	0.7241	-0.4626	38	40	5	3	4	0.01	0.05	0	0.01
0.0121	0.0385	-0.1211	-0.0387	-0.0196	0.4976	0.126	0.8582	39	0	5	3	5	0.0008	0.4167	0	0.0121
0.0139	0.0278	0.1019	-0.2595	0.0189	0.8705	-0.3846	-0.3072	33	42	7	3	1	0.0022	0.4583	0	0.0139
0.0139	0.0309	0.1245	-0.2651	0.0132	0.6873	-0.1694	0.7063	41	0	7	3	2	0.01	0.05	0	0.01
