radius (m)	length (m)	start_point	axis_direction	parent	extension	branch	branch_order	position_in_branch	mad	SurfCov	added	UnmodRadius (m)
0.0165	0.0669	-0.0571	-0.1802	-0.2216	-0.0223	0.4893	0.8718	0	2	1	0	1	0.0027	0.75	0	0.0165
0.0196	0.0763	-0.0564	-0.1513	-0.1613	0.1807	0.5251	0.8316	1	3	1	0	2	0.0027	0.75	0	0.0196
0.0232	0.048	-0.0457	-0.1079	-0.1094	0.1662	0.9612	0.2203	2	4	1	0	3	0.0027	0.75	0	0.0232
0.0216	0.0894	-0.0511	-0.0731	-0.0742	0.0816	0.8878	0.4529	3	5	1	0	4	0.0043	0.3125	0	0.0233
0.0194	0.0513	-0.0274	-0.0124	-0.0021	-0.3461	0.7194	0.6023	4	6	1	0	5	0.0019	0.5	0	0.0195
0.0165	0.0564	-0.0259	0.0334	0.0291	-0.3533	0.7543	0.5534	5	7	1	0	6	0.01	0.05	0	0.01
0.0165	0.0138	-0.0328	0.0314	0.035	-0.9664	-0.2514	-0.0542	6	0	1	0	7	0.0043	0.175	0	0.01
0.0186	0.1065	-0.0507	-0.0872	-0.1272	-0.2586	0.5432	-0.7988	3	9	2	1	1	0.0037	0.625	1	0.0185
0.0186	0.0565	-0.0783	-0.0293	-0.2123	-0.3059	-0.5073	0.8057	8	10	2	1	2	0.0037	0.625	0	0.0185
0.0221	0.0582	-0.0971	-0.0569	-0.1713	-0.9082	-0.3565	0.2194	9	11	2	1	3	0.003	0.5417	0	0.0233
0.0192	0.0383	-0.1509	-0.0781	-0.1579	-0.2041	-0.5573	-0.8048	10	0	2	1	4	0.0025	0.4167	0	0.0197
0.0157	0.0815	-0.0243	-0.0936	-0.1196	0.9753	0.1994	0.0952	3	13	4	1	1	0.0056	0.5417	0	0.0157
0.0155	0.0849	0.0657	-0.0764	-0.1057	-0.5004	0.2863	0.8171	12	14	4	1	2	0.002	0.5	0	0.0155
0.018	0.0475	0.0405	-0.0725	-0.0492	0.2659	-0.3397	0.9022	13	15	4	1	3	0.002	0.4167	0	0.0191
0.0121	0.0186	0.0515	-0.0701	-0	0.7464	-0.1532	0.6476	14	16	4	1	4	0.0068	0.5	0	0.0116
0.0156	0.0527	0.0656	-0.0704	-0.0009	0.2276	0.9547	0.1914	15	17	4	1	5	0.0014	0.2083	0	0.0158
0.0134	0.0391	0.0806	-0.0197	0.014	-0.1888	0.9806	0.0532	16	18	4	1	6	0.0014	0.3333	0	0.0134
0.0171	0.067	0.0596	0.0036	0.0181	-0.4589	0.5153	0.7238	17	19	4	1	7	0.0037	0.175	0	0.0245
0.0116	0.0377	0.068	0.0234	0.0652	0.0763	0.1101	0.991	18	20	4	1	8	0.01	0.05	0	0.01
0.0116	0.0429	0.0532	0.0252	0.0987	-0.2188	0.0756	0.9728	19	0	4	1	9	0.01	0.05	0	0.01
0.0132	0.1154	-0.0404	-0.0247	0.0052	0.5774	-0.5794	-0.5752	5	22	5	1	1	0.0068	0.34	0	0.0238
0.0129	0.0167	0.0364	-0.0907	-0.0583	0.254	0.2263	-0.9404	21	0	5	1	2	0.0042	0.5	0	0.0129
0.0098	0.1594	-0.0297	-0.0448	-0.01	-0.0702	-0.9697	-0.2342	5	24	6	1	1	0.0014	0.375	1	0.0094
0.0096	0.051	-0.0409	-0.1993	-0.0473	-0.4482	-0.3045	-0.8404	23	25	6	1	2	0.0014	0.375	0	0.0094
0.0108	0.0194	-0.0633	-0.233	-0.0533	-0.4634	-0.7967	-0.3879	24	26	6	1	3	0.0126	0.375	0	0.0118
0.0094	0.0625	-0.0793	-0.2397	-0.0585	-0.3058	-0.4639	0.8315	25	0	6	1	4	0.01	0.05	0	0.01
0.0163	0.0579	-0.0168	0.0098	0.0133	0.2396	0.6452	0.7255	5	28	7	1	1	0.0025	0.625	0	0.0164
0.0145	0.0532	-0.0029	0.0483	0.0541	0.696	0.4884	0.5263	27	29	7	1	2	0.0021	0.5833	0	0.0145
0.0157	0.0722	0.0039	0.0745	0.0868	0.1279	0.5858	0.8003	28	30	7	1	3	0.0018	0.4167	0	0.0161
0.011	0.0136	0.0151	0.1214	0.1423	-0.4881	0.543	0.6833	29	31	7	1	4	0.0054	0.4286	0	0.0101
0.0153	0.0858	0.0028	0.1313	0.157	0.6865	-0.0086	0.727	30	32	7	1	5	0.002	0.375	0	0.0163
0.0102	0.0614	0.0525	0.1423	0.195	0.0649	0.9091	0.4115	31	33	7	1	6	0.0074	0.3125	0	0.0087
0.0097	0.0035	0.0673	0.197	0.223	0.0959	0.9953	0.0131	32	34	7	1	7	0.0047	0.4375	0	0.0078
0.0132	0.0586	0.0649	0.1923	0.2318	-0.0126	0.7309	0.6824	33	35	7	1	8	0.0019	0.5	0	0.0136
0.011	0.0556	0.0786	0.2267	0.2767	0.0352	0.55	0.8344	34	36	7	1	9	0.0055	0.6667	0	0.011
0.0153	0.0081	0.0773	0.2603	0.2894	0.0593	0.9947	0.0834	35	0	7	1	10	0.0051	0.275	0	0.0262
0.0143	0.0365	0.0517	-0.0732	-0.1272	0.7369	0.6752	-0.0333	12	38	8	2	1	0.0025	0.5	0	0.0143
0.0143	0.0152	0.08	-0.0555	-0.1199	0.5801	-0.5778	-0.5741	37	39	8	2	2	0.01	0.05	0	0.01
0.0143	0.0312	0.0902	-0.0644	-0.1263	0.8544	0.071	-0.5147	38	0	8	2	3	0.01	0.05	0	0.01
0.0053	0.1038	0.0594	-0.037	0.0127	-0.8028	0.5947	0.0433	16	41	12	2	1	0.0083	0.25	0	0.0204
0.0056	0.0467	-0.0226	0.0017	0.0158	-0.9554	-0.0374	-0.2931	40	0	12	2	2	0.01	0.05	0	0.01
0.0105	0.064	-0.0198	0.0471	0.0437	-0.4089	0.9117	-0.0407	27	43	14	2	1	0.0034	0.5833	0	0.0105
0.0105	0.0428	-0.0506	0.1053	0.0399	0.2327	0.3735	-0.898	42	44	14	2	2	0.01	0.05	0	0.01
0.0105	0.0197	-0.0406	0.1213	0.0014	-0.4845	0.791	-0.3736	43	0	14	2	3	0.01	0.05	0	0.01
0.0074	0.0563	0.0602	0.0858	0.1151	-0.3389	-0.4901	0.8031	28	46	15	2	1	0.0013	0.375	0	0.0172
0.0078	0.0014	0.0373	0.0704	0.1591	-0.5313	-0.0835	0.8431	45	47	15	2	2	0.01	0.05	0	0.01
0.0076	0.0267	0.0493	0.0722	0.1706	-0.2939	0.9369	0.1895	46	0	15	2	3	0.01	0.05	0	0.01
0.0055	0.0531	0.0326	0.1459	0.1932	-0.5951	0.6897	0.4126	31	49	16	2	1	0.0127	0.275	1	0.0133
0.0055	0.0173	-0.0108	0.1791	0.2073	-0.3956	0.8982	0.1915	48	50	16	2	2	0.0062	0.225	0	0.0133
0.0059	0.0154	-0.0176	0.1821	0.2094	0.4119	-0.0873	0.907	49	0	16	2	3	0.01	0.05	0	0.01
0.0097	0.0505	0.0489	0.1774	0.2164	0.9383	0.313	0.1469	32	52	20	2	1	0.0085	0.45	1	0.0152
0.0096	0.0284	0.1039	0.1751	0.2054	0.7427	0.6053	-0.2863	51	53	20	2	2	0.0051	0.425	0	0.0152
0.0095	0.0399	0.1177	0.1987	0.1956	0.5653	0.7481	0.3476	52	54	20	2	3	0.0035	0.275	0	0.0171
0.008	0.0426	0.1382	0.2266	0.2062	0.859	-0.0477	-0.5098	53	55	20	2	4	0.0009	0.375	0	0.008
0.0078	0.0361	0.1752	0.2229	0.1861	0.7669	-0.3124	-0.5606	54	56	20	2	5	0.0044	0.625	0	0.0078
0.0082	0.0054	0.2013	0.2084	0.1694	0.3844	-0.7599	-0.5241	55	0	20	2	6	0.0032	0.25	0	0.0087
0.0119	0.0699	0.0545	0.0752	0.166	0.6821	0.4064	-0.6079	47	58	18	3	1	0.0029	0.5	1	0.0119
0.0119	0.0455	0.1021	0.1037	0.1235	0.153	-0.7433	-0.6512	57	59	18	3	2	0.0029	0.5	0	0.0119
0.0119	0.0289	0.1135	0.0782	0.0893	-0.2541	-0.3525	-0.9007	58	0	18	3	3	0.01	0.05	0	0.01
