radius (m)	length (m)	start_point	axis_direction	parent	extension	branch	branch_order	position_in_branch	mad	SurfCov	added	UnmodRadius (m)
0.0313	0.3511	-0.1071	-0.3325	-0.3036	0.6427	0.7321	0.2257	0	2	1	0	1	0.0086	0.3111	0	0.0373
0.0229	0.0393	0.1361	-0.1104	-0.1839	-0.9184	-0.0061	0.3956	1	3	1	0	2	0.0019	0.2917	0	0.0248
0.0151	0.0502	0.1027	-0.1139	-0.1762	0.0272	-0.9182	0.3951	2	4	1	0	3	0.0016	0.5	0	0.0102
0.0148	0.0269	0.0966	-0.1574	-0.1499	0.0076	-0.9229	0.385	3	5	1	0	4	0.0015	0.5417	0	0.0148
0.013	0.0677	0.0843	-0.1686	-0.1428	-0.6233	-0.413	0.6641	4	6	1	0	5	0.0015	0.5833	0	0.0123
0.0156	0.0407	0.0624	-0.1928	-0.088	-0.4526	0.114	0.8844	5	7	1	0	6	0.0012	0.3333	0	0.016
0.0142	0.0325	0.0475	-0.1797	-0.0595	0.3298	0.5521	0.7658	6	8	1	0	7	0.0014	0.25	0	0.0148
0.0114	0.0384	0.057	-0.1592	-0.0354	0.8543	0.4671	0.2281	7	9	1	0	8	0.0014	0.5	0	0.0114
0.0079	0.0041	0.0887	-0.148	-0.0204	0.5753	0.5032	0.6449	8	10	1	0	9	0.0033	0.6667	0	0.0057
0.018	0.0262	0.1002	-0.13	-0.0141	-0.6391	0.5017	-0.5829	9	0	1	0	10	0.0024	0.175	0	0.0387
0.0132	0.1502	-0.0629	-0.2355	-0.2738	-0.9159	-0.4005	0.0287	1	12	2	1	1	0.0027	0.4375	0	0.0123
0.0152	0.0285	-0.2031	-0.3025	-0.2722	-0.6427	-0.0568	0.764	11	0	2	1	2	0.002	0.4167	0	0.0172
0.0144	0.0826	0.105	-0.1494	-0.1774	0.0867	-0.197	-0.9766	3	14	3	1	1	0.0048	0.4583	1	0.0162
0.0144	0.0886	0.1122	-0.1656	-0.258	-0.6056	-0.7114	0.3566	13	15	3	1	2	0.0048	0.4583	0	0.0162
0.0144	0.0616	0.0528	-0.2152	-0.2374	-0.6379	-0.6312	-0.4413	14	16	3	1	3	0.01	0.05	0	0.01
0.0144	0.0152	0.0135	-0.2541	-0.2645	-0.0435	-0.0602	-0.9972	15	0	3	1	4	0.01	0.05	0	0.01
0.0218	0.0758	0.0683	-0.1266	-0.1741	0.8541	0.5051	-0.1245	2	18	103	1	1	0.004	0.3333	0	0.0247
0.015	0.0271	0.1181	-0.096	-0.1623	-0.4942	0.8686	-0.0354	17	19	103	1	2	0.0024	0.15	0	0.01
0.0125	0.0213	0.1151	-0.0648	-0.1614	-0.5559	0.8079	-0.1956	18	20	103	1	3	0.01	0.05	0	0.01
0.01	0.0279	0.1033	-0.0476	-0.1656	-0.7543	-0.334	0.5652	19	0	103	1	4	0.01	0.05	0	0.01
0.0025	0.0487	0.0422	-0.1911	-0.1082	-0.6519	-0.2157	-0.727	5	22	7	1	1	0.0143	0.25	1	0.01
0.0025	0.0539	0.011	-0.1999	-0.1349	0.0772	-0.9796	0.1854	21	23	7	1	2	0.0026	0.15	0	0.01
0.0025	0.0419	0.0137	-0.2532	-0.1262	-0.5721	-0.2578	0.7786	22	0	7	1	3	0.0059	0.175	0	0.01
0.0098	0.1322	0.0605	-0.1603	-0.0462	-0.8493	-0.4933	-0.1878	8	25	8	1	1	0.0024	0.5	0	0.0098
0.0098	0.0037	-0.0505	-0.218	-0.0798	-0.796	-0.3971	-0.4568	24	26	8	1	2	0.01	0.05	0	0.01
0.0098	0.0256	-0.0535	-0.2195	-0.0816	-0.9865	-0.0202	-0.1624	25	0	8	1	3	0.01	0.05	0	0.01
0.0108	0.0588	0.0722	-0.1565	-0.0214	-0.2722	-0.6086	0.7454	8	28	11	1	1	0.0016	0.375	1	0.0145
0.0108	0.0295	0.0562	-0.1923	0.0224	-0.1375	-0.9876	-0.0762	27	29	11	1	2	0.0016	0.375	0	0.0145
0.0079	0.0151	0.0525	-0.2165	0.0162	-0.9981	0.0302	-0.0539	28	30	11	1	3	0.01	0.05	0	0.01
0.0068	0.0353	0.0432	-0.2116	0.0156	0.5746	-0.7243	-0.3811	29	0	11	1	4	0.0017	0.2917	0	0.0068
0.0089	0.0195	0.0528	-0.1753	-0.0301	-0.0674	-0.4055	0.9116	7	32	12	1	1	0.0023	0.4583	1	0.0089
0.0089	0.05	0.0515	-0.1832	-0.0123	-0.4654	0.2198	0.8574	31	33	12	1	2	0.0023	0.4583	0	0.0089
0.0102	0.0503	0.0217	-0.1697	0.0329	0.4695	0.6331	0.6155	32	34	12	1	3	0.0014	0.375	0	0.0104
0.0101	0.047	0.0366	-0.1417	0.0627	-0.4172	0.854	0.311	33	35	12	1	4	0.0014	0.2917	0	0.0107
0.0095	0.0123	0.024	-0.0996	0.068	0.2325	0.9008	0.3668	34	36	12	1	5	0.01	0.05	0	0.01
0.0093	0.0261	0.0268	-0.0885	0.0725	-0.7153	0.1145	0.6893	35	0	12	1	6	0.01	0.05	0	0.01
0.01	0.0286	0.0545	-0.1563	-0.0246	-0.6212	0.0135	0.7835	8	38	13	1	1	0.0011	0.4167	1	0.007
0.01	0.0611	0.0367	-0.1559	-0.0021	-0.9263	0.3753	-0.0335	37	39	13	1	2	0.0011	0.4167	0	0.007
0.0108	0.0422	-0.0114	-0.127	-0.0103	-0.5301	-0.104	-0.8416	38	40	13	1	3	0.0017	0.5	0	0.0131
0.01	0.0097	-0.0425	-0.1188	-0.0295	-0.9159	-0.3252	-0.2354	39	41	13	1	4	0.0079	0.4583	0	0.0089
0.01	0.0547	-0.0506	-0.1217	-0.0395	-0.1711	0.9852	0.0096	40	42	13	1	5	0.001	0.3333	0	0.0089
0.01	0.0683	-0.0471	-0.0691	-0.039	0.1006	0.9939	-0.046	41	43	13	1	6	0.004	0.3333	0	0.0088
0.01	0.0468	-0.0509	-0.0108	-0.0635	0.0229	0.9062	-0.4221	42	44	13	1	7	0.01	0.05	0	0.01
0.0108	0.0242	-0.0507	0.0004	-0.0378	0.4111	0.7472	0.5221	43	45	13	1	8	0.0011	0.5417	0	0.0119
0.0108	0.0219	-0.0492	0.0154	-0.0248	-0.2522	0.7472	0.6149	44	46	13	1	9	0.0012	0.2917	0	0.0113
0.01	0.0196	-0.0587	0.0379	-0.0197	0.0601	0.8191	0.5705	45	47	13	1	10	0.0052	0.7917	0	0.01
0.0103	0.0215	-0.0457	0.0564	-0.0164	-0.424	0.8261	-0.3712	46	48	13	1	11	0.0073	0.5	0	0.0103
0.01	0.0172	-0.0457	0.0664	-0.0146	0.5853	0.8045	0.1009	47	49	13	1	12	0.0045	0.5833	0	0.0076
0.0108	0.0376	-0.0454	0.0855	-0.0225	-0.7121	-0.0207	0.7018	48	50	13	1	13	0.0049	0.25	0	0.0163
0.0108	0.0249	-0.0738	0.0865	-0.0011	-0.9545	-0.11	0.2772	49	51	13	1	14	0.0009	0.3333	0	0.0132
0.01	0.027	-0.0885	0.0873	0.0106	-0.5486	0.4505	0.7043	50	52	13	1	15	0.0068	0.3333	0	0.0095
0.01	0.0523	-0.1085	0.09	0.0357	-0.2415	0.6094	0.7552	51	53	13	1	16	0.0044	0.225	0	0.0093
0.01	0.0473	-0.1008	0.107	0.074	0.1358	0.1063	0.985	52	54	13	1	17	0.01	0.05	0	0.01
0.01	0.045	-0.1164	0.1189	0.1182	-0.0594	0.1587	0.9855	53	55	13	1	18	0.0009	0.3333	0	0.009
0.0107	0.0211	-0.1023	0.1508	0.1117	0.3407	0.7956	0.5009	54	56	13	1	19	0.0009	0.2917	0	0.0109
0.0107	0.0104	-0.0929	0.1719	0.1163	0.1734	0.7721	0.6114	55	57	13	1	20	0.0012	0.25	0	0.0121
0.0107	0.0297	-0.0928	0.1819	0.1103	-0.0306	0.9862	0.1627	56	58	13	1	21	0.0011	0.3333	0	0.0109
0.01	0.0031	-0.0846	0.2101	0.1116	-0.0105	0.9496	-0.3132	57	59	13	1	22	0.01	0.05	0	0.01
0.01	0.0288	-0.0847	0.213	0.1106	-0.75	0.6438	0.1514	58	0	13	1	23	0.01	0.05	0	0.01
0.0096	0.0595	0.0576	-0.1573	-0.052	-0.8561	0.515	0.043	7	61	15	1	1	0.0033	0.4583	0	0.0096
0.0096	0.0235	0.0092	-0.1287	-0.0603	-0.7667	-0.6397	-0.0547	60	62	15	1	2	0.001	0.3333	0	0.0125
0.0096	0.0182	-0.0162	-0.1403	-0.0626	-0.4364	-0.8881	0.144	61	0	15	1	3	0.0022	0.25	0	0.0118
0.0115	0.0524	0.0777	-0.1607	-0.0334	0.7558	-0.3636	0.5446	8	64	16	1	1	0.001	0.5417	0	0.0115
0.0115	0.0275	0.1077	-0.1875	-0.0042	0.4792	-0.5378	0.6936	63	65	16	1	2	0.0012	0.5	0	0.0137
0.0115	0.0267	0.116	-0.1895	0.0094	-0.8032	-0.4675	-0.3692	64	0	16	1	3	0.0018	0.2083	0	0.0143
0.0269	0.0605	-0.0684	-0.2333	-0.2612	-0.6769	0.6643	0.317	11	67	104	2	1	0.0031	0.4167	0	0.0269
0.0269	0.0291	-0.0947	-0.1903	-0.2771	-0.369	0.926	-0.0801	66	0	104	2	2	0.0034	0.05	0	0.01
0.0045	0.0676	0.0877	-0.0654	-0.1514	0.9161	-0.3751	-0.1415	20	69	105	2	1	0.0064	0.15	1	0.0129
0.0045	0.023	0.1575	-0.0711	-0.1594	-0.852	0.3107	0.4214	68	0	105	2	2	0.0064	0.25	0	0.0129
0.0098	0.0121	0.0395	-0.191	-0.1076	-0.7636	0.1647	0.6244	21	71	106	2	1	0.003	0.5833	1	0.0098
0.0098	0.0583	0.0302	-0.189	-0.1001	-0.4235	0.6203	-0.6602	70	72	106	2	2	0.003	0.5833	0	0.0098
0.0098	0.0074	0.0057	-0.1612	-0.1331	-0.9271	0.1943	0.3205	71	73	106	2	3	0.01	0.05	0	0.01
0.0098	0.0088	-0.0069	-0.1715	-0.134	0.0387	-0.2818	0.9587	72	74	106	2	4	0.01	0.05	0	0.01
0.0098	0.0183	-0.0066	-0.174	-0.1255	-0.3916	-0.6584	0.6428	73	0	106	2	5	0.01	0.05	0	0.01
0.0093	0.0636	-0.0706	-0.2209	-0.0745	0.2481	0.8277	-0.5034	26	76	27	2	1	0.003	0.5	0	0.0129
0.0093	0.0237	-0.0634	-0.1723	-0.09	-0.6106	0.7818	-0.1261	75	77	27	2	2	0.01	0.05	0	0.01
0.0093	0.0321	-0.0626	-0.1728	-0.0892	0.1211	-0.1004	-0.9876	76	78	27	2	3	0.01	0.05	0	0.01
0.0093	0.0157	-0.0595	-0.1723	-0.1212	0.9269	0.1571	-0.3408	77	0	27	2	4	0.01	0.05	0	0.01
0.0072	0.0266	0.0527	-0.2086	0.0169	0.9484	-0.134	0.2874	29	80	20	2	1	0.001	0.4583	0	0.0072
0.0072	0.0379	0.0846	-0.2144	0.0199	0.4195	0.8935	0.1601	79	81	20	2	2	0.01	0.05	0	0.01
0.0072	0.0228	0.1005	-0.1805	0.026	0.9138	-0.2125	0.3462	80	0	20	2	3	0.01	0.05	0	0.01
0.0082	0.0779	0.0286	-0.1435	0.0568	-0.4009	0.4631	-0.7905	34	83	21	2	1	0.0088	0.3	0	0.0363
0.0082	0.0538	-0.0048	-0.1246	0.0108	-0.5393	0.6022	0.5887	82	0	21	2	2	0.0041	0.4063	0	0.0082
0.0025	0.0593	0.0284	-0.1644	0.0281	-0.4656	-0.844	-0.2663	32	85	108	2	1	0.013	0.35	1	0.01
0.0025	0.0374	0.0033	-0.2142	0.0164	-0.7215	0.554	0.4154	84	86	108	2	2	0.01	0.05	0	0.01
0.003	0.0235	-0.0302	-0.1988	0.0295	-0.4011	0.0683	0.9135	85	0	108	2	3	0.0087	0.175	0	0.0146
0.0079	0.0596	-0.0439	-0.1018	-0.0386	0.9486	0.2442	-0.2011	41	88	25	2	1	0.0015	0.5	0	0.0079
0.0079	0.0162	0.0077	-0.0967	-0.0481	-0.1796	-0.1618	-0.9703	87	89	25	2	2	0.0014	0.3333	0	0.0124
0.0079	0.0373	0.0027	-0.0995	-0.0629	-0.3013	-0.5012	-0.8112	88	0	25	2	3	0.0036	0.125	0	0.0144
0.0101	0.0302	-0.0889	0.1638	0.1125	0.9863	0.1533	-0.0606	55	91	42	2	1	0.0019	0.4167	0	0.0103
0.0101	0.0176	-0.0676	0.1668	0.1122	0.2202	-0.9524	0.2109	90	92	42	2	2	0.0013	0.2917	0	0.0126
0.0095	0.0328	-0.0525	0.1589	0.1038	0.6861	-0.7182	0.1159	91	93	42	2	3	0.0091	0.375	0	0.0095
0.0084	0.0319	-0.0398	0.1623	0.1181	0.9232	0.3732	-0.0912	92	94	42	2	4	0.0081	0.4063	0	0.0084
0.0101	0.0062	-0.016	0.1733	0.1033	0.2113	0.9613	-0.1768	93	95	42	2	5	0.0036	0.5	0	0.0109
0.0083	0.0592	-0.009	0.178	0.1061	0.5308	0.637	-0.559	94	96	42	2	6	0.0045	0.475	0	0.0083
0.01	0.0355	0.026	0.2088	0.0974	0.836	0.5479	0.0307	95	97	42	2	7	0.01	0.05	0	0.01
0.0083	0.0184	0.0272	0.2132	0.0804	0.4558	0.1838	-0.8709	96	98	42	2	8	0.0007	0.3333	0	0.008
0.01	0.0324	0.0448	0.2199	0.0695	-0.4036	0.9031	0.1469	97	99	42	2	9	0.0012	0.2917	0	0.0104
0.0094	0.0267	0.0345	0.2459	0.0712	-0.0877	0.6383	-0.7648	98	100	42	2	10	0.0012	0.375	0	0.0094
0.0083	0.0234	0.0304	0.2647	0.0519	0.21	0.6704	-0.7117	99	101	42	2	11	0.0036	0.5833	0	0.0083
0.0098	0.0006	0.0315	0.2747	0.0394	-0.7294	-0.0233	-0.6837	100	102	42	2	12	0.01	0.05	0	0.01
0.01	0.0373	0.0321	0.282	0.0475	0.7796	0.4238	-0.4611	101	103	42	2	13	0.0009	0.4167	0	0.0126
0.01	0.0353	0.0578	0.2978	0.0261	0.515	0.7493	-0.4163	102	104	42	2	14	0.0013	0.4167	0	0.0141
0.0099	0.0299	0.0836	0.3214	0.0194	0.496	0.8517	-0.1691	103	105	42	2	15	0.0013	0.375	0	0.0146
0.0099	0.0114	0.107	0.3285	-0.0067	0.5807	0.7148	-0.3896	104	106	42	2	16	0.0039	0.4167	0	0.0114
0.0098	0.0054	0.084	0.3496	-0.0127	-0.0527	-0.238	-0.9698	105	107	42	2	17	0.0122	0.375	0	0.01
0.0095	0.0172	0.094	0.361	-0.0089	-0.4898	0.7302	-0.4763	106	108	42	2	18	0.0052	0.5	0	0.0095
0.0095	0.0285	0.0888	0.3704	-0.0222	0.1704	0.8794	-0.4446	107	0	42	2	19	0.01	0.05	0	0.01
0.009	0.0524	-0.1282	0.1164	0.0799	-0.9536	-0.3009	0.0127	52	110	43	2	1	0.0021	0.4167	0	0.009
0.0095	0.0217	-0.1739	0.0969	0.0927	-0.893	-0.4106	0.1845	109	111	43	2	2	0.0009	0.3333	0	0.0117
0.0093	0.0078	-0.1821	0.0924	0.1005	-0.0022	-0.6477	0.7619	110	112	43	2	3	0.01	0.05	0	0.01
0.0092	0.0266	-0.1821	0.0874	0.1064	-0.4039	-0.5268	-0.7479	111	113	43	2	4	0.01	0.05	0	0.01
0.009	0.0267	-0.1928	0.0734	0.0865	-0.2899	-0.9558	-0.0487	112	0	43	2	5	0.01	0.05	0	0.01
0.0025	0.0541	-0.1318	0.1244	0.0889	-0.0367	-0.9508	-0.3077	52	115	44	2	1	0.01	0.05	0	0.01
0.0025	0.018	-0.1338	0.073	0.0723	-0.2727	-0.4239	-0.8637	114	116	44	2	2	0.01	0.05	0	0.01
0.0025	0.0268	-0.1387	0.0654	0.0568	0.5064	-0.7666	-0.3948	115	0	44	2	3	0.01	0.05	0	0.01
0.01	0.0155	-0.0826	0.1805	0.1158	0.8398	0.4762	-0.2606	56	118	48	2	1	0.01	0.05	1	0.01
0.01	0.0395	-0.0696	0.1878	0.1118	0.7141	0.5971	-0.3654	117	119	48	2	2	0.01	0.05	0	0.01
0.01	0.0233	-0.0414	0.2114	0.0974	0.9524	0.0602	-0.2988	118	120	48	2	3	0.01	0.05	0	0.01
0.01	0.0331	-0.0193	0.2128	0.0904	0.1687	0.3713	-0.9131	119	0	48	2	4	0.01	0.05	0	0.01
0.0114	0.0345	0.0548	-0.2261	-0.0927	-0.8026	-0.0225	0.5961	0	0	23	0	1	0.0029	0.5417	0	0.0114
0.0096	0.0374	-0.0557	0.1232	0.112	0.079	-0.8488	0.5228	91	123	45	3	1	0.0028	0.225	0	0.0152
0.0096	0.0293	-0.0444	0.0925	0.1372	-0.5689	0.1346	0.8113	122	124	45	3	2	0.0037	0.3	0	0.0149
0.0096	0.0395	-0.0462	0.0951	0.1515	0.4188	0.7224	0.5502	123	125	45	3	3	0.0011	0.375	0	0.0133
0.0078	0.0366	-0.0281	0.12	0.1776	0.3741	0.7831	0.4968	124	126	45	3	4	0.0029	0.4688	0	0.0078
0.0095	0.0311	-0.0093	0.1466	0.1944	0.4399	0.8137	0.3799	125	127	45	3	5	0.01	0.05	0	0.01
0.0095	0.0231	0.0001	0.1427	0.2204	0.7445	0.1996	0.6371	126	128	45	3	6	0.0015	0.3333	0	0.0139
0.0094	0.0192	-0.0204	0.1491	0.218	-0.0045	-0.9955	-0.0951	127	129	45	3	7	0.01	0.05	0	0.01
0.0095	0.0359	-0.0125	0.1346	0.2339	0.9133	-0.1661	-0.372	128	130	45	3	8	0.0049	0.25	0	0.0181
0.0095	0.041	0.0188	0.1227	0.2343	-0.1092	0.9176	0.3822	129	131	45	3	9	0.0018	0.4167	0	0.0118
0.0092	0.0075	0.025	0.1565	0.2436	0.5719	0.4538	0.6833	130	132	45	3	10	0.01	0.05	0	0.01
0.0094	0.0429	0.0102	0.16	0.2545	0.2784	-0.2455	0.9286	131	133	45	3	11	0.0013	0.375	0	0.0114
0.0091	0.028	0.0167	0.1368	0.2891	0.4888	-0.5062	0.7105	132	134	45	3	12	0.01	0.05	0	0.01
0.0093	0.0339	0.0088	0.1354	0.2955	0.622	0.7127	-0.3243	133	135	45	3	13	0.0008	0.3333	0	0.0133
0.0092	0.0523	0.036	0.1473	0.2953	0.8989	0.0757	-0.4316	134	136	45	3	14	0.0011	0.375	0	0.0108
0.0088	0.0043	0.0823	0.1486	0.2811	0.9853	0.1226	0.1186	135	137	45	3	15	0.01	0.05	0	0.01
0.0092	0.019	0.0949	0.1633	0.2759	0.666	-0.1012	0.7391	136	138	45	3	16	0.0014	0.4167	0	0.011
0.0086	0.015	0.0898	0.1727	0.2827	-0.5021	-0.2543	0.8266	137	139	45	3	17	0.01	0.05	0	0.01
0.0085	0.0276	0.0823	0.1689	0.295	0.7204	0.6178	0.3151	138	0	45	3	18	0.01	0.05	0	0.01
0.0025	0.0648	-0.1213	0.1488	0.1123	0.7498	-0.6093	-0.2582	90	141	114	3	1	0.01	0.05	0	0.01
0.0025	0.0437	-0.0727	0.1093	0.0955	-0.0504	-0.4959	-0.8669	140	0	114	3	2	0.01	0.05	0	0.01
0.0136	0.0376	0.0425	0.2131	0.0673	0.6445	-0.4592	0.6113	97	143	68	3	1	0.0035	0.4583	1	0.0136
0.0136	0.0468	0.0668	0.1958	0.0903	0.3225	0.8217	-0.4699	142	144	68	3	2	0.0035	0.4583	0	0.0136
0.0136	0.0443	0.0931	0.2402	0.0805	0.418	0.6058	-0.677	143	145	68	3	3	0.0042	0.225	0	0.0232
0.0136	0.0281	0.0998	0.2694	0.0497	0.1943	0.7343	-0.6504	144	146	68	3	4	0.01	0.05	0	0.01
0.0136	0.0257	0.1002	0.265	0.0603	0.4431	0.6376	0.6302	145	147	68	3	5	0.01	0.05	0	0.01
0.0136	0.0262	0.1116	0.2814	0.0765	0.7001	0.5659	0.4355	146	0	68	3	6	0.01	0.05	0	0.01
0.0048	0.0372	0.0429	0.252	0.0621	0.7977	0.4671	0.3814	99	149	74	3	1	0.0035	0.275	0	0.0138
0.0025	0.0083	0.0714	0.2712	0.0802	0.1529	0.9063	-0.394	148	150	74	3	2	0.0064	0.15	0	0.01
0.0025	0.0275	0.0697	0.2814	0.0737	0.3009	0.8502	0.4319	149	0	74	3	3	0.0026	0.2	0	0.01
0.0075	0.0568	0.0256	0.2418	0.0683	-0.834	0.5514	0.0175	98	152	78	3	1	0.0023	0.4583	0	0.0075
0.0075	0.0015	-0.0193	0.2749	0.0633	-0.7683	0.6296	-0.1159	151	153	78	3	2	0.01	0.05	0	0.01
0.0075	0.0259	-0.023	0.28	0.0657	-0.7867	-0.5949	0.1651	152	0	78	3	3	0.0018	0.4583	0	0.01
0.0025	0.0433	0.06	0.3187	0.0183	-0.9168	0.3781	-0.1288	103	155	79	3	1	0.01	0.05	0	0.01
0.0025	0.0293	0.0164	0.3386	0.0098	-0.6108	-0.781	-0.13	154	0	79	3	2	0.01	0.05	0	0.01
0.0091	0.0755	-0.0589	0.1062	0.1125	0.3175	-0.9426	0.1036	122	157	54	4	1	0.0023	0.4167	0	0.0113
0.0091	0.0354	-0.0434	0.0434	0.1277	0.1315	-0.5776	0.8057	156	158	54	4	2	0.0024	0.225	0	0.0147
0.0091	0.0252	-0.0439	0.0202	0.1564	0.2619	-0.4086	0.8743	157	159	54	4	3	0.01	0.05	0	0.01
0.0091	0.0301	-0.0345	0.0024	0.1653	0.4067	-0.7561	0.5127	158	0	54	4	4	0.01	0.05	0	0.01
0.0091	0.03	-0.0463	0.0855	0.1266	-0.1341	-0.9772	-0.1645	122	161	55	4	1	0.0015	0.375	0	0.0091
0.0091	0.0468	-0.051	0.0654	0.1384	0.57	-0.7101	0.4133	160	162	55	4	2	0.0011	0.4167	0	0.0098
0.0091	0.0076	-0.0286	0.0379	0.1569	0.7975	0.5768	-0.1767	161	163	55	4	3	0.01	0.05	0	0.01
0.0091	0.0296	-0.0272	0.0363	0.1566	0.7938	-0.6078	0.021	162	0	55	4	4	0.0012	0.3333	0	0.0091
0.0091	0.0426	-0.0478	0.068	0.157	0.871	0.4866	-0.0671	122	165	56	4	1	0.0014	0.3333	0	0.0093
0.0091	0.0002	-0.0164	0.093	0.1627	0.0185	0.902	-0.4313	164	166	56	4	2	0.01	0.05	0	0.01
0.0091	0.0119	-0.0113	0.0923	0.1627	0.1239	0.6047	-0.7868	165	167	56	4	3	0.01	0.05	0	0.01
0.0091	0.0321	-0.0091	0.0979	0.1532	0.7665	0.4174	-0.4881	166	0	56	4	4	0.01	0.05	0	0.01
0.0089	0.0371	-0.0141	0.1563	0.2005	-0.6651	0.5298	0.5262	126	169	73	4	1	0.0016	0.4583	0	0.0089
0.009	0.0362	-0.0429	0.1771	0.2018	-0.0456	0.996	0.0764	168	170	73	4	2	0.0009	0.375	0	0.0118
0.009	0.022	-0.0526	0.2098	0.1963	0.0898	0.8883	-0.4503	169	171	73	4	3	0.01	0.05	0	0.01
0.009	0.0099	-0.0507	0.2307	0.1945	0.09	0.9824	-0.1636	170	0	73	4	4	0.01	0.05	0	0.01
0.0076	0.0908	0.0197	0.1524	0.2374	0.82	-0.5724	-0.0048	130	173	89	4	1	0.0021	0.4167	0	0.0075
0.009	0.0233	0.0923	0.11	0.2401	0.8865	0.0147	0.4625	172	174	89	4	2	0.01	0.05	0	0.01
0.009	0.0271	0.0935	0.1054	0.2394	0.3089	-0.944	-0.1162	173	175	89	4	3	0.01	0.05	0	0.01
0.009	0.0226	0.1018	0.0798	0.2362	0.2816	-0.8137	-0.5086	174	0	89	4	4	0.01	0.05	0	0.01
0.0025	0.0366	0.0223	0.1573	0.301	-0.836	0.5429	0.0806	132	177	99	4	1	0.01	0.05	0	0.01
0.0048	0.0343	-0.0028	0.1799	0.3109	-0.2248	0.9544	-0.1964	176	0	99	4	2	0.0013	0.375	0	0.0105
0.0025	0.0443	0.0608	0.1613	0.2902	-0.8287	0.4804	-0.2871	139	179	100	4	1	0.01	0.05	0	0.01
0.0025	0.0265	0.024	0.1826	0.2774	-0.2834	0.9349	0.2136	178	0	100	4	2	0.01	0.05	0	0.01
0.0094	0.0246	0.067	0.212	0.0962	0.0137	-0.9498	0.3126	143	181	75	4	1	0.0022	0.4583	0	0.0117
0.0094	0.0184	0.0674	0.188	0.11	0.5004	-0.8605	-0.0958	180	0	75	4	2	0.0026	0.4167	0	0.0094
0.0085	0.0357	-0.0429	0.1783	0.2124	0.5849	-0.7011	-0.4078	168	183	87	5	1	0.0035	0.4167	0	0.0128
0.0085	0.0066	-0.0318	0.1693	0.1905	0.8101	0.5636	0.1614	182	184	87	5	2	0.01	0.05	0	0.01
0.0085	0.0325	-0.0261	0.1737	0.1914	0.8973	-0.4399	-0.0356	183	185	87	5	3	0.01	0.05	0	0.01
0.0085	0.0181	0.0031	0.1594	0.1902	0.5119	0.3548	-0.7824	184	0	87	5	4	0.01	0.05	0	0.01
