radius (m)	length (m)	start_point	axis_direction	parent	extension	branch	branch_order	position_in_branch	mad	SurfCov	added	UnmodRadius (m)
0.0239	0.0764	-0.3186	-0.0903	-0.1246	0.6013	0.2473	0.7598	0	2	1	0	1	0.0041	0.75	0	0.0239
0.0259	0.0831	-0.2854	-0.0935	-0.0271	0.9598	-0.2013	0.1959	1	3	1	0	2	0.0034	0.8333	0	0.0259
0.0303	0.109	-0.2087	-0.108	-0.0284	0.9732	-0.1301	-0.1896	2	4	1	0	3	0.0045	0.7188	0	0.0303
0.0316	0.107	-0.098	-0.1346	-0.0309	0.9334	-0.1361	-0.3321	3	5	1	0	4	0.0069	0.5938	0	0.032
0.0319	0.0601	0.0034	-0.1551	-0.0515	0.8951	0.4377	0.0851	4	6	1	0	5	0.0033	0.4583	0	0.0337
0.0251	0.0688	0.0722	-0.1192	-0.0456	0.4827	-0.7132	-0.5084	5	0	1	0	6	0.0156	0.5067	0	0.0251
0.026	0.0666	-0.2136	-0.1347	-0.0073	0.12	-0.9701	0.2108	2	8	2	1	1	0.0043	0.375	1	0.0207
0.026	0.1107	-0.2025	-0.1951	0.0036	0.5028	-0.7205	-0.4776	7	9	2	1	2	0.0077	0.3333	0	0.0207
0.026	0.039	-0.1312	-0.2621	-0.0454	0.1103	-0.4116	0.9047	8	10	2	1	3	0.0023	0.5	0	0.026
0.026	0.0504	-0.1262	-0.2819	-0.0389	0.6116	0.7861	-0.0895	9	11	2	1	4	0.0018	0.375	0	0.0255
0.026	0.031	-0.0563	-0.2506	-0.0278	0.4037	0.2399	-0.8829	10	0	2	1	5	0.0032	0.15	0	0.01
0.02	0.1165	-0.2364	-0.1302	-0.0176	-0.4556	-0.6857	0.5676	2	13	3	1	1	0.0039	0.7083	0	0.02
0.02	0.0551	-0.2897	-0.2208	0.0557	-0.5671	-0.448	-0.6912	12	0	3	1	2	0.007	0.4	0	0.0252
0.0272	0.2235	-0.0777	-0.1083	-0.0498	-0.5435	0.8326	-0.1069	4	15	5	1	1	0.0048	0.4688	1	0.0272
0.0272	0.094	-0.1992	0.0779	-0.0737	0.8123	-0.4385	0.3845	14	16	5	1	2	0.0048	0.4688	0	0.0272
0.0272	0.0478	-0.1222	0.0354	-0.0402	0.7318	-0.5535	0.3976	15	0	5	1	3	0.0057	0.175	0	0.0162
0.0137	0.1005	-0.0066	-0.1792	-0.0582	-0.2292	-0.3641	0.9027	4	18	9	1	1	0.0036	0.375	0	0.014
0.0122	0.0356	-0.0297	-0.2156	0.0324	0.9002	0.3469	0.263	17	0	9	1	2	0.0018	0.25	0	0.0122
0.0232	0.381	0.1069	-0.1577	-0.048	-0.4667	0.8543	0.2287	6	20	27	1	1	0.0258	0.47	1	0.0355
0.0225	0.0841	-0.0702	0.17	0.0354	-0.9561	0.2931	0.0073	19	21	27	1	2	0.0103	0.325	0	0.0355
0.0215	0.0805	-0.1565	0.1956	0.0252	-0.4804	0.8136	0.3275	20	22	27	1	3	0.0023	0.5833	0	0.0216
0.0111	0.0134	-0.2084	0.2446	0.0491	-0.7553	0.6324	-0.1719	21	23	27	1	4	0.006	0.8125	0	0.0111
0.02	0.0623	-0.2322	0.2626	0.0492	-0.1666	-0.4625	0.8708	22	24	27	1	5	0.0022	0.3333	0	0.0228
0.0154	0.0803	-0.2341	0.2284	0.0982	-0.6634	-0.623	-0.4144	23	25	27	1	6	0.0014	0.375	0	0.0154
0.0162	0.0374	-0.2999	0.202	0.0779	-0.791	-0.5576	0.2516	24	26	27	1	7	0.0023	0.375	0	0.0175
0.0126	0.0033	-0.3289	0.1716	0.0879	-0.9597	-0.0441	0.2774	25	27	27	1	8	0.0051	0.6667	0	0.0126
0.0111	0.0585	-0.3326	0.1711	0.0887	-0.3548	0.8129	-0.4619	26	0	27	1	9	0.0018	0.2917	0	0.0105
0.0221	0.3238	0.1599	-0.2073	-0.0694	0.508	0.8093	0.2951	19	29	28	2	1	0.0069	0.4821	0	0.0306
0.0221	0.0572	0.3341	0.038	0.0013	0.6264	0.7373	-0.2528	28	30	28	2	2	0.0031	0.5833	0	0.0226
0.0195	0.0537	0.3712	0.0827	-0.0051	0.8755	-0.4829	0.0187	29	31	28	2	3	0.0029	0.75	0	0.0195
0.0221	0.0303	0.0547	-0.0538	0.9551	0.4622	-0.8837	0.0732	30	0	28	2	4	0.0051	0.037	0	1.0548
0.0183	0.0896	-0.2709	0.1727	0.0687	0.7135	-0.2129	0.6675	24	33	23	2	1	0.0029	0.5	0	0.0184
0.0183	0.0419	-0.2245	0.1384	0.1409	0.4488	-0.8156	-0.3652	32	34	23	2	2	0.0012	0.5	0	0.0183
0.0183	0.062	-0.2088	0.1095	0.1257	-0.4402	-0.2537	-0.8613	33	35	23	2	3	0.0015	0.375	0	0.0193
0.0183	0.0126	-0.2439	0.0908	0.0721	-0.12	0.3775	-0.9182	34	36	23	2	4	0.001	0.125	0	0.01
0.0183	0.0212	-0.2506	0.1051	0.049	-0.458	-0.7751	-0.4353	35	0	23	2	5	0.0037	0.125	0	0.01
0.0294	0.1334	0.16	0.1772	-0.0065	-0.9128	0.4084	-0.0062	30	38	17	3	1	0.0075	0.4583	1	0.0294
0.0294	0.1555	0.0383	0.2317	-0.0074	-0.9218	0.1197	-0.3687	37	0	17	3	2	0.0075	0.4583	0	0.0294
0.02	0.0125	0.276	-0.0481	-0.0268	0.6407	-0.1503	-0.753	28	40	21	3	1	0.0054	0.5	1	0.02
0.02	0.0601	0.284	-0.05	-0.0362	0.3338	-0.8559	0.3949	39	41	21	3	2	0.0054	0.5	0	0.02
0.02	0.0577	0.3187	-0.0945	-0.0333	0.2995	0.8212	0.4858	40	0	21	3	3	0.0065	0.3125	0	0.0155
0.0294	0.0796	0.2985	0.0448	0.0041	-0.2451	0.8707	-0.4264	28	43	22	3	1	0.0085	0.4063	1	0.0294
0.0294	0.1027	0.279	0.1141	-0.0299	-0.4327	0.8998	0.0567	42	0	22	3	2	0.0085	0.4063	0	0.0294
