radius (m)	length (m)	start_point	axis_direction	parent	extension	branch	branch_order	position_in_branch	mad	SurfCov	added	UnmodRadius (m)
0.0158	0.1491	0.0103	-0.0152	-0.2771	-0.6387	-0.6545	0.4046	0	2	1	0	1	0.0053	0.475	0	0.0163
0.0095	0.015	-0.0879	-0.1088	-0.2128	-0.8712	-0.2245	-0.4366	1	3	1	0	2	0.0067	0.2917	0	0.0094
0.0078	0.0596	-0.1063	-0.1055	-0.2178	0.0152	-0.222	0.9749	2	4	1	0	3	0.0009	0.4583	0	0.0074
0.0091	0.0004	-0.1102	-0.1198	-0.1627	-0.3789	-0.5046	0.7758	3	5	1	0	4	0.01	0.05	0	0.01
0.0082	0.0202	-0.1103	-0.12	-0.1624	-0.5322	-0.2129	0.8194	4	6	1	0	5	0.01	0.05	0	0.01
0.0076	0.0149	-0.1211	-0.1243	-0.1459	-0.6422	0.717	-0.2711	5	0	1	0	6	0.01	0.05	0	0.01
0.015	0.042	-0.0082	-0.0265	-0.2516	0.3312	0.7478	0.5754	1	8	2	1	1	0.0033	0.4167	0	0.015
0.015	0.0239	-0.014	0.0034	-0.2075	-0.1265	0.9907	-0.0507	7	0	2	1	2	0.002	0.1	0	0.01
0.0125	0.0151	-0.0501	-0.1045	-0.1858	0.8096	0.0914	0.5798	2	10	3	1	1	0.0026	0.375	1	0.0227
0.0125	0.0437	-0.0368	-0.106	-0.1748	-0.7259	0.2237	0.6504	9	11	3	1	2	0.0091	0.25	0	0.0227
0.0125	0.0626	-0.0536	-0.0974	-0.149	0.0686	0.9943	-0.0813	10	12	3	1	3	0.002	0.25	0	0.0132
0.0125	0.0459	-0.0332	-0.0419	-0.1498	0.4137	0.8974	-0.153	11	13	3	1	4	0.0096	0.4063	0	0.0125
0.0125	0.0342	-0.0246	-0.0403	-0.1667	0.9517	-0.2796	0.1266	12	14	3	1	5	0.01	0.05	0	0.01
0.0125	0.0387	-0.0264	-0.038	-0.1665	0.2777	0.9121	0.3017	13	0	3	1	6	0.01	0.05	0	0.01
0.0111	0.0503	-0.0993	-0.1067	-0.1939	0.8332	0.5507	-0.0499	3	16	4	1	1	0.0025	0.5833	1	0.0111
0.0111	0.0505	-0.0574	-0.079	-0.1964	0.969	-0.0668	-0.2377	15	17	4	1	2	0.0025	0.5833	0	0.0111
0.0111	0.0662	0.0049	-0.0758	-0.2142	-0.2928	0.8925	0.3431	16	18	4	1	3	0.0049	0.225	0	0.0195
0.0111	0.0592	-0.0168	-0.0168	-0.1875	0.6397	-0.6777	0.3627	17	19	4	1	4	0.0014	0.25	0	0.0088
0.0111	0.0514	0.0233	-0.0541	-0.1635	0.6189	-0.7263	0.299	18	20	4	1	5	0.0038	0.2679	0	0.0101
0.0111	0.0471	0.0501	-0.0831	-0.1411	0.4952	-0.3785	0.782	19	21	4	1	6	0.002	0.12	0	0.0204
0.0111	0.0965	0.0598	-0.0712	-0.1044	0.7149	0.3334	0.6146	20	22	4	1	7	0.0089	0.0714	0	0.0328
0.0111	0.0799	0.1235	-0.0262	-0.0688	0.6594	0.713	0.2384	21	23	4	1	8	0.01	0.05	0	0.01
0.0111	0.0341	0.1587	-0.048	-0.0879	0.9238	-0.0206	-0.3824	22	24	4	1	9	0.0064	0.2	0	0.0262
0.0111	0.0685	0.1773	-0.0385	-0.1064	0.6652	0.6569	-0.355	23	25	4	1	10	0.0011	0.3333	0	0.0126
0.0111	0.0369	0.2194	0.0077	-0.1279	0.3093	0.9483	-0.0705	24	26	4	1	11	0.0012	0.2917	0	0.0118
0.0111	0.0395	0.2167	0.0409	-0.1294	-0.1038	0.9589	0.2641	25	27	4	1	12	0.01	0.05	0	0.01
0.0111	0.0214	0.2379	0.05	-0.1281	0.7584	0.6495	0.0549	26	28	4	1	13	0.0007	0.375	0	0.0072
0.0111	0.0301	0.2702	0.0497	-0.1247	-0.1881	-0.056	0.9805	27	29	4	1	14	0.0055	0.225	0	0.0291
0.0111	0.0037	0.2593	0.0464	-0.1039	-0.7938	0.4691	0.3871	28	30	4	1	15	0.01	0.05	0	0.01
0.0111	0.0298	0.2563	0.0481	-0.1025	0.0873	0.9625	0.257	29	31	4	1	16	0.01	0.05	0	0.01
0.0111	0.0434	0.2607	0.0809	-0.0877	0.1827	-0.8721	0.4539	30	32	4	1	17	0.0009	0.375	0	0.0152
0.0111	0.0577	0.268	0.0453	-0.0603	0.4946	-0.819	0.2908	31	33	4	1	18	0.001	0.2917	0	0.0096
0.0111	0.0256	0.3038	0.0036	-0.0411	0.5223	-0.8018	0.2903	32	34	4	1	19	0.01	0.05	0	0.01
0.0111	0.0205	0.3183	-0.0097	-0.0456	0.9556	-0.2828	-0.0827	33	35	4	1	20	0.003	0.2	0	0.0169
0.0111	0.0601	0.3273	-0.0268	-0.0484	0.4411	-0.485	0.7551	34	36	4	1	21	0.0011	0.3333	0	0.0099
0.0111	0.0568	0.3479	-0.0533	-0.0011	-0.0265	-0.6237	0.7812	35	37	4	1	22	0.004	0.375	0	0.0087
0.0111	0.0282	0.3534	-0.0925	0.0395	0.0608	-0.6422	0.7641	36	38	4	1	23	0.01	0.05	0	0.01
0.0111	0.0337	0.3569	-0.0873	0.0348	0.9946	0.0374	0.0971	37	39	4	1	24	0.0016	0.25	0	0.0116
0.0111	0.0235	0.3876	-0.0936	0.0495	0.9717	-0.0108	0.2359	38	40	4	1	25	0.01	0.05	0	0.01
0.0111	0.0288	0.3882	-0.0997	0.0542	0.1779	-0.7655	0.6183	39	0	4	1	26	0.01	0.05	0	0.01
0.0122	0.028	-0.1102	-0.1278	-0.1517	0.743	-0.6498	0.1601	5	42	6	1	1	0.0015	0.4167	1	0.0122
0.0122	0.0596	-0.0894	-0.146	-0.1472	0.0193	0.8048	0.5932	41	43	6	1	2	0.0015	0.4167	0	0.0122
0.0122	0.0309	-0.1058	-0.1149	-0.092	0.5699	0.3077	0.762	42	44	6	1	3	0.0177	0.3333	0	0.0075
0.0122	0.024	-0.0991	-0.1077	-0.0718	-0.2487	-0.2033	0.947	43	45	6	1	4	0.0075	0.2813	0	0.0103
0.0122	0.0267	-0.0863	-0.1141	-0.0459	-0.1687	-0.6877	0.7061	44	46	6	1	5	0.01	0.05	0	0.01
0.0122	0.035	-0.0912	-0.1333	-0.0276	0.0759	-0.587	0.806	45	47	6	1	6	0.0014	0.25	0	0.0104
0.0122	0.0308	-0.1037	-0.1485	0.0035	-0.0181	-0.5172	0.8557	46	48	6	1	7	0.01	0.05	0	0.01
0.0122	0.0084	-0.0786	-0.1416	0.021	0.4743	-0.2012	0.8571	47	49	6	1	8	0.0009	0.3333	0	0.0081
0.0122	0.0298	-0.0678	-0.1388	0.0218	0.5641	0.2559	0.7851	48	50	6	1	9	0.01	0.05	0	0.01
0.0122	0.0594	-0.0689	-0.1413	0.0347	0.1509	-0.8279	0.5402	49	51	6	1	10	0.0015	0.375	0	0.0113
0.0122	0.0028	-0.0624	-0.1825	0.0613	0.8194	-0.1211	-0.5603	50	52	6	1	11	0.01	0.05	0	0.01
0.0122	0.0235	-0.0601	-0.1828	0.0597	0.3857	-0.4149	0.8241	51	53	6	1	12	0.01	0.05	0	0.01
0.0122	0.0158	-0.05	-0.1919	0.0791	-0.2296	0.3767	0.8974	52	0	6	1	13	0.01	0.05	0	0.01
0.0106	0.0661	0.0473	-0.0688	-0.146	-0.2339	0.8861	-0.4002	20	55	268	2	1	0.0032	0.375	1	0.0128
0.0106	0.068	0.0319	-0.0102	-0.1725	-0.6953	0.53	-0.4855	54	56	268	2	2	0.0032	0.375	0	0.0128
0.0102	0.0075	-0.0188	0.0271	-0.1974	-0.8717	0.2679	-0.4103	55	57	268	2	3	0.01	0.05	0	0.01
0.01	0.0194	-0.0261	0.03	-0.1992	-0.0752	0.7995	-0.596	56	0	268	2	4	0.01	0.05	0	0.01
0.0077	0.0864	0.0611	-0.0992	-0.1328	-0.7648	-0.3121	-0.5637	20	59	11	2	1	0.0022	0.5	0	0.0074
0.0104	0.0641	0.0092	-0.1135	-0.1899	0.6318	-0.7694	-0.0941	58	60	11	2	2	0.0091	0.3	0	0.0203
0.01	0.0009	0.0596	-0.1411	-0.2043	0.9131	-0.3161	0.2577	59	61	11	2	3	0.01	0.05	0	0.01
0.0104	0.0715	0.0761	-0.1404	-0.2037	0.012	-0.5553	0.8316	60	62	11	2	4	0.004	0.3	0	0.0248
0.0103	0.0415	0.0907	-0.1765	-0.1573	0.609	0.317	0.727	61	63	11	2	5	0.0057	0.225	0	0.0163
0.0103	0.0644	0.1184	-0.1736	-0.1252	0.9268	0.27	0.261	62	64	11	2	6	0.0049	0.3125	0	0.013
0.0078	0.025	0.1797	-0.1605	-0.1132	0.9337	-0.051	0.3543	63	65	11	2	7	0.0039	0.425	0	0.0078
0.0092	0.031	0.2002	-0.1611	-0.0987	0.8724	-0.1711	0.4578	64	66	11	2	8	0.0048	0.35	0	0.0092
0.0083	0.0724	0.214	-0.1803	-0.0897	0.4746	-0.6646	0.5771	65	67	11	2	9	0.0075	0.25	0	0.0083
0.0091	0.0186	0.2268	-0.2307	-0.0773	-0.0657	-0.9898	0.1262	66	68	11	2	10	0.0062	0.2917	0	0.0091
0.0102	0.0069	0.2193	-0.2424	-0.0563	-0.6116	-0.7876	0.0747	67	69	11	2	11	0.0062	0.4167	0	0.0132
0.0103	0.0282	0.2332	-0.2366	-0.0819	-0.8259	0.0169	-0.5636	68	70	11	2	12	0.0106	0.4583	0	0.0111
0.0102	0.0096	0.2306	-0.2263	-0.085	0.2204	0.5708	-0.7909	69	71	11	2	13	0.0053	0.4583	0	0.0117
0.01	0.0414	0.237	-0.2179	-0.1091	0.653	0.6983	0.2933	70	72	11	2	14	0.0054	0.25	0	0.0209
0.0101	0.0258	0.2745	-0.2068	-0.0981	0.8625	0.501	0.0717	71	73	11	2	15	0.008	0.4063	0	0.0105
0.0094	0.0457	0.2961	-0.1947	-0.0961	0.7362	-0.4014	0.5449	72	74	11	2	16	0.01	0.05	0	0.01
0.0093	0.0258	0.3245	-0.2096	-0.1028	0.8685	-0.4561	-0.1941	73	0	11	2	17	0.01	0.05	0	0.01
0.0113	0.0249	0.0461	-0.0661	-0.1621	0.6478	0.5541	-0.5228	19	76	12	2	1	0.0011	0.375	0	0.0074
0.0113	0.0604	0.0727	-0.0651	-0.1694	0.79	0.478	-0.384	75	77	12	2	2	0.0012	0.375	0	0.0154
0.0113	0.0476	0.121	-0.0528	-0.1996	0.6624	0.3148	-0.6798	76	78	12	2	3	0.01	0.05	0	0.01
0.0113	0.0438	0.1507	-0.0494	-0.1817	0.904	0.4079	0.1284	77	79	12	2	4	0.0011	0.3333	0	0.0129
0.0113	0.0062	0.1899	-0.0371	-0.1806	0.9764	0.0908	-0.1961	78	80	12	2	5	0.01	0.05	0	0.01
0.0113	0.0427	0.2066	-0.0397	-0.1871	0.4929	0.5925	0.6372	79	81	12	2	6	0.0008	0.3333	0	0.0152
0.0113	0.0093	0.2255	-0.0073	-0.1689	-0.9096	0.1885	0.3704	80	82	12	2	7	0.01	0.05	0	0.01
0.0113	0.0433	0.2262	0.0026	-0.1512	-0.3479	-0.6993	0.6245	81	83	12	2	8	0.0007	0.375	0	0.0144
0.0113	0.0788	0.2124	-0.0272	-0.1371	0.9711	0.2159	0.1021	82	84	12	2	9	0.0021	0.375	0	0.0159
0.0113	0.0499	0.2871	-0.0109	-0.1367	0.8505	-0.5026	-0.1552	83	85	12	2	10	0.001	0.4167	0	0.0113
0.0113	0.0519	0.3211	-0.0372	-0.1313	0.506	-0.8268	0.2457	84	86	12	2	11	0.01	0.05	0	0.01
0.0113	0.0187	0.3252	-0.0316	-0.1355	0.8686	0.2476	-0.4292	85	0	12	2	12	0.01	0.05	0	0.01
0.0105	0.0239	0.0591	-0.0639	-0.1136	-0.1298	0.5695	-0.8116	21	88	13	2	1	0.0041	0.4167	1	0.015
0.0105	0.0419	0.056	-0.0503	-0.133	-0.9229	0.0483	-0.3819	87	89	13	2	2	0.0041	0.4167	0	0.015
0.0104	0.0784	0.0315	-0.0452	-0.1505	0.0659	0.1868	0.9802	88	90	13	2	3	0.0047	0.275	0	0.0181
0.0104	0.0486	0.0283	-0.019	-0.0865	0.2018	0.7892	0.5801	89	91	13	2	4	0.0049	0.25	0	0.0167
0.0105	0.0256	0.0181	0.0184	-0.0567	-0.0179	0.9371	0.3486	90	92	13	2	5	0.0015	0.5	0	0.0131
0.0105	0.0426	0.0203	0.0401	-0.0458	-0.0846	0.5942	0.7999	91	93	13	2	6	0.0015	0.5417	0	0.0125
0.0104	0.0684	0.0031	0.0633	-0.0135	-0.1736	0.3631	0.9155	92	94	13	2	7	0.0019	0.3333	0	0.0122
0.0077	0.0266	-0.012	0.0705	0.0444	0.2859	-0.2979	0.9108	93	95	13	2	8	0.0032	0.5	0	0.0064
0.0077	0.0463	-0.0123	0.0675	0.0702	-0.0687	-0.4061	0.9112	94	96	13	2	9	0.0045	0.4375	0	0.0075
0.0077	0.0037	-0.0185	0.05	0.1114	-0.4552	-0.4359	0.7764	95	97	13	2	10	0.0035	0.5	0	0.0071
0.0104	0.0539	-0.0244	0.0506	0.1142	-0.1659	-0.3082	0.9368	96	98	13	2	11	0.0008	0.375	0	0.0108
0.0104	0.0402	-0.0206	0.0281	0.1503	0.199	-0.8352	0.5126	97	99	13	2	12	0.0081	0.3125	0	0.0137
0.0103	0.03	-0.0331	-0.0135	0.1585	0.3382	-0.9397	0.0507	98	100	13	2	13	0.0071	0.275	0	0.012
0.0104	0.0445	-0.0345	-0.015	0.1758	-0.8501	-0.4869	0.2008	99	101	13	2	14	0.0064	0.4375	0	0.0124
0.0103	0.0443	-0.0652	-0.053	0.1925	-0.8084	-0.074	0.584	100	102	13	2	15	0.0074	0.3125	0	0.0142
0.0102	0.0388	-0.111	-0.0397	0.215	-0.6999	-0.2896	0.6529	101	103	13	2	16	0.0056	0.2679	0	0.0122
0.0085	0.0216	-0.1397	-0.0491	0.2379	-0.7954	0.1128	0.5955	102	104	13	2	17	0.0009	0.3333	0	0.0085
0.0075	0.0263	-0.1537	-0.0383	0.2459	-0.8588	0.4571	0.2312	103	105	13	2	18	0.0071	0.6563	0	0.0062
0.0102	0.0486	-0.1767	-0.0381	0.2427	-0.5466	0.5285	-0.6495	104	106	13	2	19	0.0034	0.1	0	0.0158
0.0099	0.0373	-0.2116	-0.0092	0.2236	-0.732	0.3554	-0.5813	105	107	13	2	20	0.01	0.05	0	0.01
0.0101	0.0348	-0.2202	0.0042	0.1884	-0.5082	0.4931	-0.7061	106	108	13	2	21	0.0036	0.225	0	0.0278
0.0098	0.0433	-0.218	0.0066	0.209	-0.8195	0.3303	0.4683	107	109	13	2	22	0.0016	0.2917	0	0.0098
0.0102	0.0538	-0.243	0.0146	0.2307	-0.3385	-0.7099	-0.6177	108	110	13	2	23	0.001	0.375	0	0.0149
0.0093	0.0382	-0.2527	0.0367	0.2219	-0.2863	0.3949	-0.873	109	111	13	2	24	0.023	0.2917	0	0.0093
0.01	0.0442	-0.2763	0.0504	0.1862	-0.071	0.9776	-0.1984	110	112	13	2	25	0.0065	0.2708	0	0.0127
0.0097	0.0293	-0.2905	0.0916	0.1729	-0.0269	0.9378	-0.3463	111	113	13	2	26	0.0081	0.1875	0	0.0102
0.0095	0.0434	-0.2995	0.1092	0.1758	-0.8214	0.563	-0.0914	112	114	13	2	27	0.01	0.05	0	0.01
0.0082	0.0121	-0.2999	0.1399	0.1813	-0.2583	0.8917	0.3717	113	115	13	2	28	0.0012	0.3333	0	0.0082
0.0094	0.0311	-0.2917	0.1488	0.1827	0.2769	0.8151	0.5089	114	116	13	2	29	0.01	0.05	0	0.01
0.0098	0.0016	-0.295	0.1819	0.1855	0.3915	0.9026	0.179	115	117	13	2	30	0.0037	0.175	0	0.0163
0.0093	0.0034	-0.3048	0.1842	0.177	0.3891	0.8425	-0.3727	116	118	13	2	31	0.01	0.05	0	0.01
0.0093	0.0215	-0.3094	0.1871	0.1776	-0.2874	0.3483	-0.8923	117	119	13	2	32	0.01	0.05	0	0.01
0.0092	0.0434	-0.3168	0.204	0.1497	-0.9839	0.0347	0.1751	118	120	13	2	33	0.01	0.05	0	0.01
0.0102	0.0192	-0.3268	0.2193	0.15	-0.3261	0.9085	0.2611	119	121	13	2	34	0.0045	0.3	0	0.0171
0.0098	0.0551	-0.3394	0.2201	0.1619	-0.7035	0.4855	0.5191	120	122	13	2	35	0.0022	0.14	0	0.0149
0.0093	0.0507	-0.3804	0.2513	0.1781	-0.8401	0.446	0.3087	121	123	13	2	36	0.0054	0.3333	0	0.0098
0.0089	0.0365	-0.4198	0.2765	0.1942	-0.6385	0.7555	0.147	122	124	13	2	37	0.01	0.05	0	0.01
0.0089	0.0484	-0.4346	0.2856	0.2231	-0.5792	0.525	0.6237	123	0	13	2	38	0.01	0.05	0	0.01
0.0142	0.0252	0.0755	-0.069	-0.1055	0.3162	0.6169	-0.7207	21	126	14	2	1	0.0044	0.5417	0	0.0142
0.0142	0.064	0.0784	-0.0393	-0.1241	0.8477	0.3122	0.4288	125	127	14	2	2	0.0015	0.375	0	0.0186
0.0142	0.0479	0.1084	-0.0238	-0.1126	0.1857	0.8337	-0.5201	126	128	14	2	3	0.0104	0.375	0	0.0126
0.0142	0.0333	0.1299	0.0223	-0.134	0.024	0.446	-0.8947	127	129	14	2	4	0.01	0.05	0	0.01
0.0142	0.0217	0.123	0.0244	-0.1301	-0.9148	0.3997	-0.0573	128	130	14	2	5	0.0012	0.375	0	0.0149
0.0142	0.077	0.1132	0.0176	-0.1226	0.747	0.6195	0.2413	129	131	14	2	6	0.004	0.3	0	0.0203
0.0142	0.0535	0.1699	0.0637	-0.1023	0.852	0.1574	0.4993	130	132	14	2	7	0.002	0.12	0	0.0077
0.0142	0.0289	0.2075	0.0837	-0.0778	0.805	0.5815	0.1178	131	133	14	2	8	0.01	0.05	0	0.01
0.0142	0.0364	0.2097	0.0743	-0.0797	0.6668	-0.6209	0.4121	132	0	14	2	9	0.0035	0.175	0	0.0088
0.0101	0.0453	0.1875	-0.0576	-0.107	-0.9518	0.084	0.2951	23	135	22	2	1	0.0023	0.4583	0	0.0101
0.0101	0.0898	0.1414	-0.0534	-0.087	-0.3605	-0.9269	-0.1041	134	136	22	2	2	0.0008	0.375	0	0.0107
0.0101	0.0149	0.1064	-0.1319	-0.0931	-0.7402	-0.6156	0.2705	135	0	22	2	3	0.01	0.05	0	0.01
0.0106	0.0931	0.2663	0.0386	-0.1192	-0.9141	-0.3331	-0.2312	28	138	54	2	1	0.0057	0.2	1	0.0192
0.0105	0.0469	0.1678	0.0148	-0.1305	0.5815	0.7866	0.2074	137	139	54	2	2	0.0083	0.275	0	0.0192
0.0104	0.0374	0.1894	0.0502	-0.1159	0.2936	0.7558	0.5853	138	140	54	2	3	0.0011	0.3333	0	0.0128
0.0101	0.0423	0.189	0.0832	-0.092	0.2941	0.3086	0.9046	139	141	54	2	4	0.0072	0.125	0	0.0225
0.0098	0.0348	0.1889	0.0886	-0.055	0.0467	-0.2373	0.9703	140	142	54	2	5	0.0009	0.2917	0	0.0102
0.0097	0.0434	0.1964	0.0755	-0.0142	-0.6018	0.3211	0.7313	141	143	54	2	6	0.0037	0.225	0	0.0166
0.0095	0.0551	0.1653	0.0877	0.0197	0.232	0.4287	0.8731	142	144	54	2	7	0.0009	0.3333	0	0.0105
0.0085	0.0693	0.1753	0.0822	0.0463	-0.4272	-0.5079	0.748	143	145	54	2	8	0.0042	0.06	0	0.0155
0.0062	0.0918	0.1622	0.0388	0.0781	-0.2939	-0.9454	0.1409	144	146	54	2	9	0.01	0.05	0	0.01
0.0048	0.0154	0.1379	0.0609	0.0855	-0.8977	0.0438	0.4384	145	147	54	2	10	0.0023	0.15	0	0.01
0.0039	0.0149	0.1237	0.0604	0.0969	-0.4185	0.8885	0.1882	146	0	54	2	11	0.0047	0.125	0	0.01
0.0094	0.0559	0.2657	0.0599	-0.1105	0.2856	0.4672	-0.8368	28	149	74	2	1	0.0032	0.375	0	0.0094
0.0101	0.0526	0.2925	0.0843	-0.1494	0.5058	0.6617	-0.5535	148	150	74	2	2	0.0077	0.25	0	0.0191
0.0079	0.0282	0.3138	0.1163	-0.1664	0.3979	-0.9167	-0.0364	149	151	74	2	3	0.01	0.05	0	0.01
0.0062	0.0157	0.3234	0.093	-0.1661	-0.8534	-0.3269	-0.4059	150	152	74	2	4	0.01	0.05	0	0.01
0.0045	0.0335	0.3077	0.0848	-0.1733	0.3894	-0.0487	-0.9198	151	0	74	2	5	0.0018	0.15	0	0.01
0.0106	0.0735	0.2749	0.057	-0.1086	-0.131	0.9679	0.2146	28	154	90	2	1	0.0048	0.375	0	0.0125
0.0106	0.0166	0.2588	0.1112	-0.0728	-0.8435	0.5118	0.163	153	155	90	2	2	0.0011	0.5	0	0.0151
0.0105	0.0335	0.2466	0.116	-0.0657	-0.9172	0.0324	0.397	154	156	90	2	3	0.0009	0.3333	0	0.0135
0.0101	0.041	0.2292	0.1079	-0.0501	-0.2454	-0.1176	0.9623	155	157	90	2	4	0.0013	0.4167	0	0.0101
0.0105	0.0319	0.2117	0.1005	-0.0117	-0.1986	0.1847	0.9625	156	158	90	2	5	0.001	0.4583	0	0.0106
0.0105	0.0222	0.2112	0.1183	0.0084	-0.0646	0.6806	0.7298	157	159	90	2	6	0.0054	0.5833	0	0.0113
0.0104	0.0036	0.2093	0.1258	0.0292	0.7236	0.3213	0.6108	158	160	90	2	7	0.002	0.075	0	0.0194
0.0083	0.0175	0.2287	0.1143	0.0331	0.3147	0.5263	0.7899	159	161	90	2	8	0.0118	0.4583	0	0.0083
0.0102	0.0417	0.211	0.1516	0.0443	0.1573	0.2168	0.9635	160	162	90	2	9	0.0072	0.375	0	0.0125
0.0076	0.0149	0.2402	0.1648	0.0652	0.1937	0.888	0.417	161	163	90	2	10	0.0107	0.4063	0	0.0076
0.0098	0.0297	0.237	0.1687	0.0874	0.2608	0.787	0.5591	162	164	90	2	11	0.0081	0.3438	0	0.0148
0.0089	0.0483	0.2561	0.186	0.0921	0.7519	0.1747	0.6357	163	165	90	2	12	0.01	0.05	0	0.01
0.0076	0.0241	0.2415	0.189	0.1142	-0.1802	0.1301	0.975	164	166	90	2	13	0.0008	0.375	0	0.007
0.0076	0.0621	0.2425	0.1992	0.135	-0.2121	0.4787	0.852	165	167	90	2	14	0.0046	0.375	0	0.0073
0.0078	0.0288	0.2149	0.2264	0.1813	-0.4045	0.6589	0.6342	166	168	90	2	15	0.01	0.05	0	0.01
0.0076	0.0271	0.2308	0.2326	0.2061	0.0216	0.4938	0.8693	167	0	90	2	16	0.01	0.05	0	0.01
0.0081	0.0505	0.2689	0.0291	-0.0474	0.0749	-0.4554	0.8871	32	170	99	2	1	0.0019	0.5417	0	0.0081
0.0066	0.0269	0.2668	0.0104	-0.0009	-0.1067	-0.49	0.8652	169	171	99	2	2	0.0042	0.5	0	0.0066
0.0069	0.0315	0.2798	0.0214	0.0123	0.8438	-0.5355	0.0341	170	172	99	2	3	0.0082	0.375	0	0.0069
0.0087	0.1448	0.2927	-0.008	0.036	-0.6459	0.7627	0.0343	171	173	99	2	4	0.0174	0.1429	0	0.0303
0.0078	0.0065	0.2101	0.0889	0.0729	-0.6031	0.6381	0.4786	172	174	99	2	5	0.01	0.05	0	0.01
0.0073	0.1274	0.2061	0.093	0.076	-0.1447	0.8096	-0.5689	173	0	99	2	6	0.01	0.05	0	0.01
0.0106	0.0682	0.3416	-0.0344	-0.0457	-0.1962	0.1698	-0.9658	35	176	122	2	1	0.0104	0.225	0	0.0284
0.0105	0.0416	0.3309	-0.0426	-0.0862	-0.8577	-0.4462	-0.2554	175	177	122	2	2	0.0086	0.1	0	0.0185
0.0104	0.0485	0.2959	-0.0422	-0.0862	-0.9379	-0.1442	0.3156	176	178	122	2	3	0.0075	0.25	0	0.0236
0.0104	0.0179	0.2621	-0.0676	-0.0589	-0.6862	0.0388	0.7264	177	179	122	2	4	0.0101	0.4375	0	0.013
0.01	0.0105	0.2614	-0.0678	-0.0562	-0.1669	-0.9808	-0.1012	178	180	122	2	5	0.0063	0.5	0	0.01
0.01	0.0356	0.2597	-0.0779	-0.0573	0.589	-0.4597	-0.6647	179	0	122	2	6	0.01	0.05	0	0.01
0.005	0.0782	0.3328	-0.0189	-0.0601	0.1345	0.789	-0.5995	35	182	134	2	1	0.0016	0.3333	0	0.0182
0.0025	0.0228	0.3519	0.0391	-0.0984	0.4071	0.913	-0.0269	181	0	134	2	2	0.01	0.05	0	0.01
0.0084	0.0794	0.3356	-0.0683	0.0154	-0.1402	0.9851	-0.0998	36	184	136	2	1	0.0027	0.4583	0	0.0082
0.0086	0.0062	0.3223	0.0079	0.0151	0.1077	0.9522	0.2859	183	185	136	2	2	0.01	0.05	0	0.01
0.0085	0.0321	0.3229	0.0138	0.0169	-0.8184	-0.1246	0.5609	184	186	136	2	3	0.01	0.05	0	0.01
0.0083	0.0129	0.296	0.0126	0.0357	0.0227	-0.2922	0.9561	185	0	136	2	4	0.01	0.05	0	0.01
0.0076	0.0762	-0.0987	-0.1517	-0.1414	-0.9046	-0.2135	0.3688	41	188	8	2	1	0.0007	0.2917	1	0.0079
0.0062	0.0352	-0.1676	-0.168	-0.1133	-0.801	0.0046	0.5987	187	189	8	2	2	0.0007	0.2917	0	0.0079
0.0025	0.0218	-0.196	-0.1719	-0.0938	-0.8137	-0.1687	0.5563	188	0	8	2	3	0.0029	0.15	0	0.01
0.0048	0.0574	-0.0881	-0.1053	-0.067	0.9073	0.3937	0.1478	44	191	16	2	1	0.0016	0.375	0	0.0089
0.0048	0.0389	-0.0309	-0.0815	-0.048	0.6774	0.6159	-0.4023	190	192	16	2	2	0.0081	0.25	0	0.0137
0.0025	0.109	-0.0036	-0.0533	-0.057	0.4126	0.7389	-0.5328	191	0	16	2	3	0.0062	0.0875	0	0.01
0.01	0.0623	-0.1112	-0.1026	-0.0425	0.4685	0.794	-0.3874	44	194	25	2	1	0.01	0.05	0	0.01
0.0092	0.0328	-0.0816	-0.0505	-0.0752	-0.929	0.3634	0.0698	193	195	25	2	2	0.001	0.3333	0	0.0092
0.01	0.0061	-0.1105	-0.0395	-0.0726	-0.5178	-0.7812	0.3488	194	196	25	2	3	0.01	0.05	0	0.01
0.01	0.0186	-0.114	-0.0391	-0.0691	-0.8777	0.0587	-0.4757	195	197	25	2	4	0.01	0.05	0	0.01
0.0098	0.0116	-0.1281	-0.0545	-0.0831	0.0403	0.2994	-0.9533	196	198	25	2	5	0.01	0.05	0	0.01
0.0104	0.0237	-0.1318	-0.0455	-0.0901	-0.2428	-0.6858	0.6861	197	199	25	2	6	0.001	0.375	0	0.0127
0.0079	0.0491	-0.1409	-0.0389	-0.0732	-0.7275	-0.1257	0.6745	198	200	25	2	7	0.0035	0.375	0	0.0086
0.0053	0.0276	-0.1693	-0.0539	-0.0357	-0.552	-0.0491	0.8324	199	201	25	2	8	0.01	0.05	0	0.01
0.0042	0.0207	-0.1852	-0.0383	-0.037	-0.7921	0.49	0.3641	200	0	25	2	9	0.01	0.05	0	0.01
0.0115	0.0309	-0.1025	-0.1386	0.0106	0.402	-0.1526	0.9028	47	203	26	2	1	0.003	0.3333	0	0.0147
0.01	0.0068	-0.0942	-0.1476	0.0344	0.1052	-0.7357	0.669	202	204	26	2	2	0.01	0.05	0	0.01
0.0088	0.0317	-0.096	-0.1598	0.0405	0.8365	-0.3821	-0.3927	203	205	26	2	3	0.0012	0.25	0	0.0088
0.0107	0.0469	-0.0713	-0.1681	0.0394	-0.7516	-0.652	0.0999	204	206	26	2	4	0.0014	0.3333	0	0.0113
0.009	0.0255	-0.1051	-0.2	0.0509	-0.815	-0.5774	0.05	205	207	26	2	5	0.01	0.05	0	0.01
0.0082	0.0261	-0.1112	-0.2239	0.0411	-0.605	-0.7799	-0.1606	206	208	26	2	6	0.01	0.05	0	0.01
0.007	0.0156	-0.094	-0.1963	0.0535	0.7303	-0.6091	0.3094	207	209	26	2	7	0.01	0.05	0	0.01
0.0048	0.0324	-0.0817	-0.2042	0.0581	0.0799	0.0996	0.9918	208	0	26	2	8	0.0009	0.1	0	0.01
0.0115	0.0551	-0.0674	-0.1302	0.0221	0.7012	-0.4501	-0.5529	49	211	40	2	1	0.0042	0.275	0	0.0208
0.0115	0.058	-0.013	-0.1448	-0.0104	0.3836	-0.7006	-0.6017	210	212	40	2	2	0.01	0.3438	0	0.0131
0.0104	0.0377	0.0106	-0.1912	-0.0401	0.8495	-0.2236	-0.478	211	213	40	2	3	0.0033	0.5	0	0.0104
0.0108	0.0189	0.0468	-0.2003	-0.0482	0.8207	-0.4275	-0.379	212	214	40	2	4	0.0054	0.4	0	0.0108
0.0104	0.0036	0.0454	-0.211	-0.0522	0.2158	-0.8684	0.4464	213	215	40	2	5	0.01	0.05	0	0.01
0.0104	0.0141	0.0491	-0.2184	-0.0499	-0.8011	-0.4966	0.3342	214	0	40	2	6	0.01	0.05	0	0.01
0.0153	0.0424	0.0184	-0.141	-0.1936	-0.8673	-0.4895	-0.0909	59	217	18	3	1	0.0031	0.375	1	0.0319
0.0153	0.078	-0.0048	-0.1652	-0.2074	0.5958	0.0455	0.8018	216	218	18	3	2	0.007	0.175	0	0.0319
0.0153	0.0603	0.0598	-0.1616	-0.1553	0.4358	-0.4891	0.7555	217	219	18	3	3	0.0095	0.2813	0	0.0198
0.0153	0.0081	0.0376	-0.1817	-0.1611	0.3873	0.8998	-0.2009	218	220	18	3	4	0.0022	0.125	0	0.01
0.0153	0.0527	0.0501	-0.1508	-0.1502	0.4137	-0.5504	0.7252	219	221	18	3	5	0.0012	0.4167	0	0.0153
0.0153	0.0362	0.0774	-0.1764	-0.1169	0.7371	-0.4478	0.5062	220	222	18	3	6	0.0011	0.2917	0	0.0159
0.0153	0.0093	0.0944	-0.1945	-0.0876	0.7057	-0.4532	0.5446	221	223	18	3	7	0.01	0.05	0	0.01
0.0153	0.0369	0.1075	-0.2054	-0.0791	-0.1388	0.3333	0.9326	222	0	18	3	8	0.0031	0.175	0	0.01
0.0073	0.0644	0.0168	-0.1205	-0.1577	-0.7918	-0.5933	0.1452	58	225	28	3	1	0.0026	0.5833	0	0.0101
0.0073	0.0336	-0.0277	-0.1574	-0.1554	-0.4608	-0.6978	-0.5484	224	226	28	3	2	0.0011	0.375	0	0.0112
0.0073	0.0223	-0.0352	-0.1803	-0.1721	0.1567	-0.8913	-0.4254	225	227	28	3	3	0.01	0.05	0	0.01
0.0073	0.0258	-0.0318	-0.2002	-0.1816	0.9232	-0.3836	-0.0239	226	0	28	3	4	0.01	0.05	0	0.01
0.0099	0.0272	0.0847	-0.1836	-0.1514	0.7236	-0.389	-0.5702	61	229	29	3	1	0.0013	0.4167	1	0.0105
0.0099	0.0628	0.1044	-0.1942	-0.1669	-0.8205	-0.521	0.2352	228	230	29	3	2	0.0013	0.4167	0	0.0105
0.0099	0.0285	0.0579	-0.2329	-0.1411	-0.905	-0.3745	0.2018	229	231	29	3	3	0.0058	0.425	0	0.0114
0.0099	0.0009	0.0352	-0.2432	-0.1319	-0.6213	-0.4801	0.6193	230	0	29	3	4	0.0022	0.3333	0	0.0075
0.0118	0.059	0.1119	-0.1546	-0.1318	0.5912	0.1004	0.8003	62	233	60	3	1	0.0039	0.4583	0	0.0118
0.0118	0.057	0.1539	-0.167	-0.105	0.5023	-0.5456	0.6708	232	234	60	3	2	0.0066	0.25	0	0.0117
0.0118	0.022	0.1832	-0.1951	-0.0585	0.5759	-0.7801	0.2445	233	235	60	3	3	0.0054	0.375	0	0.0109
0.0118	0.035	0.1885	-0.196	-0.0466	0.5354	-0.0908	0.8397	234	236	60	3	4	0.01	0.05	0	0.01
0.0118	0.0174	0.191	-0.2051	-0.0526	0.7723	-0.5811	-0.2566	235	0	60	3	5	0.0027	0.25	0	0.0091
0.01	0.15	0.0357	-0.1179	-0.1542	0.7323	-0.5274	0.4309	58	0	61	3	1	0.002	0.5	0	0.01
0.0105	0.047	0.2776	-0.1962	-0.091	-0.3696	0.6596	0.6544	72	239	81	3	1	0.0041	0.375	1	0.0164
0.0105	0.0758	0.2586	-0.1643	-0.0587	0.0927	-0.8183	0.5673	238	240	81	3	2	0.0066	0.3	0	0.0164
0.0105	0.0335	0.261	-0.2251	-0.0301	-0.4846	-0.8711	0.079	239	241	81	3	3	0.0036	0.175	0	0.0173
0.0105	0.0528	0.244	-0.2365	-0.0256	-0.8926	-0.0872	0.4422	240	242	81	3	4	0.0066	0.3438	0	0.0094
0.0105	0.0522	0.2044	-0.2289	-0.0167	-0.8094	0.5833	0.0683	241	243	81	3	5	0.0059	0.35	0	0.0127
0.0105	0.0156	0.1559	-0.2201	0.0026	-0.763	0.5098	0.3973	242	244	81	3	6	0.0063	0.325	0	0.0115
0.0105	0.0217	0.1372	-0.2082	-0.0041	-0.8567	0.148	0.4942	243	245	81	3	7	0.0049	0.4375	0	0.0105
0.0105	0.0207	0.1415	-0.2102	0.0191	-0.4357	0.1923	0.8793	244	246	81	3	8	0.01	0.05	0	0.01
0.0105	0.0183	0.1294	-0.2094	0.0061	-0.9949	-0.0126	0.1001	245	247	81	3	9	0.0011	0.3333	0	0.0083
0.0105	0.0179	0.1094	-0.2088	0.0054	0.0258	-0.9422	-0.334	246	0	81	3	10	0.01	0.05	0	0.01
0.0086	0.0427	0.2232	-0.2464	-0.0665	-0.2704	0.2461	0.9308	67	249	83	3	1	0.0026	0.4583	1	0.0161
0.0086	0.0756	0.2118	-0.2369	-0.0261	-0.8121	-0.4375	-0.3861	248	250	83	3	2	0.0069	0.25	0	0.0161
0.0073	0.0435	0.1556	-0.2844	-0.0453	-0.7669	-0.5262	-0.3674	249	251	83	3	3	0.0054	0.425	0	0.0073
0.0078	0.0478	0.1337	-0.3124	-0.0507	-0.5849	-0.7672	0.2633	250	252	83	3	4	0.01	0.05	0	0.01
0.0074	0.0429	0.1154	-0.3029	-0.0631	-0.9399	0.0113	-0.3412	251	0	83	3	5	0.01	0.05	0	0.01
0.0109	0.0419	0.091	-0.0545	-0.1659	0.8551	0.4928	0.1611	76	254	33	3	1	0.0033	0.4583	1	0.0109
0.0109	0.0521	0.1268	-0.0339	-0.1592	0.2866	0.802	-0.524	253	255	33	3	2	0.0033	0.4583	0	0.0109
0.0109	0.07	0.1458	-0.0033	-0.1771	0.9139	0.3981	0.0793	254	256	33	3	3	0.0014	0.3333	0	0.0096
0.0109	0.0243	0.1903	0.0343	-0.1783	0.4568	0.8886	-0.0413	255	257	33	3	4	0.01	0.05	0	0.01
0.0109	0.0302	0.1896	0.0251	-0.176	0.8423	-0.2751	0.4635	256	0	33	3	5	0.01	0.05	0	0.01
0.0177	0.0347	0.0274	-0.0324	-0.1306	-0.5346	0.8031	-0.2632	89	259	19	3	1	0.0035	0.3333	1	0.0155
0.0177	0.0899	0.0089	-0.0046	-0.1397	-0.9798	0.0907	-0.1783	258	260	19	3	2	0.0035	0.3333	0	0.0155
0.0177	0.0427	-0.0731	-0.0029	-0.1367	-0.9561	-0.0562	0.2876	259	261	19	3	3	0.0018	0.4167	0	0.0177
0.0177	0.0306	-0.1106	-0.0244	-0.1042	-0.988	-0.0073	0.1541	260	262	19	3	4	0.0021	0.15	0	0.01
0.0177	0.0296	-0.1385	-0.0152	-0.1245	-0.8549	-0.454	-0.2509	261	263	19	3	5	0.0017	0.3333	0	0.0223
0.0177	0.0395	-0.1208	-0.0151	-0.1304	0.2595	-0.8712	0.4166	262	264	19	3	6	0.0014	0.25	0	0.0134
0.0177	0.0052	-0.1047	-0.0388	-0.1308	0.9586	-0.1008	0.2664	263	265	19	3	7	0.0048	0.15	0	0.01
0.0177	0.0073	-0.103	-0.0365	-0.0906	-0.2578	0.9617	-0.0927	264	0	19	3	8	0.0031	0.125	0	0.01
0.0099	0.0639	-0.0023	0.0966	0.0497	0.6617	0.4476	-0.6015	93	267	20	3	1	0.0014	0.375	1	0.0121
0.0097	0.0478	0.0401	0.1252	0.0112	0.8824	0.0328	-0.4694	266	268	20	3	2	0.0014	0.375	0	0.0121
0.0094	0.0342	0.0561	0.1245	-0.0183	0.2725	-0.2574	-0.9271	267	269	20	3	3	0.0019	0.25	0	0.0125
0.0091	0.0379	0.0628	0.1226	-0.0506	0.0092	-0.0834	-0.9965	268	270	20	3	4	0.0016	0.25	0	0.0123
0.0084	0.0185	0.082	0.1289	-0.0881	0.0693	-0.1151	-0.9909	269	271	20	3	5	0.01	0.05	0	0.01
0.008	0.019	0.057	0.1244	-0.0946	-0.4171	0.1674	-0.8933	270	272	20	3	6	0.01	0.05	0	0.01
0.0084	0.0808	0.0422	0.1145	-0.0863	0.9427	0.1116	0.3144	271	273	20	3	7	0.0013	0.3333	0	0.0099
0.0063	0.0267	0.1052	0.1314	-0.0559	0.4984	0.3263	0.8032	272	274	20	3	8	0.01	0.05	0	0.01
0.0053	0.0394	0.1096	0.1282	-0.0596	0.9286	-0.3298	-0.1703	273	275	20	3	9	0.01	0.05	0	0.01
0.004	0.0318	0.1458	0.1159	-0.0661	0.7464	0.5317	-0.4003	274	0	20	3	10	0	0.075	0	0.01
0.0095	0.1014	0.0249	-0.0405	-0.1049	-0.2483	-0.9669	-0.0585	89	277	270	3	1	0.0023	0.5	0	0.0095
0.0095	0.0461	-0.0087	-0.1297	-0.1059	-0.6876	-0.715	0.1265	276	0	270	3	2	0.01	0.05	0	0.01
0.0129	0.0208	-0.0075	0.0692	0.0798	0.5692	0.7448	-0.3483	95	279	52	3	1	0.0032	0.4583	1	0.0129
0.0129	0.068	0.0043	0.0846	0.0726	-0.7184	-0.3879	0.5774	278	280	52	3	2	0.0032	0.4583	0	0.0129
0.0129	0.0486	-0.0498	0.0573	0.1153	0.501	0.2315	0.8339	279	281	52	3	3	0.0012	0.375	0	0.0146
0.0129	0.0336	-0.0407	0.087	0.1503	0.1301	0.3804	0.9156	280	282	52	3	4	0.0091	0.375	0	0.0081
0.0129	0.0403	-0.0328	0.0787	0.1402	-0.9512	0.2329	-0.2023	281	283	52	3	5	0.0103	0.3438	0	0.0095
0.0129	0.025	-0.0721	0.0868	0.1322	-0.7659	0.502	-0.4018	282	284	52	3	6	0	0.0333	0	0.018
0.0129	0.0423	-0.0999	0.0888	0.1472	-0.9359	-0.0584	-0.3473	283	285	52	3	7	0.0085	0.2708	0	0.0168
0.0129	0.0204	-0.1305	0.0889	0.1038	-0.9292	-0.2012	-0.31	284	286	52	3	8	0.0089	0.3	0	0.0161
0.0129	0.0342	-0.1551	0.0792	0.1039	-0.5504	-0.3229	-0.7699	285	287	52	3	9	0.01	0.05	0	0.01
0.0129	0.0261	-0.1593	0.081	0.0707	-0.0456	-0.4353	-0.8991	286	288	52	3	10	0.0009	0.375	0	0.0147
0.0129	0.0078	-0.1605	0.0594	0.0549	-0.7203	-0.419	-0.5527	287	289	52	3	11	0.01	0.05	0	0.01
0.0129	0.0309	-0.1676	0.0571	0.0564	-0.1312	0.9708	-0.2007	288	290	52	3	12	0.01	0.05	0	0.01
0.0129	0.0775	-0.1614	0.0937	0.0399	-0.6719	-0.1014	-0.7337	289	291	52	3	13	0.0012	0.2917	0	0.0117
0.0129	0.0267	-0.2097	0.0998	-0.016	-0.7254	0.244	-0.6437	290	292	52	3	14	0.0015	0.375	0	0.0093
0.0129	0.0623	-0.231	0.1024	-0.0373	0.8232	0.1735	-0.5405	291	293	52	3	15	0.0029	0.175	0	0.0073
0.0129	0.0432	-0.1751	0.1192	-0.064	0.7822	0.1128	-0.6128	292	294	52	3	16	0.01	0.05	0	0.01
0.0129	0.0083	-0.1565	0.1021	-0.0783	0.6189	-0.6624	-0.4222	293	295	52	3	17	0.0009	0.3333	0	0.0121
0.0129	0.0223	-0.1569	0.1124	-0.0899	-0.9182	-0.3801	-0.1114	294	296	52	3	18	0.0044	0.35	0	0.0188
0.0129	0.0858	-0.176	0.1094	-0.0936	-0.9504	0.1974	-0.2405	295	297	52	3	19	0.0039	0.3125	0	0.0119
0.0129	0.0512	-0.2506	0.1036	-0.0983	-0.9637	-0.2624	0.0492	296	298	52	3	20	0.01	0.05	0	0.01
0.0129	0.0439	-0.2627	0.1299	-0.1172	-0.7645	0.4879	-0.4213	297	299	52	3	21	0.01	0.05	0	0.01
0.0129	0.0128	-0.2815	0.1162	-0.1363	-0.7096	-0.2877	-0.6432	298	0	52	3	22	0.01	0.05	0	0.01
0.0099	0.054	-0.0214	0.0372	0.1267	0.4406	-0.8034	-0.4004	97	301	72	3	1	0.003	0.4583	0	0.0134
0.0099	0.04	0.0073	-0.011	0.1304	0.982	-0.0018	-0.189	300	302	72	3	2	0.0064	0.275	0	0.0153
0.0099	0.0389	0.0467	-0.0159	0.1474	0.8988	0.4316	0.077	301	303	72	3	3	0.0062	0.4063	0	0.0113
0.0099	0.0544	0.073	-0.0046	0.154	0.4234	-0.0749	0.9028	302	0	72	3	4	0.01	0.05	0	0.01
0.0136	0.0183	-0.0104	0.0531	0.0853	0.3846	-0.9218	-0.0484	95	305	85	3	1	0.0028	0.5	1	0.0136
0.0136	0.0489	-0.0033	0.0363	0.0844	0.8274	-0.4737	0.3016	304	306	85	3	2	0.0028	0.5	0	0.0136
0.0136	0.044	0.0346	0.019	0.1061	0.9524	0.0593	0.299	305	307	85	3	3	0.0008	0.375	0	0.0159
0.0136	0.0008	0.0779	0.0335	0.108	0.9258	0.1954	0.3235	306	308	85	3	4	0.01	0.05	0	0.01
0.0136	0.0461	0.0664	0.0213	0.1147	0.7022	-0.3857	0.5985	307	309	85	3	5	0.0015	0.4583	0	0.0178
0.0136	0.0029	0.1003	0.0085	0.1431	-0.2815	-0.0714	0.9569	308	310	85	3	6	0.01	0.05	0	0.01
0.0136	0.0217	0.0954	0.0099	0.1395	0.4441	0.8949	-0.0441	309	0	85	3	7	0.01	0.05	0	0.01
0.0097	0.0289	-0.1258	-0.0369	0.232	-0.2374	0.255	-0.9374	102	312	180	3	1	0.0022	0.15	0	0.0158
0.0097	0.0346	-0.131	-0.0268	0.2119	-0.9176	0.3924	0.0639	311	313	180	3	2	0.0018	0.375	0	0.0144
0.0097	0.0132	-0.1588	-0.0039	0.218	-0.9186	0.2757	0.2832	312	314	180	3	3	0.01	0.05	0	0.01
0.0097	0.0183	-0.1712	0.0003	0.2222	-0.1589	0.5289	-0.8337	313	0	180	3	4	0.01	0.05	0	0.01
0.0094	0.0754	-0.2308	-0.0107	0.2104	-0.5604	-0.7912	-0.2449	106	316	212	3	1	0.0012	0.25	1	0.01
0.0093	0.0587	-0.2731	-0.0704	0.1919	-0.7264	-0.6873	0.0032	315	317	212	3	2	0.0012	0.25	0	0.01
0.0093	0.0015	-0.301	-0.1184	0.1936	-0.4643	-0.8228	0.3278	316	318	212	3	3	0.01	0.05	0	0.01
0.0093	0.033	-0.3008	-0.1185	0.1989	-0.6145	-0.7377	0.2798	317	319	212	3	4	0.0008	0.3333	0	0.0094
0.0084	0.0413	-0.3204	-0.1442	0.2123	-0.7034	-0.7013	-0.1157	318	320	212	3	5	0.0009	0.2917	0	0.0079
0.0091	0.0286	-0.3486	-0.1734	0.2066	-0.6528	-0.6518	-0.386	319	321	212	3	6	0.01	0.05	0	0.01
0.0084	0.034	-0.3518	-0.1799	0.2156	-0.3728	-0.6384	0.6734	320	322	212	3	7	0.0007	0.4583	0	0.0084
0.0088	0.0272	-0.3543	-0.199	0.2383	0.2147	-0.745	0.6316	321	323	212	3	8	0.01	0.05	0	0.01
0.0091	0.0223	-0.3605	-0.217	0.2487	-0.5071	-0.3113	0.8037	322	324	212	3	9	0.0011	0.4167	0	0.0123
0.0086	0.0091	-0.3662	-0.2194	0.2636	0.6619	-0.3833	0.6441	323	325	212	3	10	0.01	0.05	0	0.01
0.0085	0.0404	-0.3602	-0.2229	0.2694	-0.8985	-0.3688	0.2379	324	326	212	3	11	0.01	0.05	0	0.01
0.0084	0.0204	-0.3965	-0.2378	0.279	-0.9289	-0.353	0.1122	325	0	212	3	12	0.01	0.05	0	0.01
0.0198	0.0829	-0.2854	0.0849	0.1867	0.624	0.3438	0.7017	111	328	230	3	1	0.0032	0.16	0	0.0144
0.0198	0.1027	-0.226	0.1152	0.2233	0.4686	0.8512	0.2364	327	329	230	3	2	0.0016	0.1875	0	0.0205
0.0198	0.0962	-0.1663	0.2082	0.231	-0.4568	0.8893	-0.0222	328	330	230	3	3	0.003	0.2	0	0.013
0.0198	0.0541	-0.2176	0.2863	0.2354	-0.654	0.7474	0.1168	329	331	230	3	4	0.0012	0.1	0	0.01
0.0198	0.0333	-0.2612	0.308	0.2148	-0.8895	0.4548	-0.0439	330	332	230	3	5	0.002	0.4167	0	0.0198
0.0198	0.0569	-0.274	0.3057	0.1881	-0.7474	0.1999	-0.6336	331	333	230	3	6	0.0027	0.25	0	0.0148
0.0198	0.0697	-0.2859	0.292	0.2029	0.8393	0.4693	-0.2747	332	334	230	3	7	0.0056	0.25	0	0.0132
0.0198	0.016	-0.2411	0.3448	0.1752	0.8327	0.5528	-0.033	333	335	230	3	8	0.003	0.125	0	0.01
0.0198	0.0219	-0.2254	0.3714	0.1965	-0.1981	0.7703	-0.6062	334	336	230	3	9	0.0023	0.125	0	0.01
0.0198	0.0194	-0.2521	0.3828	0.1639	-0.4789	0.8167	0.3219	335	0	230	3	10	0.0011	0.1	0	0.01
0.0106	0.061	-0.2832	0.1483	0.1788	-0.3512	-0.8563	-0.3787	115	338	233	3	1	0.0011	0.4583	0	0.0111
0.0106	0.0578	-0.3008	0.097	0.1437	-0.6748	0.7196	-0.1636	337	339	233	3	2	0.0015	0.3333	0	0.0124
0.0106	0.0331	-0.3387	0.1397	0.1346	-0.6167	0.4082	0.6731	338	340	233	3	3	0.0029	0.15	0	0.0262
0.0106	0.1606	-0.3219	0.1542	0.1436	0.3325	0.1061	0.9371	339	341	233	3	4	0.0083	0.1944	0	0.011
0.0106	0.1075	-0.2827	0.187	0.2946	0.4503	0.3762	0.8097	340	342	233	3	5	0.01	0.05	0	0.01
0.0106	0.0354	-0.2166	0.2425	0.3587	0.4799	0.5187	0.7076	341	343	233	3	6	0.0014	0.375	0	0.0144
0.0106	0.0574	-0.258	0.271	0.3053	-0.0911	0.9768	0.1937	342	344	233	3	7	0.0069	0.375	0	0.0135
0.0106	0.0596	-0.289	0.3122	0.3383	-0.1694	0.8965	0.4094	343	345	233	3	8	0.0061	0.5833	0	0.0106
0.0106	0.0309	-0.2303	0.3523	0.3622	0.1723	0.8744	0.4537	344	346	233	3	9	0.01	0.05	0	0.01
0.0106	0.0287	-0.2518	0.2407	0.3045	-0.918	0.3073	-0.2507	345	0	233	3	10	0.01	0.05	0	0.01
0.0117	0.0329	-0.2909	0.1146	0.1749	0.3026	0.94	-0.1574	113	348	234	3	1	0.0019	0.4167	1	0.0117
0.0117	0.0501	-0.2809	0.1456	0.1697	0.6653	-0.4797	0.5721	347	349	234	3	2	0.0019	0.4167	0	0.0117
0.0117	0.0235	-0.2485	0.1189	0.1793	-0.4028	-0.9041	0.1429	348	350	234	3	3	0.004	0.225	0	0.0207
0.0117	0.0124	-0.2486	0.105	0.1782	-0.108	-0.4141	-0.9038	349	351	234	3	4	0.01	0.05	0	0.01
0.0117	0.0241	-0.2499	0.0998	0.167	0.6069	-0.5279	-0.5942	350	352	234	3	5	0.01	0.05	0	0.01
0.0117	0.0148	-0.2353	0.0871	0.1527	0.6061	-0.7924	-0.0695	351	0	234	3	6	0.01	0.05	0	0.01
0.0025	0.0476	-0.3205	0.1922	0.1503	0.1426	-0.6543	-0.7426	120	354	241	3	1	0.0161	0.325	1	0.01
0.0025	0.0395	-0.3106	0.1705	0.1169	0.3719	-0.3078	0.8758	353	355	241	3	2	0.01	0.05	0	0.01
0.0025	0.0231	-0.2922	0.1571	0.1511	-0.1471	-0.6876	0.711	354	0	241	3	3	0.0062	0.2	0	0.01
0.0113	0.0187	0.0812	-0.0394	-0.1072	-0.564	0.6156	0.5504	126	357	23	3	1	0.0017	0.5	0	0.0113
0.0113	0.0491	0.0758	-0.0304	-0.1051	0.6802	0.7037	0.2053	356	358	23	3	2	0.0008	0.3333	0	0.0066
0.0113	0.0086	0.1095	0.0043	-0.0958	0.1987	0.9436	0.2649	357	0	23	3	3	0.01	0.05	0	0.01
0.0118	0.0692	0.0919	-0.0667	-0.1097	0.7957	0.5674	0.2119	125	360	24	3	1	0.0028	0.4167	0	0.0118
0.0118	0.0367	0.1389	-0.0235	-0.107	0.4358	0.9	0.0065	359	361	24	3	2	0.01	0.05	0	0.01
0.0118	0.045	0.1544	0.0047	-0.0942	0.4509	0.8278	0.3338	360	0	24	3	3	0.01	0.05	0	0.01
0.0127	0.0665	0.1269	-0.0351	-0.0951	-0.4564	-0.6555	0.6017	126	363	271	3	1	0.0036	0.4583	0	0.0127
0.0127	0.0316	0.1046	-0.0748	-0.0643	-0.1772	-0.8386	-0.5152	362	364	271	3	2	0.0018	0.2917	0	0.0131
0.0127	0.0285	0.1051	-0.1017	-0.0816	-0.1802	-0.4807	-0.8582	363	0	271	3	3	0.0026	0.2917	0	0.0118
0.0093	0.0744	0.1738	0.0872	-0.0012	0.0634	-0.0534	-0.9966	142	366	92	3	1	0.01	0.05	1	0.01
0.0087	0.028	0.1785	0.0832	-0.0754	-0.0655	0.0491	0.9966	365	367	92	3	2	0.01	0.05	0	0.01
0.0087	0.0385	0.1679	0.0818	-0.0336	-0.8336	0.2835	-0.474	366	368	92	3	3	0.0012	0.375	0	0.01
0.0072	0.0397	0.1353	0.0962	-0.0498	-0.8089	0.2084	-0.5498	367	369	92	3	4	0.01	0.05	0	0.01
0.006	0.039	0.1149	0.0952	-0.0805	-0.5992	0.0076	-0.8005	368	370	92	3	5	0.01	0.05	0	0.01
0.0041	0.0095	0.1071	0.117	-0.0969	-0.404	0.7002	-0.5887	369	0	92	3	6	0.0033	0.225	0	0.01
0.0101	0.0613	0.2766	0.0549	-0.0983	0.9687	-0.0539	-0.2422	153	372	100	3	1	0.0062	0.25	0	0.018
0.0101	0.0361	0.3316	0.0512	-0.1191	0.4048	0.8415	-0.3579	371	373	100	3	2	0.0014	0.375	0	0.0142
0.0101	0.0554	0.3358	0.0893	-0.129	0.2537	0.6354	-0.7293	372	374	100	3	3	0.0105	0.4063	0	0.0132
0.0101	0.0482	0.3332	0.1086	-0.1427	-0.6501	0.7585	0.0457	373	0	100	3	4	0.0019	0.3333	0	0.0103
0.0082	0.0165	0.216	0.1095	0.0148	0.8876	0.4156	0.1987	157	376	103	3	1	0.0027	0.5417	1	0.0082
0.0082	0.0489	0.2307	0.1164	0.0181	0.2929	-0.9065	-0.3039	375	377	103	3	2	0.0027	0.5417	0	0.0082
0.0097	0.0439	0.2492	0.0714	-0	-0.5462	-0.6235	-0.5593	376	378	103	3	3	0.001	0.4167	0	0.0112
0.0096	0.0417	0.2249	0.038	-0.0239	-0.9006	0.0043	-0.4345	377	379	103	3	4	0.0036	0.2	0	0.0156
0.0095	0.028	0.1885	0.0435	-0.0373	-0.9848	0.1503	0.0866	378	380	103	3	5	0.001	0.2917	0	0.0103
0.009	0.0259	0.1594	0.0383	-0.0424	-0.9894	0.1421	0.0286	379	381	103	3	6	0.01	0.05	0	0.01
0.0089	0.0169	0.1606	0.0337	-0.0364	0.0615	-0.3855	-0.9206	380	0	103	3	7	0.01	0.05	0	0.01
0.0096	0.0254	0.2227	0.1138	-0.0156	0.1973	0.9759	0.093	156	383	113	3	1	0.004	0.3333	1	0.0207
0.0096	0.0525	0.2238	0.1351	-0.0115	-0.6927	0.6779	-0.2464	382	384	113	3	2	0.0099	0.275	0	0.0207
0.0096	0.046	0.1987	0.1661	-0.0236	0.2436	0.7196	0.6503	383	385	113	3	3	0.008	0.275	0	0.0175
0.0096	0.0102	0.2076	0.1932	0.0058	-0.4387	0.0939	0.8937	384	0	113	3	4	0.0014	0.075	0	0.0157
0.0053	0.0404	0.2226	0.1501	0.0622	0.8535	-0.4912	0.1737	161	387	139	3	1	0.0014	0.3333	1	0.0053
0.0053	0.0396	0.2571	0.1303	0.0692	0.9712	-0.2151	0.1025	386	0	139	3	2	0.0014	0.3333	0	0.0053
0.0105	0.0887	0.2375	0.1835	0.1292	-0.0397	-0.791	-0.6105	165	389	182	3	1	0.0032	0.4583	0	0.0105
0.0105	0.0681	0.2505	0.1161	0.0868	0.4982	-0.6767	-0.5421	388	390	182	3	2	0.0029	0.3542	0	0.0066
0.0105	0.0232	0.2854	0.075	0.045	0.5903	-0.6236	-0.5126	389	391	182	3	3	0.01	0.05	0	0.01
0.0105	0.0206	0.2941	0.054	0.0461	0.5071	-0.8323	-0.2239	390	392	182	3	4	0.01	0.05	0	0.01
0.0105	0.0434	0.2929	0.0353	0.0545	0.2484	-0.9632	0.1028	391	0	182	3	5	0.01	0.05	0	0.01
0.0083	0.071	0.2217	0.0677	0.0326	0.3305	-0.8458	-0.4188	172	394	124	3	1	0.0036	0.4583	1	0.0117
0.0083	0.0388	0.2451	0.0077	0.0029	0.4771	-0.74	-0.4742	393	395	124	3	2	0.0036	0.4583	0	0.0117
0.0083	0.0038	0.2563	-0.0173	-0.0123	-0.4805	-0.8734	-0.0796	394	396	124	3	3	0.01	0.05	0	0.01
0.0083	0.0261	0.252	-0.0185	-0.0142	-0.4017	0.18	0.8979	395	0	124	3	4	0.01	0.05	0	0.01
0.0062	0.0355	0.2723	0.0051	0.0039	0.937	-0.2636	-0.2292	170	398	138	3	1	0.0021	0.4167	1	0.0107
0.0062	0.0623	0.3056	-0.0043	-0.0042	-0.5545	-0.8287	0.0758	397	399	138	3	2	0.0021	0.4167	0	0.0107
0.0062	0.0328	0.2758	-0.0584	0.0003	-0.4273	-0.833	0.3515	398	400	138	3	3	0.0061	0.325	0	0.0142
0.0062	0.0163	0.2788	-0.0831	0.0216	-0.0693	-0.9225	0.3798	399	401	138	3	4	0.0054	0.5	0	0.0106
0.0053	0.0303	0.2782	-0.0976	0.0262	0.9173	-0.3334	0.2177	400	402	138	3	5	0.0038	0.4583	0	0.0053
0.0062	0.0297	0.3082	-0.1043	0.038	0.757	-0.6442	0.109	401	403	138	3	6	0.0043	0.6667	0	0.0062
0.0055	0.0282	0.3289	-0.1071	0.0369	0.9926	0.1166	0.0329	402	404	138	3	7	0.01	0.05	0	0.01
0.0053	0.0169	0.327	-0.1106	0.0321	0.0496	-0.7594	0.6487	403	0	138	3	8	0.01	0.05	0	0.01
0.0059	0.0497	-0.185	-0.1638	-0.0955	0.0156	-0.8652	0.5011	188	406	10	3	1	0.0065	0.3	0	0.0125
0.0059	0.0271	-0.1912	-0.1982	-0.0683	-0.1095	-0.3421	0.9333	405	407	10	3	2	0.0045	0.5417	0	0.01
0.0059	0.0241	-0.1942	-0.2074	-0.043	-0.2955	-0.1153	0.9484	406	408	10	3	3	0.01	0.05	0	0.01
0.0059	0.0047	-0.1916	-0.2154	-0.0434	0.7273	-0.5369	0.4276	407	0	10	3	4	0.01	0.05	0	0.01
0.0138	0.0182	-0.1203	-0.1625	-0.1377	0.1825	-0.2712	-0.9451	187	410	17	3	1	0.0024	0.375	0	0.0114
0.0138	0.0267	-0.1217	-0.1655	-0.1453	0.8159	0.4931	0.3018	409	411	17	3	2	0.0051	0.5	0	0.0138
0.0138	0.007	-0.0972	-0.156	-0.1392	0.6181	0.6759	-0.4015	410	0	17	3	3	0.01	0.05	0	0.01
0.0025	0.0625	-0.0076	-0.0553	-0.0548	-0.8029	-0.4072	0.4354	192	413	275	3	1	0.0019	0.375	1	0.0135
0.0025	0.0427	-0.0521	-0.0891	-0.0297	-0.7521	-0.3794	-0.5388	412	414	275	3	2	0.0057	0.175	0	0.0135
0.0025	0.0306	-0.0826	-0.0946	-0.038	-0.8009	0.5233	-0.2911	413	415	275	3	3	0.0049	0.2	0	0.01
0.0025	0.0379	-0.1069	-0.0745	-0.0479	-0.965	0.1152	0.2357	414	0	275	3	4	0.0125	0.2	0	0.01
0.0025	0.0729	-0.0358	-0.0909	-0.0471	0.2406	-0.9302	-0.2771	191	417	42	3	1	0.01	0.05	0	0.01
0.0025	0.0252	-0.0213	-0.1596	-0.0686	0.0962	-0.9045	0.4154	416	0	42	3	2	0.01	0.05	0	0.01
0.004	0.0373	-0.1511	-0.0372	-0.0545	-0.9763	-0.0146	0.216	199	419	118	3	1	0.0045	0.225	0	0.0188
0.0025	0.0322	-0.1798	-0.0221	-0.0445	0.4354	-0.3236	0.8401	418	420	118	3	2	0.0035	0.175	0	0.01
0.0025	0.0276	-0.1652	-0.0328	-0.0169	0.6531	0.5858	-0.4798	419	0	118	3	3	0.0077	0.15	0	0.01
0.0124	0.0611	0.0521	-0.1693	-0.1381	-0.525	0.0591	0.8491	218	422	31	4	1	0.0032	0.4167	0	0.0123
0.013	0.0289	0.0193	-0.1651	-0.0873	-0.2016	0.7725	0.6021	421	423	31	4	2	0.001	0.4167	0	0.0132
0.0123	0.0216	0.0096	-0.1567	-0.0662	0.0968	0.2266	0.9692	422	424	31	4	3	0.01	0.05	0	0.01
0.0123	0.0172	0.0072	-0.1489	-0.0702	-0.313	0.9349	0.1673	423	0	31	4	4	0.01	0.05	0	0.01
0.0077	0.0799	0.216	-0.234	-0.0522	-0.0186	0.9946	0.102	248	426	279	4	1	0.0034	0.3333	0	0.0077
0.0074	0.0216	0.2208	-0.1571	-0.0436	0.3724	0.9236	-0.0912	425	427	279	4	2	0.01	0.05	0	0.01
0.0071	0.0322	0.2361	-0.1515	-0.0362	0.8957	0.4446	-0.0113	426	428	279	4	3	0.0047	0.275	0	0.0125
0.0049	0.0003	0.2592	-0.1414	-0.0244	0.6896	0.5205	0.5035	427	429	279	4	4	0.0021	0.15	0	0.01
0.0037	0.0218	0.2632	-0.1405	-0.022	0.483	0.1409	-0.8642	428	0	279	4	5	0.0027	0.125	0	0.01
0.009	0.0647	0.0529	0.1158	-0.0168	-0.3884	0.0446	0.9204	268	431	282	4	1	0.0114	0.3	0	0.0261
0.009	0.0149	0.0547	0.109	0.0523	0.1628	0.8856	0.4349	430	432	282	4	2	0.01	0.05	0	0.01
0.009	0.027	0.0571	0.1222	0.0588	-0.365	0.7411	0.5635	431	433	282	4	3	0.01	0.05	0	0.01
0.009	0.0209	0.0472	0.1423	0.074	-0.7066	0.6854	0.1758	432	0	282	4	4	0.01	0.05	0	0.01
0.008	0.0515	0.0452	0.1079	-0.0806	-0.5237	0.4144	0.7443	272	435	89	4	1	0.0027	0.4583	0	0.011
0.008	0.0168	0.0131	0.1274	-0.0413	-0.1267	-0.1379	-0.9823	434	436	89	4	2	0.0013	0.25	0	0.0112
0.008	0.0115	0.0158	0.1207	-0.0542	-0.7286	-0.2784	0.6259	435	437	89	4	3	0.01	0.05	0	0.01
0.008	0.0211	0.0047	0.1152	-0.0448	-0.4069	-0.3399	-0.8479	436	0	89	4	4	0.01	0.05	0	0.01
0.0025	0.0448	-0.1208	0.0908	0.1528	-0.0632	-0.7342	0.676	284	439	96	4	1	0.01	0.05	0	0.01
0.0025	0.0004	-0.1232	0.0593	0.1821	-0.9683	0.2239	-0.1105	438	440	96	4	2	0.01	0.05	0	0.01
0.0025	0.0337	-0.1236	0.0594	0.1821	-0.7797	-0.6118	-0.1334	439	0	96	4	3	0.01	0.05	0	0.01
0.0074	0.1058	-0.1263	0.1029	0.1082	-0.7118	0.5075	-0.4856	285	442	133	4	1	0.005	0.3333	0	0.0081
0.0025	0.0351	-0.1885	0.1404	0.048	-0.5175	0.0478	-0.8543	441	443	133	4	2	0.01	0.05	0	0.01
0.0025	0.0433	-0.2122	0.164	0.053	-0.7674	0.4806	-0.4244	442	0	133	4	3	0.01	0.05	0	0.01
0.0078	0.0641	-0.1586	0.081	0.0422	0.0134	-0.9988	-0.0466	290	445	147	4	1	0.0009	0.375	1	0.0074
0.0078	0.0511	-0.1578	0.017	0.0392	-0.1537	-0.1078	-0.9822	444	446	147	4	2	0.0009	0.375	0	0.0074
0.0078	0.055	-0.1602	0.0057	-0.0082	0.177	-0.2926	-0.9397	445	447	147	4	3	0.0041	0.425	0	0.0078
0.0089	0.0222	-0.1456	0.0152	-0.0554	0.4024	0.0823	-0.9118	446	448	147	4	4	0.0034	0.2813	0	0.0089
0.011	0.0398	-0.1487	0.0151	-0.0805	0.2111	0.6067	-0.7664	447	449	147	4	5	0.0062	0.4	0	0.0117
0.0099	0.0325	-0.1415	0.0414	-0.1084	-0.6622	0.3876	-0.6412	448	450	147	4	6	0.01	0.05	0	0.01
0.0112	0.0207	-0.1502	0.0514	-0.1215	0.5353	0.1964	-0.8215	449	451	147	4	7	0.0044	0.2	0	0.0173
0.011	0.0428	-0.1391	0.0514	-0.1388	-0.3719	0.0478	-0.927	450	452	147	4	8	0.0037	0.225	0	0.0169
0.0099	0.0047	-0.1436	0.0461	-0.1731	0.3292	-0.1693	-0.929	451	453	147	4	9	0.01	0.05	0	0.01
0.0108	0.0771	-0.1298	0.044	-0.1795	-0.0618	0.6377	-0.7678	452	454	147	4	10	0.0016	0.3333	0	0.0119
0.0098	0.0273	-0.1457	0.0935	-0.2323	-0.4557	0.3765	-0.8066	453	455	147	4	11	0.01	0.05	0	0.01
0.0098	0.029	-0.1469	0.0911	-0.2242	0.917	-0.1064	-0.3844	454	456	147	4	12	0.01	0.05	0	0.01
0.0097	0.0031	-0.1157	0.0884	-0.2389	0.3205	-0.8885	0.3282	455	0	147	4	13	0.01	0.05	0	0.01
0.01	0.0204	-0.2032	0.1056	-0.0401	0.5794	-0.0884	0.8103	292	458	175	4	1	0.0028	0.5	1	0.01
0.01	0.0595	-0.1913	0.1038	-0.0236	-0.5732	0.6939	0.4359	457	459	175	4	2	0.0028	0.5	0	0.01
0.01	0.0028	-0.2258	0.1493	-0.0025	-0.3333	0.7053	0.6257	458	460	175	4	3	0.01	0.05	0	0.01
0.01	0.0251	-0.2267	0.1513	-0.0008	0.0173	0.0884	0.9959	459	461	175	4	4	0.01	0.05	0	0.01
0.01	0.028	-0.2263	0.1535	0.0242	0.734	0.2687	0.6237	460	0	175	4	5	0.01	0.05	0	0.01
0.0102	0.0368	-0.2236	0.0982	-0.0275	-0.9979	0.018	-0.0628	292	463	181	4	1	0.0026	0.375	0	0.0102
0.0101	0.0227	-0.2591	0.0942	-0.0272	-0.9217	-0.0382	0.3861	462	464	181	4	2	0.01	0.05	0	0.01
0.0101	0.0246	-0.28	0.0933	-0.0184	-0.7857	-0.339	-0.5174	463	465	181	4	3	0.01	0.05	0	0.01
0.01	0.0233	-0.2993	0.0849	-0.0312	0.0913	0.5672	-0.8185	464	0	181	4	4	0.01	0.05	0	0.01
0.0127	0.0385	-0.2655	-0.0752	0.1947	0.8924	-0.4368	-0.1135	315	467	226	4	1	0.002	0.5	0	0.0127
0.0127	0.0235	-0.2316	-0.0937	0.1962	0.8597	-0.5067	-0.0653	466	468	226	4	2	0.0011	0.25	0	0.0111
0.0127	0.0021	-0.2206	-0.1076	0.192	0.2074	-0.9782	0.0122	467	469	226	4	3	0.01	0.05	0	0.01
0.0127	0.0096	-0.2175	-0.1103	0.1932	-0.4484	-0.325	0.8327	468	470	226	4	4	0.01	0.05	0	0.01
0.0127	0.0357	-0.2225	-0.1138	0.1997	-0.754	-0.4907	0.4367	469	471	226	4	5	0.01	0.05	0	0.01
0.0127	0.0147	-0.2469	-0.1372	0.2206	-0.2146	-0.7005	-0.6806	470	0	226	4	6	0.01	0.05	0	0.01
0.0086	0.0709	-0.3629	-0.2173	0.2365	-0.192	-0.0248	-0.9811	323	473	237	4	1	0.001	0.2917	1	0.0117
0.0086	0.0281	-0.3765	-0.2191	0.1669	-0.058	0.9502	-0.3063	472	474	237	4	2	0.001	0.2917	0	0.0117
0.0086	0.0177	-0.3694	-0.193	0.1604	0.1619	0.9014	-0.4015	473	475	237	4	3	0.01	0.05	0	0.01
0.0086	0.043	-0.3665	-0.1771	0.1533	0.1624	0.9862	-0.032	474	0	237	4	4	0.01	0.05	0	0.01
0.0095	0.0931	-0.1857	0.2117	0.2187	-0.6304	-0.7526	0.1901	329	477	236	4	1	0.0019	0.4583	0	0.0067
0.0138	0.0106	-0.2348	0.1402	0.2348	-0.2117	-0.7552	-0.6204	476	478	236	4	2	0.0014	0.3333	0	0.0152
0.0104	0.0371	-0.2358	0.1315	0.2304	0.657	-0.519	-0.5468	477	479	236	4	3	0.0012	0.25	0	0.0104
0.0099	0.0327	-0.2166	0.1124	0.2112	-0.0781	-0.9622	-0.261	478	480	236	4	4	0.0012	0.3333	0	0.0099
0.01	0.0346	-0.213	0.0831	0.1929	-0.0374	-0.9702	-0.2393	479	481	236	4	5	0.01	0.05	0	0.01
0.0124	0.001	-0.2395	0.063	0.1953	-0.4183	-0.8974	0.1406	480	482	236	4	6	0.0012	0.4583	0	0.0128
0.014	0.037	-0.2405	0.0637	0.1965	0.8975	0.4011	-0.1833	481	483	236	4	7	0.0012	0.375	0	0.0162
0.01	0.0002	-0.2078	0.0627	0.1811	0.9923	0.0321	-0.1196	482	484	236	4	8	0.01	0.05	0	0.01
0.0111	0.0657	-0.2084	0.0622	0.186	0.9867	0.0371	0.1582	483	485	236	4	9	0.0013	0.2917	0	0.0119
0.0098	0.0005	-0.1473	0.0697	0.1838	0.9399	-0.1114	-0.3228	484	486	236	4	10	0.01	0.05	0	0.01
0.0094	0.0252	-0.1468	0.0696	0.1837	0.0535	0.0515	0.9972	485	487	236	4	11	0.01	0.05	0	0.01
0.009	0.0192	-0.1354	0.0706	0.2054	0.0242	-0.9867	0.1606	486	488	236	4	12	0.01	0.05	0	0.01
0.0084	0.0298	-0.1391	0.0492	0.207	0.4222	-0.1994	-0.8843	487	0	236	4	13	0.01	0.05	0	0.01
0.0087	0.1039	-0.2676	0.2942	0.2022	0.937	-0.348	0.0293	331	490	251	4	1	0.002	0.225	0	0.0162
0.0066	0.0285	-0.1643	0.2553	0.2048	0.3871	0.8042	0.451	489	491	251	4	2	0.0083	0.2	0	0.0158
0.0068	0.0151	-0.1519	0.2775	0.2105	-0.0806	0.9895	-0.1202	490	0	251	4	3	0.01	0.05	0	0.01
0.0101	0.0348	-0.305	0.1168	0.1426	0.7451	0.6449	0.1699	338	493	239	4	1	0.002	0.375	1	0.0144
0.01	0.0244	-0.2791	0.1393	0.1485	-0.2293	-0.2391	-0.9435	492	494	239	4	2	0.002	0.375	0	0.0144
0.0097	0.0437	-0.2874	0.1356	0.1204	0.8806	-0.008	-0.4738	493	495	239	4	3	0.0013	0.375	0	0.0113
0.0091	0.0281	-0.2485	0.1051	0.101	0.764	-0.019	-0.6449	494	496	239	4	4	0.0039	0.375	0	0.0119
0.0063	0.0413	-0.222	0.1097	0.0865	0.7165	-0.6975	-0.0104	495	497	239	4	5	0.01	0.05	0	0.01
0.0043	0.0398	-0.1968	0.0929	0.0665	0.7974	-0.4165	-0.4368	496	0	239	4	6	0.0044	0.175	0	0.01
0.0025	0.045	-0.2577	0.1899	0.2867	0.0326	-0.9517	-0.3053	343	499	240	4	1	0.0105	0.3	1	0.01
0.0025	0.0299	-0.2596	0.1479	0.2687	-0.6175	-0.7007	0.3572	498	500	240	4	2	0.0035	0.15	0	0.01
0.0025	0.0479	-0.2807	0.122	0.2826	0.7576	-0.5829	-0.2936	499	0	240	4	3	0.0052	0.15	0	0.01
0.0101	0.038	-0.2682	0.2378	0.2935	0.5594	-0.7726	-0.3002	346	502	249	4	1	0.0044	0.5	1	0.0173
0.0101	0.0394	-0.2484	0.2076	0.2844	0.4849	-0.8745	-0.0128	501	503	249	4	2	0.0071	0.375	0	0.0173
0.0101	0.0156	-0.2272	0.1883	0.2868	0.5502	0.0821	-0.831	502	504	249	4	3	0.01	0.05	0	0.01
0.0101	0.0723	-0.2186	0.1895	0.2738	0.5169	-0.3592	-0.777	503	0	249	4	4	0.01	0.05	0	0.01
0.0078	0.0232	0.2391	0.1085	0.0212	0.7038	-0.6617	0.2586	376	506	114	4	1	0.0014	0.375	1	0.0188
0.0077	0.0525	0.2516	0.09	0.0381	0.2566	-0.9496	-0.1799	505	507	114	4	2	0.0034	0.225	0	0.0188
0.0072	0.0287	0.263	0.0431	0.0367	-0.1682	-0.9422	0.2897	506	508	114	4	3	0.0009	0.2917	0	0.0089
0.0067	0.0243	0.261	0.0178	0.0481	0.0555	-0.8913	0.45	507	509	114	4	4	0.0039	0.225	0	0.012
0.0064	0.0247	0.2665	-0	0.0507	-0.0565	-0.8961	-0.4402	508	510	114	4	5	0.0057	0.25	0	0.0124
0.0039	0.0072	0.2613	-0.0135	0.0338	-0.5651	-0.6209	-0.5433	509	0	114	4	6	0.0043	0.15	0	0.01
0.0182	0.0719	0.241	0.1112	0.0156	0.7979	0.0202	0.6025	376	512	289	4	1	0.0033	0.4583	0	0.0182
0.0182	0.0005	0.304	0.1352	0.0392	0.9806	-0.184	0.0679	511	513	289	4	2	0.0032	0.225	0	0.01
0.0182	0.0149	0.303	0.1272	0.0474	-0.0017	-0.718	-0.6961	512	514	289	4	3	0.01	0.05	0	0.01
0.0182	0.0396	0.2902	0.1056	0.0353	0.5615	-0.5599	-0.6092	513	515	289	4	4	0.0015	0.2917	0	0.0184
0.0182	0.0297	0.3144	0.089	0.0116	0.1889	-0.1363	0.9725	514	516	289	4	5	0.0014	0.2917	0	0.0169
0.0182	0.0148	0.3175	0.0969	0.0361	0.2649	0.3807	0.8859	515	517	289	4	6	0.0043	0.125	0	0.01
0.0182	0.0469	0.3124	0.105	0.0501	0.2254	0.5576	0.7989	516	0	289	4	7	0.0034	0.15	0	0.01
0.0108	0.0605	0.2901	-0.0309	-0.0078	-0.09	-0.5482	-0.8315	398	519	151	4	1	0.0025	0.4583	0	0.0108
0.0108	0.0234	0.2821	-0.0596	-0.0592	0.8295	0.3714	-0.4173	518	520	151	4	2	0.01	0.05	0	0.01
0.0108	0.0321	0.3015	-0.0509	-0.069	-0.3889	0.8414	-0.3753	519	0	151	4	3	0.01	0.05	0	0.01
0.0187	0.0411	0.3528	-0.0845	-0.0921	0.4693	0.7564	0.4557	0	522	161	0	1	0.0021	0.4167	0	0.0187
0.0187	0.0204	0.3872	-0.085	-0.064	-0.7276	-0.1481	0.6699	521	523	161	0	2	0.0041	0.125	0	0.01
0.0187	0.0307	0.3813	-0.0836	-0.0593	-0.6064	-0.2772	-0.7453	522	0	161	0	3	0.0022	0.125	0	0.01
0.0025	0.1127	-0.1993	-0.2044	-0.0456	0.388	0.7225	-0.5722	408	525	293	4	1	0.0086	0.25	1	0.01
0.0025	0.012	-0.1497	-0.1219	-0.1125	-0.2863	0.8998	-0.3292	524	0	293	4	2	0.0059	0.225	0	0.01
0.0025	0.0251	-0.0341	-0.1071	-0.0521	-0.4467	-0.8392	-0.3103	416	527	295	4	1	0.0034	0.375	1	0.0253
0.0025	0.0573	-0.0383	-0.1428	-0.0444	0.1874	0.7558	0.6275	526	528	295	4	2	0.0091	0.3	0	0.0253
0.0025	0.0186	-0.0247	-0.1031	-0.02	0.671	0.7387	-0.0636	527	529	295	4	3	0.0056	0.175	0	0.01
0.0025	0.0223	-0.0116	-0.0891	-0.021	0.4187	0.0128	-0.908	528	0	295	4	4	0.0045	0.15	0	0.01
0.0109	0.0104	0.0282	-0.167	-0.1231	-0.9228	0.3838	-0.0324	421	531	296	5	1	0.0022	0.4583	0	0.0109
0.0109	0.0245	0.0213	-0.1619	-0.1202	-0.5587	0.8093	0.1814	530	532	296	5	2	0.001	0.3333	0	0.0104
0.0109	0.0391	0.0152	-0.1386	-0.1129	-0.5035	0.5064	0.7001	531	533	296	5	3	0.005	0.3125	0	0.0063
0.0109	0.0364	0.0159	-0.127	-0.0894	0.3509	0.4937	0.7957	532	534	296	5	4	0.01	0.05	0	0.01
0.0109	0.0107	0.0032	-0.1243	-0.0905	-0.7678	0.5041	0.3954	533	0	296	5	5	0.01	0.05	0	0.01
0.0074	0.0491	-0.1654	0.0364	0.0428	-0.7406	-0.4992	0.4497	444	536	156	5	1	0.0024	0.3333	0	0.0098
0.0072	0.0469	-0.1977	0.0067	0.0528	-0.2812	0.844	-0.4568	535	537	156	5	2	0.0062	0.25	0	0.0138
0.0068	0.04	-0.2168	0.0338	0.0333	-0.4288	0.333	0.8398	536	538	156	5	3	0.0068	0.275	0	0.0148
0.0054	0.0089	-0.2238	0.0406	0.0616	0.3495	-0.1937	0.9167	537	539	156	5	4	0.01	0.05	0	0.01
0.0044	0.0263	-0.2197	0.0381	0.0714	-0.8887	-0.1767	0.4231	538	540	156	5	5	0.0029	0.15	0	0.01
0.0034	0.0215	-0.245	0.0339	0.0812	-0.4587	-0.7957	0.3955	539	0	156	5	6	0.0027	0.125	0	0.01
0.0074	0.0668	-0.1466	0.0164	0.0654	0.1714	0.9446	-0.28	445	542	305	5	1	0.0014	0.2917	0	0.0099
0.0074	0.0215	-0.1321	0.0791	0.0466	0.1325	0.954	0.269	541	543	305	5	2	0.01	0.05	0	0.01
0.0074	0.0318	-0.1244	0.0838	0.0555	0.5485	0.3193	0.7728	542	544	305	5	3	0.001	0.3333	0	0.0092
0.0074	0.0189	-0.1083	0.0938	0.0805	0.1573	0.6649	0.7302	543	0	305	5	4	0.01	0.05	0	0.01
0.0025	0.0815	-0.1614	0.064	-0.1361	0.2793	0.8624	-0.4222	449	546	210	5	1	0.01	0.05	0	0.01
0.0025	0.0267	-0.1387	0.1343	-0.1705	0.442	0.8969	0.0103	545	0	210	5	2	0.01	0.05	0	0.01
0.0106	0.0464	-0.1458	0.0473	-0.1427	0.6773	0.2397	-0.6956	450	548	211	5	1	0.0047	0.175	0	0.0161
0.01	0.0041	-0.121	0.0667	-0.1782	0.7389	0.3812	-0.5557	547	549	211	5	2	0.01	0.05	0	0.01
0.0097	0.0558	-0.1126	0.0694	-0.1697	0.7334	0.5287	-0.4274	548	550	211	5	3	0.0015	0.3333	0	0.0122
0.0071	0.031	-0.068	0.096	-0.1788	0.8906	0.4355	-0.1307	549	551	211	5	4	0.01	0.05	0	0.01
0.0048	0.0371	-0.0715	0.1019	-0.1833	-0.2052	0.8685	-0.4511	550	0	211	5	5	0.0028	0.175	0	0.01
0.0144	0.0487	-0.2712	0.1272	0.1175	0.1566	-0.8325	-0.5315	494	553	308	5	1	0.0033	0.4167	0	0.0144
0.0144	0.0214	-0.266	0.0891	0.0908	0.6028	0.3558	-0.7141	552	0	308	5	2	0.01	0.05	0	0.01
0.0068	0.0133	0.2589	0.0164	0.0374	0.0424	-0.2998	-0.953	507	555	309	5	1	0.0024	0.2917	1	0.0177
0.0067	0.0271	0.2589	0.0062	0.0223	-0.9787	0.143	-0.1472	554	556	309	5	2	0.0082	0.3	0	0.0177
0.0063	0.0517	0.2385	0.0143	0.01	-0.0951	0.9144	0.3934	555	557	309	5	3	0.0054	0.175	0	0.0125
0.0046	0.0169	0.2272	0.0574	0.0308	-0.5146	0.7299	-0.4499	556	558	309	5	4	0.001	0.125	0	0.01
0.0033	0.0146	0.2177	0.069	0.0211	-0.9269	0.2012	0.3167	557	0	309	5	5	0.0013	0.075	0	0.01
0.0146	0.0471	0.2684	0.0079	0.0537	0.697	0.0134	0.7169	508	560	154	5	1	0.003	0.5417	0	0.0146
0.0146	0.0242	0.2911	-0.0018	0.0809	-0.3959	0.736	-0.5492	559	0	154	5	2	0.0023	0.375	0	0.0163
0.0102	0.0623	0.2908	0.1004	0.0096	-0.7504	0.5251	-0.4015	514	562	310	5	1	0.0016	0.4167	1	0.0104
0.01	0.0457	0.244	0.1332	-0.0154	0.2343	-0.9578	-0.1663	561	563	310	5	2	0.0016	0.4167	0	0.0104
0.0089	0.0494	0.2557	0.0867	-0.0224	-0.6655	-0.3698	-0.6483	562	564	310	5	3	0.0033	0.4063	0	0.0087
0.0093	0.0054	0.2363	0.0677	-0.055	-0.057	-0.9905	-0.1248	563	0	310	5	4	0.0017	0.25	0	0.0105
0.0025	0.0621	0.2909	-0.0807	-0.07	0.7279	0.6478	0.2246	518	0	312	5	1	0.01	0.05	0	0.01
0.0025	0.091	-0.1868	-0.0171	0.0736	-0.095	0.9912	0.0925	536	567	317	6	1	0.01	0.05	0	0.01
0.0025	0.0394	-0.1954	0.073	0.082	-0.9857	0.0668	-0.1545	566	0	317	6	2	0.01	0.05	0	0.01
0.0071	0.0717	-0.1274	0.0786	0.0598	-0.5321	-0.0465	-0.8454	543	569	160	6	1	0.0062	0.225	0	0.02
0.0071	0.0293	-0.1697	0.0725	0.0078	-0.442	-0.7687	-0.4623	568	570	160	6	2	0.01	0.05	0	0.01
0.0071	0.0379	-0.1827	0.0499	-0.0058	-0.8676	0.4219	0.2632	569	571	160	6	3	0.01	0.05	0	0.01
0.0071	0.0195	-0.2156	0.0659	0.0042	0.0546	0.1601	0.9856	570	0	160	6	4	0.01	0.05	0	0.01
0.0025	0.0351	-0.16	0.0648	-0.1392	0.4091	0.2188	-0.8859	545	573	318	6	1	0.0021	0.3333	1	0.0176
0.0025	0.0443	-0.1585	0.0742	-0.17	0.087	0.731	-0.6768	572	574	318	6	2	0.0091	0.225	0	0.0176
0.0025	0.0105	-0.1521	0.1052	-0.2015	0.4379	0.8984	-0.0329	573	575	318	6	3	0.0047	0.125	0	0.01
0.0025	0.0154	-0.1477	0.114	-0.2001	0.9262	0.3196	0.1999	574	576	318	6	4	0.0047	0.15	0	0.01
0.0025	0.0247	-0.1349	0.1175	-0.1983	0.7896	-0.4006	-0.4648	575	0	318	6	5	0.0012	0.1	0	0.01
0.0117	0.0539	-0.1668	0.0349	-0.1433	-0.0977	-0.4761	0.8739	0	578	214	0	1	0.0026	0.5	0	0.0117
0.0117	0.028	-0.1685	0.0202	-0.0905	0.0536	-0.4735	0.8792	577	579	214	0	2	0.01	0.05	0	0.01
0.0117	0.0289	-0.169	0.0184	-0.0995	-0.0229	-0.947	-0.3205	578	0	214	0	3	0.01	0.05	0	0.01
