radius (m)	length (m)	start_point	axis_direction	parent	extension	branch	branch_order	position_in_branch	mad	SurfCov	added	UnmodRadius (m)
0.0185	0.1011	-0.0453	0.2191	-0.285	0.0874	-0.7012	0.7076	0	2	1	0	1	0.0044	0.7188	0	0.0185
0.0144	0.0807	-0.0298	0.1495	-0.2167	0.4658	-0.45	0.7619	1	3	1	0	2	0.0027	0.7917	0	0.0144
0.0178	0.0509	0.0051	0.1233	-0.1541	0.8356	0.165	0.5239	2	4	1	0	3	0.0025	0.625	0	0.0179
0.0171	0.0685	0.0509	0.1552	-0.1279	0.5089	-0.054	0.8591	3	5	1	0	4	0.0014	0.4167	0	0.0173
0.0144	0.0703	0.0947	0.1624	-0.0681	0.6279	-0.5614	0.5391	4	6	1	0	5	0.0016	0.4583	0	0.0119
0.0144	0.0066	0.1354	0.1262	-0.0271	0.324	-0.4554	0.8292	5	0	1	0	6	0.0037	0.4375	0	0.0102
0.0136	0.0242	-0.0023	0.1041	-0.149	-0.924	-0.3817	0.0237	2	8	3	1	1	0.0047	0.4583	1	0.0174
0.0136	0.0706	-0.0246	0.0949	-0.1484	-0.904	0.3063	0.2984	7	9	3	1	2	0.0047	0.4583	0	0.0174
0.0122	0.0469	-0.0905	0.1145	-0.1316	-0.3132	-0.7919	0.5242	8	10	3	1	3	0.0009	0.4167	0	0.0122
0.0122	0.0256	-0.11	0.0769	-0.1198	-0.931	-0.0802	0.3561	9	11	3	1	4	0.01	0.05	0	0.01
0.0122	0.0196	-0.1339	0.0749	-0.1107	0.0362	0.0613	0.9975	10	0	3	1	5	0.01	0.05	0	0.01
0.0206	0.0227	0.0033	0.1074	-0.1462	0.5805	-0.5794	0.5721	3	13	4	1	1	0.0042	0.4583	0	0.0206
0.0206	0.0378	0.0101	0.0732	-0.129	0.0544	-0.2117	-0.9758	12	0	4	1	2	0.006	0.1	0	0.01
0.0091	0.205	0.1226	0.1212	-0.0464	-0.7246	-0.3338	-0.6029	5	15	5	1	1	0.0018	0.4167	0	0.0091
0.0126	0.0882	-0.0351	0.0509	-0.1625	-0.0002	-0.9707	-0.2404	14	16	5	1	2	0.0058	0.24	0	0.0216
0.012	0.0328	-0.0371	-0.0331	-0.1899	0.5959	-0.7084	-0.3783	15	17	5	1	3	0.005	0.15	0	0.0197
0.0091	0.0526	-0.0171	-0.0483	-0.2134	0.146	-0.8045	-0.5757	16	18	5	1	4	0.004	0.25	0	0.0084
0.01	0.0446	-0.0087	-0.0961	-0.2256	0.5244	-0.8094	-0.2643	17	19	5	1	5	0.01	0.05	0	0.01
0.0098	0.036	0.0271	-0.0808	-0.2378	0.9065	-0.2208	-0.3599	18	0	5	1	6	0.01	0.05	0	0.01
0.0147	0.038	0.1231	0.1188	-0.0264	-0.8803	-0.312	-0.3575	6	21	46	1	1	0.0046	0.7083	0	0.0147
0.0136	0.0519	0.0649	0.1091	-0.0479	-0.1016	-0.9938	0.0447	20	22	46	1	2	0.0021	0.7083	0	0.0164
0.0147	0.0441	0.0548	0.0464	-0.0392	-0.1505	-0.4454	-0.8826	21	23	46	1	3	0.0019	0.5833	0	0.0144
0.0147	0.0736	0.0358	0.0298	-0.0836	-0.4386	-0.6675	0.6017	22	24	46	1	4	0.002	0.4583	0	0.0127
0.0147	0.029	0.0074	-0.0305	-0.0461	-0.2038	-0.5533	0.8076	23	25	46	1	5	0.0013	0.3333	0	0.0181
0.0147	0.057	0.0055	-0.0246	-0.0308	-0.0374	0.3511	0.9356	24	26	46	1	6	0.0017	0.5	0	0.0136
0.0147	0.0088	0.0066	-0.0036	0.0217	-0.1163	0.8398	0.5303	25	27	46	1	7	0.0045	0.6875	0	0.0125
0.0147	0.0344	0.0128	-0.0071	0.0302	-0.6265	-0.1426	0.7663	26	28	46	1	8	0.0016	0.5417	0	0.0137
0.0147	0.0628	-0.0304	-0.0189	0.0555	0.1329	-0.5476	0.8261	27	29	46	1	9	0.0015	0.5417	0	0.0155
0.0147	0.0589	-0.0271	-0.0367	0.101	-0.5405	0.1538	0.8272	28	30	46	1	10	0.0043	0.275	0	0.0202
0.0147	0.0442	-0.0514	-0.0371	0.1537	-0.4	0.0734	0.9136	29	31	46	1	11	0.0017	0.25	0	0.0191
0.0147	0.039	-0.0888	-0.0239	0.1763	-0.7107	-0.4698	0.5237	30	32	46	1	12	0.0012	0.2917	0	0.0137
0.0147	0.064	-0.1141	-0.043	0.1984	-0.5897	-0.1884	0.7853	31	33	46	1	13	0.001	0.375	0	0.0151
0.0147	0.039	-0.1512	-0.05	0.2498	-0.5284	-0.1147	0.8412	32	34	46	1	14	0.0011	0.25	0	0.0109
0.0147	0.049	-0.1847	-0.061	0.2715	-0.4134	-0.4871	0.7693	33	35	46	1	15	0.0017	0.4167	0	0.0159
0.0147	0.0102	-0.2006	-0.0776	0.3225	-0.4471	-0.7168	0.5351	34	36	46	1	16	0.0076	0.5	0	0.0105
0.0147	0.0576	-0.2053	-0.0854	0.328	-0.8407	0.1511	0.52	35	37	46	1	17	0.0018	0.4167	0	0.0168
0.0147	0.0362	-0.2449	-0.0768	0.3676	-0.6473	-0.4872	0.5862	36	38	46	1	18	0.01	0.05	0	0.01
0.0147	0.0039	-0.248	-0.0773	0.3908	-0.001	-0.107	0.9943	37	0	46	1	19	0.0021	0.2917	0	0.0141
0.0122	0.0576	-0.1082	0.1029	-0.1205	-0.443	0.7613	-0.4734	9	40	47	2	1	0.0044	0.5417	0	0.0122
0.0122	0.0257	-0.1325	0.1465	-0.1555	0.3818	0.9241	0.0198	39	41	47	2	2	0.0017	0.2917	0	0.0157
0.0122	0.0212	-0.1167	0.1809	-0.1472	0.245	0.4808	-0.8419	40	0	47	2	3	0.01	0.05	0	0.01
0.0103	0.0668	0.0656	0.1018	-0.0612	-0.046	-0.7637	-0.6439	21	43	6	2	1	0.0022	0.5417	0	0.0103
0.0128	0.0747	0.0501	0.0395	-0.101	0.5457	-0.7223	-0.4248	42	44	6	2	2	0.004	0.375	0	0.0179
0.0128	0.0498	0.0786	-0.0172	-0.123	-0.0462	-0.9434	-0.3284	43	45	6	2	3	0.0019	0.4167	0	0.0136
0.0088	0.0005	0.0737	-0.056	-0.1486	-0.0533	-0.7525	-0.6565	44	46	6	2	4	0.004	0.75	0	0.0088
0.0128	0.073	0.0619	-0.066	-0.1505	0.5538	-0.7416	0.3786	45	47	6	2	5	0.0016	0.5	0	0.0163
0.0119	0.0557	0.0934	-0.1269	-0.1187	0.6558	-0.7136	0.2464	46	48	6	2	6	0.0065	0.4	0	0.0119
0.012	0.0522	0.1171	-0.1647	-0.091	0.2341	-0.9102	0.3416	47	49	6	2	7	0.0046	0.3125	0	0.012
0.0121	0.0373	0.137	-0.2071	-0.0978	0.3245	-0.941	-0.0958	48	50	6	2	8	0.0089	0.1	0	0.021
0.0123	0.0482	0.1322	-0.231	-0.1118	0.0495	-0.6383	-0.7682	49	51	6	2	9	0.0049	0.4792	0	0.0127
0.0121	0.0114	0.1349	-0.262	-0.1488	-0.3779	-0.4284	-0.8208	50	52	6	2	10	0.0052	0.375	0	0.0166
0.0116	0.0453	0.1476	-0.2555	-0.1559	0.402	-0.4407	-0.8026	51	53	6	2	11	0.0013	0.25	0	0.0136
0.0088	0.0329	0.1578	-0.2844	-0.1905	0.6736	-0.6628	-0.3271	52	54	6	2	12	0.0095	0.5417	0	0.0079
0.01	0.0411	0.1751	-0.3052	-0.1951	-0.2157	-0.9764	-0.0037	53	55	6	2	13	0.01	0.05	0	0.01
0.01	0.0366	0.1843	-0.3192	-0.2111	0.4991	-0.675	-0.5435	54	56	6	2	14	0.01	0.05	0	0.01
0.01	0.0259	0.1807	-0.3448	-0.2099	-0.0188	-0.9978	-0.0643	55	0	6	2	15	0.01	0.05	0	0.01
0.0177	0.0174	0.1204	0.1027	-0.0254	0.6031	-0.7074	0.3687	20	58	7	2	1	0.0025	0.4167	1	0.0202
0.0177	0.0797	0.1309	0.0904	-0.019	-0.9404	0.2526	0.2275	57	59	7	2	2	0.0025	0.4167	0	0.0202
0.0177	0.0578	0.0694	0.1034	0.0236	-0.6221	-0.7738	0.119	58	60	7	2	3	0.0021	0.4167	0	0.0177
0.0177	0.015	0.0585	0.0504	0.0136	0.2359	-0.6875	0.6868	59	61	7	2	4	0.0023	0.15	0	0.01
0.0177	0.0401	0.0343	0.0332	0.0326	-0.0463	0.8486	0.5271	60	62	7	2	5	0.0031	0.175	0	0.01
0.0177	0.0271	0.0516	0.0584	0.0584	-0.2639	-0.0561	0.9629	61	0	7	2	6	0.0041	0.175	0	0.01
0.0112	0.0534	0.032	0.021	-0.0582	-0.5281	0.6237	-0.5763	23	64	49	2	1	0.0024	0.4167	0	0.0112
0.0113	0.036	-0.0009	0.0451	-0.083	-0.3105	-0.4005	-0.8621	63	65	49	2	2	0.0013	0.3333	0	0.0113
0.0119	0.0685	-0.0129	0.0388	-0.1093	-0.8119	0.2395	-0.5324	64	66	49	2	3	0.0011	0.2917	0	0.0119
0.0132	0.0277	-0.0712	0.0483	-0.1189	-0.8871	0.4607	0.03	65	67	49	2	4	0.0096	0.4	0	0.0144
0.0112	0.0327	-0.0787	0.0678	-0.1185	-0.2153	0.5851	0.7819	66	68	49	2	5	0.01	0.05	0	0.01
0.0112	0.0089	-0.0817	0.062	-0.1235	-0.3559	-0.7469	0.5617	67	69	49	2	6	0.01	0.05	0	0.01
0.0112	0.0132	-0.0848	0.0562	-0.1201	-0.8858	0.4371	0.1559	68	0	49	2	7	0.01	0.05	0	0.01
0.0134	0.1302	0.016	-0.0103	-0.0202	0.1258	0.4208	0.8984	25	71	19	2	1	0.0025	0.5833	0	0.0134
0.0134	0.069	0.0399	0.0419	0.0888	0.5864	0.7515	0.3023	70	72	19	2	2	0.0016	0.4583	0	0.0153
0.0134	0.0473	0.078	0.0948	0.1112	0.328	0.9327	-0.1497	71	0	19	2	3	0.0071	0.35	0	0.0102
0.0132	0.0195	-0.0198	-0.0318	0.1003	0.2636	0.9284	0.2617	28	74	22	2	1	0.0031	0.5	1	0.0132
0.0132	0.0378	-0.0147	-0.0137	0.1054	-0.502	0.8426	0.1953	73	75	22	2	2	0.0031	0.5	0	0.0132
0.0132	0.0096	-0.0279	0.0208	0.1206	0.236	0.8555	-0.4609	74	0	22	2	3	0.01	0.05	0	0.01
0.0125	0.0361	-0.0396	-0.0296	0.1584	0.8666	0.3289	-0.3753	30	77	25	2	1	0.0022	0.4583	1	0.0125
0.0125	0.0499	-0.0083	-0.0177	0.1448	-0.3702	-0.4447	0.8156	76	78	25	2	2	0.0022	0.4583	0	0.0125
0.0125	0.0371	-0.023	-0.0383	0.1722	0.3989	0.8891	0.2244	77	0	25	2	3	0.0024	0.3333	0	0.0146
0.014	0.0915	-0.1286	-0.0378	0.2321	-0.1382	0.9904	0.0068	32	80	38	2	1	0.0033	0.4583	0	0.014
0.014	0.0262	-0.1371	0.0555	0.2272	-0.3863	0.9126	0.134	79	81	38	2	2	0.01	0.05	0	0.01
0.014	0.0081	-0.1364	0.0658	0.2117	-0.1102	0.7759	-0.6211	80	82	38	2	3	0.01	0.05	0	0.01
0.014	0.0271	-0.1373	0.072	0.2067	0.5252	0.471	-0.7088	81	0	38	2	4	0.01	0.05	0	0.01
0.0086	0.0411	-0.201	-0.0654	0.3057	-0.1941	0.7569	0.6241	34	84	44	2	1	0.001	0.2917	1	0.0094
0.0077	0.0362	-0.209	-0.0342	0.3314	-0.1357	0.7476	0.6501	83	85	44	2	2	0.001	0.2917	0	0.0094
0.0048	0.0266	-0.2142	-0.0013	0.3537	-0.0976	0.2084	0.9732	84	0	44	2	3	0.0071	0.15	0	0.0136
0.0117	0.0971	0.055	0.0127	-0.1085	-0.414	-0.8848	0.2136	43	87	12	3	1	0.0022	0.5	0	0.0117
0.0117	0.1382	0.0216	-0.0692	-0.0873	-0.0055	0.1243	-0.9922	86	88	12	3	2	0.0099	0.2	0	0.0373
0.0117	0.0286	0.0117	-0.0529	-0.2023	-0.922	0.079	-0.3791	87	0	12	3	3	0.01	0.05	0	0.01
0.0054	0.0735	0.0709	-0.1017	-0.1151	-0.1654	0.8166	0.553	47	90	13	3	1	0.0008	0.3333	0	0.013
0.0025	0.0372	0.0553	-0.0303	-0.0791	-0.515	0.1828	0.8375	89	0	13	3	2	0.01	0.05	0	0.01
0.0121	0.0153	0.0659	-0.0183	-0.1259	-0.9736	0.1805	-0.1399	44	92	51	3	1	0.0039	0.5417	1	0.0179
0.0121	0.0597	0.0507	-0.0133	-0.129	0.1925	-0.3631	-0.9116	91	93	51	3	2	0.0058	0.4	0	0.0179
0.0121	0.0517	0.0685	-0.0488	-0.176	-0.8913	-0.4465	-0.079	92	94	51	3	3	0.01	0.05	0	0.01
0.0121	0.0272	0.0224	-0.0719	-0.1801	-0.5914	-0.0625	-0.804	93	0	51	3	4	0.01	0.05	0	0.01
0.0187	0.07	0.1495	-0.2298	-0.1116	0.2561	-0.9498	-0.1798	49	96	37	3	1	0.0036	0.4583	0	0.0187
0.0187	0.0126	0.1491	-0.2806	-0.1265	-0.6374	-0.6899	0.3432	95	97	37	3	2	0.0043	0.175	0	0.01
0.0187	0.0212	0.1471	-0.3171	-0.1159	-0.6825	0.0184	0.7307	96	0	37	3	3	0.0032	0.1	0	0.01
0.0113	0.0956	0.0972	-0.142	-0.1057	0.1902	-0.7417	0.6432	47	99	41	3	1	0.0016	0.5833	1	0.0139
0.0112	0.0634	0.1154	-0.2129	-0.0441	0.147	-0.8491	-0.5073	98	100	41	3	2	0.0016	0.5833	0	0.0139
0.0111	0.0337	0.1294	-0.2683	-0.0709	0.4388	-0.6896	-0.5761	99	101	41	3	3	0.0057	0.225	0	0.0167
0.0107	0.0233	0.1307	-0.2971	-0.0857	0.4283	-0.8855	0.1803	100	102	41	3	4	0.0055	0.5	0	0.0107
0.0107	0.0222	0.1467	-0.2971	-0.0752	-0.9177	0.3334	-0.2162	101	103	41	3	5	0.01	0.05	0	0.01
0.0107	0.0357	0.1263	-0.2897	-0.08	0.4536	-0.8909	-0.0207	102	0	41	3	6	0.01	0.05	0	0.01
0.0143	0.0291	-0.0049	0.0528	-0.0821	-0.3637	0.8136	-0.4536	63	105	52	3	1	0.0037	0.4167	0	0.0143
0.0143	0.0349	-0.0184	0.0808	-0.0849	0.4208	0.875	-0.2394	104	0	52	3	2	0.01	0.05	0	0.01
0.0134	0.0478	0.0127	0.0208	0.0519	-0.5079	0.7118	0.4852	70	107	53	3	1	0.0024	0.5417	0	0.0134
0.0134	0.0163	0.0062	0.0693	0.09	-0.406	-0.3661	0.8373	106	108	53	3	2	0.0074	0.275	0	0.0218
0.0134	0.0325	0.0086	0.0903	0.101	0.4042	-0.0453	0.9135	107	109	53	3	3	0.0011	0.3333	0	0.0094
0.0134	0.036	0.0239	0.0888	0.1309	-0.0752	0.5935	0.8013	108	110	53	3	4	0.01	0.05	0	0.01
0.0134	0.0307	0.0295	0.1169	0.1343	0.1397	0.9449	0.2962	109	0	53	3	5	0.01	0.05	0	0.01
0.0103	0.0405	-0.1107	-0.0408	0.2327	0.999	0.0145	0.0428	0	112	54	0	1	0.0034	0.5833	0	0.0103
0.0103	0.0314	-0.0665	-0.0388	0.2251	0.5878	0.7307	0.3472	111	113	54	0	2	0.0009	0.375	0	0.0104
0.0103	0.0154	-0.0434	-0.0222	0.2376	0.3572	0.0222	-0.9337	112	0	54	0	3	0.01	0.05	0	0.01
0.0115	0.0374	-0.1285	0.0156	0.2207	0.5236	0.1215	-0.8432	79	115	55	3	1	0.0048	0.625	1	0.0115
0.0115	0.0377	-0.1089	0.0202	0.1891	0.97	0.227	0.0875	114	116	55	3	2	0.0048	0.625	0	0.0115
0.0115	0.0544	-0.0724	0.0287	0.1924	0.571	-0.149	0.8073	115	0	55	3	3	0.01	0.05	0	0.01
0.0168	0.0739	0.1166	-0.1159	-0.1025	0.9489	0.1058	0.2974	0	118	35	0	1	0.0039	0.5	0	0.0168
0.0168	0.0212	0.1767	-0.1084	-0.0853	0.3752	-0.5246	-0.7642	117	0	35	0	2	0.002	0.375	0	0.0128
