radius (m)	length (m)	start_point	axis_direction	parent	extension	branch	branch_order	position_in_branch	mad	SurfCov	added	UnmodRadius (m)
0.0262	0.2849	-2.1931	-1.4671	-0.5098	0.7687	0.2319	0.5961	0	2	1	0	1	0.0054	0.5	0	0.0236
0.045	0.1255	-1.9341	-1.3379	-0.2663	-0.2455	-0.6662	0.7042	1	3	1	0	2	0.022	0.3238	0	0.0738
0.0167	0.0669	-1.9385	-1.4083	-0.2097	0.7881	-0.1338	0.6008	2	4	1	0	3	0.0021	0.7917	0	0.0167
0.0153	0.0731	-1.891	-1.4051	-0.1292	0.9421	-0.2668	0.2029	3	5	1	0	4	0.0022	0.5	0	0.0177
0.0133	0.0481	-1.827	-1.4305	-0.1125	0.3099	0.0404	0.9499	4	0	1	0	5	0.0074	0.75	0	0.0133
0.0313	1.2825	-1.8992	-1.283	-0.269	0.5364	0.843	-0.0418	2	7	2	1	1	0.004	0.5313	1	0.0317
0.0303	0.1039	-1.2113	-0.2019	-0.3226	0.7099	0.7041	0.0191	6	8	2	1	2	0.004	0.5313	0	0.0317
0.0187	0.0671	-1.1552	-0.1163	-0.3154	0.6032	0.7819	0.1577	7	9	2	1	3	0.0024	0.6667	0	0.0185
0.0196	0.0804	-1.1086	-0.0667	-0.3062	0.4236	0.9054	-0.0302	8	10	2	1	4	0.0028	0.75	0	0.0196
0.0201	0.0718	-1.0674	0.0045	-0.3082	0.2259	0.9222	-0.314	9	11	2	1	5	0.0024	0.7917	0	0.0201
0.0221	0.0878	-1.0364	0.0633	-0.3205	0.5279	0.8345	-0.1582	10	12	2	1	6	0.0022	0.8333	0	0.0221
0.0202	0.0917	-0.991	0.1353	-0.3373	0.3802	0.8059	-0.4537	11	13	2	1	7	0.0027	0.6667	0	0.0231
0.0184	0.0772	-0.9501	0.2221	-0.3535	0.2831	0.8259	-0.4876	12	14	2	1	8	0.0028	0.75	0	0.0184
0.0213	0.0651	-0.929	0.2819	-0.3969	0.1331	0.7998	-0.5854	13	15	2	1	9	0.0024	0.75	0	0.0213
0.0191	0.0695	-0.9089	0.3612	-0.4138	-0.3039	0.6608	-0.6862	14	16	2	1	10	0.0029	0.75	0	0.0191
0.0179	0.0713	-0.916	0.4238	-0.4645	-0.6935	0.489	-0.5291	15	0	2	1	11	0.0028	0.7083	0	0.0179
0.0231	0.3443	-2.0999	-1.4132	-0.4209	0.6697	0.7259	0.1566	1	18	25	1	1	0.0048	0.4844	0	0.0231
0.0249	0.5065	-1.8696	-1.1611	-0.3744	0.6509	0.7315	0.203	17	19	25	1	2	0.029	0.7615	0	0.0772
0.0249	0.1937	-1.5633	-0.7689	-0.2942	0.6257	0.7746	0.0925	18	20	25	1	3	0.0445	0.84	0	0.0882
0.0249	0.1497	-1.4283	-0.6297	-0.2774	0.6175	0.7851	-0.0482	19	21	25	1	4	0.0366	0.7625	0	0.0858
0.0249	0.0357	-1.3461	-0.4998	-0.2824	0.7708	0.6359	-0.0382	20	22	25	1	5	0.025	0.6471	0	0.0518
0.0248	0.2983	-1.317	-0.4775	-0.2881	0.8537	0.4397	0.2791	21	23	25	1	6	0.0184	0.7333	0	0.0688
0.0249	0.0892	-1.0601	-0.3525	-0.2002	0.8205	0.5012	0.2748	22	24	25	1	7	0.019	0.78	0	0.0552
0.0249	0.0939	-0.9863	-0.2995	-0.1884	0.7936	0.489	0.3622	23	25	25	1	8	0.0309	0.92	0	0.0616
0.0249	0.1329	-0.8993	-0.2604	-0.1676	0.7467	0.4795	0.4609	24	26	25	1	9	0.0403	0.875	0	0.0685
0.0248	0.1585	-0.8102	-0.1915	-0.1161	0.6609	-0.1091	-0.7425	25	27	25	1	10	0.0317	0.5444	0	0.0589
0.0249	0.1321	-0.7079	-0.1785	-0.1858	0.9289	0.3331	-0.1615	26	28	25	1	11	0.019	0.6125	0	0.0451
0.0249	0.0795	-0.5842	-0.1383	-0.1864	0.9279	0.3718	0.0262	27	29	25	1	12	0.0101	0.725	0	0.0368
0.0249	0.0774	-0.5091	-0.1124	-0.182	0.9497	0.3106	-0.0397	28	30	25	1	13	0.0122	0.85	0	0.04
0.0249	0.085	-0.4392	-0.0791	-0.1764	0.9169	0.3961	-0.0495	29	31	25	1	14	0.0134	0.82	0	0.0413
0.0248	0.1584	-0.3977	-0.0702	-0.1723	0.2926	-0.11	0.9499	30	32	25	1	15	0.0277	0.6667	0	0.0508
0.0249	0.0898	-0.3547	-0.0702	-0.03	0.974	0.2187	0.0589	31	33	25	1	16	0.0111	0.64	0	0.0358
0.0249	0.0883	-0.2624	-0.0672	-0.0225	0.9558	0.2878	0.06	32	34	25	1	17	0.0084	0.78	0	0.0333
0.0249	0.0655	-0.1804	-0.0339	-0.0261	0.9167	0.386	0.1031	33	35	25	1	18	0.0109	0.7	0	0.0352
0.0249	0.0932	-0.1192	-0.0146	-0.0148	0.8818	0.378	0.2819	34	36	25	1	19	0.0126	0.84	0	0.0357
0.0249	0.0635	-0.0376	0.0187	0.0178	0.7792	0.5756	0.2481	35	37	25	1	20	0.0091	0.775	0	0.0339
0.0249	0.0716	0.0178	0.039	0.0302	0.9374	0.3123	0.1538	36	38	25	1	21	0.0085	0.9	0	0.03
0.0286	0.0899	0.083	0.0643	0.0446	0.8929	0.4271	0.1424	37	39	25	1	22	0.0028	0.9583	0	0.0286
0.0271	0.0627	0.1634	0.1017	0.0592	0.9623	0.2492	0.1093	38	40	25	1	23	0.0031	0.9167	0	0.0271
0.0289	0.0915	0.227	0.112	0.0645	0.8588	0.4611	0.2234	39	41	25	1	24	0.0034	0.875	0	0.0289
0.0249	0.0644	0.3123	0.1412	0.087	0.8575	0.4692	0.2111	40	42	25	1	25	0.0093	0.875	0	0.0335
0.0249	0.0766	0.3641	0.1804	0.0997	0.8928	0.3572	0.2746	41	43	25	1	26	0.0098	0.86	0	0.0332
0.0293	0.0841	0.4347	0.2023	0.1198	0.9142	0.342	0.2175	42	44	25	1	27	0.0035	0.9167	0	0.0293
0.0249	0.0823	0.5123	0.2283	0.1461	0.916	0.3976	0.054	43	45	25	1	28	0.0082	0.78	0	0.0302
0.0249	0.0732	0.5871	0.2633	0.1479	0.8998	0.4049	0.1624	44	46	25	1	29	0.0111	0.825	0	0.0354
0.0249	0.0731	0.6532	0.2909	0.1639	0.9287	0.3559	0.1042	45	47	25	1	30	0.01	0.95	0	0.0304
0.0249	0.0741	0.7227	0.314	0.1696	0.8967	0.4402	0.047	46	48	25	1	31	0.0087	0.925	0	0.0302
0.0249	0.0741	0.7941	0.338	0.1726	0.8599	0.4929	0.1331	47	49	25	1	32	0.0101	0.925	0	0.0332
0.0289	0.0753	0.8635	0.3675	0.1766	0.8478	0.4382	0.2986	48	50	25	1	33	0.0035	0.8333	0	0.0289
0.0249	0.0654	0.9281	0.3984	0.2016	0.8067	0.5542	0.2051	49	51	25	1	34	0.0074	0.725	0	0.0315
0.0249	0.0781	0.9819	0.4312	0.2168	0.919	0.3759	0.1191	50	52	25	1	35	0.0112	0.825	0	0.0342
0.0249	0.0669	1.0531	0.462	0.2288	0.8618	0.5015	-0.0753	51	53	25	1	36	0.0099	0.8	0	0.0307
0.0249	0.0672	1.1098	0.4993	0.2276	0.8126	0.5012	-0.2974	52	54	25	1	37	0.0079	0.75	0	0.03
0.0273	0.0708	1.1443	0.5237	0.2001	0.1215	0.4462	-0.8867	53	55	25	1	38	0.0036	0.7083	0	0.0273
0.0249	0.0766	1.2412	0.5937	0.1518	-0.0245	0.4007	-0.9159	54	56	25	1	39	0.0174	0.725	0	0.0393
0.0249	0.0773	1.2338	0.6353	0.092	0.903	0.4283	0.0348	55	57	25	1	40	0.0168	0.875	0	0.044
0.0249	0.0964	1.3052	0.6693	0.0863	0.9433	0.2562	0.2109	56	58	25	1	41	0.0142	0.88	0	0.0392
0.0249	0.088	1.3944	0.7005	0.1032	0.9489	0.3022	0.091	57	59	25	1	42	0.0096	0.74	0	0.0333
0.026	0.0694	1.4785	0.7261	0.1145	0.7897	0.6132	0.0208	58	60	25	1	43	0.0034	0.7917	0	0.026
0.0226	0.0758	1.5359	0.7637	0.1278	0.8694	0.4939	0.0157	59	61	25	1	44	0.0038	0.5417	0	0.0265
0.0192	0.07	1.5956	0.8148	0.1468	0.9624	0.2014	0.1821	60	62	25	1	45	0.003	0.7083	0	0.0192
0.0236	0.0516	1.662	0.8405	0.1596	0.9569	0.0717	0.2814	61	63	25	1	46	0.0027	0.6667	0	0.0207
0.0281	0.0885	1.7189	0.8336	0.1579	0.9341	0.1992	0.2963	62	64	25	1	47	0.0032	0.7917	0	0.0281
0.0246	0.0476	1.7986	0.8508	0.1905	0.8299	0.383	0.4056	63	65	25	1	48	0.0087	0.6	0	0.031
0.0246	0.1132	1.8347	0.864	0.21	0.028	0.0309	0.9991	64	66	25	1	49	0.0195	0.65	0	0.0421
0.0243	0.2718	1.8326	0.8743	0.3123	0.9207	0.2704	-0.2814	65	67	25	1	50	0.0141	0.4429	0	0.0361
0.0249	0.0616	2.0809	0.9539	0.225	0.9581	0.2862	-0.013	66	68	25	1	51	0.009	0.725	0	0.0351
0.0249	0.0857	2.1432	0.9644	0.2254	0.8989	0.4317	0.0751	67	69	25	1	52	0.0131	0.78	0	0.0362
0.0249	0.0806	2.2212	0.9978	0.2404	0.923	0.3806	0.0577	68	70	25	1	53	0.0117	0.82	0	0.0317
0.0249	0.061	2.2974	1.0276	0.2375	0.9188	0.3474	0.1875	69	71	25	1	54	0.0105	0.875	0	0.0315
0.0249	0.0605	2.3558	1.0472	0.2399	0.9088	0.382	0.1681	70	72	25	1	55	0.0092	0.75	0	0.0346
0.0249	0.0638	2.4071	1.0801	0.2562	0.9503	0.2827	0.1302	71	73	25	1	56	0.0072	0.675	0	0.0306
0.0245	0.0743	2.4658	1.1028	0.2664	0.9269	0.3066	0.2166	72	74	25	1	57	0.0072	0.65	0	0.0315
0.0249	0.0782	2.5465	1.1305	0.3135	0.9099	0.1739	-0.3768	73	75	25	1	58	0.0113	0.72	0	0.0308
0.0245	0.0465	2.6117	1.1535	0.2767	0.8757	0.4715	-0.104	74	76	25	1	59	0.0026	0.625	0	0.0253
0.0249	0.0684	2.6605	1.1648	0.2848	0.896	0.3685	-0.2477	75	77	25	1	60	0.0079	0.675	0	0.0323
0.0265	0.0651	2.7235	1.1921	0.2637	0.8772	0.1826	0.4439	76	78	25	1	61	0.0035	0.7083	0	0.0287
0.0249	0.096	2.782	1.2011	0.291	0.9154	0.3212	0.2425	77	79	25	1	62	0.0114	0.64	0	0.0358
0.0245	0.0484	2.8732	1.2541	0.3022	0.8812	0.1213	0.457	78	80	25	1	63	0.0033	0.625	0	0.0258
0.0203	0.0792	2.91	1.2695	0.3194	0.7758	0.5898	0.2241	79	81	25	1	64	0.0027	0.625	0	0.0203
0.0192	0.078	2.9782	1.2959	0.3541	0.9398	0.3402	0.0316	80	82	25	1	65	0.0028	0.6667	0	0.0175
0.0192	0.0624	3.0515	1.3229	0.3552	0.9493	0.3039	0.0804	81	83	25	1	66	0.0031	0.5833	0	0.0185
0.0192	0.0456	3.1101	1.3476	0.3628	0.9853	0.1436	-0.0925	82	84	25	1	67	0.0024	0.625	0	0.0164
0.0192	0.0529	3.1546	1.3644	0.3683	0.9874	-0.0816	0.1353	83	85	25	1	68	0.0018	0.5	0	0.0152
0.0192	0.0309	3.2179	1.3597	0.3602	0.8068	0.1016	0.582	84	0	25	1	69	0.0054	0.175	0	0.01
0.0152	0.1927	-1.5357	-0.7744	-0.2924	0.9787	-0.1946	0.0653	19	87	3	2	1	0.0025	0.7083	1	0.0152
0.0152	0.0541	-1.3471	-0.8119	-0.2798	0.8352	0.5291	0.15	86	88	3	2	2	0.0025	0.7083	0	0.0152
0.0142	0.0757	-1.2997	-0.7895	-0.2744	0.9532	0.2657	0.1441	87	89	3	2	3	0.002	0.7917	0	0.0142
0.0152	0.052	-1.2271	-0.7713	-0.2642	0.9826	0.1652	0.0853	88	90	3	2	4	0.0018	0.75	0	0.0152
0.0149	0.1008	-1.1772	-0.7582	-0.2582	0.9649	0.1882	0.1831	89	91	3	2	5	0.002	0.6875	0	0.0138
0.0146	0.0765	-1.0806	-0.7373	-0.2389	0.951	0.303	0.0624	90	92	3	2	6	0.0021	0.8333	0	0.0146
0.0136	0.0697	-1.0084	-0.7156	-0.2276	0.9895	0.1034	0.1009	91	93	3	2	7	0.0022	0.7917	0	0.0136
0.013	0.0743	-0.9409	-0.6952	-0.2242	0.984	0.1357	0.1155	92	94	3	2	8	0.0017	0.6667	0	0.0151
0.0124	0.0761	-0.8631	-0.7053	-0.2152	0.9751	0.2219	-0.0018	93	95	3	2	9	0.0018	0.8333	0	0.0124
0.0135	0.0694	-0.7893	-0.6789	-0.2128	0.992	-0.0003	0.126	94	96	3	2	10	0.002	0.7917	0	0.0135
0.0119	0.0668	-0.7205	-0.6789	-0.2029	0.9906	0.1369	-0.0039	95	97	3	2	11	0.0017	0.8333	0	0.0119
0.0117	0.0753	-0.6544	-0.6745	-0.2057	0.9991	-0.0354	0.025	96	98	3	2	12	0.0018	0.7083	0	0.0117
0.0118	0.074	-0.5791	-0.6704	-0.2078	0.9995	0.0065	0.0316	97	99	3	2	13	0.0018	0.8333	0	0.0118
0.0115	0.0748	-0.505	-0.672	-0.2057	0.9992	0.0368	-0.0126	98	100	3	2	14	0.0015	0.75	0	0.0115
0.0153	0.0807	-0.4291	-0.6562	-0.2119	0.9965	-0.0761	0.0359	99	101	3	2	15	0.0021	0.7083	0	0.0153
0.0165	0.0471	-0.3487	-0.6627	-0.2111	0.997	0.0289	-0.0723	100	102	3	2	16	0.0018	0.75	0	0.0165
0.0153	0.0908	-0.3014	-0.6607	-0.2162	0.9804	-0.0453	0.192	101	103	3	2	17	0.0021	0.625	0	0.0159
0.0144	0.0648	-0.2121	-0.6696	-0.1965	0.9977	0.0347	-0.0577	102	104	3	2	18	0.002	0.7917	0	0.0144
0.0156	0.0745	-0.148	-0.6701	-0.1966	0.9895	-0.128	0.0679	103	105	3	2	19	0.0023	0.75	0	0.0156
0.0138	0.0678	-0.0743	-0.6903	-0.1973	0.9937	-0.0593	0.0954	104	106	3	2	20	0.0021	0.75	0	0.0138
0.0133	0.0654	-0.0065	-0.6886	-0.1868	0.9869	-0.139	0.0817	105	107	3	2	21	0.002	0.5833	0	0.0133
0.0135	0.072	0.0603	-0.6972	-0.1912	0.9616	-0.1695	0.2159	106	108	3	2	22	0.0019	0.625	0	0.0135
0.0132	0.08	0.13	-0.7066	-0.1712	0.9672	-0.2473	0.0573	107	109	3	2	23	0.002	0.75	0	0.0132
0.0128	0.0428	0.2077	-0.7263	-0.1628	0.9821	-0.1733	-0.0744	108	110	3	2	24	0.0015	0.6667	0	0.016
0.0124	0.063	0.2468	-0.7439	-0.1645	0.9606	-0.2708	0.0619	109	111	3	2	25	0.0016	0.75	0	0.0124
0.0135	0.0755	0.3077	-0.7592	-0.1638	0.9813	-0.1909	-0.0242	110	112	3	2	26	0.0017	0.8333	0	0.0135
0.0146	0.0737	0.3819	-0.7771	-0.1628	0.9978	0.0646	0.0123	111	113	3	2	27	0.0021	0.8333	0	0.0146
0.0143	0.059	0.4576	-0.7771	-0.1708	0.9776	0.1376	0.1594	112	114	3	2	28	0.0021	0.75	0	0.0143
0.0148	0.0813	0.5155	-0.766	-0.1638	0.9655	0.0948	0.2425	113	115	3	2	29	0.0023	0.625	0	0.0149
0.0153	0.0584	0.5907	-0.7316	-0.1427	0.9054	0.0921	0.4144	114	116	3	2	30	0.0018	0.6667	0	0.0154
0.018	0.0645	0.6505	-0.7084	-0.1224	0.8317	-0.2067	0.5152	115	117	3	2	31	0.0024	0.75	0	0.018
0.0169	0.0486	0.7174	-0.731	-0.1004	0.6004	-0.0994	0.7935	116	118	3	2	32	0.0033	0.625	0	0.0214
0.0165	0.0753	0.7529	-0.7265	-0.0682	0.7851	-0.1256	0.6065	117	119	3	2	33	0.0024	0.75	0	0.0165
0.0121	0.0714	0.8178	-0.7327	-0.0322	0.8701	-0.0863	0.4852	118	120	3	2	34	0.0018	0.75	0	0.0121
0.0162	0.0794	0.8752	-0.7395	0.0094	0.7883	-0.3665	0.4942	119	0	3	2	35	0.0024	0.5833	0	0.0166
0.0159	0.2452	-0.7365	-0.1588	-0.04	-0.4451	0.3144	0.8384	25	122	4	2	1	0.0022	0.875	0	0.0159
0.0167	0.0718	-0.8476	-0.0738	0.1627	-0.3819	0.239	0.8928	121	123	4	2	2	0.0025	0.8333	0	0.0167
0.0197	0.071	-0.8678	-0.0608	0.231	-0.3859	0.228	0.8939	122	124	4	2	3	0.0024	0.9583	0	0.0197
0.0165	0.0806	-0.8998	-0.0413	0.2924	-0.3493	0.0849	0.9332	123	125	4	2	4	0.0023	0.9167	0	0.0165
0.0133	0.0821	-0.9308	-0.0316	0.366	-0.327	0.2088	0.9217	124	126	4	2	5	0.0017	1	0	0.0133
0.0153	0.0872	-0.9531	-0.0039	0.4435	-0.5106	0.0769	0.8564	125	127	4	2	6	0.0018	0.9583	0	0.0153
0.0158	0.0715	-1.0016	-0.0007	0.5172	-0.3988	0.2044	0.894	126	128	4	2	7	0.002	1	0	0.0158
0.016	0.0869	-1.0288	0.015	0.5816	-0.5486	0.3167	0.7738	127	129	4	2	8	0.0022	0.9583	0	0.016
0.0153	0.0845	-1.0673	0.035	0.6571	-0.4949	0.2964	0.8169	128	130	4	2	9	0.0021	0.9167	0	0.0153
0.0146	0.0804	-1.1128	0.0647	0.7229	-0.4114	0.279	0.8677	129	131	4	2	10	0.0019	1	0	0.0146
0.0159	0.0818	-1.1392	0.0902	0.7958	-0.5036	0.271	0.8203	130	132	4	2	11	0.0023	0.9583	0	0.0159
0.0157	0.0813	-1.1777	0.1192	0.8637	-0.5128	0.0907	0.8537	131	133	4	2	12	0.002	0.9583	0	0.0157
0.0151	0.0932	-1.219	0.1382	0.9313	-0.5293	0.1544	0.8343	132	134	4	2	13	0.0029	0.75	0	0.0151
0.0133	0.0344	-1.2733	0.1432	1.0159	-0.6283	0.6475	0.4313	133	135	4	2	14	0.0015	0.75	0	0.0133
0.0157	0.0701	-1.2956	0.1652	1.0335	-0.2328	0.9699	0.0707	134	136	4	2	15	0.0019	0.9167	0	0.0157
0.0145	0.0689	-1.3146	0.2353	1.051	-0.1527	0.9687	-0.1956	135	137	4	2	16	0.002	0.7917	0	0.0145
0.0136	0.0517	-1.3251	0.3021	1.0377	-0.135	0.9762	-0.1698	136	138	4	2	17	0.0017	0.6667	0	0.0138
0.0127	0.0667	-1.3326	0.3524	1.029	-0.232	0.9696	-0.0771	137	139	4	2	18	0.0017	0.8333	0	0.0127
0.0156	0.0416	-1.3408	0.4198	1.0288	-0.3117	0.9478	-0.0675	138	0	4	2	19	0.0027	0.5417	0	0.016
0.0297	0.1442	-0.1569	-0.0194	-0.0479	0.6667	0.4119	-0.6211	34	141	5	2	1	0.0059	0.5818	1	0.048
0.0297	0.1229	-0.0596	0.0395	-0.1321	0.8016	0.5839	-0.1283	140	142	5	2	2	0.0189	0.5857	0	0.048
0.0237	0.0735	0.0441	0.1043	-0.1241	0.8579	0.5123	-0.0383	141	143	5	2	3	0.0161	0.9	0	0.0431
0.0237	0.0687	0.1079	0.1391	-0.1219	0.9142	0.3921	0.1026	142	144	5	2	4	0.0158	0.875	0	0.0409
0.0237	0.0951	0.1691	0.1702	-0.1156	0.9346	0.3556	0.0095	143	145	5	2	5	0.0126	0.88	0	0.0364
0.0237	0.0567	0.2642	0.1916	-0.115	0.8922	0.4401	0.1016	144	146	5	2	6	0.0126	0.775	0	0.038
0.0237	0.0708	0.3138	0.216	-0.1021	0.893	0.4206	0.1598	145	147	5	2	7	0.0126	0.875	0	0.0378
0.0237	0.0527	0.3774	0.2445	-0.0829	0.9033	0.4282	0.0251	146	148	5	2	8	0.0127	0.65	0	0.0371
0.0237	0.0744	0.4288	0.2596	-0.0797	0.8614	0.4795	0.1676	147	149	5	2	9	0.0145	0.8	0	0.0384
0.0237	0.0686	0.4906	0.2963	-0.0624	0.7914	0.5526	0.2613	148	150	5	2	10	0.0113	0.85	0	0.0365
0.0237	0.0689	0.5491	0.327	-0.0448	0.8559	0.4899	0.1656	149	151	5	2	11	0.0142	0.8	0	0.0364
0.0237	0.0708	0.6092	0.3587	-0.0345	0.8958	0.3849	0.2222	150	152	5	2	12	0.0131	0.85	0	0.0363
0.0237	0.0662	0.671	0.3898	-0.0168	0.9273	0.3158	0.2009	151	153	5	2	13	0.0097	0.875	0	0.0313
0.0237	0.095	0.7351	0.4111	-0.0155	0.8826	0.4186	0.2139	152	154	5	2	14	0.0133	0.76	0	0.0398
0.0237	0.0965	0.8216	0.4435	0.0076	0.8777	0.408	0.2512	153	155	5	2	15	0.0158	0.9	0	0.0404
0.0237	0.0724	0.9108	0.4841	0.0213	0.827	0.4005	0.3946	154	156	5	2	16	0.0138	0.9	0	0.0365
0.0237	0.0766	0.966	0.5166	0.0419	0.7492	0.642	-0.1631	155	157	5	2	17	0.0077	0.725	0	0.0297
0.0297	0.0801	1.0536	0.5633	0.0632	0.4851	0.7903	-0.3744	156	0	5	2	18	0.0083	0.35	0	0.021
0.0173	0.0807	-0.0703	-0.0153	-0.0173	0.5851	-0.6118	-0.5322	35	159	6	2	1	0.0034	0.625	1	0.0173
0.0172	0.0955	-0.0231	-0.0647	-0.0602	0.5678	-0.8036	-0.1785	158	160	6	2	2	0.0034	0.625	0	0.0173
0.0137	0.0779	0.036	-0.1387	-0.0703	0.5984	-0.793	-0.1141	159	161	6	2	3	0.0021	0.625	0	0.0137
0.0146	0.0721	0.086	-0.195	-0.0836	0.7737	-0.6102	-0.1705	160	162	6	2	4	0.002	0.875	0	0.0146
0.0136	0.0497	0.1432	-0.2398	-0.0901	0.6592	-0.7092	-0.2499	161	163	6	2	5	0.0021	0.7083	0	0.0136
0.0154	0.0604	0.1763	-0.2731	-0.1121	0.8219	-0.5632	-0.0857	162	164	6	2	6	0.0019	0.7083	0	0.0154
0.0153	0.0556	0.2306	-0.3104	-0.106	0.6858	-0.574	-0.4475	163	165	6	2	7	0.0023	0.6667	0	0.0153
0.0166	0.0705	0.274	-0.3339	-0.1335	0.8106	-0.5647	-0.1552	164	166	6	2	8	0.0024	0.6667	0	0.0167
0.0143	0.0674	0.3328	-0.3708	-0.1397	0.7546	-0.643	0.131	165	167	6	2	9	0.0021	0.9167	0	0.0143
0.0148	0.0661	0.3869	-0.4094	-0.1278	0.783	-0.6116	0.1137	166	168	6	2	10	0.0021	0.7083	0	0.0148
0.0135	0.0616	0.4315	-0.4605	-0.1255	0.8111	-0.5794	0.0798	167	169	6	2	11	0.0015	0.6667	0	0.0122
0.0122	0.0879	0.4794	-0.4981	-0.1236	0.6291	-0.7759	0.0473	168	170	6	2	12	0.0016	0.8333	0	0.0122
0.018	0.0492	0.5407	-0.5598	-0.1143	0.6611	-0.7313	0.1678	169	171	6	2	13	0.0019	0.6667	0	0.0182
0.0142	0.0664	0.5633	-0.6056	-0.1128	0.6667	-0.7375	0.1076	170	0	6	2	14	0.0024	0.5	0	0.0143
0.0234	0.1122	1.2163	0.593	0.1522	0.2718	-0.199	0.9415	55	173	7	2	1	0.0043	0.625	0	0.0278
0.0255	0.0896	1.2463	0.5713	0.2598	0.8873	0.4547	0.0771	172	174	7	2	2	0.0036	0.875	0	0.0255
0.0247	0.08	1.3247	0.6139	0.2665	0.8666	0.4917	0.0849	173	175	7	2	3	0.0031	0.7917	0	0.0247
0.0237	0.0635	1.3973	0.6491	0.2654	0.8714	0.4787	0.1069	174	176	7	2	4	0.0099	0.8	0	0.0321
0.0237	0.0905	1.4541	0.6756	0.2742	0.871	0.4306	0.2364	175	177	7	2	5	0.0116	0.76	0	0.036
0.0193	0.0602	1.5388	0.7159	0.2936	0.1951	0.4623	0.865	176	178	7	2	6	0.0105	0.42	0	0.0297
0.0149	0.1408	1.5297	0.7487	0.3488	0.2597	0.6141	0.7453	177	179	7	2	7	0.0024	0.7917	0	0.0149
0.0144	0.075	1.5671	0.8309	0.4568	0.1155	0.6086	0.785	178	180	7	2	8	0.0019	0.8333	0	0.0144
0.017	0.0662	1.5794	0.8823	0.5111	-0.1384	0.6728	0.7267	179	181	7	2	9	0.0019	0.7917	0	0.017
0.0151	0.0783	1.5731	0.926	0.56	-0.0492	0.5592	0.8276	180	182	7	2	10	0.0017	0.75	0	0.0151
0.0137	0.0639	1.5605	0.9662	0.6257	-0.1591	0.5816	0.7978	181	183	7	2	11	0.0019	0.6667	0	0.0149
0.0123	0.0525	1.5529	1.0084	0.6743	-0.1259	0.4696	0.8738	182	184	7	2	12	0.0015	0.7917	0	0.0123
0.0144	0.0746	1.5486	1.0354	0.7184	-0.06	0.6452	0.7617	183	185	7	2	13	0.0022	0.8333	0	0.0144
0.0119	0.0798	1.5392	1.0834	0.7749	-0.0662	0.6449	0.7614	184	186	7	2	14	0.0019	0.9167	0	0.0119
0.0131	0.069	1.5348	1.1329	0.8373	-0.1131	0.6151	0.7803	185	187	7	2	15	0.0019	0.875	0	0.0131
0.0137	0.0727	1.5337	1.1845	0.8827	0.0284	0.6687	0.743	186	188	7	2	16	0.002	0.6667	0	0.0154
0.0143	0.0565	1.5298	1.2282	0.9415	-0.0821	0.7466	0.6602	187	189	7	2	17	0.0023	0.7917	0	0.0143
0.0143	0.0477	1.5293	1.2671	0.9832	-0.1656	0.7134	0.681	188	190	7	2	18	0.0018	0.7083	0	0.0143
0.0121	0.0694	1.5268	1.3048	1.0122	0.0434	0.6614	0.7487	189	191	7	2	19	0.002	0.8333	0	0.0121
0.0114	0.0658	1.5275	1.3477	1.0672	-0.0779	0.7411	0.6668	190	192	7	2	20	0.0019	0.7083	0	0.0114
0.0124	0.0564	1.5222	1.3889	1.1209	-0.0284	0.7883	0.6147	191	193	7	2	21	0.0019	0.7917	0	0.0124
0.0146	0.0773	1.5302	1.4374	1.1555	-0.2338	0.572	0.7862	192	0	7	2	22	0.0022	0.7917	0	0.0154
0.0149	0.1221	1.1456	0.4998	0.2355	0.854	-0.5181	-0.0477	53	195	8	2	1	0.0025	0.75	0	0.0149
0.0134	0.072	1.251	0.4381	0.2278	0.7975	-0.5993	-0.0698	194	196	8	2	2	0.0017	0.625	0	0.0136
0.012	0.0718	1.3061	0.3916	0.2276	0.7768	-0.6269	-0.0595	195	197	8	2	3	0.0018	0.7917	0	0.012
0.013	0.0771	1.3643	0.3494	0.22	0.6507	-0.7466	-0.1382	196	198	8	2	4	0.0025	0.625	0	0.0154
0.0141	0.0609	1.4141	0.2923	0.2118	0.6699	-0.6966	0.2568	197	199	8	2	5	0.0019	0.7083	0	0.0141
0.0163	0.0724	1.4661	0.2574	0.2111	0.6532	-0.7501	0.1035	198	200	8	2	6	0.0023	0.5417	0	0.0167
0.0182	0.068	1.512	0.2	0.2108	0.8187	-0.5663	0.0949	199	201	8	2	7	0.0024	0.5417	0	0.0191
0.0167	0.0757	1.5661	0.16	0.2289	0.7522	-0.6589	0.0112	200	202	8	2	8	0.0022	0.7083	0	0.0167
0.0147	0.0758	1.619	0.1066	0.2305	0.6625	-0.7457	0.0701	201	203	8	2	9	0.0027	0.6667	0	0.0147
0.0127	0.0606	1.6633	0.0406	0.2284	0.7704	-0.6156	0.1661	202	204	8	2	10	0.0018	0.625	0	0.0127
0.0121	0.0744	1.7083	0.002	0.2426	0.7967	-0.5888	0.1363	203	205	8	2	11	0.0015	0.7083	0	0.0121
0.0147	0.0805	1.7826	-0.0285	0.2543	0.6639	-0.7478	-0.0058	204	206	8	2	12	0.002	0.7083	0	0.0147
0.0147	0.088	1.8334	-0.0926	0.2529	0.7824	-0.5898	0.1997	205	207	8	2	13	0.0021	0.7083	0	0.0147
0.0149	0.0642	1.9008	-0.1489	0.2657	0.8604	-0.4757	0.1827	206	208	8	2	14	0.0019	0.7083	0	0.0149
0.0128	0.0628	1.9579	-0.1818	0.2942	0.6869	-0.7058	-0.1729	207	209	8	2	15	0.0021	0.625	0	0.0128
0.012	0.0528	2.0033	-0.2248	0.2754	0.71	-0.6995	0.0816	208	210	8	2	16	0.0018	0.6667	0	0.0114
0.0157	0.0366	2.0439	-0.27	0.2852	-0.8176	-0.4988	-0.2877	209	0	8	2	17	0.0018	0.3333	0	0.0178
0.0157	0.088	1.2727	0.6284	0.0833	0.3541	-0.8476	-0.3951	56	212	9	2	1	0.0032	0.7083	1	0.0157
0.0157	0.0723	1.3039	0.5538	0.0485	0.0598	0.62	-0.7823	211	213	9	2	2	0.0032	0.7083	0	0.0157
0.0175	0.057	1.322	0.5958	-0.0132	-0.0027	0.8774	-0.4798	212	214	9	2	3	0.0027	0.875	0	0.0175
0.0237	0.059	1.3248	0.6314	-0.0433	0.8874	0.2551	-0.3839	213	0	9	2	4	0.0063	0.325	0	0.0314
0.0193	0.1312	3.2406	1.3606	0.3693	-0.8392	-0.5378	0.0812	85	216	10	2	1	0.008	0.3286	0	0.0245
0.0193	0.0544	3.1287	1.2913	0.3764	-0.829	-0.4979	0.2546	215	217	10	2	2	0.0025	0.5	0	0.0193
0.0193	0.0259	3.0748	1.2603	0.3844	-0.4131	-0.3275	0.8497	216	0	10	2	3	0.002	0.375	0	0.0189
0.0231	0.3638	1.8435	0.9005	0.3176	0.9212	0.3842	0.0618	66	219	26	2	1	0.0146	0.4526	0	0.0378
0.0231	0.0677	2.1763	1.047	0.3549	0.9059	0.4205	-0.0504	218	220	26	2	2	0.0082	0.775	0	0.0286
0.0262	0.0693	2.2421	1.0654	0.3613	0.8528	0.5051	0.1327	219	221	26	2	3	0.0032	0.7917	0	0.0262
0.0231	0.0708	2.3031	1.0981	0.3682	0.8132	0.5781	0.0673	220	222	26	2	4	0.0104	0.925	0	0.0313
0.0231	0.0657	2.359	1.1403	0.3775	0.8943	0.4001	0.2001	221	223	26	2	5	0.0102	0.85	0	0.0295
0.0231	0.0642	2.4246	1.1647	0.3807	0.7468	0.5208	0.4137	222	224	26	2	6	0.0111	0.725	0	0.0312
0.0269	0.0871	2.4791	1.19	0.4052	0.7849	0.5813	0.2146	223	225	26	2	7	0.0033	1	0	0.0269
0.0254	0.0913	2.5462	1.2336	0.4318	0.9935	-0.0777	0.0837	224	226	26	2	8	0.0036	0.8125	0	0.027
0.0186	0.0725	2.6569	1.2534	0.4549	0.5233	-0.6823	0.5105	225	227	26	2	9	0.0024	0.5833	0	0.0189
0.0163	0.0599	2.6975	1.2101	0.4949	0.8048	-0.5057	0.3106	226	228	26	2	10	0.0026	0.5833	0	0.0163
0.0138	0.0673	2.75	1.1798	0.5101	0.5636	-0.421	0.7107	227	229	26	2	11	0.0019	0.7917	0	0.0138
0.0156	0.0597	2.7924	1.1614	0.5601	0.6143	-0.4162	0.6704	228	230	26	2	12	0.002	0.7917	0	0.0156
0.0136	0.0664	2.8319	1.1381	0.598	0.645	-0.236	0.7268	229	231	26	2	13	0.0017	0.75	0	0.0136
0.0145	0.0483	2.8733	1.1128	0.646	0.7225	-0.1273	0.6796	230	232	26	2	14	0.003	0.4583	0	0.0156
0.0136	0.0347	2.9124	1.1075	0.6807	0.4286	-0.6083	-0.6681	231	0	26	2	15	0.003	0.4583	0	0.0119
0.0223	0.1724	2.5506	1.1054	0.2804	0.6636	-0.26	-0.7014	73	234	20	2	1	0.0026	0.75	0	0.0223
0.0201	0.065	2.6691	1.0681	0.1653	0.8254	-0.0157	-0.5644	233	235	20	2	2	0.0026	0.5833	0	0.0213
0.0179	0.0805	2.7191	1.0688	0.1225	0.8233	-0.1638	-0.5434	234	236	20	2	3	0.0024	0.7917	0	0.0179
0.0199	0.0603	2.7921	1.0432	0.0828	0.4964	-0.0148	-0.8679	235	237	20	2	4	0.0026	0.7083	0	0.0199
0.0174	0.0737	2.8298	1.0385	0.0375	0.6137	-0.1665	-0.7718	236	238	20	2	5	0.0028	0.6667	0	0.0174
0.0187	0.0554	2.8869	1.0431	-0.0176	0.5981	-0.3403	-0.7256	237	239	20	2	6	0.002	0.625	0	0.0187
0.0197	0.0562	2.9251	1.008	-0.0551	0.5656	0.041	-0.8236	238	240	20	2	7	0.0019	0.8333	0	0.0197
0.0174	0.0651	2.9536	1.006	-0.1055	0.8093	-0.0682	-0.5835	239	241	20	2	8	0.0021	0.75	0	0.0174
0.0191	0.0357	3.0057	1.0062	-0.1478	0.9786	-0.0595	-0.197	240	242	20	2	9	0.0022	0.7083	0	0.0191
0.0181	0.0564	3.0335	0.9984	-0.1646	0.8019	0.0365	-0.5963	241	243	20	2	10	0.0023	0.5417	0	0.017
0.0171	0.044	3.0824	1.0162	-0.1952	0.6289	0.0085	-0.7774	242	244	20	2	11	0.0015	0.7083	0	0.0171
0.0171	0.0416	3.1091	0.9944	-0.2379	0.8547	0.1529	-0.496	243	245	20	2	12	0.002	0.5	0	0.0159
0.0171	0.031	3.1497	1.0029	-0.2601	0.3333	-0.9307	-0.1505	244	0	20	2	13	0.0028	0.5417	0	0.0127
0.0153	0.1543	2.6727	1.1778	0.2561	0.4953	0.4044	-0.7689	76	247	21	2	1	0.002	0.5833	1	0.014
0.0153	0.0625	2.7492	1.2402	0.1375	0.724	0.0889	-0.6841	246	248	21	2	2	0.002	0.5833	0	0.014
0.0162	0.0595	2.7984	1.2401	0.0929	0.6206	0.5875	-0.5193	247	249	21	2	3	0.002	0.6667	0	0.0162
0.0173	0.0749	2.8453	1.2658	0.0667	0.494	0.0984	-0.8639	248	250	21	2	4	0.0022	0.7083	0	0.0173
0.0163	0.072	2.8904	1.2744	0.0117	0.6893	0.3631	-0.6269	249	251	21	2	5	0.0027	0.75	0	0.0163
0.0176	0.0682	2.9282	1.3089	-0.0387	0.5863	0.3759	-0.7176	250	252	21	2	6	0.0019	0.5417	0	0.0178
0.0166	0.0538	2.9859	1.3249	-0.0808	0.4805	0.2919	-0.827	251	253	21	2	7	0.002	0.6667	0	0.0166
0.0153	0.0618	3.0115	1.3439	-0.1252	0.5722	0.093	-0.8148	252	254	21	2	8	0.0019	0.625	0	0.0153
0.0153	0.0666	3.0482	1.3472	-0.1756	0.571	0.3555	-0.74	253	255	21	2	9	0.0021	0.8333	0	0.0153
0.0161	0.0457	3.1019	1.3606	-0.2246	0.3542	0.5114	-0.783	254	256	21	2	10	0.002	0.5417	0	0.0161
0.0193	0.053	3.1144	1.3876	-0.2608	0.3507	0.2503	-0.9024	255	0	21	2	11	0.0026	0.4167	0	0.0209
0.0171	0.0304	0.4772	-0.778	-0.1817	0.1956	-0.2288	-0.9536	113	258	13	3	1	0.0051	0.5833	1	0.0184
0.0171	0.064	0.4831	-0.7849	-0.2106	0.6062	-0.7417	0.2872	257	259	13	3	2	0.0051	0.5833	0	0.0184
0.0136	0.0752	0.5321	-0.8274	-0.1927	0.1835	-0.4604	-0.8685	258	260	13	3	3	0.0029	0.75	0	0.0171
0.0171	0.0726	0.5551	-0.8615	-0.2497	0.4745	-0.7414	-0.4746	259	261	13	3	4	0.0026	0.625	0	0.0152
0.0171	0.0684	0.5982	-0.9152	-0.2797	0.256	-0.846	-0.4678	260	0	13	3	5	0.0022	0.6667	0	0.0153
0.0162	0.1346	-1.1898	0.1372	0.8921	0.5518	0.8328	0.0451	132	0	15	3	1	0.0048	0.7917	0	0.0162
0.0183	0.0644	0.5433	0.3152	-0.0671	0.7889	-0.1422	-0.5979	149	264	16	3	1	0.0028	0.6667	1	0.0183
0.0183	0.0589	0.594	0.3061	-0.1056	0.6164	0.2569	-0.7443	263	265	16	3	2	0.0028	0.6667	0	0.0183
0.0166	0.0553	0.6322	0.3207	-0.1481	0.5452	-0.1391	-0.8267	264	266	16	3	3	0.002	0.7083	0	0.0166
0.017	0.0558	0.6665	0.3165	-0.1924	0.5533	-0.3554	-0.7534	265	267	16	3	4	0.0021	0.6667	0	0.017
0.0166	0.0749	0.6995	0.2952	-0.233	0.3464	-0.3557	-0.868	266	268	16	3	5	0.0022	0.6667	0	0.0153
0.0175	0.0575	0.7282	0.2671	-0.2949	0.5771	-0.4378	-0.6894	267	269	16	3	6	0.0021	0.625	0	0.0175
0.0181	0.0468	0.766	0.2481	-0.339	0.337	-0.7041	-0.6251	268	270	16	3	7	0.0024	0.625	0	0.0182
0.0172	0.0465	0.778	0.2184	-0.3709	0.0691	-0.5798	-0.8118	269	0	16	3	8	0.0028	0.3333	0	0.0172
0.0236	0.1283	1.5655	0.7444	0.3293	0.9021	0.3543	-0.2465	177	272	27	3	1	0.0049	0.625	1	0.0236
0.0236	0.077	1.6812	0.7899	0.2977	0.924	-0.333	0.1881	271	0	27	3	2	0.0049	0.625	0	0.0236
0.0152	0.0955	1.5524	0.1521	0.2087	0.06	-0.886	-0.4597	200	274	22	3	1	0.0024	0.625	0	0.0163
0.0152	0.0729	1.565	0.0642	0.1748	0.3271	-0.8093	-0.4879	273	0	22	3	2	0.0024	0.7083	0	0.0152
0.015	0.2133	2.4312	1.1813	0.4104	0.4688	0.5623	0.6812	223	276	11	3	1	0.003	0.6667	0	0.015
0.015	0.0505	2.5327	1.2875	0.5712	0.0518	0.7494	0.6601	275	277	11	3	2	0.0022	0.5833	0	0.0169
0.0155	0.0422	2.5248	1.3323	0.6025	0.045	0.3433	0.9381	276	0	11	3	3	0.0021	0.4167	0	0.0158
0.0148	0.0617	2.9418	1.0087	-0.1182	-0.2425	0.1076	-0.9642	240	279	24	3	1	0.0048	0.625	1	0.0148
0.0148	0.0679	2.9268	1.0153	-0.1776	0.3734	-0.641	-0.6706	278	0	24	3	2	0.0048	0.625	0	0.0148
