radius (m)	length (m)	start_point	axis_direction	parent	extension	branch	branch_order	position_in_branch	mad	SurfCov	added	UnmodRadius (m)
0.0135	0.0608	-0.5263	0.1214	-0.2289	0.5146	-0.4056	0.7555	0	2	1	0	1	0.0026	0.5417	0	0.0135
0.0158	0.0746	-0.4927	0.0753	-0.1921	0.9369	-0.0463	0.3465	1	3	1	0	2	0.0024	0.5417	0	0.0158
0.0149	0.0808	-0.4319	0.0896	-0.1545	0.9103	0.4029	0.0951	2	4	1	0	3	0.0014	0.4583	0	0.0149
0.0187	0.0378	-0.3804	0.1364	-0.1489	0.5149	0.8299	0.2149	3	5	1	0	4	0.0019	0.5417	0	0.0196
0.0136	0.0537	-0.3657	0.1698	-0.1481	0.0664	0.9703	0.2327	4	6	1	0	5	0.0021	0.5833	0	0.0136
0.0149	0.0459	-0.3583	0.2203	-0.1339	0.2999	0.9362	0.1834	5	7	1	0	6	0.0018	0.375	0	0.0151
0.0124	0.0168	-0.3597	0.2633	-0.1352	-0.2382	0.8972	0.3719	6	8	1	0	7	0.0083	0.4167	0	0.0124
0.0124	0.057	-0.3567	0.2679	-0.1391	-0.7052	0.1878	-0.6837	7	0	1	0	8	0.01	0.05	0	0.01
0.0069	0.0388	-0.4926	0.1099	-0.2002	0.5274	0.5676	0.6322	1	10	3	1	1	0.0161	0.275	0	0.0235
0.0044	0.0369	-0.4605	0.1091	-0.1915	0.3801	-0.3886	0.8393	9	11	3	1	2	0	0.05	0	0.0111
0.006	0.0248	-0.4565	0.1101	-0.1771	-0.5574	0.414	0.7196	10	0	3	1	3	0.0023	0.3333	0	0.0125
0.0129	0.0254	-0.4946	0.091	-0.1589	0.1405	-0.2831	0.9487	1	13	4	1	1	0.0034	0.375	1	0.0221
0.0126	0.0572	-0.4842	0.083	-0.1374	0.3347	-0.1355	0.9325	12	14	4	1	2	0.0069	0.25	0	0.0221
0.0112	0.055	-0.4542	0.0631	-0.1026	0.7914	0.6082	0.0612	13	15	4	1	3	0.0014	0.2917	0	0.0155
0.0071	0.0365	-0.4124	0.0921	-0.0798	0.8565	0.4811	0.187	14	16	4	1	4	0.01	0.05	0	0.01
0.0045	0.0098	-0.4016	0.0859	-0.0953	0.7778	-0.0843	-0.6228	15	0	4	1	5	0.0033	0.175	0	0.01
0.015	0.1167	-0.4726	0.0609	-0.1755	0.5824	-0.1958	0.7889	2	18	6	1	1	0.0065	0.1667	1	0.0203
0.015	0.0661	-0.4064	0.0574	-0.0764	0.7609	-0.1597	0.6289	17	19	6	1	2	0.0045	0.475	0	0.0203
0.0118	0.0424	-0.3581	0.0527	-0.0319	0.9255	0.1513	0.3472	18	20	6	1	3	0.0011	0.4167	0	0.0118
0.0142	0.0643	-0.3274	0.0622	-0.0137	0.4252	0.1382	0.8945	19	21	6	1	4	0.0013	0.25	0	0.0142
0.0118	0.0496	-0.2972	0.0753	0.0414	0.2145	0.3728	0.9028	20	22	6	1	5	0.0048	0.3333	0	0.01
0.014	0.0042	-0.2782	0.0868	0.0833	0.6105	0.4624	0.6431	21	0	6	1	6	0.0029	0.375	0	0.0154
0.0148	0.1171	-0.4617	0.0654	-0.1948	0.8644	0.0222	0.5023	2	24	71	1	1	0.003	0.2813	0	0.018
0.0126	0.0789	-0.3593	0.064	-0.1332	0.8351	0.4608	0.3004	23	25	71	1	2	0.0017	0.625	0	0.0126
0.0129	0.051	-0.2905	0.0992	-0.1123	0.7163	0.16	0.6792	24	26	71	1	3	0.002	0.5417	0	0.0129
0.0148	0.044	-0.2622	0.1172	-0.0754	0.2998	0.03	0.9535	25	27	71	1	4	0.0015	0.375	0	0.0161
0.0108	0.0716	-0.2518	0.1248	-0.0357	-0.0527	0.311	0.9489	26	28	71	1	5	0.0038	0.25	0	0.0084
0.0147	0.0231	-0.2059	0.139	0.0079	0.4584	0.3213	0.8286	27	29	71	1	6	0.016	0.45	0	0.0195
0.0132	0.0237	-0.1955	0.148	0.0223	0.9997	-0.0116	-0.0227	28	30	71	1	7	0.0017	0.4167	0	0.0132
0.014	0.0527	-0.1706	0.1461	0.0306	0.9158	0.3992	-0.0433	29	31	71	1	8	0.0015	0.5	0	0.014
0.0146	0.0559	-0.1248	0.1437	0.0258	0.9896	-0.1144	0.0876	30	32	71	1	9	0.0019	0.5	0	0.0149
0.0131	0.0501	-0.0708	0.1542	0.0334	0.9835	0.0474	0.1744	31	33	71	1	10	0.0018	0.5417	0	0.0131
0.0136	0.0388	-0.0214	0.1567	0.0385	0.9797	0.1934	0.0526	32	34	71	1	11	0.0016	0.5833	0	0.0136
0.0142	0.0416	0.0194	0.1497	0.0519	0.9701	-0.0077	-0.2428	33	35	71	1	12	0.0042	0.225	0	0.024
0.0137	0.0325	0.0588	0.1551	0.0436	0.9859	0.1434	0.0862	34	36	71	1	13	0.0016	0.4583	0	0.0139
0.0129	0.0576	0.0798	0.1423	0.0522	0.8557	-0.5133	0.0654	35	37	71	1	14	0.0019	0.5417	0	0.0129
0.0128	0.0381	0.1345	0.1171	0.0502	0.5319	-0.8342	-0.1457	36	38	71	1	15	0.0014	0.625	0	0.0128
0.012	0.0591	0.1513	0.0821	0.0437	0.6851	-0.7107	-0.16	37	39	71	1	16	0.0019	0.3333	0	0.012
0.0104	0.0027	0.1921	0.0402	0.036	0.6483	-0.7554	-0.0955	38	40	71	1	17	0.0056	0.625	0	0.0104
0.0134	0.0484	0.1884	0.0307	0.0465	0.3864	-0.838	-0.3854	39	41	71	1	18	0.0014	0.4167	0	0.014
0.0109	0.0484	0.2172	-0.0046	0.0349	0.3478	-0.919	0.1856	40	42	71	1	19	0.0015	0.5417	0	0.0109
0.0097	0.0407	0.2306	-0.0522	0.0406	0.6715	-0.7409	-0.0139	41	43	71	1	20	0.0013	0.4167	0	0.0097
0.0083	0.0031	0.2619	-0.0764	0.0376	0.7219	-0.6137	-0.3197	42	44	71	1	21	0.0062	0.75	0	0.0083
0.0141	0.038	0.2546	-0.0846	0.0451	0.7295	-0.5336	0.4279	43	45	71	1	22	0.0013	0.5	0	0.0157
0.01	0.0062	0.2683	-0.1075	0.05	-0.4036	-0.6492	0.6447	44	46	71	1	23	0.01	0.05	0	0.01
0.0086	0.0533	0.268	-0.1102	0.0527	0.5977	-0.7897	0.1385	45	47	71	1	24	0.0009	0.375	0	0.008
0.0126	0.0446	0.3146	-0.1467	0.0529	0.0871	-0.8663	-0.4919	46	48	71	1	25	0.0028	0.2	0	0.02
0.0126	0.0351	0.3299	-0.1779	0.0455	0.8071	-0.0863	-0.5841	47	49	71	1	26	0.0013	0.375	0	0.014
0.0089	0.0141	0.3528	-0.1985	0.0355	0.95	-0.3107	-0.0307	48	50	71	1	27	0.0047	0.625	0	0.0089
0.0083	0.0354	0.3723	-0.2007	0.0292	0.4451	-0.8849	0.1371	49	51	71	1	28	0.0063	0.625	0	0.0079
0.0096	0.0332	0.394	-0.215	0.0233	0.7869	-0.5029	-0.3577	50	52	71	1	29	0.0043	0.5	0	0.0096
0.0083	0.0423	0.4186	-0.2357	0.0221	0.9139	-0.4052	-0.0246	51	53	71	1	30	0.0048	0.35	0	0.0081
0.0083	0.0444	0.4568	-0.2523	0.0299	0.9131	-0.4014	0.0715	52	54	71	1	31	0.0058	0.25	0	0.0063
0.0085	0.0431	0.4803	-0.2684	0.0494	0.597	-0.4393	0.6713	53	55	71	1	32	0.01	0.05	0	0.01
0.0084	0.0359	0.5	-0.2707	0.0318	0.9287	-0.295	-0.2249	54	0	71	1	33	0.01	0.05	0	0.01
0.008	0.0985	-0.217	0.1423	0.0181	-0.9914	0.006	0.1308	28	57	16	2	1	0.0013	0.4167	1	0.008
0.008	0.0753	-0.3147	0.1429	0.031	-0.8593	0.4675	-0.2077	56	58	16	2	2	0.0013	0.4167	0	0.008
0.0123	0.041	-0.3776	0.1629	0.0142	-0.9395	-0.082	-0.3326	57	59	16	2	3	0.0046	0.4063	0	0.0156
0.0096	0.0507	-0.4158	0.159	0.0005	-0.7809	-0.467	-0.4149	58	60	16	2	4	0.01	0.05	0	0.01
0.0099	0.0023	-0.4206	0.1519	0.0121	-0.4764	-0.4663	0.7454	59	0	16	2	5	0.0025	0.2917	0	0.0108
0.0129	0.0756	-0.0092	0.1595	0.0255	0.1151	0.7311	-0.6725	33	62	21	2	1	0.0037	0.4583	0	0.015
0.0129	0.0578	-0.0071	0.2045	-0.0182	-0.86	0.2401	-0.4504	61	63	21	2	2	0.0012	0.4167	0	0.0161
0.0129	0.046	-0.0502	0.2272	-0.0628	-0.9112	0.3881	-0.138	62	64	21	2	3	0.004	0.2292	0	0.0115
0.0129	0.0335	-0.0911	0.2462	-0.0703	-0.8647	0.3435	-0.3665	63	0	21	2	4	0.01	0.05	0	0.01
0.0115	0.0696	0.19	0.0009	0.0432	-0.2761	0.3762	0.8845	40	66	23	2	1	0.003	0.4167	0	0.0115
0.0113	0.0364	0.1853	0.0321	0.1062	-0.1432	0.1187	0.9826	65	67	23	2	2	0.0014	0.5417	0	0.0113
0.0126	0.0528	0.1746	0.0331	0.141	-0.1966	0.0292	0.9801	66	68	23	2	3	0.0018	0.375	0	0.0169
0.0124	0.0454	0.1573	0.0303	0.1836	-0.598	-0.4486	0.6642	67	69	23	2	4	0.0058	0.275	0	0.013
0.0113	0.0013	0.1393	0.0113	0.2201	-0.5702	0.0146	0.8214	68	70	23	2	5	0.01	0.05	0	0.01
0.0113	0.0338	0.1386	0.0113	0.2212	-0.9041	-0.3364	0.2634	69	0	23	2	6	0.01	0.05	0	0.01
0.0025	0.0613	0.2334	-0.0422	0.0387	-0.4589	-0.8409	-0.2868	42	72	24	2	1	0.0179	0.225	1	0.01
0.0025	0.0276	0.212	-0.088	0.0311	-0.1071	-0.8326	0.5435	71	73	24	2	2	0.01	0.05	0	0.01
0.0025	0.0007	0.2095	-0.1134	0.05	0.5934	-0.6536	-0.4699	72	0	24	2	3	0.0048	0.15	0	0.01
0.0065	0.102	0.3924	-0.2058	0.0328	0.0544	0.1242	0.9908	51	75	32	2	1	0.0036	0.4583	0	0.0041
0.0087	0.0319	0.4018	-0.192	0.1332	-0.0815	0.6656	0.7419	74	76	32	2	2	0.0011	0.2917	0	0.0124
0.0087	0.0414	0.406	-0.182	0.1391	-0.2689	-0.8564	0.4407	75	77	32	2	3	0.0008	0.375	0	0.0107
0.0087	0.0175	0.406	-0.2116	0.1474	0.1124	-0.9037	-0.4131	76	78	32	2	4	0.0043	0.4375	0	0.0116
0.0085	0.0629	0.4131	-0.211	0.1502	0.9186	-0.0453	-0.3925	77	79	32	2	5	0.0055	0.45	0	0.0135
0.0067	0.0008	0.472	-0.219	0.1261	0.9682	0.2165	-0.1256	78	80	32	2	6	0.01	0.05	0	0.01
0.0063	0.0348	0.4728	-0.2188	0.126	0.7669	0.6244	-0.1484	79	81	32	2	7	0.01	0.05	0	0.01
0.0057	0.0318	0.4995	-0.1971	0.1208	0.3793	-0.7688	0.5149	80	0	32	2	8	0.01	0.05	0	0.01
0.0079	0.1028	0.3683	-0.2111	0.0302	-0.3928	-0.8136	-0.4286	50	83	35	2	1	0.0027	0.375	0	0.0112
0.0078	0.0363	0.324	-0.2932	-0.0059	-0.7827	-0.5535	-0.2847	82	84	35	2	2	0.0012	0.25	0	0.0115
0.0078	0.0554	0.3022	-0.3225	-0.0124	-0.8344	-0.4883	0.2557	83	85	35	2	3	0.0069	0.2917	0	0.0081
0.0076	0.0403	0.2449	-0.3437	-0.0143	-0.6017	-0.7888	0.1259	84	86	35	2	4	0.006	0.3125	0	0.0105
0.0062	0.0381	0.2174	-0.3672	-0.014	-0.8525	-0.465	-0.239	85	87	35	2	5	0.0042	0.425	0	0.0062
0.0066	0.0298	0.1959	-0.3974	-0.0176	-0.725	-0.6809	-0.1041	86	88	35	2	6	0.01	0.05	0	0.01
0.0064	0.0413	0.1755	-0.385	-0.0264	-0.9436	-0.0221	-0.3305	87	89	35	2	7	0.01	0.05	0	0.01
0.0062	0.0112	0.1781	-0.3855	-0.0121	-0.5573	-0.0625	0.8279	88	0	35	2	8	0.01	0.05	0	0.01
0.0143	0.0184	0.1904	-0.0081	0.0512	0.095	-0.8593	0.5025	65	91	76	3	1	0.0024	0.5	1	0.0143
0.0143	0.0373	0.1922	-0.0238	0.0604	0.7864	-0.2862	0.5474	90	0	76	3	2	0.0024	0.5	0	0.0143
0.0025	0.0981	0.4064	-0.1668	0.1234	-0.1372	-0.8039	-0.5787	76	0	44	3	1	0.01	0.05	0	0.01
0.008	0.036	0.4431	-0.2089	0.1291	-0.6771	0.4182	-0.6055	78	94	45	3	1	0.0026	0.4167	1	0.0128
0.008	0.0394	0.4187	-0.1939	0.1073	0.7578	-0.016	0.6523	93	95	45	3	2	0.0026	0.4167	0	0.0128
0.008	0.0393	0.4481	-0.1935	0.134	-0.0307	0.682	-0.7307	94	96	45	3	3	0.0011	0.25	0	0.0128
0.008	0.011	0.4573	-0.1627	0.1084	-0.006	0.6415	-0.7671	95	0	45	3	4	0.01	0.05	0	0.01
0.0083	0.041	0.4101	-0.2148	0.1172	0.5689	-0.6853	-0.4548	75	98	60	3	1	0.01	0.05	0	0.01
0.0083	0.0255	0.4302	-0.2442	0.0877	0.9534	0.0783	-0.2914	97	99	60	3	2	0.01	0.05	0	0.01
0.0083	0.0244	0.4582	-0.2467	0.0833	-0.3667	-0.717	-0.5928	98	100	60	3	3	0.01	0.05	0	0.01
0.0083	0.016	0.4493	-0.2641	0.0689	-0.0306	-0.9548	0.2956	99	0	60	3	4	0.01	0.05	0	0.01
0.024	0.0225	0.3181	-0.3035	-0.0028	0.1802	-0.6417	0.7455	83	102	47	3	1	0.0044	0.4167	1	0.024
0.024	0.0361	0.3221	-0.3179	0.014	0.6361	-0.477	-0.6065	101	103	47	3	2	0.0044	0.4167	0	0.024
0.024	0.0211	0.3338	-0.3151	-0.0022	-0.2747	-0.4021	0.8734	102	104	47	3	3	0.0038	0.2	0	0.01
0.024	0.0336	0.3185	-0.324	0.0211	-0.1637	-0.9024	-0.3987	103	105	47	3	4	0.0028	0.1	0	0.01
0.024	0.0072	0.3177	-0.3468	-0.0032	-0.5791	-0.5306	-0.619	104	0	47	3	5	0.0025	0.125	0	0.01
