radius (m)	length (m)	start_point	axis_direction	parent	extension	branch	branch_order	position_in_branch	mad	SurfCov	added	UnmodRadius (m)
0.0133	0.1095	0.0922	-0.1163	-0.2929	-0.7875	0.1788	0.5899	0	2	1	0	1	0.0028	0.6875	0	0.0133
0.0151	0.0486	0.0061	-0.1076	-0.2253	-0.5987	0.208	0.7735	1	3	1	0	2	0.0017	0.75	0	0.0151
0.0119	0.0705	-0.0321	-0.0919	-0.1832	0.4495	0.0055	0.8933	2	4	1	0	3	0.0016	0.75	0	0.0119
0.0119	0.0571	0.0013	-0.0965	-0.1191	-0.0258	0.2169	0.9759	3	5	1	0	4	0.0016	0.6667	0	0.0103
0.0149	0.036	-0.0049	-0.0876	-0.0623	0.419	-0.3126	0.8525	4	6	1	0	5	0.0014	0.4583	0	0.0156
0.0128	0.0513	0.0087	-0.0986	-0.0288	-0.3596	-0.9288	-0.0899	5	7	1	0	6	0.0016	0.5	0	0.0128
0.0119	0.0012	0.0041	-0.1437	-0.0258	-0.1845	-0.7888	0.5863	6	8	1	0	7	0.0037	0.5417	0	0.0069
0.0119	0.0476	0.001	-0.1438	-0.0304	-0.8666	-0.2531	0.4301	7	9	1	0	8	0.0014	0.4583	0	0.0097
0.0119	0.0295	-0.0412	-0.1487	-0.0083	-0.6505	0.083	-0.755	8	0	1	0	9	0.01	0.05	0	0.01
0.0126	0.0184	0.0633	-0.123	-0.2697	-0.238	-0.9258	0.2936	1	11	2	1	1	0.0015	0.3333	1	0.0239
0.0125	0.0494	0.0658	-0.1445	-0.2699	0.6499	0.7289	0.2152	10	12	2	1	2	0.0059	0.175	0	0.0239
0.0101	0.0503	0.1145	-0.1109	-0.2568	0.0916	0.943	0.3199	11	13	2	1	3	0.0076	0.4375	0	0.0101
0.0101	0.0328	0.0994	-0.0565	-0.2369	0.3481	0.9331	0.0906	12	14	2	1	4	0.01	0.05	0	0.01
0.0101	0.0016	0.1195	-0.0627	-0.2413	0.9606	0.2503	-0.1209	13	15	2	1	5	0.01	0.05	0	0.01
0.0101	0.0229	0.1181	-0.0639	-0.2427	-0.2835	0.8737	-0.3952	14	0	2	1	6	0.01	0.05	0	0.01
0.0113	0.05	-0.0123	-0.0929	-0.1407	-0.8517	-0.258	-0.4562	3	17	26	1	1	0.0084	0.375	0	0.0214
0.0113	0.0564	-0.0578	-0.1086	-0.1628	-0.7048	0.6795	-0.2036	16	18	26	1	2	0.0016	0.5833	0	0.012
0.0113	0.0387	-0.1028	-0.0771	-0.1799	-0.7653	0.6407	-0.0614	17	19	26	1	3	0.0015	0.3333	0	0.0133
0.0113	0.0124	-0.1309	-0.053	-0.179	-0.7418	-0.6405	0.1985	18	0	26	1	4	0.01	0.05	0	0.01
0.0082	0.0362	0.0012	-0.0777	-0.0889	-0.0026	0.5299	0.848	4	21	6	1	1	0.0024	0.4167	1	0.0078
0.0082	0.0632	0.0011	-0.0585	-0.0582	0.1268	0.1936	0.9728	20	22	6	1	2	0.0024	0.4167	0	0.0078
0.0107	0.0502	0.0102	-0.0471	0.0024	0.7387	0.5184	0.4308	21	23	6	1	3	0.001	0.375	0	0.0107
0.0112	0.0523	0.0325	-0.0287	0.0135	-0.6513	0.5732	0.4972	22	24	6	1	4	0.0014	0.4583	0	0.0119
0.011	0.0358	0.0025	-0.0099	0.0528	-0.8598	0.229	0.4565	23	25	6	1	5	0.0012	0.2917	0	0.0136
0.0111	0.0105	-0.0143	0.0065	0.0705	-0.3	0.3731	0.878	24	26	6	1	6	0.005	0.4167	0	0.0135
0.0108	0.0381	-0.016	0.004	0.0886	0.5488	0.7178	0.4285	25	27	6	1	7	0.0041	0.375	0	0.0109
0.0103	0.0392	-0.0152	0.0331	0.1118	0.2984	0.6206	0.7252	26	28	6	1	8	0.0057	0.4	0	0.0103
0.0108	0.0205	0.0234	0.0545	0.1333	0.2517	0.6583	0.7095	27	29	6	1	9	0.0093	0.2813	0	0.0116
0.0082	0.0235	-0.0046	0.0792	0.1423	0.22	0.8707	0.4398	28	30	6	1	10	0.0086	0.3438	0	0.0082
0.0097	0.029	0.0168	0.0968	0.1647	-0.1528	0.8971	0.4146	29	31	6	1	11	0.0059	0.4063	0	0.0097
0.0107	0.0221	-0.0028	0.1264	0.15	-0.4069	0.8464	0.3435	30	32	6	1	12	0.0082	0.4063	0	0.0115
0.0096	0.0336	-0.0045	0.1367	0.1846	-0.5191	0.767	0.3771	31	33	6	1	13	0.0081	0.4375	0	0.0096
0.0087	0.0154	-0.0263	0.1382	0.1919	-0.589	-0.0743	0.8047	32	34	6	1	14	0.005	0.4583	0	0.0087
0.0085	0.0127	-0.0354	0.1468	0.2128	-0.5221	-0.5615	0.642	33	35	6	1	15	0.0038	0.5417	0	0.0085
0.0101	0.0591	-0.032	0.141	0.2144	0.08	0.9443	0.3192	34	36	6	1	16	0.0031	0.275	0	0.0152
0.0066	0.0227	-0.0284	0.1957	0.2358	0.3291	0.8042	0.495	35	37	6	1	17	0.006	0.4375	0	0.0053
0.0097	0.02	-0.0438	0.2239	0.2384	0.3197	0.9211	0.2224	36	38	6	1	18	0.0094	0.2917	0	0.0127
0.0092	0.0337	-0.0294	0.2437	0.2595	-0.4259	0.895	0.1324	37	39	6	1	19	0.0037	0.275	0	0.0106
0.0081	0.0232	-0.0385	0.2755	0.2538	0.1182	0.9681	0.2209	38	40	6	1	20	0.01	0.05	0	0.01
0.0087	0.0285	-0.0298	0.273	0.2564	-0.7162	-0.2394	0.6555	39	41	6	1	21	0.001	0.4583	0	0.0091
0.0079	0.0204	-0.0415	0.2633	0.2771	-0.3672	-0.8488	0.3805	40	42	6	1	22	0.01	0.05	0	0.01
0.0077	0.0198	-0.0411	0.2639	0.2767	-0.7226	0.5219	0.4532	41	0	6	1	23	0.01	0.05	0	0.01
0.0081	0.0565	-0.0095	-0.1565	-0.0156	0.2896	-0.9571	0.0065	8	44	8	1	1	0.002	0.4167	0	0.0081
0.0081	0.0023	0.0094	-0.2026	-0.0128	0.919	-0.3493	0.1828	43	45	8	1	2	0.01	0.05	0	0.01
0.0081	0.019	0.0115	-0.2034	-0.0124	0.9099	-0.4082	-0.0741	44	0	8	1	3	0.01	0.05	0	0.01
0.009	0.0369	0.0398	-0.0391	0.0187	0.8523	0.2297	0.4699	22	47	9	2	1	0.0023	0.4167	1	0.009
0.009	0.0417	0.0712	-0.0306	0.0361	0.295	0.8007	-0.5214	46	48	9	2	2	0.0023	0.4167	0	0.009
0.0095	0.0084	0.0771	0.008	0.0153	0.1322	-0.0252	0.9909	47	49	9	2	3	0.01	0.05	0	0.01
0.0095	0.0039	0.0848	0.0012	0.024	0.712	0.6996	-0.0608	48	50	9	2	4	0.01	0.05	0	0.01
0.0094	0.0186	0.0906	0.0017	0.025	-0.1851	0.2489	0.9507	49	51	9	2	5	0.01	0.05	0	0.01
0.0093	0.0091	0.0864	0.0096	0.0409	0.8708	0.3736	0.3194	50	0	9	2	6	0.01	0.05	0	0.01
0.0099	0.0471	0.0185	-0.0102	0.0148	0.7887	0.6139	0.0317	23	53	10	2	1	0.0029	0.5	0	0.0099
0.0106	0.0268	0.0616	0.0238	0.0177	0.3097	-0.5688	0.7619	52	54	10	2	2	0.0009	0.3333	0	0.0118
0.0105	0.0531	0.0597	0.0109	0.0325	0.3664	0.8814	-0.2982	53	55	10	2	3	0.0014	0.4583	0	0.0109
0.0099	0.0337	0.0844	0.0471	0.0104	0.9183	0.3698	0.1411	54	56	10	2	4	0.0093	0.2917	0	0.0079
0.01	0.0272	0.1039	0.059	0.0037	0.6622	-0.3753	-0.6486	55	57	10	2	5	0.01	0.05	0	0.01
0.0099	0.0039	0.1086	0.0605	0.0123	0.3064	-0.8021	0.5126	56	58	10	2	6	0.01	0.05	0	0.01
0.0099	0.0114	0.1098	0.0573	0.0143	0.9412	0.2896	0.1738	57	0	10	2	7	0.01	0.05	0	0.01
0.0092	0.0827	-0.0073	0.0271	0.0907	-0.9981	-0.0352	0.0512	26	60	28	2	1	0.0029	0.5417	0	0.0092
0.0101	0.0301	-0.0813	0.0138	0.0867	-0.8131	-0.5664	-0.1343	59	61	28	2	2	0.0011	0.375	0	0.0115
0.0098	0.0206	-0.1086	0.0036	0.0907	-0.7106	-0.6407	0.2907	60	62	28	2	3	0.01	0.05	0	0.01
0.0097	0.0047	-0.1238	-0.0053	0.0859	-0.8336	-0.5259	-0.1687	61	63	28	2	4	0.01	0.05	0	0.01
0.0095	0.0119	-0.1283	-0.0082	0.0837	-0.7482	-0.4892	0.4483	62	0	28	2	5	0.01	0.05	0	0.01
0.0105	0.0208	0.0286	0.0481	0.1406	-0.3011	-0.934	0.1921	28	65	16	2	1	0.0014	0.4167	0	0.0118
0.0105	0.0245	0.0292	0.0396	0.149	0.3719	-0.5402	0.7549	64	66	16	2	2	0.0013	0.5	0	0.0105
0.0105	0.0001	0.0305	0.0315	0.1718	-0.0204	-0.6534	0.7568	65	67	16	2	3	0.01	0.05	0	0.01
0.0105	0.0025	0.0321	0.0276	0.1722	-0.9242	-0.374	0.0775	66	68	16	2	4	0.01	0.05	0	0.01
0.0105	0.0223	0.0324	0.0295	0.1703	0.5834	-0.7417	-0.3309	67	69	16	2	5	0.01	0.05	0	0.01
0.0105	0.0107	0.0454	0.013	0.1629	0.4522	-0.7017	0.5505	68	70	16	2	6	0.01	0.05	0	0.01
0.0105	0.0145	0.0471	0.0012	0.1665	-0.6132	0.0198	0.7897	69	0	16	2	7	0.01	0.05	0	0.01
0.0134	0.0493	-0.0399	0.1553	0.2141	-0.7981	0.4351	0.4168	35	72	17	2	1	0.0022	0.4167	0	0.0134
0.0134	0.0078	-0.0682	0.1748	0.2288	0.0055	-0.9454	0.3259	71	73	17	2	2	0.01	0.05	0	0.01
0.0134	0.0006	-0.0656	0.1616	0.2384	-0.027	-0.7773	-0.6285	72	74	17	2	3	0.01	0.05	0	0.01
0.0134	0.0175	-0.0681	0.1595	0.2401	-0.7164	0.5635	-0.4114	73	75	17	2	4	0.01	0.05	0	0.01
0.0134	0.0224	-0.0807	0.1694	0.2329	-0.5753	0.4903	0.6547	74	0	17	2	5	0.01	0.05	0	0.01
0.0102	0.03	0.0003	0.1358	0.1614	0.6809	0.0656	0.7294	31	77	20	2	1	0.0026	0.3333	1	0.0104
0.0098	0.0406	0.0208	0.1378	0.1833	0.121	0.9817	-0.1468	76	78	20	2	2	0.0026	0.3333	0	0.0104
0.008	0.0136	0.0274	0.1707	0.1763	-0.9051	-0.2731	0.3259	77	79	20	2	3	0.01	0.05	0	0.01
0.0062	0.0289	0.0151	0.167	0.1807	-0.5484	0.8266	0.1269	78	80	20	2	4	0.01	0.05	0	0.01
0.0041	0.018	-0.0048	0.194	0.1862	-0.1119	0.3902	-0.9139	79	0	20	2	5	0.0041	0.15	0	0.01
0.0093	0.0601	0.0212	-0.1503	0.0048	0.6295	0.5419	-0.5568	0	82	13	0	1	0.0013	0.5417	0	0.0093
0.0094	0.0147	0.052	-0.1253	-0.0228	0.6176	-0.7525	-0.2287	81	83	13	0	2	0.01	0.05	0	0.01
0.0094	0.0147	0.0664	-0.1269	-0.0215	-0.1305	-0.3783	0.9165	82	84	13	0	3	0.01	0.05	0	0.01
0.0093	0.0025	0.0618	-0.1352	-0.008	-0.5969	0.6109	0.5201	83	0	13	0	4	0.01	0.05	0	0.01
0.0138	0.0364	0.0459	0.0231	0.157	0.8477	0.331	0.4146	68	86	19	3	1	0.0029	0.5	0	0.0138
0.0138	0.0149	0.0675	0.0318	0.1565	-0.7058	0.6487	0.2845	85	87	19	3	2	0.01	0.05	0	0.01
0.0138	0.014	0.0552	0.0411	0.1608	-0.1123	0.3743	-0.9205	86	0	19	3	3	0.01	0.05	0	0.01
0.0132	0.0255	-0.0262	0.2704	0.2511	0.3631	0.8588	0.3615	0	89	29	0	1	0.0024	0.4167	0	0.0132
0.0132	0.0328	-0.0186	0.2912	0.2697	0.907	-0.4039	0.1191	88	90	29	0	2	0.01	0.05	0	0.01
0.0132	0.0063	-0.0188	0.2847	0.2683	-0.1928	-0.9696	-0.1507	89	0	29	0	3	0.01	0.05	0	0.01
