radius (m)	length (m)	start_point	axis_direction	parent	extension	branch	branch_order	position_in_branch	mad	SurfCov	added	UnmodRadius (m)
0.0131	0.0584	0.0615	0.1366	-0.1331	-0.0793	-0.598	0.7976	0	2	1	0	1	0.003	0.5	0	0.0131
0.0134	0.0266	0.0438	0.0897	-0.086	0.4955	-0.5051	0.7067	1	3	1	0	2	0.001	0.3333	0	0.0135
0.0115	0.0375	0.0547	0.0788	-0.0642	-0.3231	-0.8211	0.4706	2	4	1	0	3	0.0015	0.2917	0	0.0115
0.0098	0.0302	0.0305	0.0613	-0.046	-0.5792	-0.5548	0.5972	3	5	1	0	4	0.0065	0.4688	0	0.008
0.0137	0.0268	0.0273	0.0146	-0.0284	-0.8148	-0.3968	0.4227	4	6	1	0	5	0.0098	0.3438	0	0.0146
0.01	0.0453	0.0044	0.0046	-0.0161	-0.2513	-0.9135	0.32	5	7	1	0	6	0.01	0.05	0	0.01
0.0115	0.0326	-0.0172	0.0029	-0.0061	-0.9655	-0.2349	0.1124	6	8	1	0	7	0.001	0.375	0	0.0115
0.01	0.0276	-0.046	-0.0033	0.0087	-0.8923	-0.3631	0.2681	7	9	1	0	8	0.01	0.05	0	0.01
0.0142	0.024	-0.0742	-0.0031	0.0101	-0.7263	0.1398	0.673	8	10	1	0	9	0.0027	0.275	0	0.0208
0.0115	0.0329	-0.0867	0.0151	0.0172	0.0462	0.5091	0.8594	9	11	1	0	10	0.0014	0.3333	0	0.0115
0.0098	0.0222	-0.0861	0.0315	0.0374	-0.0013	0.9986	-0.0524	10	12	1	0	11	0.001	0.25	0	0.0098
0.01	0.0008	-0.0934	0.0476	0.0389	-0.6606	0.7307	-0.1725	11	13	1	0	12	0.01	0.05	0	0.01
0.0122	0.0311	-0.0979	0.0601	0.0432	0.4788	-0.1662	0.862	12	14	1	0	13	0.0009	0.375	0	0.0135
0.01	0.007	-0.0897	0.065	0.0614	-0.5366	0.3134	0.7835	13	15	1	0	14	0.01	0.05	0	0.01
0.01	0.0245	-0.0925	0.069	0.0625	0.9505	-0.3019	0.074	14	0	1	0	15	0.01	0.05	0	0.01
0.0125	0.0211	0.0726	0.1309	-0.1179	0.8915	-0.0364	0.4516	1	17	22	1	1	0.0026	0.4167	0	0.0132
0.0125	0.0637	0.0916	0.1574	-0.1198	0.9904	0.0473	0.1301	16	18	22	1	2	0.0021	0.225	0	0.0333
0.0125	0.01	0.1491	0.1606	-0.1043	-0.1637	0.9748	-0.1516	17	19	22	1	3	0.01	0.05	0	0.01
0.0125	0.0219	0.1475	0.1704	-0.1058	0.9194	0.3056	-0.2475	18	0	22	1	4	0.01	0.05	0	0.01
0.0096	0.0288	0.0606	0.0851	-0.0853	0.3318	-0.6563	0.6777	2	21	4	1	1	0.0026	0.375	0	0.0092
0.0106	0.0506	0.0728	0.0673	-0.0796	0.7937	0.5754	0.1974	20	22	4	1	2	0.0017	0.3333	0	0.0115
0.0095	0.0054	0.1169	0.0895	-0.0715	0.8404	0.5212	-0.1487	21	23	4	1	3	0.01	0.05	0	0.01
0.0092	0.0166	0.1214	0.0923	-0.0723	0.8926	0.3701	0.2576	22	0	4	1	4	0.01	0.05	0	0.01
0.0025	0.0676	0.0587	0.0663	-0.0417	-0.853	0.4675	-0.2322	2	25	5	1	1	0.01	0.05	0	0.01
0.0025	0.0161	0.0019	0.0936	-0.059	-0.7129	-0.3796	0.5897	24	0	5	1	2	0.01	0.05	0	0.01
0.01	0.0304	0.0288	0.0135	-0.0138	0.3985	0.0588	0.9153	5	27	6	1	1	0.01	0.05	1	0.01
0.01	0.029	0.0409	0.0153	0.014	-0.1773	-0.4558	-0.8723	26	28	6	1	2	0.01	0.05	0	0.01
0.01	0.0318	0.0358	0.002	-0.0113	0.8722	-0.4534	-0.1836	27	29	6	1	3	0.01	0.05	0	0.01
0.01	0.0224	0.0635	-0.0124	-0.0171	0.786	-0.5712	0.2368	28	0	6	1	4	0.01	0.05	0	0.01
0.0112	0.0189	-0.0784	-0.0156	0.0041	-0.0909	-0.8318	-0.5475	9	31	7	1	1	0.0012	0.4167	1	0.0113
0.0112	0.036	-0.0801	-0.0313	-0.0062	0.2863	-0.934	-0.2139	30	32	7	1	2	0.0012	0.4167	0	0.0113
0.0092	0.043	-0.078	-0.0612	-0.0057	-0.4402	-0.8972	-0.0343	31	33	7	1	3	0.0078	0.25	0	0.0092
0.0092	0.0294	-0.0771	-0.1056	-0.0201	-0.0566	-0.9404	0.3354	32	34	7	1	4	0.0047	0.4167	0	0.0092
0.01	0.0478	-0.0904	-0.1347	-0.0115	0.1088	-0.9909	0.0797	33	35	7	1	5	0.01	0.05	0	0.01
0.0097	0.0195	-0.0559	-0.1477	-0.0102	0.7622	-0.6448	0.0574	34	36	7	1	6	0.01	0.05	0	0.01
0.0094	0.0369	-0.0828	-0.1365	-0.0076	0.4373	0.7921	-0.4258	35	0	7	1	7	0.01	0.05	0	0.01
0.0097	0.0366	-0.0066	0.0371	-0.0066	-0.7679	0.614	0.1827	4	38	10	1	1	0.01	0.05	0	0.01
0.0097	0.0539	-0.0262	0.0632	0.0069	-0.408	0.9128	0.0192	37	39	10	1	2	0.0007	0.4167	0	0.0097
0.0097	0.0247	-0.0453	0.1144	0.0012	-0.4717	0.8798	0.0595	38	40	10	1	3	0.01	0.05	0	0.01
0.0097	0.0588	-0.043	0.1312	-0.0038	0.1813	0.9291	-0.3222	39	41	10	1	4	0.0013	0.375	0	0.0092
0.0097	0.03	-0.0255	0.1841	-0.0185	0.445	0.8054	-0.3915	40	42	10	1	5	0.01	0.05	0	0.01
0.0097	0.0175	-0.0377	0.2022	-0.0153	-0.2538	0.9663	-0.0428	41	43	10	1	6	0.01	0.05	0	0.01
0.0097	0.0146	-0.0415	0.2192	-0.0207	-0.3629	0.9313	-0.0306	42	0	10	1	7	0.01	0.05	0	0.01
0.0112	0.0479	-0.0084	-0.015	-0.0011	-0.4369	-0.7142	0.5468	6	45	11	1	1	0.0026	0.5	0	0.0112
0.0112	0.0355	-0.0278	-0.0508	0.0207	0.8604	-0.3133	0.402	44	46	11	1	2	0.0013	0.3333	0	0.0147
0.0112	0.0025	-0.0073	-0.0729	0.0316	0.7555	-0.6344	-0.1636	45	47	11	1	3	0.01	0.05	0	0.01
0.0112	0.0332	0.0035	-0.0818	0.03	0.6347	0.7727	-0.009	46	48	11	1	4	0.0013	0.25	0	0.0107
0.0112	0.0359	0.0276	-0.0569	0.0384	-0.2896	-0.957	0.0155	47	49	11	1	5	0.0008	0.375	0	0.0099
0.0112	0.0016	0.0234	-0.0882	0.0461	-0.2456	-0.7974	0.5512	48	50	11	1	6	0.01	0.05	0	0.01
0.0112	0.0382	0.0132	-0.1025	0.0386	0.2362	-0.6422	0.7292	49	51	11	1	7	0.0014	0.375	0	0.014
0.0112	0.0012	0.0253	-0.1321	0.0548	0.7509	-0.5122	0.4169	50	52	11	1	8	0.01	0.05	0	0.01
0.0112	0.0733	0.0264	-0.1308	0.0604	-0.5984	-0.7455	0.2937	51	53	11	1	9	0.0015	0.3333	0	0.0091
0.0112	0.0213	-0.0211	-0.1747	0.0828	-0.8055	-0.3118	0.5039	52	54	11	1	10	0.01	0.05	0	0.01
0.0112	0.0407	-0.0295	-0.1909	0.0882	-0.3906	-0.7026	0.5948	53	55	11	1	11	0.0014	0.2917	0	0.0083
0.0112	0.0569	-0.0415	-0.2194	0.111	0.1373	-0.9454	0.2956	54	56	11	1	12	0.001	0.2917	0	0.0094
0.0112	0.0065	-0.0315	-0.2711	0.1293	0.5597	-0.7926	0.242	55	57	11	1	13	0.01	0.05	0	0.01
0.0112	0.0129	-0.0294	-0.2735	0.1301	-0.8367	-0.527	-0.1489	56	0	11	1	14	0.01	0.05	0	0.01
0.0107	0.0708	0.0314	-0.1328	0.0703	0.6967	0.7041	-0.1373	52	59	18	2	1	0.0016	0.4167	0	0.0138
0.0107	0.0473	0.0744	-0.0761	0.0684	-0.0847	0.7152	-0.6938	58	60	18	2	2	0.0009	0.2917	0	0.0143
0.0107	0.0293	0.0585	-0.048	0.0337	-0.3214	0.8184	-0.4763	59	61	18	2	3	0.01	0.05	0	0.01
0.0107	0.0255	0.0433	-0.0265	0.0229	-0.5242	0.7853	-0.3294	60	0	18	2	4	0.01	0.05	0	0.01
