radius (m)	length (m)	start_point	axis_direction	parent	extension	branch	branch_order	position_in_branch	mad	SurfCov	added	UnmodRadius (m)
0.0123	0.053	0.0603	-0.0255	-0.0675	-0.7995	0.5757	0.1715	0	2	1	0	1	0.0015	0.4583	0	0.0123
0.0122	0.1196	0.0112	0.0006	-0.0648	-0.6982	0.6538	0.2917	1	3	1	0	2	0.002	0.7083	0	0.0122
0.0121	0.032	-0.076	0.0775	-0.0275	-0.5872	0.5524	-0.5916	2	4	1	0	3	0.0016	0.2917	0	0.0121
0.0125	0.0362	-0.0828	0.1198	-0.0416	-0.8725	0.4583	-0.1693	3	5	1	0	4	0.0015	0.4167	0	0.013
0.0086	0.0164	-0.0927	0.1309	-0.0331	0.3017	0.9492	-0.0896	4	6	1	0	5	0.0065	0.4583	0	0.0086
0.0086	0.0399	-0.0837	0.1383	-0.0487	0.9692	0.1569	0.1898	5	7	1	0	6	0.0042	0.375	0	0.0058
0.0099	0.0347	-0.0495	0.1507	-0.0501	0.9187	0.1311	-0.3727	6	8	1	0	7	0.01	0.05	0	0.01
0.0092	0.0105	-0.0331	0.1307	-0.0465	0.8367	-0.5468	-0.0316	7	9	1	0	8	0.01	0.05	0	0.01
0.0087	0.0161	-0.0243	0.1249	-0.0468	0.3644	-0.9308	0.0289	8	0	1	0	9	0.01	0.05	0	0.01
0.0116	0.0229	0.0078	0.003	-0.0508	0.4748	-0.5001	0.7242	2	11	2	1	1	0.0026	0.2917	1	0.0337
0.0116	0.0671	0.0148	-0.0075	-0.0583	-0.2443	0.9664	0.0795	10	12	2	1	2	0.0035	0.275	0	0.0337
0.0104	0.0225	0.0091	0.0578	-0.0592	0.1258	0.952	0.2789	11	13	2	1	3	0.01	0.05	0	0.01
0.01	0.0465	0.012	0.0793	-0.0529	-0.9933	-0.0477	-0.1056	12	0	2	1	4	0.01	0.05	0	0.01
0.0113	0.166	0.0577	-0.0494	-0.0737	0.7174	-0.4496	0.5321	2	15	4	1	1	0.0009	0.25	0	0.015
0.0113	0.0378	0.1792	-0.1265	0.0126	-0.3942	-0.7784	0.4886	14	16	4	1	2	0.0011	0.25	0	0.0209
0.0113	0.0213	0.1909	-0.1581	0.0346	0.0066	-0.8243	-0.5662	15	17	4	1	3	0.0013	0.3333	0	0.0123
0.0091	0.0571	0.1889	-0.1732	0.0288	0.5009	-0.7348	0.4574	16	18	4	1	4	0.0014	0.4167	0	0.0091
0.0091	0.0211	0.2175	-0.2134	0.0224	0.3782	-0.9244	-0.0493	17	19	4	1	5	0.005	0.375	0	0.0057
0.01	0.0385	0.2203	-0.2056	0.025	-0.0089	0.131	-0.9913	18	20	4	1	6	0.01	0.05	0	0.01
0.0091	0.0426	0.2326	-0.227	0.0117	0.491	-0.4606	-0.7394	19	21	4	1	7	0.0011	0.375	0	0.009
0.011	0.1087	0.2503	-0.2488	-0.0101	0.094	-0.9777	-0.188	20	22	4	1	8	0.0012	0.2188	0	0.0122
0.01	0.111	0.2602	-0.3538	-0.0392	0.0676	-0.986	-0.1523	21	23	4	1	9	0.01	0.05	0	0.01
0.0108	0.0769	0.2381	-0.3547	-0.0522	0.8697	0.2217	0.441	22	24	4	1	10	0.0013	0.375	0	0.0112
0.0109	0.0407	0.3085	-0.3365	-0.021	0.5611	0.1764	0.8088	23	25	4	1	11	0.0013	0.3333	0	0.0164
0.01	0.0043	0.34	-0.3378	-0.0009	0.8668	0.3525	0.3528	24	26	4	1	12	0.01	0.05	0	0.01
0.0099	0.0145	0.3464	-0.3345	0.0011	0.5666	-0.82	-0.0808	25	0	4	1	13	0.01	0.05	0	0.01
0.0107	0.072	-0.0537	0.064	-0.0245	0.8655	-0.4308	0.2555	2	28	6	1	1	0.0029	0.4583	0	0.0107
0.0116	0.0469	0.0114	0.0285	-0.0076	-0.0274	-0.3318	0.9429	27	29	6	1	2	0.0019	0.5417	0	0.0129
0.0112	0.0133	0.0069	0.0271	0.0332	-0.093	0.213	0.9726	28	30	6	1	3	0.0057	0.4167	0	0.0113
0.0107	0.0296	0.0048	0.0259	0.0397	-0.5853	0.7169	-0.3787	29	31	6	1	4	0.01	0.05	0	0.01
0.0107	0.0219	0.0056	0.0244	0.0397	0.0858	0.4969	0.8636	30	0	6	1	5	0.01	0.05	0	0.01
0.0095	0.0513	-0.0958	0.1292	-0.0318	-0.6949	0.4978	0.5189	4	33	7	1	1	0.0009	0.4167	1	0.0095
0.0095	0.0562	-0.1315	0.1547	-0.0052	-0.2002	0.917	-0.345	32	34	7	1	2	0.0009	0.4167	0	0.0095
0.0095	0.0617	-0.1483	0.2	-0.0174	-0.7968	0.5969	-0.0935	33	35	7	1	3	0.0011	0.2917	0	0.0069
0.0097	0.0347	-0.1966	0.2373	-0.0297	-0.8036	0.5927	-0.0545	34	36	7	1	4	0.0012	0.2917	0	0.0097
0.0111	0.1159	-0.2198	0.2385	-0.0154	-0.9473	0.0355	0.3185	35	37	7	1	5	0.0147	0.1719	0	0.0118
0.0111	0.0327	-0.336	0.2551	-0.0008	-0.9703	-0.0955	0.2224	36	38	7	1	6	0.0056	0.2031	0	0.0141
0.011	0.0264	-0.3676	0.2656	0.011	-0.9843	-0.0536	0.168	37	39	7	1	7	0.0042	0.125	0	0.0155
0.01	0.0306	-0.3921	0.2589	0.0046	-0.9521	0.199	-0.232	38	40	7	1	8	0.01	0.05	0	0.01
0.0114	0.0052	-0.4128	0.2651	-0.0127	-0.7724	-0.0225	-0.6347	39	41	7	1	9	0.001	0.4167	0	0.0119
0.01	0.0254	-0.4195	0.2677	-0.0146	-0.5293	-0.122	-0.8396	40	42	7	1	10	0.01	0.05	0	0.01
0.0107	0.0482	-0.4348	0.2661	-0.0181	-0.9905	0.0856	-0.1073	41	43	7	1	11	0.0012	0.3333	0	0.0109
0.0095	0.0405	-0.4828	0.2699	-0.0218	-0.7252	0.6878	-0.0318	42	44	7	1	12	0.0009	0.2917	0	0.0082
0.01	0.0284	-0.5148	0.288	-0.0248	-0.9569	0.2691	-0.1093	43	45	7	1	13	0.01	0.05	0	0.01
0.011	0.0323	-0.5367	0.3032	-0.0229	-0.867	0.4182	0.2708	44	46	7	1	14	0.0042	0.25	0	0.0183
0.01	0.0059	-0.5661	0.3023	-0.0218	-0.9504	0.2093	-0.2299	45	47	7	1	15	0.01	0.05	0	0.01
0.01	0.0436	-0.5718	0.3035	-0.0231	0.2836	0.9311	0.2292	46	0	7	1	16	0.01	0.05	0	0.01
0.0107	0.0846	0.0443	-0.0403	-0.0706	-0.2167	0.1955	0.9565	14	49	8	2	1	0.0016	0.375	1	0.0121
0.0102	0.031	0.026	-0.0238	0.0104	0.3301	0.5977	0.7306	48	50	8	2	2	0.0016	0.375	0	0.0121
0.0094	0.0372	0.0414	-0.0078	0.0343	0.4454	0.8944	0.0405	49	51	8	2	3	0.003	0.2	0	0.0161
0.0081	0.0256	0.0473	0.0171	0.0419	-0.1441	0.6988	0.7007	50	52	8	2	4	0.0009	0.3333	0	0.0091
0.0064	0.021	0.0392	0.03	0.0571	-0.4026	-0.1484	0.9033	51	53	8	2	5	0.01	0.05	0	0.01
0.0078	0.0129	0.0397	0.0374	0.0642	0.4481	0.4749	0.7574	52	0	8	2	6	0.0023	0.375	0	0.0104
0.0122	0.1346	0.1626	-0.1347	0.0181	-0.6891	0.6268	-0.3637	15	55	62	2	1	0.0028	0.375	1	0.0181
0.0122	0.0378	0.07	-0.0529	-0.0333	-0.6589	0.5028	-0.5595	54	56	62	2	2	0.0045	0.175	0	0.0181
0.0122	0.0714	0.0265	-0.029	-0.031	-0.0024	0.9778	-0.2094	55	57	62	2	3	0.0011	0.4167	0	0.0122
0.0122	0.045	0.0371	0.0395	-0.0382	0.3066	0.9166	-0.2565	56	58	62	2	4	0.01	0.05	0	0.01
0.0122	0.0238	0.0358	0.0671	-0.0212	0.0075	0.9004	0.4349	57	59	62	2	5	0.01	0.05	0	0.01
0.0122	0.0312	0.0241	0.0638	-0.0049	-0.4088	0.3934	0.8235	58	0	62	2	6	0.01	0.05	0	0.01
0.0095	0.1081	0.2185	-0.1901	-0.0168	-0.139	0.9554	0.2606	19	61	20	2	1	0.0009	0.2917	1	0.0099
0.0095	0.037	0.2035	-0.0868	0.0113	0.7808	0.1938	0.594	60	62	20	2	2	0.0009	0.2917	0	0.0099
0.0095	0.0605	0.2329	-0.071	0.0278	0.9302	0.1586	0.3311	61	63	20	2	3	0.01	0.05	0	0.01
0.0095	0.0237	0.2654	-0.0817	0.0634	0.6585	-0.2153	0.7211	62	0	20	2	4	0.01	0.05	0	0.01
0.0078	0.021	0.194	-0.1679	0.0342	0.5023	0.6726	0.5434	17	65	28	2	1	0.0017	0.5	1	0.0078
0.0078	0.0754	0.2046	-0.1537	0.0456	0.7898	0.1034	-0.6045	64	66	28	2	2	0.0017	0.5	0	0.0078
0.0084	0.0405	0.2566	-0.155	0.0084	0.7009	-0.7015	-0.1292	65	67	28	2	3	0.0007	0.2917	0	0.0097
0.0082	0.0012	0.2751	-0.1874	0.0004	0.3711	-0.9286	-0.005	66	68	28	2	4	0.01	0.05	0	0.01
0.0082	0.021	0.2755	-0.1891	0.0011	0.9819	-0.1877	-0.0267	67	69	28	2	5	0.01	0.05	0	0.01
0.0081	0.0237	0.2962	-0.1873	-0.0034	0.0042	0.5586	0.8294	68	0	28	2	6	0.01	0.05	0	0.01
0.0121	0.044	0.1804	-0.1735	0.0194	0.309	-0.8319	-0.4611	16	71	30	2	1	0.0029	0.4167	0	0.0121
0.0121	0.0158	0.1989	-0.203	-0.0015	0.8157	-0.5571	0.156	70	72	30	2	2	0.01	0.05	0	0.01
0.0121	0.024	0.2118	-0.2118	0.0009	0.9702	0.2004	-0.136	71	0	30	2	3	0.01	0.05	0	0.01
0.0129	0.0228	0.2089	-0.1878	0.0449	0.8012	0.296	0.5201	17	74	31	2	1	0.01	0.05	1	0.01
0.0129	0.0201	0.2271	-0.181	0.0568	0.2218	-0.1603	0.9618	73	75	31	2	2	0.01	0.05	0	0.01
0.0129	0.0509	0.2345	-0.1869	0.0885	0.1067	0.9766	0.1865	74	76	31	2	3	0.0008	0.4167	0	0.0129
0.0129	0.0102	0.2412	-0.1516	0.0914	-0.6519	0.2674	-0.7096	75	77	31	2	4	0.01	0.05	0	0.01
0.0129	0.0289	0.2345	-0.1489	0.0841	-0.1484	0.8633	0.4823	76	78	31	2	5	0.01	0.05	0	0.01
0.0129	0.0224	0.2302	-0.124	0.098	0.2176	-0.3102	0.9254	77	0	31	2	6	0.01	0.05	0	0.01
0.0108	0.0684	0.1973	-0.1594	0.045	-0.8692	-0.4717	0.1485	16	80	32	2	1	0.0014	0.3333	0	0.0123
0.01	0.0344	0.1399	-0.1963	0.0441	-0.9787	-0.1778	-0.1025	79	81	32	2	2	0.01	0.05	0	0.01
0.0098	0.0403	0.1108	-0.187	0.0491	-0.9129	0.3674	-0.1778	80	82	32	2	3	0.0009	0.375	0	0.0101
0.0082	0.0001	0.0777	-0.1673	0.0373	-0.8747	0.3311	-0.3539	81	83	32	2	4	0.01	0.05	0	0.01
0.0079	0.0546	0.08	-0.1643	0.0271	-0.9697	0.1683	-0.1773	82	84	32	2	5	0.0011	0.375	0	0.0091
0.0057	0.0133	0.027	-0.1565	0.0174	-0.9601	0.1057	0.2588	83	85	32	2	6	0.01	0.05	0	0.01
0.005	0.017	0.03	-0.1583	0.0183	0.1303	0.924	-0.3595	84	86	32	2	7	0.01	0.05	0	0.01
0.004	0.0133	0.0295	-0.1434	0.0126	-0.1298	-0.0314	-0.991	85	0	32	2	8	0.01	0.05	0	0.01
0.0036	0.0851	0.2369	-0.2374	0.0228	0.8024	0.1833	-0.568	18	88	50	2	1	0.0013	0.2917	0	0.0122
0.0025	0.0278	0.2914	-0.2176	-0.0289	0.2994	0.252	-0.9203	87	89	50	2	2	0.01	0.05	0	0.01
0.0025	0.028	0.2917	-0.2183	-0.0252	0.9355	0.1813	0.3033	88	0	50	2	3	0.01	0.05	0	0.01
0.0113	0.0401	-0.0043	0.0256	0.034	-0.5954	0.8032	0.0223	29	91	10	2	1	0.0015	0.4583	0	0.0113
0.0113	0.003	-0.027	0.0561	0.0234	-0.3157	0.9334	-0.1706	90	92	10	2	2	0.01	0.05	0	0.01
0.0113	0.0347	-0.0279	0.0589	0.0229	-0.167	0.8337	-0.5263	91	0	10	2	3	0.01	0.05	0	0.01
0.01	0.0886	-0.1414	0.1569	-0.0092	-0.7973	0.3492	-0.4922	33	94	11	2	1	0.0021	0.4167	0	0.01
0.01	0.0081	-0.2095	0.1909	-0.0436	-0.8891	0.4487	0.0902	93	95	11	2	2	0.01	0.05	0	0.01
0.01	0.025	-0.2168	0.1946	-0.0429	-0.9836	-0.1418	-0.1119	94	0	11	2	3	0.01	0.05	0	0.01
0.009	0.0755	-0.2131	0.2584	-0.0246	-0.166	0.9693	0.1812	35	97	26	2	1	0.0022	0.4583	0	0.009
0.0092	0.0353	-0.2306	0.3294	-0.0145	-0.2272	0.9384	-0.2605	96	98	26	2	2	0.0012	0.25	0	0.0102
0.009	0.029	-0.2491	0.352	-0.0149	-0.7451	0.6583	-0.1069	97	99	26	2	3	0.01	0.05	0	0.01
0.009	0.0279	-0.2446	0.3587	-0.0152	0.4343	0.8991	-0.0541	98	100	26	2	4	0.01	0.05	0	0.01
0.009	0.0184	-0.2325	0.3837	-0.0167	0.5953	0.3712	0.7126	99	0	26	2	5	0.01	0.05	0	0.01
0.0025	0.0483	-0.3287	0.2635	0.0057	0.9291	0.3155	0.1931	37	102	45	2	1	0.01	0.05	0	0.01
0.0025	0.0149	-0.278	0.2806	0.0197	0.6433	-0.1512	-0.7505	101	103	45	2	2	0.01	0.05	0	0.01
0.0025	0.0273	-0.2723	0.2773	0.0086	-0.2478	0.9042	-0.3479	102	0	45	2	3	0.01	0.05	0	0.01
0.0025	0.0741	-0.3229	0.2508	0.0063	-0.814	-0.5531	0.1774	37	105	46	2	1	0.01	0.05	0	0.01
0.0025	0.0277	-0.3832	0.2099	0.0194	-0.1015	-0.7694	0.6306	104	0	46	2	2	0.01	0.05	0	0.01
0.0102	0.0161	-0.3839	0.2571	0.0059	-0.1792	-0.703	-0.6883	38	107	47	2	1	0.0034	0.375	1	0.0102
0.0102	0.0667	-0.3868	0.2458	-0.0052	-0.4229	-0.7047	0.5697	106	108	47	2	2	0.0034	0.375	0	0.0102
0.0099	0.02	-0.4207	0.2155	0.0325	-0.2941	-0.0837	0.9521	107	109	47	2	3	0.0058	0.625	0	0.0099
0.0098	0.0222	-0.4337	0.2211	0.0356	-0.3163	0.7993	0.5109	108	110	47	2	4	0.006	0.5833	0	0.0098
0.0098	0.0194	-0.4425	0.2287	0.0388	-0.8495	0.415	-0.3259	109	111	47	2	5	0.01	0.05	0	0.01
0.0098	0.0138	-0.4391	0.2359	0.0446	-0.1769	0.9184	0.3538	110	0	47	2	6	0.01	0.05	0	0.01
0.0069	0.0184	0.0365	-0.0241	0.0095	0.9961	-0.0346	-0.0813	49	113	64	3	1	0.0048	0.3125	1	0.0069
0.0069	0.0723	0.0548	-0.0248	0.008	0.9374	0.3389	-0.0802	112	114	64	3	2	0.0048	0.3125	0	0.0069
0.0084	0.0633	0.12	-0.0084	0.0192	0.9886	-0.1198	0.0914	113	115	64	3	3	0.0067	0.2708	0	0.0121
0.0066	0.0324	0.1522	0.0091	0.0462	0.6359	0.1253	0.7615	114	116	64	3	4	0.01	0.05	0	0.01
0.0055	0.0087	0.1705	-0.0124	0.0234	0.9231	-0.3557	0.1463	115	117	64	3	5	0.01	0.05	0	0.01
0.0041	0.0301	0.1801	-0.0155	0.0247	0.0569	-0.6328	-0.7722	116	0	64	3	6	0.0015	0.15	0	0.01
0.0187	0.0328	0.1419	-0.1356	-0.0208	0.2388	0.1096	-0.9649	0	119	65	0	1	0.0024	0.4583	0	0.0187
0.0187	0.0163	0.1388	-0.134	-0.067	0.1792	-0.9838	0.0002	118	120	65	0	2	0.0012	0.175	0	0.01
0.0187	0.0281	0.1412	-0.1572	-0.0666	0.9917	-0.0764	0.1033	119	0	65	0	3	0.0009	0.15	0	0.01
0.0151	0.0261	0.1154	-0.1971	0.051	-0.2649	0.3164	0.9109	80	122	53	3	1	0.0021	0.2917	1	0.01
0.0151	0.0465	0.1026	-0.1901	0.0719	0.3597	-0.8727	-0.3301	121	123	53	3	2	0.0027	0.2	0	0.01
0.0151	0.0329	0.1203	-0.2335	0.061	-0.6166	-0.7202	-0.3179	122	124	53	3	3	0.0016	0.3333	0	0.013
0.0151	0.0257	0.0854	-0.2437	0.0511	-0.681	-0.7316	-0.0322	123	125	53	3	4	0.0018	0.15	0	0.01
0.0151	0.0164	0.1039	-0.2616	0.0474	0.0245	-0.9997	0.0072	124	126	53	3	5	0.0011	0.4583	0	0.0151
0.0151	0.0098	0.0938	-0.2723	0.0269	0.8711	-0.1241	-0.4751	125	0	53	3	6	0.0032	0.125	0	0.01
0.0083	0.0668	0.2088	-0.0808	0.0405	0.231	-0.8604	-0.4543	0	128	69	0	1	0.0017	0.3333	0	0.008
0.0085	0.0165	0.2188	-0.1354	0.0054	0.267	-0.6615	-0.7008	127	129	69	0	2	0.01	0.05	0	0.01
0.0084	0.0258	0.2233	-0.147	-0.005	-0.5935	-0.7213	-0.3572	128	130	69	0	3	0.01	0.05	0	0.01
0.0082	0.006	0.2094	-0.1638	-0.0138	0.2433	-0.3744	0.8948	129	0	69	0	4	0.01	0.05	0	0.01
