radius (m)	length (m)	start_point	axis_direction	parent	extension	branch	branch_order	position_in_branch	mad	SurfCov	added	UnmodRadius (m)
0.0109	0.0842	-0.0047	0.0817	-0.2153	-0.2676	0.3576	0.8947	0	2	1	0	1	0.0037	0.75	0	0.0109
0.0117	0.0252	-0.0243	0.107	-0.1368	-0.5026	0.2352	0.8319	1	3	1	0	2	0.0031	0.4063	0	0.0087
0.0238	0.0453	-0.0206	0.1003	-0.1141	-0.6026	-0.7345	0.3121	2	4	1	0	3	0.003	0.15	0	0.045
0.0116	0.0522	-0.0581	0.0757	-0.1019	-0.634	-0.7675	-0.0949	3	5	1	0	4	0.0009	0.375	0	0.0116
0.0132	0.0248	-0.0802	0.0341	-0.105	-0.202	-0.8437	0.4974	4	6	1	0	5	0.0013	0.25	0	0.0132
0.0109	0.0112	-0.0836	0.0173	-0.0914	0.7864	-0.4408	0.4327	5	7	1	0	6	0.0047	0.5833	0	0.007
0.0168	0.0416	-0.0583	0.001	-0.0782	-0.0503	-0.6335	-0.7721	6	8	1	0	7	0.0012	0.4583	0	0.0183
0.0151	0.0148	-0.0582	-0.0268	-0.0984	0.4945	-0.8485	-0.1887	7	9	1	0	8	0.001	0.4167	0	0.0161
0.0109	0.043	-0.0685	-0.0342	-0.1029	-0.0561	-0.4876	-0.8713	8	10	1	0	9	0.0046	0.5417	0	0.0074
0.0118	0.0122	-0.0702	-0.0477	-0.1081	-0.5015	0.8452	-0.1849	9	0	1	0	10	0.0026	0.3333	0	0.0118
0.0092	0.0335	-0.0289	0.0787	-0.083	0.7822	-0.5112	0.3562	3	12	2	1	1	0.0012	0.375	0	0.0092
0.0091	0.0571	-0.0024	0.063	-0.0644	0.5231	-0.8359	0.1663	11	13	2	1	2	0.0007	0.375	0	0.0062
0.0124	0.0419	0.0204	0.0115	-0.0465	0.7935	-0.2415	0.5586	12	14	2	1	3	0.001	0.2917	0	0.0129
0.009	0.0274	0.0557	0.0004	-0.0248	0.5361	-0.226	0.8133	13	15	2	1	4	0.0031	0.5833	0	0.0089
0.0118	0.069	0.0551	-0.0089	-0.0106	-0.462	-0.0295	0.8864	14	16	2	1	5	0.0016	0.25	0	0.0118
0.0115	0.0363	0.0454	-0.0177	0.06	-0.411	-0.068	0.9091	15	17	2	1	6	0.0068	0.35	0	0.0115
0.0118	0.0178	0.0283	-0.026	0.0925	0.1906	-0.1604	0.9685	16	18	2	1	7	0.0086	0.4063	0	0.0118
0.01	0.0014	0.0406	-0.0312	0.1029	0.3796	-0.6067	0.6984	17	19	2	1	8	0.01	0.05	0	0.01
0.0111	0.0232	0.0295	-0.0385	0.1105	0.5995	-0.3136	0.7363	18	20	2	1	9	0.001	0.3333	0	0.0111
0.01	0.0071	0.0353	-0.0515	0.127	0.5739	-0.8187	0.0205	19	21	2	1	10	0.01	0.05	0	0.01
0.0101	0.0374	0.0393	-0.0543	0.1381	0.7698	0.6158	-0.1678	20	22	2	1	11	0.0006	0.4167	0	0.0101
0.0102	0.0449	0.0642	-0.0231	0.1404	-0.4192	-0.7483	0.5141	21	23	2	1	12	0.0014	0.5	0	0.0102
0.013	0.0158	0.047	-0.0603	0.1701	-0.2443	0.8226	0.5134	22	24	2	1	13	0.0009	0.4167	0	0.014
0.0108	0.0274	0.0359	-0.0409	0.1747	-0.5866	-0.2437	0.7724	23	25	2	1	14	0.009	0.5	0	0.0108
0.0102	0.0356	0.0362	-0.0468	0.201	-0.2178	0.792	0.5703	24	26	2	1	15	0.0019	0.25	0	0.0102
0.0167	0.0451	0.0215	-0.0375	0.2075	-0.9311	0.0811	0.3557	25	27	2	1	16	0.0086	0.375	0	0.0214
0.0106	0.0267	0.0036	-0.052	0.223	-0.596	-0.7882	-0.1532	26	28	2	1	17	0.0084	0.3438	0	0.0106
0.01	0.0018	-0.0044	-0.0478	0.2013	-0.0494	-0.5613	-0.8261	27	29	2	1	18	0.01	0.05	0	0.01
0.0126	0.0483	-0.0104	-0.0613	0.1958	-0.5717	0.0096	0.8204	28	30	2	1	19	0.0011	0.375	0	0.0141
0.0123	0.0343	-0.037	-0.0579	0.2455	-0.964	0.2652	0.0199	29	31	2	1	20	0.0012	0.4167	0	0.0134
0.0079	0.0136	-0.0708	-0.0656	0.2454	-0.906	0.0217	0.4228	30	32	2	1	21	0.0081	0.4583	0	0.0055
0.0084	0.0186	-0.0694	-0.062	0.2538	0.2022	-0.9661	0.1607	31	33	2	1	22	0.0009	0.25	0	0.0084
0.0099	0.0374	-0.0779	-0.0828	0.2581	0.2532	-0.8945	0.3684	32	34	2	1	23	0.0048	0.5833	0	0.0099
0.0125	0.0153	-0.0766	-0.1128	0.275	-0.1446	-0.8296	0.5393	33	35	2	1	24	0.0059	0.5417	0	0.0132
0.0107	0.0196	-0.0694	-0.1374	0.2756	-0.2459	-0.6554	0.7141	34	36	2	1	25	0.0037	0.625	0	0.0109
0.0097	0.0385	-0.0685	-0.1488	0.2842	0.4049	-0.8946	0.1889	35	37	2	1	26	0.01	0.05	0	0.01
0.0095	0.0026	-0.0732	-0.1479	0.2867	-0.4177	-0.1179	0.9009	36	0	2	1	27	0.01	0.05	0	0.01
0.0111	0.0229	-0.0723	-0.0239	-0.0912	-0.7583	-0.5048	0.4124	7	39	4	1	1	0.0025	0.5833	1	0.0111
0.0111	0.0565	-0.0897	-0.0354	-0.0817	-0.475	-0.1028	-0.8739	38	40	4	1	2	0.0025	0.5833	0	0.0111
0.0146	0.0619	-0.1213	-0.0404	-0.1295	-0.3242	-0.7346	-0.596	39	41	4	1	3	0.001	0.375	0	0.0182
0.0132	0.0337	-0.1343	-0.0722	-0.1895	-0.3358	-0.7602	-0.5563	40	42	4	1	4	0.0096	0.4063	0	0.0137
0.0111	0.0238	-0.1524	-0.1043	-0.1877	-0.894	-0.2502	-0.3718	41	43	4	1	5	0.01	0.05	0	0.01
0.0111	0.0231	-0.1486	-0.1036	-0.1854	0.2401	0.4982	-0.8332	42	44	4	1	6	0.01	0.05	0	0.01
0.0111	0.0161	-0.1432	-0.0923	-0.2042	0.3182	-0.8092	-0.494	43	0	4	1	7	0.01	0.05	0	0.01
0.0099	0.076	-0.0742	0.0029	-0.0855	-0.8539	-0.0082	-0.5203	7	46	8	1	1	0.0026	0.3333	1	0.0099
0.0099	0.0423	-0.1391	0.0023	-0.125	-0.5383	-0.7982	-0.2702	45	0	8	1	2	0.0026	0.3333	0	0.0099
0.0103	0.0658	-0.061	-0.0426	-0.1301	0.5879	0.1776	0.7892	9	48	11	1	1	0.0029	0.625	0	0.0106
0.0103	0.0409	-0.02	-0.0394	-0.0655	0.9622	-0.1086	-0.2497	47	49	11	1	2	0.002	0.625	0	0.0148
0.0103	0.0403	0.0202	-0.0269	-0.0707	0.9123	-0.1568	0.3784	48	50	11	1	3	0.0054	0.425	0	0.0157
0.01	0.0848	0.0547	-0.0501	-0.0628	0.9907	-0.0847	-0.1064	49	51	11	1	4	0.0056	0.16	0	0.0173
0.0078	0.0147	0.1366	-0.0347	-0.0772	0.9252	-0.0043	-0.3794	50	52	11	1	5	0.0127	0.25	0	0.0054
0.0078	0.0445	0.1516	-0.0377	-0.0922	0.3869	0.8967	-0.2149	51	53	11	1	6	0.0042	0.4583	0	0.0078
0.0089	0.0336	0.141	-0.0205	-0.1172	0.0089	0.5535	-0.8328	52	0	11	1	7	0.0023	0.2917	0	0.0111
0.0099	0.0443	-0.0248	0.0664	-0.0745	0.0879	-0.9666	0.2409	11	55	3	2	1	0.002	0.4583	0	0.0099
0.0099	0.0377	-0.0213	0.0252	-0.0705	-0.2446	-0.9441	-0.2209	54	0	3	2	2	0.01	0.05	0	0.01
0.0088	0.0977	0.0384	-0.026	0.0562	0.5201	0.1761	-0.8357	16	57	10	2	1	0.0029	0.5	0	0.0088
0.0091	0.0606	0.0835	-0.0085	-0.0119	0.2683	0.9587	0.0943	56	58	10	2	2	0.0014	0.4583	0	0.0091
0.0068	0.0177	0.1038	0.0498	-0.003	0.0792	0.9862	-0.1456	57	59	10	2	3	0.0039	0.5417	0	0.0067
0.0096	0.0269	0.1158	0.047	0.0053	0.7753	0.5603	0.2915	58	60	10	2	4	0.003	0.2	0	0.0202
0.0086	0.0493	0.1296	0.073	0.0047	0.5094	0.7065	0.4913	59	61	10	2	5	0.0056	0.2917	0	0.009
0.0082	0.0299	0.1726	0.0915	0.0083	0.6158	0.7834	-0.0839	60	62	10	2	6	0.01	0.05	0	0.01
0.0079	0.0302	0.1442	0.0906	0.0148	-0.4447	0.8901	0.1003	61	63	10	2	7	0.01	0.05	0	0.01
0.0076	0.024	0.1452	0.1121	0.0283	-0.0228	0.8729	0.4873	62	0	10	2	8	0.01	0.05	0	0.01
0.0085	0.0491	0.019	-0.0229	0.1023	-0.3489	0.8481	-0.3987	17	65	18	2	1	0.0021	0.5417	0	0.0085
0.0085	0.0471	0.004	0.0162	0.0812	-0.8063	-0.58	-0.1164	64	66	18	2	2	0.001	0.2917	0	0.0081
0.0085	0.0238	-0.0363	-0.0063	0.0794	-0.8213	-0.533	0.2035	65	0	18	2	3	0.01	0.05	0	0.01
0.0025	0.0395	0.0233	-0.0169	0.088	-0.8305	0.5341	-0.158	16	68	20	2	1	0.0111	0.35	1	0.01
0.0025	0.0226	-0.0007	-0.0044	0.0873	-0.7548	-0.5923	0.282	67	69	20	2	2	0.0048	0.225	0	0.01
0.0025	0.0178	-0.0213	-0.0144	0.09	-0.1717	0.6407	0.7483	68	0	20	2	3	0.0027	0.15	0	0.01
0.0096	0.0549	0.0624	-0.0445	0.1416	0.2318	-0.6226	0.7474	21	71	24	2	1	0.01	0.05	1	0.01
0.0084	0.0361	0.0751	-0.0787	0.1826	-0.2386	0.9596	-0.1494	70	72	24	2	2	0.01	0.05	0	0.01
0.0072	0.0187	0.0665	-0.0441	0.1773	-0.9254	-0.2351	0.2974	71	73	24	2	3	0.01	0.05	0	0.01
0.0056	0.0314	0.0492	-0.0485	0.1828	-0.3	-0.105	0.9481	72	74	24	2	4	0.01	0.05	0	0.01
0.0036	0.016	0.0397	-0.0518	0.2126	-0.7843	0.2353	0.574	73	0	24	2	5	0.0006	0.075	0	0.01
0.003	0.0444	0.0237	-0.0247	0.2279	0.0705	-0.9322	0.355	25	76	27	2	1	0.0036	0.3	1	0.0085
0.003	0.0271	0.0321	-0.0687	0.2341	-0.2299	-0.9635	0.1369	75	0	27	2	2	0.0047	0.15	0	0.0085
0.0135	0.0223	-0.1207	-0.0427	-0.1161	-0.9011	-0.2258	-0.3701	39	78	32	2	1	0.0038	0.4583	1	0.0135
0.0135	0.0511	-0.1408	-0.0477	-0.1244	0.8335	-0.1464	0.5328	77	79	32	2	2	0.0038	0.4583	0	0.0135
0.0135	0.0092	-0.0995	-0.0573	-0.0906	0.9022	-0.4279	0.0542	78	0	32	2	3	0.01	0.05	0	0.01
0.004	0.0614	-0.0351	-0.0424	-0.0712	0.5593	-0.7901	-0.2508	48	0	15	2	1	0.002	0.3333	0	0.0083
0.0098	0.0231	-0.0364	-0.0287	-0.1082	0.5435	0.7721	-0.3293	47	82	16	2	1	0.0021	0.4583	1	0.0109
0.0098	0.0307	-0.0238	-0.0109	-0.1158	-0.0506	0.7261	0.6857	81	83	16	2	2	0.0021	0.4583	0	0.0109
0.0098	0.0295	-0.0199	0.0123	-0.1009	0.6435	0.4256	0.6362	82	84	16	2	3	0.01	0.05	0	0.01
0.0098	0.0191	-0.0033	0.0237	-0.083	-0.0482	0.6319	-0.7736	83	0	16	2	4	0.01	0.05	0	0.01
0.0095	0.0463	-0.0327	0.0478	-0.0673	-0.589	0.5824	-0.5602	54	86	34	3	1	0.0023	0.4583	0	0.0095
0.0095	0.0287	-0.0625	0.0796	-0.0852	-0.7226	-0.6696	0.1718	85	0	34	3	2	0.01	0.05	0	0.01
0.0025	0.0312	0.1023	0.0518	-0.01	-0.8606	-0.3382	-0.3808	58	88	35	3	1	0.0137	0.275	1	0.01
0.0025	0.0319	0.0727	0.0412	-0.0217	-0.0186	0.9676	0.2517	87	89	35	3	2	0.0047	0.225	0	0.01
0.0025	0.0188	0.0694	0.0727	-0.0125	-0.1945	0.642	-0.7417	88	0	35	3	3	0.0036	0.2	0	0.01
0.0043	0.0394	0.0603	-0.0528	0.1741	0.8536	0.124	-0.5059	71	91	26	3	1	0.0075	0.25	0	0.0153
0.0025	0.0184	0.0967	-0.0531	0.1633	0.4697	0.8222	0.3216	90	92	26	3	2	0.01	0.05	0	0.01
0.0025	0.0083	0.1094	-0.0434	0.1701	-0.3869	-0.1342	0.9123	91	0	26	3	3	0.0044	0.1	0	0.01
0.013	0.0357	-0.0437	0.1585	-0.1328	-0.445	0.2603	-0.8569	0	0	40	0	1	0.0042	0.4583	0	0.013
0.0143	0.0241	-0.0588	0.0361	-0.0799	0.8525	-0.2625	-0.452	0	95	41	0	1	0.0029	0.5417	0	0.0143
0.0143	0.0279	-0.0522	0.0203	-0.0914	-0.4864	0.6735	0.5566	94	0	41	0	2	0.01	0.05	0	0.01
