radius (m)	length (m)	start_point	axis_direction	parent	extension	branch	branch_order	position_in_branch	mad	SurfCov	added	UnmodRadius (m)
0.0095	0.09	-0.4884	0.6824	-0.246	0.5201	-0.8518	0.063	0	2	1	0	1	0.0022	0.3333	0	0.0091
0.0109	0.0498	-0.4332	0.6124	-0.2392	0.6094	-0.7864	0.1011	1	3	1	0	2	0.001	0.3333	0	0.0109
0.0122	0.0875	-0.4071	0.5709	-0.2298	0.6269	-0.7468	0.2218	2	4	1	0	3	0.0009	0.3333	0	0.0122
0.0116	0.0386	-0.3511	0.5037	-0.2148	0.8084	-0.4516	0.3776	3	5	1	0	4	0.001	0.2917	0	0.0116
0.0136	0.0499	-0.3227	0.4816	-0.2079	0.8361	-0.548	0.0269	4	6	1	0	5	0.001	0.3333	0	0.016
0.01	0.0233	-0.2845	0.4468	-0.2011	0.7957	-0.5533	-0.2464	5	7	1	0	6	0.01	0.05	0	0.01
0.0116	0.0337	-0.2754	0.4344	-0.1957	0.3981	-0.8394	0.3702	6	8	1	0	7	0.0008	0.4167	0	0.0116
0.009	0.0309	-0.2567	0.408	-0.1881	0.4667	-0.8675	0.1723	7	9	1	0	8	0.0013	0.2917	0	0.0086
0.01	0.0234	-0.2536	0.3842	-0.1794	-0.0013	-0.7569	0.6535	8	10	1	0	9	0.01	0.05	0	0.01
0.0133	0.0285	-0.2539	0.3809	-0.1685	0.7903	-0.1623	-0.5908	9	11	1	0	10	0.0009	0.4167	0	0.0145
0.01	0.0137	-0.2392	0.3842	-0.1881	0.3715	0.6148	0.6957	10	12	1	0	11	0.01	0.05	0	0.01
0.009	0.0461	-0.2308	0.3926	-0.1701	0.2023	-0.9761	-0.0796	11	13	1	0	12	0.0009	0.4167	0	0.009
0.01	0.0235	-0.2154	0.355	-0.1669	0.6493	-0.7313	0.2088	12	14	1	0	13	0.01	0.05	0	0.01
0.0094	0.0385	-0.2075	0.3524	-0.1798	-0.952	-0.1531	0.2649	13	15	1	0	14	0.001	0.375	0	0.0094
0.0112	0.0201	-0.2422	0.3447	-0.1689	-0.682	-0.6483	0.3386	14	16	1	0	15	0.0011	0.375	0	0.0118
0.01	0.0314	-0.263	0.3484	-0.1587	-0.5331	-0.3804	0.7557	15	17	1	0	16	0.01	0.05	0	0.01
0.01	0.0209	-0.2656	0.3373	-0.1646	-0.8954	-0.1058	-0.4326	16	18	1	0	17	0.01	0.05	0	0.01
0.0098	0.0122	-0.2545	0.3406	-0.1538	-0.3754	0.8694	0.3214	17	0	1	0	18	0.01	0.05	0	0.01
0.0093	0.0252	-0.2078	0.3336	-0.157	0.2128	-0.9104	0.3548	13	20	2	1	1	0.0012	0.4167	0	0.0101
0.007	0.0762	-0.1995	0.3143	-0.156	0.7782	-0.628	0.0042	19	21	2	1	2	0.0007	0.3333	0	0.0068
0.0093	0.0323	-0.1352	0.2721	-0.1406	0.8162	-0.5752	-0.0554	20	22	2	1	3	0.001	0.3333	0	0.014
0.0074	0.018	-0.1143	0.2449	-0.1509	0.4767	-0.7499	0.4587	21	23	2	1	4	0.001	0.2917	0	0.0074
0.007	0.0555	-0.1066	0.2295	-0.1449	0.5998	-0.7063	0.3762	22	24	2	1	5	0.0029	0.4063	0	0.007
0.0091	0.0237	-0.0693	0.1935	-0.1251	0.6515	-0.7142	0.2558	23	25	2	1	6	0.01	0.05	0	0.01
0.009	0.0142	-0.0535	0.1755	-0.1237	0.7026	-0.682	0.2031	24	26	2	1	7	0.0009	0.3333	0	0.009
0.0081	0.0308	-0.0454	0.1607	-0.1239	0.6423	-0.5455	0.5384	25	27	2	1	8	0.0009	0.2917	0	0.0081
0.0091	0.0222	-0.032	0.1509	-0.1057	0.2628	0.0173	0.9647	26	28	2	1	9	0.01	0.05	0	0.01
0.0093	0.0675	-0.0245	0.1487	-0.1054	0.1536	-0.9798	0.1283	27	29	2	1	10	0.0007	0.375	0	0.0115
0.0076	0.0265	-0.0061	0.0868	-0.0921	0.4432	-0.8955	0.0396	28	30	2	1	11	0.0008	0.25	0	0.0076
0.007	0.0679	0.0102	0.0679	-0.0893	0.7506	-0.6288	-0.2032	29	31	2	1	12	0.0038	0.3125	0	0.0058
0.009	0.0287	0.0508	0.0149	-0.0988	0.6797	-0.727	-0.0973	30	32	2	1	13	0.01	0.05	0	0.01
0.0092	0.038	0.0711	-0.0058	-0.0956	0.5736	-0.8168	-0.0619	31	33	2	1	14	0.0012	0.2813	0	0.0136
0.007	0.0423	0.0867	-0.0268	-0.0844	0.1578	-0.76	0.6305	32	34	2	1	15	0.0059	0.375	0	0.0061
0.0082	0.0198	0.0845	-0.0737	-0.08	-0.2879	-0.7435	0.6036	33	35	2	1	16	0.0077	0.2813	0	0.0082
0.0072	0.0467	0.0811	-0.09	-0.0641	-0.3431	-0.9255	-0.1606	34	36	2	1	17	0.0033	0.3	0	0.0072
0.009	0.0021	0.0745	-0.1257	-0.0522	-0.1188	-0.9065	0.4052	35	37	2	1	18	0.01	0.05	0	0.01
0.0092	0.0783	0.0731	-0.1253	-0.0556	-0.1304	-0.885	-0.447	36	38	2	1	19	0.0039	0.275	0	0.0164
0.0092	0.0291	0.0688	-0.1915	-0.0889	0.4307	-0.8922	0.1361	37	39	2	1	20	0.0007	0.3333	0	0.0098
0.009	0.0018	0.0799	-0.2046	-0.0813	0.6346	-0.1454	0.759	38	40	2	1	21	0.01	0.05	0	0.01
0.008	0.0544	0.0765	-0.2065	-0.0835	0.2997	-0.9529	0.0459	39	41	2	1	22	0.0009	0.4167	0	0.008
0.0092	0.0144	0.1026	-0.2538	-0.0737	0.6551	-0.4713	-0.5905	40	42	2	1	23	0.0035	0.225	0	0.0142
0.0093	0.039	0.1084	-0.2619	-0.0765	0.313	-0.9498	-0.0015	41	43	2	1	24	0.0013	0.4167	0	0.0107
0.0091	0.0447	0.1268	-0.2956	-0.062	0.1329	-0.9774	0.1645	42	44	2	1	25	0.0049	0.325	0	0.0094
0.0089	0.0199	0.1284	-0.3323	-0.048	-0.1618	-0.7367	0.6566	43	45	2	1	26	0.01	0.05	0	0.01
0.0092	0.0251	0.1481	-0.3485	-0.0556	0.1955	-0.937	0.2895	44	46	2	1	27	0.0034	0.325	0	0.0149
0.0089	0.0236	0.1541	-0.372	-0.0531	0.509	-0.8535	0.1111	45	47	2	1	28	0.01	0.05	0	0.01
0.0092	0.0075	0.1727	-0.3879	-0.0565	0.5122	-0.8582	-0.034	46	48	2	1	29	0.0028	0.25	0	0.0149
0.007	0.0517	0.1827	-0.3874	-0.0592	0.7602	-0.6417	0.1015	47	49	2	1	30	0.0008	0.25	0	0.0064
0.0089	0.0415	0.2157	-0.4264	-0.0528	0.6807	-0.7324	0.0105	48	50	2	1	31	0.01	0.05	0	0.01
0.0076	0.0689	0.2177	-0.449	-0.0531	0.2826	0.959	0.0197	49	51	2	1	32	0.0008	0.4167	0	0.0076
0.0091	0.0289	0.2442	-0.3836	-0.0644	0.8718	0.0778	0.4836	50	52	2	1	33	0.0035	0.175	0	0.0171
0.0088	0.027	0.2687	-0.3805	-0.0614	0.9273	-0.3644	-0.0852	51	53	2	1	34	0.01	0.05	0	0.01
0.0087	0.0256	0.2906	-0.3915	-0.0599	0.5765	-0.7808	0.2409	52	54	2	1	35	0.0013	0.4167	0	0.0087
0.0088	0.0312	0.301	-0.4101	-0.0473	0.1743	-0.9256	0.3359	53	55	2	1	36	0.01	0.05	0	0.01
0.0091	0.0681	0.3095	-0.419	-0.05	0.4832	-0.5335	-0.6942	54	56	2	1	37	0.0013	0.3333	0	0.01
0.0088	0.0301	0.3376	-0.4424	-0.1028	0.3382	-0.2583	-0.9049	55	57	2	1	38	0.01	0.05	0	0.01
0.009	0.0387	0.3493	-0.4563	-0.0927	0.9574	-0.2762	-0.0841	56	58	2	1	39	0.0022	0.3	0	0.0166
0.0087	0.0054	0.3775	-0.4719	-0.0964	0.4543	-0.8417	0.2918	57	59	2	1	40	0.01	0.05	0	0.01
0.0087	0.004	0.382	-0.4767	-0.094	-0.3827	-0.3289	0.8634	58	60	2	1	41	0.01	0.05	0	0.01
0.0091	0.0515	0.3983	-0.4909	-0.0994	-0.1514	-0.696	0.7019	59	61	2	1	42	0.0061	0.25	0	0.0198
0.0087	0.0001	0.4031	-0.5339	-0.0731	-0.1362	-0.8739	0.4666	60	62	2	1	43	0.01	0.05	0	0.01
0.009	0.0571	0.392	-0.5427	-0.0696	0.51	-0.7878	-0.3454	61	63	2	1	44	0.0038	0.2	0	0.0179
0.0088	0.0366	0.4272	-0.5843	-0.0812	0.4511	-0.8918	0.0351	62	64	2	1	45	0.0036	0.225	0	0.0138
0.0086	0.0542	0.4445	-0.6168	-0.0794	0.2863	-0.9337	-0.2148	63	65	2	1	46	0.0012	0.2917	0	0.0086
0.0086	0.0548	0.4634	-0.6665	-0.088	0.4154	-0.8825	-0.2208	64	66	2	1	47	0.01	0.05	0	0.01
0.0086	0.0288	0.4804	-0.6703	-0.1184	0.5133	-0.2676	-0.8154	65	0	2	1	48	0.01	0.05	0	0.01
0.0072	0.0221	-0.0023	0.0819	-0.0843	0.2059	-0.0531	0.9771	29	68	6	2	1	0.0021	0.3333	1	0.0092
0.0072	0.084	0.0022	0.0807	-0.0627	-0.5151	-0.6259	0.5856	67	69	6	2	2	0.0021	0.3333	0	0.0092
0.0072	0.0293	-0.0474	0.0311	-0.0215	-0.7128	-0.6153	0.3367	68	70	6	2	3	0.01	0.05	0	0.01
0.0072	0.08	-0.0484	0.0356	-0.006	-0.5872	0.3333	0.7376	69	71	6	2	4	0.0007	0.2188	0	0.0092
0.0071	0.067	-0.0879	0.0646	0.0525	-0.2075	0.798	0.5658	70	72	6	2	5	0.0009	0.2917	0	0.0098
0.0071	0.0367	-0.0986	0.118	0.0871	0.4946	0.7414	0.4536	71	73	6	2	6	0.0006	0.2917	0	0.01
0.007	0.0047	-0.0911	0.1464	0.1025	0.1155	0.9932	-0.0178	72	74	6	2	7	0.01	0.05	0	0.01
0.0069	0.0118	-0.0916	0.1512	0.104	0.7358	-0.3904	0.5533	73	75	6	2	8	0.01	0.05	0	0.01
0.0069	0.0089	-0.082	0.1475	0.111	-0.5233	0.1484	0.8391	74	76	6	2	9	0.01	0.05	0	0.01
0.007	0.0362	-0.0876	0.1658	0.1331	-0.5564	0.525	-0.644	75	77	6	2	10	0.0089	0.15	0	0.0243
0.0068	0.0122	-0.099	0.193	0.1238	-0.0283	0.8703	-0.4918	76	78	6	2	11	0.01	0.05	0	0.01
0.0069	0.0814	-0.1027	0.2179	0.1193	0.9747	0.2174	0.0512	77	79	6	2	12	0.0109	0.25	0	0.0376
0.0068	0.064	-0.033	0.2345	0.1212	-0.2086	0.844	0.494	78	80	6	2	13	0.001	0.3333	0	0.0095
0.0066	0.0337	-0.0472	0.2882	0.1524	-0.4622	0.8265	0.3215	79	81	6	2	14	0.0011	0.2083	0	0.0085
0.0064	0.0471	-0.0488	0.3256	0.1529	-0.4094	0.8749	0.2586	80	82	6	2	15	0.0066	0.275	0	0.0069
0.006	0.0343	-0.0635	0.3561	0.1452	-0.0725	0.8711	-0.4858	81	83	6	2	16	0.01	0.05	0	0.01
0.0058	0.0012	-0.0674	0.3647	0.1642	-0.1984	0.8448	0.497	82	84	6	2	17	0.01	0.05	0	0.01
0.0065	0.0394	-0.0705	0.3692	0.1645	0.7557	0.6188	-0.2144	83	85	6	2	18	0.0012	0.375	0	0.0092
0.0056	0.0027	-0.0381	0.3798	0.1558	0.9812	0.1912	-0.025	84	86	6	2	19	0.01	0.05	0	0.01
0.0064	0.039	-0.0439	0.3802	0.1529	-0.1606	0.8942	0.4178	85	87	6	2	20	0.0009	0.375	0	0.0096
0.0059	0.0322	-0.0678	0.4315	0.163	0.6276	0.751	0.2051	86	88	6	2	21	0.0059	0.175	0	0.0235
0.0052	0.011	-0.0602	0.4554	0.1692	-0.0095	0.9735	-0.2284	87	89	6	2	22	0.01	0.05	0	0.01
0.0062	0.0268	-0.0514	0.4686	0.1654	-0.0547	0.6008	0.7975	88	90	6	2	23	0.0009	0.375	0	0.009
0.0049	0.0205	-0.0489	0.4977	0.1784	-0.1133	0.5655	0.8169	89	91	6	2	24	0.01	0.05	0	0.01
0.0058	0.0028	-0.0512	0.4977	0.1756	0.3426	0.807	-0.481	90	0	6	2	25	0.002	0.3333	0	0.007
0.0065	0.0688	0.1002	-0.0319	-0.0952	0.4462	-0.8924	-0.0669	32	93	12	2	1	0.0018	0.4167	0	0.0065
0.008	0.0622	0.1226	-0.0946	-0.1051	0.4722	-0.6648	-0.5789	92	94	12	2	2	0.0011	0.2083	0	0.008
0.0084	0.0364	0.1488	-0.1281	-0.1465	0.4847	-0.3491	-0.802	93	95	12	2	3	0.01	0.05	0	0.01
0.0085	0.0421	0.1588	-0.143	-0.1439	0.6635	-0.7406	0.1066	94	96	12	2	4	0.0012	0.375	0	0.0114
0.0081	0.022	0.1728	-0.1788	-0.1404	0.3216	-0.9225	-0.2136	95	97	12	2	5	0.01	0.05	0	0.01
0.0083	0.0409	0.1761	-0.1729	-0.1538	0.9636	0.0519	-0.2624	96	98	12	2	6	0.0009	0.2917	0	0.0114
0.008	0.0461	0.2149	-0.1791	-0.157	0.9189	-0.2956	-0.2611	97	99	12	2	7	0.0067	0.175	0	0.0276
0.0076	0.011	0.251	-0.1885	-0.1643	0.01	-0.7364	0.6765	98	100	12	2	8	0.01	0.05	0	0.01
0.0074	0.0204	0.2511	-0.1966	-0.1569	0.2452	-0.9095	-0.3356	99	101	12	2	9	0.01	0.05	0	0.01
0.0073	0.0167	0.2561	-0.2152	-0.1637	0.9183	0.1995	-0.3421	100	0	12	2	10	0.01	0.05	0	0.01
0.0079	0.0672	0.0572	-0.1752	-0.0854	-0.9707	-0.0607	0.2325	37	103	29	2	1	0.0025	0.375	0	0.0079
0.0082	0.0692	-0.0075	-0.1776	-0.0683	-0.9577	0.2878	-0.0001	102	104	29	2	2	0.001	0.2917	0	0.0092
0.0075	0.0172	-0.0719	-0.1538	-0.0727	-0.9264	0.3692	-0.0745	103	105	29	2	3	0.0008	0.2917	0	0.0095
0.0062	0.0056	-0.0824	-0.1468	-0.075	-0.2123	0.7817	-0.5864	104	106	29	2	4	0.01	0.05	0	0.01
0.0056	0.0131	-0.0845	-0.1402	-0.078	-0.9215	-0.3876	0.0223	105	107	29	2	5	0.01	0.05	0	0.01
0.0043	0.0366	-0.0976	-0.1465	-0.0773	-0.7011	0.6858	0.1953	106	0	29	2	6	0.0021	0.15	0	0.01
0.0081	0.0394	0.078	-0.2087	-0.0955	0.9712	-0.0031	0.2383	38	109	34	2	1	0.002	0.5	0	0.0081
0.0087	0.0002	0.1108	-0.213	-0.0865	0.4257	-0.6186	0.6604	108	110	34	2	2	0.01	0.05	0	0.01
0.0087	0.0118	0.1147	-0.2135	-0.0904	0.6343	0.5448	0.5485	109	111	34	2	3	0.01	0.05	0	0.01
0.0087	0.0165	0.1202	-0.2054	-0.0856	0.5896	-0.0886	-0.8028	110	0	34	2	4	0.01	0.05	0	0.01
0.0076	0.0119	0.0803	-0.2447	-0.0836	-0.8823	-0.4158	-0.2205	40	113	49	2	1	0.0017	0.375	1	0.0115
0.0075	0.0516	0.0698	-0.2497	-0.0863	-0.6191	-0.3906	0.6813	112	114	49	2	2	0.0017	0.375	0	0.0115
0.007	0.0241	0.0325	-0.2721	-0.0565	-0.4306	-0.5975	0.6765	113	115	49	2	3	0.01	0.05	0	0.01
0.0069	0.0357	0.0237	-0.2735	-0.0611	-0.9588	-0.2023	-0.1993	114	116	49	2	4	0.0009	0.3333	0	0.0081
0.0053	0.0204	-0.0116	-0.2772	-0.0619	-0.9553	0.1513	-0.2538	115	117	49	2	5	0.01	0.05	0	0.01
0.0045	0.0072	-0.0222	-0.2849	-0.0629	-0.7632	-0.6447	-0.0436	116	118	49	2	6	0.0021	0.175	0	0.01
0.0035	0.0171	-0.028	-0.2905	-0.0636	-0.7872	0.4265	-0.4454	117	0	49	2	7	0.0023	0.175	0	0.01
0.0088	0.0283	0.1176	-0.266	-0.082	0.63	0.5365	-0.5615	42	120	55	2	1	0.0028	0.4583	1	0.01
0.0088	0.0449	0.1354	-0.2508	-0.0979	-0.0317	-0.4431	0.8959	119	121	55	2	2	0.0028	0.4583	0	0.01
0.0088	0.002	0.1396	-0.2737	-0.0581	-0.1134	-0.3825	0.917	120	122	55	2	3	0.01	0.05	0	0.01
0.0088	0.0178	0.1394	-0.2745	-0.0563	0.0239	-0.5725	0.8195	121	0	55	2	4	0.01	0.05	0	0.01
0.0037	0.0276	0.1084	-0.2902	-0.0738	-0.8524	-0.4251	0.3046	42	124	62	2	1	0.0019	0.375	0	0.0068
0.0042	0.0574	0.0767	-0.2984	-0.0723	-0.4513	-0.889	0.077	123	125	62	2	2	0.0051	0.225	0	0.0108
0.0025	0.0126	0.0552	-0.3485	-0.0734	0.2725	-0.9601	0.0624	124	0	62	2	3	0.004	0.175	0	0.01
0.0098	0.015	0.1591	-0.3643	-0.0647	-0.4802	0.8281	-0.289	47	127	67	2	1	0.0032	0.4583	1	0.0098
0.0098	0.0447	0.1518	-0.3519	-0.0691	0.2451	0.8963	0.3695	126	128	67	2	2	0.0032	0.4583	0	0.0098
0.0098	0.022	0.1698	-0.3189	-0.0652	0.0184	0.8767	-0.4807	127	129	67	2	3	0.0009	0.2917	0	0.0097
0.0098	0.048	0.1818	-0.3091	-0.0573	0.5811	0.8123	0.0493	128	130	67	2	4	0.007	0.375	0	0.0146
0.0098	0.0116	0.2079	-0.2653	-0.0754	0.7097	0.6973	0.1001	129	131	67	2	5	0.0053	0.375	0	0.0088
0.0098	0.0336	0.2147	-0.2722	-0.0824	0.5442	0.3584	-0.7586	130	132	67	2	6	0.01	0.05	0	0.01
0.0098	0.0158	0.2114	-0.2704	-0.0772	-0.0697	0.9603	0.2702	131	0	67	2	7	0.01	0.05	0	0.01
0.0075	0.0171	0.1609	-0.3654	-0.0481	0.9729	0.0208	0.2304	45	134	74	2	1	0.0025	0.4583	1	0.0075
0.0075	0.0661	0.1776	-0.365	-0.0442	0.7462	-0.4254	-0.512	133	135	74	2	2	0.0025	0.4583	0	0.0075
0.0079	0.0328	0.2243	-0.3901	-0.0829	0.701	-0.3689	-0.6104	134	136	74	2	3	0.01	0.05	0	0.01
0.0079	0.0076	0.2432	-0.393	-0.076	0.9586	-0.191	0.2112	135	137	74	2	4	0.01	0.05	0	0.01
0.0077	0.0356	0.2505	-0.3945	-0.0744	0.3108	-0.9438	-0.112	136	0	74	2	5	0.01	0.05	0	0.01
0.0099	0.025	0.1792	-0.3931	-0.0481	0.0533	-0.9247	-0.3769	47	139	85	2	1	0.0034	0.5	0	0.0099
0.0099	0.0766	0.1768	-0.4132	-0.0595	0.4046	-0.1042	-0.9085	138	140	85	2	2	0.0035	0.225	0	0.0157
0.0099	0.0298	0.1991	-0.4314	-0.1289	0.2849	-0.2582	-0.9231	139	141	85	2	3	0.005	0.2	0	0.0162
0.0099	0.0087	0.2058	-0.4394	-0.1545	-0.6869	-0.182	-0.7036	140	142	85	2	4	0.01	0.05	0	0.01
0.0099	0.015	0.1972	-0.4403	-0.1598	0.0602	0.8356	-0.546	141	0	85	2	5	0.01	0.05	0	0.01
0.0082	0.0516	0.2794	-0.3788	-0.0552	-0.6359	0.7254	0.2635	53	144	94	2	1	0.01	0.05	1	0.01
0.0075	0.0254	0.2466	-0.3414	-0.0416	-0.9924	-0.0938	-0.0796	143	145	94	2	2	0.01	0.05	0	0.01
0.0068	0.0414	0.2226	-0.3372	-0.0519	-0.5647	0.6838	0.4621	144	146	94	2	3	0.0013	0.2083	0	0.0086
0.0047	0.0101	0.2033	-0.3128	-0.0324	-0.0927	0.0211	0.9955	145	147	94	2	4	0.0019	0.125	0	0.01
0.0032	0.0144	0.2003	-0.3116	-0.0233	-0.0074	0.7144	0.6997	146	0	94	2	5	0.0004	0.075	0	0.01
0.0081	0.0628	0.0089	0.0794	-0.0655	0.6604	-0.7115	-0.2402	67	149	7	3	1	0.0018	0.4583	0	0.0081
0.0081	0.0409	0.0446	0.0278	-0.0701	0.6325	-0.7578	-0.1602	148	150	7	3	2	0.0027	0.2	0	0.0179
0.0081	0.0531	0.0556	0.0007	-0.0649	0.1654	-0.8544	0.4926	149	151	7	3	3	0.0043	0.275	0	0.0041
0.0081	0.0363	0.0593	-0.0473	-0.0497	-0.195	-0.9316	0.3066	150	152	7	3	4	0.01	0.05	0	0.01
0.0081	0.0256	0.0644	-0.033	-0.0381	0.1668	-0.0534	0.9846	151	153	7	3	5	0.01	0.05	0	0.01
0.0081	0.0185	0.0626	-0.0264	-0.0365	0.0564	-0.9413	-0.3327	152	0	7	3	6	0.01	0.05	0	0.01
0.0068	0.0636	-0.0689	0.0551	0.027	0.5252	0.8457	-0.0952	70	155	8	3	1	0.0028	0.3333	0	0.0075
0.0065	0.0237	-0.0342	0.1063	0.0175	0.5393	0.7584	-0.366	154	156	8	3	2	0.01	0.05	0	0.01
0.0065	0.0335	-0.0275	0.1255	0.0195	0.7009	0.6366	0.3216	155	157	8	3	3	0.003	0.25	0	0.0115
0.006	0.0289	-0.0045	0.1486	0.0346	0.9565	0.2913	-0.0132	156	158	8	3	4	0.0014	0.3333	0	0.0108
0.0047	0.011	0.0217	0.1583	0.0255	0.2869	0.9537	0.0897	157	159	8	3	5	0.0013	0.15	0	0.01
0.004	0.0315	0.0212	0.1669	0.0318	0.4684	0.6874	0.555	158	160	8	3	6	0.0005	0.125	0	0.01
0.0032	0.0196	0.037	0.1896	0.0485	0.1475	0.5081	0.8486	159	0	8	3	7	0.0015	0.125	0	0.01
0.0124	0.0714	-0.0836	0.0627	0.0579	-0.7157	-0.6463	0.2648	71	162	9	3	1	0.0015	0.4167	0	0.0124
0.0124	0.0365	-0.1386	0.028	0.0701	-0.959	-0.2342	0.1594	161	163	9	3	2	0.01	0.05	0	0.01
0.0124	0.0132	-0.1697	0.0129	0.0871	-0.9553	-0.2023	0.2156	162	164	9	3	3	0.001	0.375	0	0.0098
0.0124	0.0427	-0.1801	0.0207	0.0877	-0.9585	0.2415	0.1513	163	165	9	3	4	0.0011	0.2083	0	0.0084
0.0124	0.0328	-0.2217	0.0207	0.0931	-0.9877	0.0604	0.1445	164	166	9	3	5	0.01	0.05	0	0.01
0.0124	0.0229	-0.2454	0.0413	0.1004	-0.8638	0.3567	0.3559	165	167	9	3	6	0.001	0.375	0	0.0129
0.0124	0.0026	-0.2645	0.0535	0.0957	-0.9697	0.243	0.0259	166	168	9	3	7	0.01	0.05	0	0.01
0.0124	0.0794	-0.2704	0.0451	0.107	-0.9629	0.2575	-0.0806	167	169	9	3	8	0.0017	0.25	0	0.0113
0.0124	0.0579	-0.3463	0.0662	0.099	-0.8861	0.4535	-0.0958	168	170	9	3	9	0.01	0.05	0	0.01
0.0124	0.0343	-0.3846	0.0892	0.1283	-0.7913	0.5061	0.3431	169	171	9	3	10	0.0011	0.25	0	0.0147
0.0124	0.0151	-0.3974	0.0955	0.1531	-0.5042	0.3007	0.8095	170	0	9	3	11	0.01	0.05	0	0.01
0.0068	0.0427	-0.0817	0.0474	0.0372	-0.5962	0.2099	0.7749	70	173	10	3	1	0.0028	0.25	1	0.0127
0.0067	0.073	-0.1081	0.0545	0.0706	-0.6911	0.5023	0.5197	172	174	10	3	2	0.0057	0.25	0	0.0127
0.0063	0.0067	-0.1488	0.0937	0.1133	-0.2827	0.9553	0.0871	173	175	10	3	3	0.01	0.05	0	0.01
0.0063	0.027	-0.1597	0.1081	0.1032	-0.7743	-0.0412	0.6315	174	176	10	3	4	0.0049	0.225	0	0.0149
0.0061	0.0446	-0.1809	0.116	0.1119	-0.5059	-0.5978	-0.6219	175	177	10	3	5	0.001	0.3333	0	0.0108
0.0049	0.0327	-0.2027	0.0843	0.0943	-0.8224	-0.532	-0.2017	176	178	10	3	6	0.0039	0.15	0	0.01
0.0051	0.0167	-0.2083	0.0679	0.1042	-0.2434	-0.8982	0.3661	177	179	10	3	7	0.0014	0.25	0	0.0083
0.0038	0	-0.2117	0.0527	0.1104	-0.3621	-0.9137	0.1844	178	180	10	3	8	0.0034	0.2	0	0.01
0.0033	0.014	-0.2111	0.0542	0.1103	-0.9329	0.3412	-0.1149	179	0	10	3	9	0.001	0.15	0	0.01
0.0097	0.0683	-0.0911	0.0962	0.0676	0.494	0.8637	-0.0996	71	182	11	3	1	0.002	0.5	0	0.0097
0.0097	0.0023	-0.054	0.1513	0.0687	0.4993	0.8435	0.1981	181	183	11	3	2	0.01	0.05	0	0.01
0.0097	0.0283	-0.0528	0.1533	0.0692	0.8929	-0.1528	-0.4236	182	0	11	3	3	0.01	0.05	0	0.01
0.0066	0.0267	-0.0998	0.17	0.129	-0.9885	-0.0146	0.1505	76	185	28	3	1	0.0009	0.2917	1	0.0105
0.0066	0.0521	-0.1262	0.1696	0.1331	-0.8416	0.4497	0.2991	184	186	28	3	2	0.0009	0.2917	0	0.0105
0.0063	0.0002	-0.1714	0.1954	0.1381	-0.8701	0.4433	0.2157	185	187	28	3	3	0.01	0.05	0	0.01
0.0063	0.029	-0.1739	0.1956	0.1454	-0.1173	0.9919	-0.0495	186	188	28	3	4	0.0027	0.2	0	0.0118
0.0058	0.0131	-0.1766	0.2203	0.14	0.6116	0.6011	-0.5144	187	189	28	3	5	0.01	0.05	0	0.01
0.006	0.0336	-0.1701	0.2292	0.1367	0.8923	0.3645	0.2664	188	190	28	3	6	0.0007	0.375	0	0.0069
0.0051	0.0001	-0.1466	0.2452	0.1478	0.5421	0.6483	0.5346	189	191	28	3	7	0.01	0.05	0	0.01
0.0048	0.0176	-0.1454	0.2455	0.1512	0.729	0.6212	-0.2876	190	192	28	3	8	0.0002	0.125	0	0.01
0.004	0.0618	-0.1417	0.2562	0.144	-0.052	0.9877	0.1476	191	193	28	3	9	0.0036	0.125	0	0.01
0.0031	0.0254	-0.1427	0.3141	0.1566	0.9001	0.355	-0.2525	192	0	28	3	10	0.0012	0.1	0	0.01
0.0065	0.0206	-0.0219	0.229	0.1246	0.0975	-0.7677	-0.6333	78	195	61	3	1	0.0083	0.15	1	0.0221
0.0065	0.0537	-0.0097	0.2071	0.1177	0.5972	0.7706	-0.2226	194	196	61	3	2	0.0062	0.3	0	0.0221
0.0064	0.0095	0.0148	0.2456	0.1157	0.0209	0.9567	0.2903	195	197	61	3	3	0.01	0.05	0	0.01
0.0064	0.0181	0.015	0.2547	0.1184	-0.0055	0.9666	-0.2563	196	198	61	3	4	0.01	0.05	0	0.01
0.0064	0.0429	0.0125	0.2693	0.1111	0.8545	-0.4346	-0.2847	197	199	61	3	5	0.0009	0.3333	0	0.0072
0.0061	0.0198	0.0478	0.2504	0.0927	0.9575	-0.2136	-0.1941	198	200	61	3	6	0.01	0.05	0	0.01
0.0062	0.0071	0.0615	0.2474	0.0829	0.3586	-0.8023	-0.4772	199	201	61	3	7	0.0061	0.225	0	0.0141
0.0058	0.002	0.065	0.2518	0.0752	0.8474	-0.2706	-0.4568	200	202	61	3	8	0.01	0.05	0	0.01
0.0059	0.0412	0.0713	0.24	0.0757	0.8851	0.3945	0.2467	201	203	61	3	9	0.0011	0.3333	0	0.0103
0.0055	0.0394	0.1077	0.2596	0.0818	0.8163	0.4553	0.3554	202	204	61	3	10	0.0006	0.2917	0	0.0061
0.0047	0.0263	0.1412	0.2749	0.0916	0.9702	0.1033	0.2193	203	205	61	3	11	0.0005	0.125	0	0.01
0.0052	0.0294	0.1637	0.2728	0.1055	0.9417	-0.2934	0.1649	204	206	61	3	12	0.0045	0.275	0	0.0112
0.0039	0.0371	0.1923	0.2759	0.1089	0.995	-0.0832	-0.0553	205	207	61	3	13	0.0027	0.15	0	0.01
0.0034	0.0054	0.1846	0.2956	0.1097	0.455	0.8905	0.0028	206	0	61	3	14	0.0019	0.15	0	0.01
0.0025	0.0327	-0.058	0.3116	0.1678	0.2647	0.8654	0.4255	80	209	68	3	1	0.01	0.05	0	0.01
0.0025	0.025	-0.0475	0.3385	0.1853	0.3405	0.9248	0.1695	208	210	68	3	2	0.01	0.05	0	0.01
0.0025	0.0181	-0.039	0.3616	0.1895	0.7242	-0.5448	-0.4228	209	0	68	3	3	0.01	0.05	0	0.01
0.0069	0.0263	-0.069	0.4392	0.1633	-0.3438	-0.8467	0.406	87	212	83	3	1	0.0018	0.4167	0	0.0069
0.0069	0.0481	-0.0843	0.4247	0.1663	-0.6428	-0.7346	-0.2172	211	213	83	3	2	0.0008	0.3333	0	0.0059
0.0069	0.0024	-0.1089	0.3916	0.1521	-0.3091	-0.4984	-0.8099	212	214	83	3	3	0.01	0.05	0	0.01
0.0069	0.0518	-0.1153	0.3896	0.1562	0.0802	-0.9955	-0.0506	213	215	83	3	4	0.0023	0.275	0	0.0121
0.0069	0.0279	-0.1116	0.3455	0.1536	0.9951	0.0719	-0.0681	214	216	83	3	5	0.0008	0.25	0	0.0086
0.0069	0.0178	-0.0836	0.345	0.156	0.8967	0.407	0.1739	215	217	83	3	6	0.01	0.05	0	0.01
0.0069	0.0148	-0.0771	0.3368	0.1535	0.8669	-0.4825	-0.1254	216	218	83	3	7	0.01	0.05	0	0.01
0.0069	0.0267	-0.0769	0.3401	0.1551	-0.6573	-0.7395	-0.1455	217	0	83	3	8	0.01	0.05	0	0.01
0.0025	0.0221	0.163	-0.1311	-0.1544	0.9102	-0.2468	0.3327	94	220	36	3	1	0.006	0.25	1	0.01
0.0025	0.0303	0.1823	-0.1439	-0.1484	0.9415	-0.1693	0.2914	219	221	36	3	2	0.004	0.225	0	0.01
0.0025	0.0153	0.2111	-0.1504	-0.14	-0.2895	-0.3115	0.9051	220	0	36	3	3	0.004	0.2	0	0.01
0.0075	0.0178	0.1596	-0.1495	-0.1356	-0.3575	-0.2488	0.9002	95	223	37	3	1	0.0016	0.4167	1	0.0075
0.0075	0.0483	0.1533	-0.1539	-0.1196	0.8779	-0.3742	0.2988	222	224	37	3	2	0.0016	0.4167	0	0.0075
0.008	0.0179	0.1891	-0.1697	-0.0958	0.7747	-0.2042	0.5985	223	225	37	3	3	0.01	0.05	0	0.01
0.008	0.0428	0.1997	-0.1837	-0.097	0.3358	-0.7511	0.5683	224	226	37	3	4	0.0028	0.225	0	0.0204
0.0077	0.0329	0.2128	-0.2115	-0.0842	-0.029	-0.9365	-0.3496	225	0	37	3	5	0.01	0.05	0	0.01
0.0066	0.0439	-0.0052	-0.1699	-0.0699	0.8295	-0.5489	-0.1029	103	228	35	3	1	0.0006	0.4167	0	0.0066
0.0076	0.0564	0.0334	-0.1967	-0.0739	-0.7607	-0.6468	-0.0537	227	229	35	3	2	0.0012	0.25	0	0.0096
0.0073	0.0046	-0.0036	-0.2389	-0.0761	-0.6561	-0.7141	-0.2442	228	230	35	3	3	0.01	0.05	0	0.01
0.0071	0.033	-0.0067	-0.2422	-0.0772	-0.7792	-0.6067	-0.1574	229	231	35	3	4	0.01	0.05	0	0.01
0.007	0.0171	-0.0324	-0.2623	-0.0824	-0.11	-0.0471	0.9928	230	232	35	3	5	0.01	0.05	0	0.01
0.0069	0.0021	-0.034	-0.263	-0.0666	0.973	-0.0049	0.231	231	0	35	3	6	0.01	0.05	0	0.01
0.0025	0.0747	-0.0899	-0.143	-0.081	0.7916	0.5038	0.3459	104	0	56	3	1	0.01	0.05	0	0.01
0.0084	0.0639	0.2575	-0.3926	-0.0772	0.4918	0.8149	0.3068	137	235	80	3	1	0.002	0.3333	0	0.0131
0.0084	0.0352	0.2805	-0.3432	-0.0452	-0.5348	0.8262	-0.1774	234	236	80	3	2	0.0009	0.4167	0	0.0084
0.0084	0.015	0.2626	-0.3132	-0.052	-0.7107	0.6999	0.0706	235	0	80	3	3	0.01	0.05	0	0.01
0.0089	0.0507	0.0159	0.0825	-0.0624	0.7767	-0.5915	0.2164	148	238	14	4	1	0.002	0.4167	0	0.0089
0.0089	0.0206	0.0525	0.0521	-0.0509	0.1904	-0.9166	0.3516	237	239	14	4	2	0.0012	0.2083	0	0.007
0.0089	0.0126	0.0553	0.0308	-0.0442	0.9084	-0.373	-0.1888	238	0	14	4	3	0.0014	0.2917	0	0.0065
0.0075	0.0453	0.0078	0.077	-0.0578	-0.5278	0.0501	0.8479	148	241	118	4	1	0.0016	0.5	0	0.0075
0.0075	0.0307	-0.0116	0.0749	-0.0179	-0.3788	-0.0633	0.9233	240	242	118	4	2	0.01	0.05	0	0.01
0.0075	0.001	-0.0261	0.0877	-0.0089	-0.6728	0.5394	0.5063	241	0	118	4	3	0.01	0.05	0	0.01
0.0124	0.0442	0.0664	0.0042	-0.0673	-0.0232	0.0889	0.9958	149	244	30	4	1	0.0023	0.375	0	0.0126
0.0124	0.0266	0.0646	0.0266	-0.0394	0.8071	0.4077	0.427	243	245	30	4	2	0.0035	0.3	0	0.018
0.0124	0.0492	0.0696	0.0245	-0.0214	0.2196	-0.6509	-0.7267	244	246	30	4	3	0.0031	0.2917	0	0.0079
0.0124	0.0102	0.058	0.012	-0.0603	-0.5354	-0.6936	-0.4819	245	247	30	4	4	0.0103	0.3125	0	0.0159
0.0124	0.026	0.0679	-0.0117	-0.0599	-0.4763	-0.6364	-0.6068	246	248	30	4	5	0.01	0.05	0	0.01
0.0124	0.0298	0.0658	-0.0067	-0.0654	-0.8276	0.1316	0.5457	247	249	30	4	6	0.0009	0.4583	0	0.0124
0.0124	0.0039	0.0433	0.0011	-0.0615	-0.6041	-0.7249	-0.3311	248	250	30	4	7	0.01	0.05	0	0.01
0.0124	0.0117	0.0389	-0.0042	-0.0566	0.2189	-0.9269	-0.3049	249	251	30	4	8	0.01	0.05	0	0.01
0.0124	0.0135	0.0421	-0.0128	-0.0592	-0.0206	-0.4101	0.9118	250	252	30	4	9	0.01	0.05	0	0.01
0.0124	0.0173	0.0418	-0.0183	-0.0469	-0.8499	-0.4752	0.2277	251	0	30	4	10	0.01	0.05	0	0.01
0.0057	0.0473	0.0093	0.1567	0.0391	-0.3734	0.6506	0.6613	157	254	22	4	1	0.0019	0.4167	0	0.0083
0.0057	0.0011	-0.0078	0.1851	0.0729	-0.4035	0.6004	0.6904	253	255	22	4	2	0.01	0.05	0	0.01
0.0057	0.0209	-0.0082	0.1861	0.0734	-0.1421	0.5968	0.7897	254	256	22	4	3	0.01	0.05	0	0.01
0.0057	0.0062	-0.0147	0.1975	0.0919	-0.4163	0.87	-0.2643	255	0	22	4	4	0.01	0.05	0	0.01
0.0076	0.0081	-0.2553	0.0581	0.1023	-0.4585	0.8768	-0.1452	166	258	24	4	1	0.0018	0.5	0	0.0076
0.011	0.025	-0.2363	0.051	0.1034	0.4803	0.6705	-0.5656	257	259	24	4	2	0.0076	0.4583	0	0.0115
0.0096	0.0274	-0.2356	0.0568	0.0828	0.7309	-0.6639	-0.1584	258	260	24	4	3	0.01	0.05	0	0.01
0.0091	0.0184	-0.2362	0.0641	0.0846	0.7862	0.5976	0.1577	259	261	24	4	4	0.01	0.05	0	0.01
0.0084	0.0242	-0.2217	0.0751	0.0875	-0.1343	0.8286	-0.5435	260	0	24	4	5	0.01	0.05	0	0.01
0.0079	0.0603	-0.2704	0.0424	0.0983	-0.1704	-0.9466	0.2738	167	263	26	4	1	0.01	0.05	0	0.01
0.0075	0.0535	-0.2887	-0.0167	0.118	0.3943	-0.7848	0.4782	262	264	26	4	2	0.0009	0.4583	0	0.0075
0.0077	0.0018	-0.2825	-0.0592	0.141	-0.0102	-0.9724	0.2332	263	265	26	4	3	0.01	0.05	0	0.01
0.0075	0.0151	-0.2828	-0.061	0.1401	-0.9518	-0.2354	0.1968	264	0	26	4	4	0.0016	0.2917	0	0.0064
0.0025	0.0839	-0.2016	0.0812	0.0979	0.5183	0.8108	0.2719	177	267	41	4	1	0.0071	0.225	1	0.01
0.0025	0.0126	-0.1634	0.1491	0.1087	0.3518	-0.9248	-0.1451	266	268	41	4	2	0.0029	0.125	0	0.01
0.0025	0.0295	-0.1588	0.1367	0.1082	0.8848	-0.3454	-0.313	267	0	41	4	3	0.0019	0.2	0	0.01
0.0106	0.0262	-0.1166	0.1674	0.1238	0.6427	-0.081	-0.7618	185	270	33	4	1	0.0026	0.4167	1	0.0106
0.0106	0.0529	-0.0998	0.1652	0.1038	0.9337	-0.2267	-0.2771	269	271	33	4	2	0.0026	0.4167	0	0.0106
0.0106	0.0315	-0.0554	0.1498	0.0981	0.6048	-0.7958	0.0317	270	272	33	4	3	0.01	0.05	0	0.01
0.0106	0.0267	-0.0391	0.1319	0.0849	0.5963	-0.6632	-0.4525	271	273	33	4	4	0.01	0.05	0	0.01
0.0106	0.0295	-0.035	0.1249	0.065	0.251	-0.3807	-0.89	272	0	33	4	5	0.01	0.05	0	0.01
0.0097	0.0191	-0.155	0.1847	0.1364	-0.2177	0.0743	-0.9732	185	275	47	4	1	0.0014	0.375	1	0.0072
0.0097	0.0289	-0.1592	0.1861	0.1178	-0.5439	-0.745	0.3861	274	276	47	4	2	0.0014	0.375	0	0.0072
0.0097	0.0072	-0.1717	0.1683	0.1261	0.5832	0.1226	0.803	275	277	47	4	3	0.01	0.05	0	0.01
0.0097	0.0269	-0.1693	0.1692	0.1317	0.0025	-0.999	0.0448	276	278	47	4	4	0.01	0.05	0	0.01
0.0097	0.0143	-0.1614	0.133	0.1294	-0.5003	-0.6412	0.5819	277	279	47	4	5	0.01	0.05	0	0.01
0.0097	0.0355	-0.1644	0.135	0.1419	-0.7258	0.4605	-0.511	278	280	47	4	6	0.0009	0.4167	0	0.0097
0.0097	0.0295	-0.1833	0.1385	0.1291	-0.8792	-0.4762	-0.0124	279	281	47	4	7	0.001	0.2917	0	0.012
0.0097	0.035	-0.2071	0.129	0.1305	-0.892	0.2818	0.3536	280	282	47	4	8	0.001	0.3333	0	0.0093
0.0097	0.0021	-0.2319	0.1335	0.1472	-0.4166	0.2208	0.8819	281	283	47	4	9	0.01	0.05	0	0.01
0.0097	0.0343	-0.2372	0.1297	0.1464	-0.6161	0.7629	-0.1962	282	0	47	4	10	0.01	0.05	0	0.01
0.0057	0.0431	-0.1684	0.2348	0.1418	-0.9565	-0.1994	0.2131	189	285	54	4	1	0.0013	0.3333	0	0.0095
0.0055	0.0049	-0.195	0.2169	0.1545	-0.5191	-0.8479	-0.1077	284	286	54	4	2	0.01	0.05	0	0.01
0.0055	0.0124	-0.2044	0.2112	0.1534	0.2231	-0.9748	0.0087	285	287	54	4	3	0.0009	0.25	0	0.0082
0.0052	0.0024	-0.2075	0.2042	0.1545	-0.657	-0.7082	-0.2586	286	288	54	4	4	0.01	0.05	0	0.01
0.005	0.039	-0.2042	0.1974	0.1555	-0.5852	-0.6889	-0.4277	287	289	54	4	5	0.0011	0.2083	0	0.0095
0.0041	0.0014	-0.2213	0.1656	0.1419	-0.5082	-0.8012	-0.3159	288	290	54	4	6	0.0024	0.175	0	0.01
0.0043	0.0205	-0.2262	0.161	0.1383	-0.7475	0.4126	0.5205	289	0	54	4	7	0.0026	0.15	0	0.0128
0.0058	0.0282	0.058	0.2468	0.0891	-0.4917	-0.0952	0.8655	200	292	78	4	1	0.0005	0.375	1	0.0106
0.0058	0.0265	0.0441	0.2441	0.1135	-0.5848	-0.7128	-0.3871	291	293	78	4	2	0.0005	0.375	0	0.0106
0.0056	0.0289	0.032	0.2229	0.1033	0.0568	0.0338	-0.9978	292	294	78	4	3	0.001	0.3333	0	0.0081
0.0052	0.0196	0.0226	0.2232	0.0816	-0.4902	-0.3532	-0.7968	293	295	78	4	4	0.01	0.05	0	0.01
0.0052	0.0541	0.0164	0.219	0.0737	0.889	-0.3837	-0.2498	294	296	78	4	5	0.0011	0.375	0	0.01
0.0037	0.0001	0.0593	0.1949	0.0569	0.5315	-0.8459	0.0445	295	297	78	4	6	0.0019	0.175	0	0.01
0.0031	0.0142	0.0587	0.1937	0.0568	0.6383	-0.3337	-0.6937	296	0	78	4	7	0.0049	0.175	0	0.01
0.0102	0.041	0.1451	0.2725	0.0885	0.0326	-0.975	-0.2197	204	299	107	4	1	0.0022	0.5	0	0.0102
0.0102	0.0039	0.1409	0.2398	0.0764	-0.6322	-0.6549	-0.4141	298	300	107	4	2	0.01	0.05	0	0.01
0.0102	0.0195	0.1385	0.2372	0.0748	0.243	-0.6786	-0.6931	299	0	107	4	3	0.01	0.05	0	0.01
0.0065	0.0748	-0.285	-0.055	0.1363	0.6633	0.6265	-0.4092	265	302	39	5	1	0.0017	0.4583	0	0.0065
0.007	0.0434	-0.239	-0.0027	0.1074	-0.0897	-0.3436	0.9348	301	303	39	5	2	0.0009	0.4167	0	0.007
0.0069	0.0012	-0.2395	-0.0135	0.1475	0.3243	-0.1699	0.9306	302	304	39	5	3	0.01	0.05	0	0.01
0.0068	0.0219	-0.2391	-0.0137	0.1487	0.8956	-0.3376	0.2897	303	305	39	5	4	0.01	0.05	0	0.01
0.0066	0.0205	-0.2194	-0.0211	0.155	0.2013	-0.1566	0.9669	304	0	39	5	5	0.01	0.05	0	0.01
0.0079	0.0803	-0.2934	-0.0562	0.1401	0.6829	0.6701	0.2908	265	307	50	5	1	0.003	0.4583	0	0.0079
0.0079	0.0441	-0.2545	0.0019	0.1565	0.18	0.9676	0.177	306	308	50	5	2	0.01	0.05	0	0.01
0.0079	0.0246	-0.2471	0.0116	0.181	0.2731	0.4333	0.8589	307	0	50	5	3	0.01	0.05	0	0.01
