radius (m)	length (m)	start_point	axis_direction	parent	extension	branch	branch_order	position_in_branch	mad	SurfCov	added	UnmodRadius (m)
0.0167	0.1355	-2.0399	0.1586	-0.2299	0.9452	-0.2547	0.2044	0	2	1	0	1	0.0034	0.45	0	0.0162
0.0164	0.0837	-1.9115	0.1262	-0.2011	0.8972	-0.3304	0.2929	1	3	1	0	2	0.0023	0.75	0	0.0164
0.0284	0.0445	-1.8226	0.0547	-0.1693	0.9541	0.2985	-0.0238	2	4	1	0	3	0.0026	0.4583	0	0.0319
0.0216	0.1625	-1.7879	0.0702	-0.1563	-0.3546	-0.9335	-0.0533	3	5	1	0	4	0.0195	0.4236	0	0.0226
0.0164	0.0435	-1.8498	-0.0691	-0.1626	-0.9233	-0.2636	-0.2792	4	0	1	0	5	0.0041	0.15	0	0.0089
0.0205	0.1652	-1.8107	-0.0126	-0.1519	0.9463	0.3145	0.0743	4	7	34	1	1	0.0054	0.2	0	0.0317
0.0205	0.4315	-1.6499	0.0949	-0.1519	0.9734	-0.0288	0.2273	6	8	34	1	2	0.0322	0.5682	0	0.2118
0.0205	0.0423	-1.2269	0.101	-0.0714	0.9836	0.0129	0.1801	7	9	34	1	3	0.0364	0.4225	0	0.0526
0.0204	0.1316	-1.1853	0.082	-0.0599	0.9956	0.018	0.0922	8	10	34	1	4	0.0479	0.6857	0	0.2127
0.0205	0.0863	-1.0532	0.0975	-0.0532	0.9934	-0.0999	-0.0566	9	11	34	1	5	0.0368	0.6121	0	0.0442
0.0203	0.3373	-0.9674	0.0554	-0.0407	0.9989	0.0241	0.0414	10	12	34	1	6	0.0461	0.65	0	0.2206
0.0204	0.2278	-0.6337	0.0003	-0.0354	0.9966	-0.0586	0.0581	11	13	34	1	7	0.0404	0.5147	0	0.0568
0.02	0.288	-0.4101	0.074	-0.013	0.9992	0.0387	0.0116	12	14	34	1	8	0.0314	0.58	0	0.2291
0.0182	0.2211	-0.1857	0.2109	-0.0158	0.8933	0.4488	-0.0251	13	15	34	1	9	0.0129	0.5	0	0.0182
0.0178	0.3289	-0.0595	0.3702	-0.1112	0.7746	0.5938	-0.2176	14	16	34	1	10	0.0203	0.3382	0	0.0178
0.0197	0.238	0.0823	0.0634	0.0067	0.9785	-0.1909	0.0776	15	17	34	1	11	0.0184	0.5	0	0.0783
0.0192	0.2056	0.276	-0.0689	0.0386	0.9132	-0.3975	0.0903	16	18	34	1	12	0.0148	0.5682	0	0.0193
0.0193	0.1979	0.4131	0.1707	0.0768	0.974	0.1427	0.1759	17	19	34	1	13	0.0039	0.4286	0	0.0198
0.0196	0.0772	0.6029	0.2175	0.0273	0.9561	0.2914	0.0295	18	20	34	1	14	0.0056	0.5	0	0.0365
0.0202	0.0395	0.6751	0.1803	0.0898	0.9779	0.1359	0.1591	19	21	34	1	15	0.0021	0.5833	0	0.0222
0.0201	0.1101	0.6327	0.0117	0.1623	0.8906	-0.2781	0.3598	20	22	34	1	16	0.0091	0.5167	0	0.0255
0.0144	0.0545	0.7199	0.159	0.0594	0.9916	0.1124	0.0643	21	23	34	1	17	0.0017	0.6667	0	0.0144
0.0193	0.0671	0.773	0.1521	0.0167	0.9937	0.1011	-0.0482	22	24	34	1	18	0.0052	0.5	0	0.0337
0.0193	0.0449	0.7078	0.2649	-0.0977	0.7578	0.4866	-0.4347	23	25	34	1	19	0.0017	0.375	0	0.0215
0.0196	0.0878	0.7094	0.3045	-0.1355	0.6176	0.5739	-0.5377	24	26	34	1	20	0.0086	0.46	0	0.0363
0.0141	0.1244	0.8139	0.3211	-0.1379	0.7365	0.5126	-0.4414	25	27	34	1	21	0.003	0.575	0	0.0141
0.0195	0.1409	0.8891	0.2344	-0.0769	0.9961	-0.0565	0.0683	26	28	34	1	22	0.014	0.5313	0	0.0201
0.0146	0.0744	0.9596	0.143	-0.0061	0.828	-0.4269	0.3636	27	29	34	1	23	0.0024	0.5833	0	0.0146
0.0191	0.2346	0.9978	0.0717	0.0222	0.836	-0.4847	0.2572	28	30	34	1	24	0.0184	0.2583	0	0.0328
0.0165	0.0359	0.9719	-0.0835	0.0805	0.1615	-0.8858	0.4351	29	31	34	1	25	0.002	0.75	0	0.0165
0.0167	0.2197	0.9645	-0.1281	0.0377	0.1146	-0.9754	0.1882	30	32	34	1	26	0.0106	0.5909	0	0.0168
0.0186	0.103	1.145	-0.1865	0.0432	0.7042	-0.7092	-0.0341	31	33	34	1	27	0.0066	0.4833	0	0.0255
0.0179	0.0541	1.2242	-0.2253	0.0693	0.9387	-0.3112	0.1483	32	34	34	1	28	0.0022	0.5833	0	0.0183
0.0156	0.0874	1.1991	-0.191	0.1744	0.7171	-0.2027	0.6669	33	35	34	1	29	0.0027	0.625	0	0.0156
0.0182	0.0655	1.2843	-0.2355	0.1854	0.8076	-0.2588	0.5299	34	36	34	1	30	0.0016	0.5417	0	0.0188
0.0138	0.0594	1.318	-0.2836	0.1576	0.859	-0.5119	-0.0079	35	37	34	1	31	0.0017	0.7083	0	0.0138
0.0149	0.0753	1.3413	-0.2959	0.2133	0.7043	-0.4958	0.5081	36	38	34	1	32	0.0021	0.8333	0	0.0149
0.0138	0.0154	1.4014	-0.3234	0.2013	0.8219	-0.5696	0.0041	37	39	34	1	33	0.0013	0.5	0	0.0091
0.0184	0.0787	1.4155	-0.3313	0.1849	0.9902	0.1066	0.0903	38	40	34	1	34	0.0046	0.26	0	0.0242
0.0138	0.0225	1.4844	-0.3332	0.1797	0.8622	-0.208	-0.4619	39	41	34	1	35	0.01	0.05	0	0.01
0.0158	0.0323	1.5104	-0.3355	0.1788	0.752	-0.5342	-0.3862	40	0	34	1	36	0.0038	0.3333	0	0.0167
0.0153	0.267	-1.5179	0.0706	-0.1185	-0.758	-0.6458	-0.0914	7	43	2	2	1	0.003	0.5417	1	0.0156
0.0151	0.0837	-1.7203	-0.1018	-0.1429	-0.8156	-0.5711	0.0931	42	44	2	2	2	0.003	0.5417	0	0.0156
0.0143	0.039	-1.7795	-0.1599	-0.1344	-0.7454	-0.6449	0.169	43	45	2	2	3	0.0017	0.5833	0	0.0146
0.0119	0.0492	-1.8205	-0.1863	-0.1279	0.0882	-0.8936	0.44	44	0	2	2	4	0.0017	0.5	0	0.0119
0.0096	0.2238	-0.8562	0.0387	-0.042	-0.4644	-0.8425	-0.2729	11	47	3	2	1	0.0023	0.4688	1	0.0096
0.0096	0.0978	-0.9602	-0.1499	-0.1031	-0.7027	-0.1909	-0.6854	46	0	3	2	2	0.0023	0.4688	0	0.0096
0.0107	0.3252	-1.0215	0.1135	-0.0624	0.8647	0.4356	-0.2502	10	49	4	2	1	0.0041	0.5417	1	0.0107
0.0107	0.0716	-0.7403	0.2551	-0.1437	0.9227	0.2713	-0.2738	48	0	4	2	2	0.0041	0.5417	0	0.0107
0.0128	0.4133	-1.0126	0.1135	-0.0602	0.9189	0.361	-0.159	10	51	5	2	1	0.0025	0.6667	1	0.0128
0.0128	0.0859	-0.6328	0.2627	-0.1259	0.9903	0.0554	-0.1273	50	52	5	2	2	0.0025	0.6667	0	0.0128
0.0154	0.0837	-0.5432	0.2739	-0.1489	0.9471	-0.1097	0.3015	51	53	5	2	3	0.0019	0.4167	0	0.0165
0.0167	0.0536	-0.472	0.2542	-0.1399	-0.6876	-0.4039	0.6034	52	54	5	2	4	0.0043	0.4	0	0.0312
0.011	0.0637	-0.505	0.2365	-0.0885	-0.9712	-0.0983	0.217	53	0	5	2	5	0.0017	0.625	0	0.011
0.019	0.3045	-0.2761	0.0606	-0.0189	-0.7891	-0.5714	-0.2254	13	56	6	2	1	0.0057	0.3056	1	0.0246
0.0188	0.2483	-0.5168	-0.1085	-0.0885	0.9032	0.1534	0.401	55	57	6	2	2	0.009	0.3615	0	0.0246
0.0139	0.0171	-0.2826	-0.0776	-0.0194	0.9268	0.2939	0.2336	56	58	6	2	3	0.0015	0.2917	0	0.0128
0.0138	0.1574	-0.2645	-0.0633	-0.0066	0.9709	-0.2391	0.0098	57	59	6	2	4	0.0023	0.625	0	0.0126
0.0186	0.122	-0.1072	-0.1215	-0.0256	0.9788	0.0122	0.2043	58	60	6	2	5	0.0063	0.5667	0	0.0371
0.0184	0.0895	0.0121	-0.1196	-0.0001	0.9776	0.1351	0.1615	59	61	6	2	6	0.0077	0.6	0	0.0494
0.0161	0.1013	0.0945	-0.1016	0.0331	0.9663	0.1247	0.2253	60	62	6	2	7	0.0024	0.8125	0	0.0161
0.0179	0.2029	0.1953	-0.095	0.0393	0.985	0.1117	0.1317	61	63	6	2	8	0.0092	0.44	0	0.0484
0.0182	0.0441	0.395	-0.0736	0.0724	0.9995	0.0182	0.0243	62	64	6	2	9	0.0018	0.6667	0	0.0183
0.0177	0.033	0.4414	-0.0603	0.0658	0.9875	-0.106	0.1162	63	65	6	2	10	0.002	0.5	0	0.0182
0.0161	0.0743	0.4766	-0.0718	0.0781	0.7025	-0.3962	-0.5912	64	66	6	2	11	0.0021	0.5417	0	0.0161
0.017	0.0449	0.5416	-0.094	0.0304	0.2952	-0.7993	-0.5234	65	67	6	2	12	0.0029	0.3333	0	0.0181
0.0177	0.0436	0.5661	-0.1221	-0.0011	0.0795	-0.7721	-0.6305	66	68	6	2	13	0.0074	0.3	0	0.0257
0.0174	0.0568	0.6021	-0.1464	-0.039	0.0589	-0.8259	-0.5607	67	69	6	2	14	0.0081	0.45	0	0.0252
0.012	0.0653	0.6059	-0.1838	-0.0787	0.9715	-0.1762	-0.1587	68	70	6	2	15	0.0017	0.7083	0	0.012
0.012	0.0413	0.6782	-0.1937	-0.1009	0.7976	0.0292	0.6024	69	0	6	2	16	0.0029	0.2917	0	0.0104
0.0147	0.0929	-0.1888	0.2162	-0.033	0.3664	0.5056	-0.7811	14	0	7	2	1	0.004	0.4167	0	0.0147
0.0136	0.0562	-0.1186	0.2417	-0.0357	0.2316	-0.041	-0.972	14	73	8	2	1	0.0029	0.5	1	0.0136
0.0136	0.0813	-0.1056	0.2394	-0.0903	0.9996	0.0276	-0.0049	72	74	8	2	2	0.0029	0.5	0	0.0136
0.0118	0.0778	-0.0227	0.2463	-0.0943	0.9559	-0.1243	0.2662	73	75	8	2	3	0.0015	0.625	0	0.0118
0.013	0.0592	0.0599	0.2372	-0.0747	0.1494	-0.7538	0.6399	74	76	8	2	4	0.0018	0.5	0	0.013
0.0154	0.0618	0.0789	0.1874	-0.0416	-0.0185	-0.6921	0.7215	75	0	8	2	5	0.0067	0.4	0	0.0392
0.0123	0.2053	0.0943	0.0799	0.0006	0.5631	0.7753	-0.286	16	78	9	2	1	0.0023	0.6667	1	0.0123
0.0123	0.0794	0.2099	0.2391	-0.0581	0.812	0.2736	-0.5157	77	79	9	2	2	0.0023	0.6667	0	0.0123
0.0107	0.0477	0.2743	0.2614	-0.099	0.8546	0.1603	-0.4938	78	80	9	2	3	0.0014	0.4583	0	0.0105
0.0105	0.0482	0.3162	0.2673	-0.1211	0.8791	0.2544	-0.4031	79	0	9	2	4	0.01	0.05	0	0.01
0.0111	0.2404	0.1002	0.4706	-0.1498	0.0183	-0.9615	0.2742	15	82	10	2	1	0.0039	0.6667	1	0.0111
0.0111	0.0852	0.1046	0.2394	-0.0838	0.6842	0.5431	-0.4867	81	0	10	2	2	0.0039	0.6667	0	0.0111
0.0123	0.2111	0.1024	0.0784	0.0015	0.7856	0.5849	-0.2017	16	84	11	2	1	0.0036	0.625	1	0.0123
0.0123	0.0497	0.2683	0.2019	-0.0411	0.8708	0.4915	-0.0143	83	85	11	2	2	0.0036	0.625	0	0.0123
0.0111	0.0693	0.3165	0.2178	-0.0407	0.7963	0.4046	-0.4496	84	86	11	2	3	0.0018	0.75	0	0.0111
0.0119	0.0841	0.3688	0.2481	-0.0759	0.8473	0.1679	-0.5039	85	87	11	2	4	0.0016	0.4583	0	0.0119
0.0111	0.0323	0.4385	0.2645	-0.1238	0.9654	0.1644	-0.2024	86	0	11	2	5	0.0027	0.5417	0	0.0081
0.0191	0.1346	0.627	0.0284	0.1431	-0.2191	0.6397	-0.7368	21	89	12	2	1	0.0033	0.5417	1	0.031
0.019	0.0615	0.6006	0.1158	0.0579	0.9763	0.011	-0.2162	88	90	12	2	2	0.0066	0.5	0	0.031
0.019	0.1224	0.6594	0.1129	0.0404	0.9676	-0.2335	-0.0958	89	91	12	2	3	0.0113	0.5714	0	0.0328
0.018	0.0548	0.7687	0.0763	0.0436	0.4146	-0.8821	-0.2238	90	92	12	2	4	0.0024	0.625	0	0.0181
0.0138	0.0722	0.8069	0.0238	0.0271	-0.2119	-0.9646	0.1569	91	93	12	2	5	0.0021	0.5417	0	0.0138
0.0137	0.0355	0.79	-0.0421	0.0432	-0.9631	-0.2232	-0.1507	92	94	12	2	6	0.002	0.5417	0	0.0137
0.0181	0.0368	0.7747	-0.0789	0.0364	-0.7659	-0.4797	-0.4281	93	95	12	2	7	0.0079	0.425	0	0.026
0.018	0.0388	0.7247	-0.0922	0.0205	-0.1811	-0.9141	-0.3627	94	96	12	2	8	0.0017	0.4583	0	0.019
0.0165	0.1193	0.7123	-0.1351	0.0093	0.3363	-0.5361	-0.7743	95	97	12	2	9	0.0093	0.5167	0	0.062
0.0146	0.0484	0.7108	-0.19	-0.0832	-0.1219	-0.5654	-0.8158	96	98	12	2	10	0.0027	0.2917	0	0.0155
0.0111	0.0361	0.7224	-0.2173	-0.1432	-0.76	-0.0659	-0.6465	97	0	12	2	11	0.0055	0.5469	0	0.0111
0.0159	0.0422	0.9348	0.2356	-0.0929	-0.6994	0.1688	-0.6945	27	100	15	2	1	0.0023	0.5	1	0.0159
0.0159	0.0612	0.9053	0.2427	-0.1223	0.7368	-0.4323	0.5199	99	101	15	2	2	0.0023	0.5	0	0.0159
0.0151	0.0795	0.9654	0.2282	-0.1115	0.8457	-0.3536	0.3996	100	102	15	2	3	0.0021	0.4583	0	0.0151
0.0146	0.041	1.0276	0.2025	-0.0835	0.6303	0.6478	-0.4279	101	103	15	2	4	0.002	0.5417	0	0.0146
0.0147	0.0665	1.0696	0.218	-0.0933	0.6382	0.6965	-0.3281	102	104	15	2	5	0.0023	0.5417	0	0.0147
0.0143	0.0445	1.1105	0.2784	-0.1282	0.9966	0.0355	-0.0745	103	105	15	2	6	0.0016	0.6667	0	0.0129
0.0143	0.073	1.155	0.284	-0.1355	0.9913	0.0731	0.1094	104	106	15	2	7	0.0017	0.7083	0	0.0143
0.016	0.0533	1.228	0.2738	-0.119	0.9882	-0.041	-0.1473	105	107	15	2	8	0.0021	0.5833	0	0.0162
0.0143	0.0308	1.2805	0.2716	-0.1296	0.7837	-0.6183	-0.0592	106	108	15	2	9	0.002	0.375	0	0.0125
0.0143	0.0247	1.3055	0.2556	-0.1342	0.9769	-0.0956	0.1911	107	0	15	2	10	0.01	0.05	0	0.01
0.0114	0.1748	1.032	0.0723	0.0226	0.5573	0.7649	-0.3229	29	110	16	2	1	0.0023	0.575	0	0.0113
0.0129	0.0287	1.129	0.2169	-0.0486	0.9992	0.039	-0.0009	109	111	16	2	2	0.002	0.5833	0	0.0155
0.0114	0.0509	1.1563	0.2274	-0.0431	0.9904	0.0849	0.1087	110	0	16	2	3	0.0016	0.3333	0	0.0116
0.0154	0.0731	1.0499	0.0635	0.0333	0.9268	0.3665	0.0818	29	113	17	2	1	0.0019	0.6667	1	0.0119
0.0154	0.0463	1.1176	0.0902	0.0393	0.8144	0.2476	0.5248	112	114	17	2	2	0.0019	0.6667	0	0.0119
0.0154	0.0538	1.1593	0.1045	0.0619	0.6116	-0.5644	0.5544	113	115	17	2	3	0.0015	0.6667	0	0.0143
0.0181	0.0611	1.1898	0.0651	0.0946	0.9027	-0.1211	0.4129	114	116	17	2	4	0.002	0.5417	0	0.0191
0.0162	0.0889	1.2716	0.0757	0.1275	0.238	-0.6593	0.7132	115	117	17	2	5	0.0022	0.5313	0	0.0162
0.0174	0.0406	1.2931	0.0111	0.1862	0.3635	-0.5652	0.7405	116	118	17	2	6	0.0023	0.5417	0	0.0174
0.0175	0.0538	1.3108	-0.0061	0.2144	0.8387	-0.2833	0.4651	117	119	17	2	7	0.0027	0.5833	0	0.0175
0.0171	0.0499	1.3481	-0.0287	0.2411	0.514	-0.37	0.7739	118	120	17	2	8	0.0026	0.7083	0	0.0171
0.0193	0.0546	1.4202	-0.0615	0.2645	0.2372	-0.2372	0.9421	119	121	17	2	9	0.0059	0.45	0	0.0143
0.0217	0.0526	1.4093	-0.0785	0.3233	0.3275	-0.2969	0.897	120	122	17	2	10	0.0027	0.7083	0	0.0217
0.0181	0.0305	1.4294	-0.0973	0.3649	0.0365	-0.8654	0.4997	121	123	17	2	11	0.0021	0.625	0	0.0213
0.0181	0.0383	1.4195	-0.1228	0.3734	-0.4955	-0.4229	0.7587	122	124	17	2	12	0.0021	0.6667	0	0.0186
0.0181	0.0552	1.4279	-0.1416	0.426	-0.6053	-0.4527	0.6547	123	125	17	2	13	0.0041	0.625	0	0.0181
0.0154	0.0993	1.3991	-0.1866	0.4588	0.7778	0.0728	0.6243	124	126	17	2	14	0.002	0.8125	0	0.0154
0.0154	0.0381	1.4735	-0.177	0.5287	0.9425	0.0231	0.3335	125	0	17	2	15	0.0019	0.625	0	0.0126
0.0176	0.2015	1.158	-0.1989	0.0612	0.4256	0.2052	0.8813	32	128	19	2	1	0.0042	0.4	0	0.018
0.0176	0.0511	1.264	-0.1665	0.2416	0.0856	0.4729	0.8769	127	129	19	2	2	0.0025	0.6667	0	0.0205
0.0171	0.0335	1.2679	-0.1466	0.2772	0.5648	0.7389	-0.3675	128	130	19	2	3	0.0014	0.4583	0	0.017
0.0176	0.0483	1.3051	-0.1171	0.2723	-0.0583	0.8986	-0.4348	129	0	19	2	4	0.0048	0.25	0	0.0273
0.0159	0.1518	0.9561	-0.192	0.0439	-0.9078	0.1775	-0.38	31	132	35	2	1	0.0036	0.35	1	0.0183
0.0159	0.1484	0.8184	-0.1651	-0.0138	0.8801	-0.4048	-0.2482	131	133	35	2	2	0.0036	0.35	0	0.0183
0.0157	0.0498	0.9547	-0.2533	-0.0814	0.7914	-0.369	0.4874	132	134	35	2	3	0.0021	0.625	0	0.0157
0.014	0.0678	0.9911	-0.2759	-0.0583	0.8051	-0.5901	0.0598	133	135	35	2	4	0.0021	0.7083	0	0.014
0.0158	0.2087	1.0617	-0.2964	-0.0658	0.8165	-0.5053	0.2794	134	136	35	2	5	0.0027	0.5179	0	0.0204
0.0157	0.0989	1.2325	-0.4032	-0.0092	0.7701	-0.3917	0.5035	135	137	35	2	6	0.0024	0.5625	0	0.0174
0.0158	0.0463	1.3165	-0.4356	0.0364	0.6497	-0.3518	0.6739	136	138	35	2	7	0.0025	0.625	0	0.017
0.0143	0.0539	1.3447	-0.4586	0.0653	0.549	-0.3961	0.736	137	139	35	2	8	0.0018	0.75	0	0.0143
0.0154	0.0398	1.3724	-0.4832	0.1048	0.6252	-0.4072	0.6658	138	140	35	2	9	0.002	0.7083	0	0.0154
0.014	0.0178	1.4011	-0.4945	0.1439	-0.149	-0.9081	0.3914	139	141	35	2	10	0.0016	0.25	0	0.0121
0.014	0.039	1.4106	-0.5054	0.1546	0.4644	-0.6497	-0.6018	140	0	35	2	11	0.0037	0.4167	0	0.012
0.0151	0.017	1.4918	-0.3415	0.193	0.094	-0.9928	0.0745	39	143	33	2	1	0.0038	0.4583	1	0.0151
0.0151	0.037	1.4934	-0.3584	0.1943	0.1315	-0.7683	-0.6265	142	144	33	2	2	0.0038	0.4583	0	0.0151
0.0151	0.0276	1.5012	-0.3878	0.1726	0.0565	-0.8154	-0.5762	143	0	33	2	3	0.0024	0.375	0	0.0153
0.0128	0.165	-0.0218	-0.1286	-0.0249	0.8406	-0.2918	-0.4564	59	146	24	3	1	0.0042	0.5417	1	0.0128
0.0128	0.0536	0.1169	-0.1767	-0.1002	0.8318	-0.4264	-0.3553	145	147	24	3	2	0.0042	0.5417	0	0.0128
0.0128	0.0611	0.1779	-0.1885	-0.1271	0.3303	0.1719	0.9281	146	0	24	3	3	0.002	0.5	0	0.0167
0.0129	0.1927	0.603	-0.1929	-0.086	-0.9512	0.1897	0.2432	69	149	36	3	1	0.0028	0.5417	0	0.0133
0.0129	0.0514	0.4196	-0.1644	-0.0624	-1	0.0031	0.0045	148	150	36	3	2	0.0018	0.625	0	0.0136
0.0129	0.0807	0.3351	-0.1516	-0.0455	-0.5242	-0.3576	-0.7729	149	151	36	3	3	0.0023	0.625	0	0.0162
0.0129	0.0655	0.2952	-0.1979	-0.1305	-0.9804	0.0884	-0.1762	150	152	36	3	4	0.0021	0.5	0	0.0151
0.0129	0.0364	0.2305	-0.1909	-0.1418	-0.7443	-0.2188	-0.631	151	0	36	3	5	0.0016	0.4583	0	0.0129
0.0107	0.0783	0.5955	-0.1878	-0.0878	-0.7717	-0.2476	-0.5858	69	154	31	3	1	0.0029	0.4167	1	0.0107
0.0107	0.0484	0.535	-0.2072	-0.1337	-0.7638	-0.1415	-0.6297	153	0	31	3	2	0.0029	0.4167	0	0.0107
0.0106	0.1393	1.2602	0.0632	0.1269	-0.3812	-0.8801	0.283	116	156	26	3	1	0.0029	0.4167	0	0.0107
0.0101	0.0563	1.2035	-0.0633	0.1589	0.2132	-0.902	0.3754	155	0	26	3	2	0.0015	0.5833	0	0.0101
0.013	0.0505	1.3576	-0.0115	0.2223	0.3168	0.4678	-0.8251	118	158	27	3	1	0.0037	0.4167	1	0.013
0.013	0.0678	1.3736	0.0121	0.1806	0.2196	0.0405	-0.9747	157	159	27	3	2	0.0037	0.4167	0	0.013
0.013	0.0329	1.3958	0.003	0.1133	0.2365	0.2452	-0.9402	158	0	27	3	3	0.001	0.3333	0	0.0083
0.007	0.1241	1.3645	-0.028	0.2255	0.7256	-0.4365	-0.532	118	161	28	3	1	0.0016	0.375	1	0.007
0.007	0.065	1.4545	-0.0822	0.1595	-0.4974	0.8624	-0.0938	160	0	28	3	2	0.0016	0.375	0	0.007
0.0098	0.0336	1.4402	-0.0689	0.2681	0.66	-0.1039	-0.744	120	163	29	3	1	0.0022	0.5	1	0.0098
0.0098	0.0743	1.4624	-0.0724	0.2431	0.0876	-0.4812	-0.8722	162	164	29	3	2	0.0022	0.5	0	0.0098
0.0099	0.0275	1.4678	-0.1082	0.175	0.6928	-0.682	-0.2345	163	0	29	3	3	0.0023	0.375	0	0.0099
0.0089	0.1346	1.0121	-0.283	-0.086	-0.8982	0.2425	-0.3667	135	166	20	3	1	0.0019	0.4583	1	0.0089
0.0089	0.0526	0.8912	-0.2504	-0.1354	-0.9118	0.3234	0.253	165	167	20	3	2	0.0019	0.4583	0	0.0089
0.0089	0.0418	0.843	-0.2218	-0.1243	-0.2646	-0.1909	-0.9453	166	0	20	3	3	0.0017	0.375	0	0.0135
0.0133	0.0205	1.4799	-0.1246	0.1797	-0.1811	-0.2659	0.9468	164	169	32	4	1	0.003	0.4167	1	0.0133
0.0133	0.0336	1.4762	-0.1301	0.1991	-0.8231	-0.491	0.2852	168	170	32	4	2	0.003	0.4167	0	0.0133
0.0133	0.0417	1.4565	-0.1411	0.2141	0.6634	-0.282	-0.6932	169	0	32	4	3	0.01	0.05	0	0.01
