radius (m)	length (m)	start_point	axis_direction	parent	extension	branch	branch_order	position_in_branch	mad	SurfCov	added	UnmodRadius (m)
0.0173	0.0734	-0.4522	-0.0857	-0.2763	0.4665	-0.4642	0.7529	0	2	1	0	1	0.0031	0.6667	0	0.0174
0.0117	0.0532	-0.4223	-0.1177	-0.2176	0.4187	-0.46	0.783	1	3	1	0	2	0.0015	0.4583	0	0.0113
0.0116	0.0382	-0.4023	-0.1357	-0.1834	0.4987	0.7194	0.4834	2	4	1	0	3	0.0013	0.4583	0	0.0116
0.0159	0.0289	-0.3778	-0.1105	-0.1688	0.5717	0.7343	0.3662	3	5	1	0	4	0.0014	0.2917	0	0.0169
0.0145	0.027	-0.3534	-0.0959	-0.1392	0.8984	0.3658	-0.2429	4	6	1	0	5	0.0018	0.4583	0	0.0145
0.0147	0.0591	-0.346	-0.0803	-0.1337	0.5755	0.6601	0.4827	5	7	1	0	6	0.0013	0.25	0	0.0147
0.0145	0.0403	-0.3002	-0.0497	-0.1032	0.2641	0.5486	0.7933	6	8	1	0	7	0.0016	0.5	0	0.0146
0.0145	0.0327	-0.2941	-0.0275	-0.0857	0.5063	0.8496	-0.1477	7	9	1	0	8	0.0014	0.4167	0	0.0148
0.0102	0.0171	-0.2821	0.0051	-0.0789	0.1094	0.932	-0.3454	8	10	1	0	9	0.0056	0.625	0	0.0092
0.0136	0.0605	-0.2765	0.0144	-0.0982	0.3427	0.8757	-0.3401	9	11	1	0	10	0.0008	0.3333	0	0.0144
0.014	0.0274	-0.2448	0.0532	-0.0916	0.9303	0.2919	-0.2221	10	12	1	0	11	0.0017	0.25	0	0.0172
0.0125	0.0234	-0.2191	0.0749	-0.1111	0.9991	0.0195	0.0382	11	13	1	0	12	0.0088	0.4583	0	0.0129
0.01	0.0311	-0.1997	0.0702	-0.1195	0.4495	0.6883	-0.5695	12	14	1	0	13	0.01	0.05	0	0.01
0.01	0.0149	-0.1972	0.0839	-0.1071	0.2913	0.8942	0.3399	13	0	1	0	14	0.01	0.05	0	0.01
0.01	0.0952	-0.3115	-0.0286	-0.0823	-0.2867	0.8345	-0.4706	8	0	2	1	1	0.01	0.05	0	0.01
0.01	0.1197	-0.3868	-0.1457	-0.1748	0.6874	0.3441	0.6396	4	17	4	1	1	0.01	0.05	0	0.01
0.01	0.0222	-0.3045	-0.1045	-0.0982	0.6884	-0.2767	0.6704	16	18	4	1	2	0.01	0.05	0	0.01
0.01	0.0213	-0.2892	-0.1106	-0.0833	0.1754	0.9465	0.2708	17	0	4	1	3	0.01	0.05	0	0.01
0.0144	0.0182	-0.2831	-0.0433	-0.098	0.8643	-0.1452	-0.4816	7	20	5	1	1	0.0039	0.5	1	0.0144
0.0144	0.058	-0.2674	-0.046	-0.1067	-0.1219	-0.3898	0.9128	19	21	5	1	2	0.0039	0.5	0	0.0144
0.0144	0.0352	-0.257	-0.0661	-0.0544	0.0974	-0.4653	0.8798	20	22	5	1	3	0.0009	0.2917	0	0.0127
0.0144	0.0291	-0.2498	-0.0862	-0.0278	0.606	-0.2731	0.7471	21	23	5	1	4	0.0014	0.25	0	0.0124
0.0144	0.0765	-0.2303	-0.0954	-0.0204	0.9906	0.0533	0.1259	22	24	5	1	5	0.0028	0.14	0	0.0059
0.0144	0.0625	-0.1643	-0.1117	-0.0088	0.9028	-0.4295	0.0243	23	25	5	1	6	0.0067	0.3125	0	0.0087
0.0144	0.0231	-0.1721	-0.1096	-0.0441	0.124	-0.663	-0.7382	24	26	5	1	7	0.01	0.05	0	0.01
0.0144	0.0177	-0.1717	-0.0991	-0.0156	0.3323	-0.8126	0.4788	25	0	5	1	8	0.01	0.05	0	0.01
0.0117	0.0923	-0.2024	0.0634	-0.1063	-0.1585	-0.8691	0.4685	12	28	6	1	1	0.0039	0.5417	0	0.013
0.0117	0.0456	-0.2185	-0.0178	-0.0645	-0.0992	-0.7438	0.661	27	29	6	1	2	0.0016	0.5417	0	0.0159
0.0117	0.0153	-0.209	-0.043	-0.0305	0.339	-0.7713	0.5386	28	30	6	1	3	0.0067	0.5	0	0.021
0.0098	0.0789	-0.2031	-0.0576	-0.0298	0.2638	0.9114	-0.3158	29	31	6	1	4	0.001	0.3333	0	0.0098
0.0089	0.0317	-0.1666	0.0088	-0.0359	0.3967	0.9161	-0.0579	30	32	6	1	5	0.0101	0.3438	0	0.0089
0.0116	0.0312	-0.1527	0.0123	-0.0452	0.8822	-0.0918	0.4619	31	33	6	1	6	0.0048	0.4375	0	0.0133
0.0083	0.0148	-0.1213	0.023	-0.0379	0.9469	-0.117	0.2996	32	34	6	1	7	0.0056	0.6667	0	0.0057
0.0093	0.0401	-0.109	0.0117	-0.0322	0.9826	-0.161	0.0928	33	35	6	1	8	0.0012	0.3333	0	0.0093
0.0114	0.0315	-0.0675	0.0116	-0.0281	0.9478	-0.3172	0.0333	34	36	6	1	9	0.0013	0.2917	0	0.0124
0.0095	0.0207	-0.0399	0.0135	-0.0229	0.9717	0.2177	-0.0917	35	37	6	1	10	0.0057	0.625	0	0.0095
0.0115	0.0456	-0.0321	0.0246	-0.0283	0.48	0.8761	-0.0454	36	38	6	1	11	0.005	0.375	0	0.0129
0.0082	0.0393	-0.0094	0.0647	-0.0288	0.2253	0.9578	-0.1782	37	39	6	1	12	0.0045	0.375	0	0.008
0.01	0.04	-0.0118	0.0975	-0.0185	0.0363	0.9571	0.2875	38	40	6	1	13	0.01	0.05	0	0.01
0.0114	0.0291	-0.0048	0.0904	-0.0348	0.934	0.2618	-0.2431	39	41	6	1	14	0.0013	0.4167	0	0.0132
0.0109	0.0526	0.0206	0.0991	-0.0388	0.6865	-0.4519	0.5696	40	42	6	1	15	0.0008	0.4583	0	0.011
0.0112	0.0372	0.0472	0.0567	-0.0166	0.6075	-0.5486	0.5745	41	43	6	1	16	0.0036	0.4063	0	0.0116
0.0112	0.0415	0.0751	0.0442	0.0028	0.8062	-0.4359	0.4001	42	44	6	1	17	0.0012	0.2917	0	0.0147
0.0079	0.0266	0.0999	0.0354	0.0274	0.6906	0.0185	0.723	43	45	6	1	18	0.0048	0.4063	0	0.0066
0.0106	0.0427	0.1131	0.036	0.0409	0.1922	0.9671	-0.1669	44	46	6	1	19	0.0009	0.25	0	0.0106
0.011	0.0422	0.1173	0.0672	0.0368	0.9131	-0.2802	0.2963	45	47	6	1	20	0.0016	0.2917	0	0.0135
0.0111	0.0233	0.1587	0.0593	0.0477	0.8007	-0.4494	0.3962	46	48	6	1	21	0.0065	0.3438	0	0.0151
0.01	0.0001	0.1602	0.0574	0.0638	0.4971	0.8494	0.1771	47	49	6	1	22	0.01	0.05	0	0.01
0.0104	0.057	0.1583	0.0506	0.0647	0.9549	-0.2586	0.1458	48	50	6	1	23	0.0012	0.2917	0	0.0106
0.01	0.0009	0.2101	0.0388	0.0638	0.9161	0.3763	-0.1384	49	51	6	1	24	0.01	0.05	0	0.01
0.0093	0.0706	0.2162	0.0407	0.0599	0.6101	-0.4148	0.6751	50	52	6	1	25	0.0013	0.375	0	0.0093
0.01	0.0324	0.2553	0.0067	0.1076	0.4598	-0.3856	0.8	51	53	6	1	26	0.01	0.05	0	0.01
0.011	0.0477	0.2777	0.0138	0.1051	0.9096	0.1896	0.3697	52	54	6	1	27	0.0015	0.375	0	0.0119
0.0099	0.0395	0.3191	0.0299	0.1074	0.9912	0.1084	-0.0756	53	55	6	1	28	0.01	0.05	0	0.01
0.0098	0.0241	0.362	0.0121	0.1222	0.9629	-0.0487	-0.2654	54	56	6	1	29	0.01	0.05	0	0.01
0.0098	0.0257	0.3696	-0.008	0.0987	0.8217	-0.554	-0.1339	55	57	6	1	30	0.01	0.05	0	0.01
0.0108	0.0654	0.3449	0.0181	0.1139	0.3824	0.0087	0.924	56	58	6	1	31	0.001	0.375	0	0.0154
0.0102	0.0337	0.3654	0.0238	0.1704	0.2088	0.6986	0.6844	57	59	6	1	32	0.0009	0.25	0	0.0112
0.0097	0.0297	0.3826	0.038	0.167	0.7704	0.6333	0.0738	58	60	6	1	33	0.0064	0.3333	0	0.0099
0.0103	0.0269	0.4096	0.0455	0.1753	0.8719	0.0526	-0.4868	59	61	6	1	34	0.0054	0.4375	0	0.0109
0.0093	0.0276	0.4339	0.0464	0.1703	0.9223	-0.3651	-0.127	60	62	6	1	35	0.01	0.05	0	0.01
0.0093	0.016	0.4607	0.0403	0.1697	0.9491	-0.3148	-0.0106	61	63	6	1	36	0.01	0.05	0	0.01
0.0092	0.0338	0.4589	0.0242	0.1525	0.7333	-0.5798	-0.3552	62	0	6	1	37	0.01	0.05	0	0.01
0.0101	0.0491	-0.3254	-0.0179	-0.0872	-0.6343	-0.1124	-0.7649	15	0	7	2	1	0.0032	0.5	0	0.0101
0.0084	0.1448	-0.1631	-0.0028	-0.0398	0.8866	-0.1125	0.4487	31	66	12	2	1	0.001	0.375	0	0.0085
0.0067	0.0012	-0.0365	-0.0192	0.0286	0.887	0.0137	0.4616	65	67	12	2	2	0.0032	0.625	0	0.0067
0.0082	0.0652	-0.035	-0.0181	0.0319	0.926	-0.3765	0.0276	66	68	12	2	3	0.0011	0.4167	0	0.01
0.0076	0.0294	0.0156	-0.0555	0.0323	0.7836	-0.6102	0.117	67	69	12	2	4	0.01	0.05	0	0.01
0.0077	0.0108	0.0331	-0.0494	0.0356	0.9555	0.2235	0.1923	68	0	12	2	5	0.0041	0.25	0	0.01
0.012	0.0261	-0.106	0.0196	-0.0278	0.2919	0.8364	0.464	34	71	13	2	1	0.0026	0.5417	1	0.012
0.012	0.0677	-0.0983	0.0414	-0.0157	-0.3373	0.0999	-0.9361	70	72	13	2	2	0.0026	0.5417	0	0.012
0.012	0.0332	-0.1214	0.0541	-0.0624	-0.5483	0.7876	-0.2812	71	73	13	2	3	0.0017	0.2917	0	0.0143
0.012	0.0067	-0.1353	0.0797	-0.065	-0.3473	0.8907	0.2934	72	74	13	2	4	0.0036	0.5	0	0.012
0.012	0.0199	-0.1392	0.0898	-0.0619	0.9077	0.3836	-0.1704	73	0	13	2	5	0.01	0.05	0	0.01
0.0088	0.055	-0.0181	0.0298	-0.0228	0.9858	0.012	0.1676	37	76	15	2	1	0.0022	0.5417	0	0.0088
0.0088	0.0022	0.0335	0.0344	-0.0161	0.7893	0.6048	0.1062	75	77	15	2	2	0.01	0.05	0	0.01
0.0088	0.0248	0.0352	0.0357	-0.0159	0.6133	-0.3791	0.693	76	0	15	2	3	0.01	0.05	0	0.01
0.0117	0.0444	0.1551	0.0456	0.0556	0.3591	-0.8401	-0.4066	49	79	25	2	1	0.0024	0.4167	0	0.0117
0.0117	0.0019	0.1749	0.0069	0.0384	-0.1611	-0.7975	-0.5814	78	80	25	2	2	0.01	0.05	0	0.01
0.0117	0.0141	0.1759	0.0034	0.0322	0.3464	-0.8344	0.4287	79	0	25	2	3	0.01	0.05	0	0.01
0.0083	0.0177	0.1825	0.0335	0.0666	0.188	-0.9735	-0.1302	49	82	26	2	1	0.0015	0.4167	1	0.0083
0.0083	0.0275	0.1858	0.0163	0.0643	0.4295	-0.6366	0.6405	81	83	26	2	2	0.0015	0.4167	0	0.0083
0.0098	0.0526	0.1964	0.0051	0.0744	0.316	0.7509	0.58	82	84	26	2	3	0.0039	0.25	0	0.0225
0.0097	0.0337	0.2093	0.0411	0.1083	0.366	0.4347	0.8229	83	85	26	2	4	0.01	0.05	0	0.01
0.0097	0.0045	0.2405	0.0357	0.1146	0.679	-0.1358	0.7215	84	86	26	2	5	0.0018	0.375	0	0.0144
0.0093	0.0328	0.2508	0.0527	0.1088	0.6728	0.0955	0.7336	85	87	26	2	6	0.01	0.05	0	0.01
0.0094	0.0369	0.2606	0.0639	0.1326	0.4961	0.769	0.4031	86	88	26	2	7	0.0012	0.375	0	0.0109
0.0091	0.0292	0.2607	0.0988	0.1459	0.2763	0.8645	0.4198	87	89	26	2	8	0.0021	0.2917	0	0.0126
0.0071	0.0507	0.2732	0.122	0.163	0.0675	0.9427	0.3267	88	90	26	2	9	0.004	0.625	0	0.0071
0.0078	0.0051	0.2697	0.1256	0.1535	-0.7493	0.4201	-0.5119	89	0	26	2	10	0.01	0.05	0	0.01
0.0089	0.0539	0.2043	0.0487	0.0735	0.0154	0.9857	0.1677	49	92	31	2	1	0.0009	0.375	1	0.0089
0.0088	0.0489	0.2051	0.1018	0.0825	0.0518	0.9887	-0.1404	91	93	31	2	2	0.0009	0.375	0	0.0089
0.0072	0.0278	0.2057	0.1504	0.0827	-0.0852	0.994	-0.0693	92	94	31	2	3	0.01	0.05	0	0.01
0.0058	0.0225	0.2091	0.1472	0.0642	0.1768	0.4927	-0.8521	93	95	31	2	4	0.01	0.05	0	0.01
0.0043	0.0244	0.2017	0.1502	0.0618	-0.8139	-0.0612	-0.5778	94	0	31	2	5	0.0034	0.15	0	0.01
0.0095	0.0965	0.277	0.0126	0.1165	0.0256	-0.4774	0.8783	53	97	32	2	1	0.0027	0.4583	0	0.0095
0.0096	0.0317	0.2813	-0.0358	0.1999	0.0943	-0.4299	0.8979	96	98	32	2	2	0.01	0.05	0	0.01
0.0095	0.0069	0.2991	-0.0322	0.2135	0.6891	0.0343	0.7239	97	99	32	2	3	0.01	0.05	0	0.01
0.0095	0.0228	0.3039	-0.032	0.2185	0.0767	-0.9895	-0.1223	98	0	32	2	4	0.01	0.05	0	0.01
0.0103	0.0525	0.3545	0.0098	0.1192	0.1628	-0.9406	-0.2978	57	101	40	2	1	0.0037	0.4167	0	0.0141
0.0103	0.01	0.3589	-0.0374	0.1023	-0.4904	-0.5137	0.704	100	102	40	2	2	0.01	0.05	0	0.01
0.0103	0.0255	0.3519	-0.0393	0.1043	0.4855	-0.6305	-0.6056	101	103	40	2	3	0.01	0.05	0	0.01
0.0103	0.0256	0.3643	-0.0553	0.0889	0.3147	-0.7642	-0.5629	102	0	40	2	4	0.01	0.05	0	0.01
0.0092	0.0289	0.4035	0.0459	0.175	-0.9435	-0.2904	-0.1595	59	105	46	2	1	0.001	0.3333	0	0.0127
0.0092	0.039	0.3752	0.0282	0.1589	0.3221	0.723	-0.6111	104	106	46	2	2	0.0064	0.225	0	0.0161
0.0092	0.01	0.3701	0.0485	0.1338	-0.379	0.8863	-0.2662	105	107	46	2	3	0.01	0.05	0	0.01
0.0092	0.0172	0.3663	0.0574	0.1311	0.2602	0.5303	-0.8069	106	0	46	2	4	0.01	0.05	0	0.01
0.0164	0.0597	-0.1065	0.0544	-0.0646	0.9343	0.089	0.3451	71	109	17	3	1	0.0036	0.4583	0	0.0164
0.0164	0.0192	-0.0617	0.0556	-0.04	0.1697	0.4139	0.8944	108	110	17	3	2	0.0022	0.15	0	0.01
0.0164	0.0034	-0.0458	0.0716	-0.0531	-0.6858	0.7216	-0.0942	109	0	17	3	3	0.0019	0.125	0	0.01
0.0093	0.0161	0.2091	0.0103	0.083	0.9148	-0.3528	0.1964	83	112	27	3	1	0.0031	0.5417	1	0.0111
0.0093	0.0424	0.2239	0.0046	0.0861	-0.0409	-0.0114	-0.9991	111	113	27	3	2	0.0031	0.5417	0	0.0111
0.0093	0.0028	0.2138	0.0063	0.0532	-0.6747	0.3014	-0.6738	112	114	27	3	3	0.01	0.05	0	0.01
0.0093	0.0251	0.2119	0.0071	0.0513	0.7873	0.3418	-0.5132	113	0	27	3	4	0.01	0.05	0	0.01
0.0025	0.0383	0.195	-0.0076	0.0772	0.5413	-0.7529	0.3744	82	116	54	3	1	0.0045	0.275	1	0.0077
0.0025	0.0536	0.2146	-0.0324	0.0933	0.9645	0.2197	0.1467	115	117	54	3	2	0.0038	0.225	0	0.0077
0.0025	0.0093	0.263	-0.0165	0.1041	0.8335	0.5026	0.2295	116	0	54	3	3	0.0035	0.15	0	0.01
0.0159	0.0454	0.3132	0.0326	0.1309	0.3608	0.4106	0.8374	0	119	57	0	1	0.0024	0.4167	0	0.0154
0.0173	0.0405	0.3003	0.0642	0.1759	0.3861	0.4317	0.8152	118	120	57	0	2	0.0012	0.3333	0	0.0184
0.0154	0.0282	0.3165	0.1022	0.1883	-0.4677	0.632	0.6179	119	121	57	0	3	0.0018	0.15	0	0.01
0.0154	0.0211	0.3179	0.0894	0.2092	-0.8701	-0.4408	-0.2204	120	0	57	0	4	0.0035	0.1	0	0.01
0.0076	0.0196	0.3461	0.0073	0.1132	-0.7922	-0.2308	-0.5649	100	123	41	3	1	0.0023	0.5	1	0.0076
0.0076	0.0554	0.3305	0.0028	0.1021	-0.1307	-0.5748	-0.8078	122	124	41	3	2	0.0023	0.5	0	0.0076
0.0076	0.0179	0.3259	-0.0303	0.0641	0.376	-0.8764	-0.3008	123	0	41	3	3	0.01	0.05	0	0.01
0.0113	0.0301	0.3627	-0.0041	0.1055	0.4884	0.4105	-0.77	100	126	42	3	1	0.0032	0.5833	1	0.0113
0.0113	0.0523	0.3774	0.0083	0.0823	0.4943	-0.3293	0.8045	125	127	42	3	2	0.0032	0.5833	0	0.0113
0.0113	0.0106	0.3964	-0.0045	0.1161	-0.3144	0.7015	0.6396	126	0	42	3	3	0.01	0.05	0	0.01
0.0076	0.045	0.1376	0.0326	0.0196	0.1224	-0.6072	0.7851	0	129	58	0	1	0.0013	0.4167	0	0.0076
0.0076	0.0147	0.145	0.0079	0.0507	0.1638	0.7987	0.5791	128	130	58	0	2	0.01	0.05	0	0.01
0.0076	0.0351	0.1474	0.0196	0.0592	0.6831	-0.5644	0.4634	129	0	58	0	3	0.01	0.05	0	0.01
