radius (m)	length (m)	start_point	axis_direction	parent	extension	branch	branch_order	position_in_branch	mad	SurfCov	added	UnmodRadius (m)
0.0144	0.0854	-0.1704	0.1559	-0.2503	0.5733	0.0247	0.8189	0	2	1	0	1	0.0024	0.625	0	0.013
0.0167	0.0927	-0.123	0.1561	-0.1814	0.311	-0.6482	0.6951	1	3	1	0	2	0.0025	0.7083	0	0.0167
0.0183	0.0516	-0.0973	0.1059	-0.1051	-0.2104	-0.7789	0.5909	2	4	1	0	3	0.0024	0.7083	0	0.0183
0.018	0.1053	-0.0817	0.0809	-0.0983	0.7019	-0.1233	0.7015	3	5	1	0	4	0.0026	0.5938	0	0.018
0.021	0.0701	-0.0346	0.0382	-0.0075	0.7335	-0.3192	0.6	4	6	1	0	5	0.0088	0.5	0	0.0323
0.0187	0.0559	0.0169	0.0346	0.0405	0.4935	-0.2605	0.8299	5	7	1	0	6	0.0031	0.25	0	0.0222
0.018	0.0238	0.0398	-0.0103	0.0751	0.5306	-0.3744	0.7605	6	8	1	0	7	0.0018	0.5	0	0.0187
0.0129	0.0355	0.0365	-0.0151	0.0806	0.0083	-0.9461	-0.3239	7	9	1	0	8	0.0013	0.4583	0	0.0129
0.0141	0.0895	0.0521	-0.0414	0.0854	0.5031	-0.8595	-0.0906	8	10	1	0	9	0.0027	0.5417	0	0.0141
0.0138	0.0489	0.092	-0.1213	0.0745	0.5179	-0.8548	-0.0319	9	11	1	0	10	0.0016	0.6667	0	0.0138
0.0106	0.0538	0.1191	-0.146	0.0562	0.5247	-0.6207	-0.5826	10	12	1	0	11	0.0054	0.9167	0	0.0106
0.0106	0.0027	0.1239	-0.1721	0.0721	0.2801	-0.9181	0.2803	11	13	1	0	12	0.0013	0.4167	0	0.0105
0.0106	0.0308	0.1236	-0.1804	0.0705	0.5113	0.2422	-0.8246	12	0	1	0	13	0.0036	0.2917	0	0.0105
0.0376	0.1566	-0.0793	0.066	-0.0779	-0.9863	-0.0846	-0.1417	4	15	2	1	1	0.0043	0.4688	0	0.0376
0.0376	0.0208	-0.2375	0.0519	-0.0898	-0.9374	-0.0468	-0.3451	14	0	2	1	2	0.0058	0.1875	0	0.0136
0.0162	0.0435	-0.082	0.1082	-0.1279	0.9247	0.3153	-0.2131	2	17	16	1	1	0.0122	0.5625	1	0.0162
0.0162	0.1095	-0.0418	0.1219	-0.1371	0.8588	0.5123	-0.0042	16	0	16	1	2	0.0122	0.5625	0	0.0162
0.0139	0.1005	0.0117	0.0818	-0.0163	0.9787	0.2043	0.0208	4	0	3	1	1	0.0045	0.5	0	0.0139
0.0155	0.0834	0.0032	0.0014	0.0176	-0.6692	-0.7124	-0.2114	5	20	4	1	1	0.0028	0.625	0	0.0155
0.0155	0.0462	-0.0474	-0.0677	0.0061	-0.6876	-0.6108	-0.3925	19	21	4	1	2	0.002	0.6667	0	0.0155
0.0155	0.0541	-0.0812	-0.1032	-0.0042	-0.7791	-0.3524	-0.5185	20	0	4	1	3	0.0054	0.525	0	0.0227
0.0065	0.0527	0.0487	-0.0041	0.0883	0.6747	0.6046	0.4234	8	23	6	1	1	0.0037	0.375	1	0.0122
0.0065	0.037	0.0869	0.0323	0.1103	0.4607	-0.3163	-0.8292	22	24	6	1	2	0.0049	0.175	0	0.0122
0.0051	0.0341	0.1075	0.0169	0.0831	0.4342	0.8034	0.4074	23	0	6	1	3	0.0024	0.375	0	0.0095
0.0131	0.0146	0.1106	-0.1359	0.0848	0.4771	0.3694	0.7975	10	26	8	1	1	0.0027	0.5833	1	0.0131
0.0131	0.052	0.1175	-0.1305	0.0964	-0.7547	-0.6544	0.048	25	27	8	1	2	0.0027	0.5833	0	0.0131
0.0131	0.0389	0.0842	-0.1499	0.1094	-0.9465	0.3046	0.1066	26	28	8	1	3	0.0018	0.75	0	0.0131
0.0131	0.0328	0.0467	-0.1372	0.11	-0.9365	-0.3351	0.1038	27	29	8	1	4	0.0015	0.5833	0	0.0116
0.0131	0.0195	0.0147	-0.1475	0.1145	-0.7033	-0.5228	-0.4818	28	30	8	1	5	0.0016	0.375	0	0.013
0.0131	0.0333	0.0052	-0.1579	0.11	0.6908	-0.3802	-0.615	29	0	8	1	6	0.01	0.05	0	0.01
0.009	0.0668	0.1245	-0.1498	0.0779	0.3231	-0.4289	0.8436	10	32	9	1	1	0.002	0.5833	0	0.009
0.0123	0.0354	0.1297	-0.1871	0.1325	0.386	-0.818	0.4265	31	33	9	1	2	0.0015	0.375	0	0.0163
0.0119	0.0323	0.1482	-0.2147	0.1529	0.5099	-0.8214	-0.2555	32	34	9	1	3	0.0012	0.2917	0	0.0168
0.01	0.0062	0.1561	-0.2476	0.1555	0.7516	-0.6189	0.2282	33	35	9	1	4	0.01	0.05	0	0.01
0.0088	0.012	0.1629	-0.2509	0.1548	0.1711	-0.9783	-0.1168	34	0	9	1	5	0.0014	0.4167	0	0.0088
0.0186	0.1115	-0.075	-0.0978	-0.0173	0.6481	0.227	0.727	21	0	5	2	1	0.0034	0.5	0	0.0186
0.0087	0.0522	0.1206	-0.1193	0.0685	0.7499	0.1836	0.6355	0	0	17	0	1	0.0024	0.5	0	0.0087
0.0092	0.0579	0.0883	-0.1712	0.1049	0.7586	-0.3634	0.5407	26	0	11	2	1	0.003	0.4583	0	0.0092
0.0112	0.0139	0.142	-0.169	0.1024	0.7678	-0.5741	-0.2843	31	40	12	2	1	0.0026	0.5417	1	0.0112
0.0112	0.0479	0.1527	-0.1769	0.0985	0.0646	0.9828	-0.1733	39	41	12	2	2	0.0026	0.5417	0	0.0112
0.0112	0.0143	0.1582	-0.1328	0.0895	0.7621	0.6464	-0.0362	40	0	12	2	3	0.01	0.05	0	0.01
0.0134	0.0507	0.1516	-0.1731	0.1239	0.9338	-0.0581	0.3529	31	43	18	2	1	0.0025	0.625	0	0.0134
0.0134	0.0339	0.2026	-0.1766	0.1349	0.4718	0.862	0.1855	42	44	18	2	2	0.01	0.05	0	0.01
0.0134	0.0222	0.2186	-0.1474	0.1412	0.9301	-0.1664	-0.3275	43	0	18	2	3	0.01	0.05	0	0.01
