radius (m)	length (m)	start_point	axis_direction	parent	extension	branch	branch_order	position_in_branch	mad	SurfCov	added	UnmodRadius (m)
0.0164	0.2009	0.202	-0.2971	-0.0532	-0.4218	0.9063	0.027	0	2	1	0	1	0.0041	0.7143	0	0.0164
0.0163	0.0327	0.1186	-0.1108	-0.0362	-0.5877	0.7795	-0.217	1	3	1	0	2	0.0021	0.5417	0	0.0157
0.02	0.157	0.0899	-0.0929	-0.0446	-0.6295	0.7657	0.1323	2	4	1	0	3	0.003	0.5	0	0.0202
0.0163	0.0601	-0.0146	0.0046	-0.012	-0.8814	0.3743	0.2883	3	5	1	0	4	0.0022	0.7917	0	0.0163
0.0232	0.0597	-0.0472	-0.017	-0.0136	-0.8257	-0.4973	0.2661	4	6	1	0	5	0.0027	0.4583	0	0.0281
0.0233	0.0153	-0.0971	0.0016	-0.0331	-0.3575	-0.5554	-0.7509	5	7	1	0	6	0.0051	0.475	0	0.0363
0.0163	0.0803	-0.0963	-0.0378	-0.0144	0.9783	-0.0024	-0.207	6	0	1	0	7	0.0115	0.0833	0	0.01
0.0147	0.0503	0.054	-0.0207	-0.0254	0.0659	0.9172	0.3928	3	9	3	1	1	0.0046	0.5833	1	0.0147
0.0147	0.0573	0.0573	0.0254	-0.0057	0.0054	0.9994	0.0335	8	0	3	1	2	0.0046	0.5833	0	0.0147
0.011	0.1035	-0.0331	0.0249	0.0076	0.5165	0.785	0.3422	4	11	5	1	1	0.0026	0.5	0	0.011
0.011	0.0306	0.0186	0.1044	0.0402	-0.3613	0.8675	-0.3418	10	12	5	1	2	0.001	0.2917	0	0.0076
0.011	0.0125	-0.0003	0.1344	0.0287	0.3435	0.8691	0.3559	11	0	5	1	3	0.01	0.05	0	0.01
0.0147	0.1295	-0.1001	-0.0243	-0.0042	-0.2215	0.7781	0.5878	7	14	9	1	1	0.0079	0.525	1	0.0147
0.0147	0.0887	-0.1288	0.0764	0.072	0.7767	0.6275	0.0535	13	15	9	1	2	0.0079	0.525	0	0.0147
0.0147	0.0396	-0.0614	0.1321	0.0768	0.0028	0.9904	0.1385	14	0	9	1	3	0.01	0.05	0	0.01
0.0103	0.0507	-0.0576	0.1223	0.0648	0.7016	-0.1552	-0.6955	14	17	6	2	1	0.0028	0.5	1	0.0103
0.0103	0.0837	-0.022	0.1145	0.0296	-0.8706	0.332	0.363	16	18	6	2	2	0.0028	0.5	0	0.0103
0.0103	0.0098	-0.086	0.1469	0.0537	-0.3425	0.9187	0.1965	17	0	6	2	3	0.01	0.05	0	0.01
