radius (m)	length (m)	start_point	axis_direction	parent	extension	branch	branch_order	position_in_branch	mad	SurfCov	added	UnmodRadius (m)
0.0079	0.0795	-0.1435	0.2965	-0.118	0.7195	0.0078	0.6945	0	2	1	0	1	0.0023	0.4583	0	0.0079
0.0099	0.0007	-0.0881	0.3035	-0.0642	0.7073	0.3519	0.613	1	3	1	0	2	0.01	0.05	0	0.01
0.0094	0.0422	-0.0885	0.2981	-0.0676	0.7369	-0.4569	0.4982	2	4	1	0	3	0.0007	0.375	0	0.0094
0.0097	0.0408	-0.0562	0.2785	-0.0465	-0.2661	-0.8598	0.4359	3	5	1	0	4	0.0011	0.2917	0	0.0097
0.0102	0.0317	-0.077	0.246	-0.0385	-0.3542	-0.9277	0.1179	4	6	1	0	5	0.0061	0.375	0	0.0106
0.0093	0.0289	-0.0757	0.2095	-0.0259	-0.596	-0.7673	0.2367	5	7	1	0	6	0.0046	0.4688	0	0.0093
0.0073	0.0033	-0.1046	0.2097	-0.0173	-0.617	-0.3761	0.6913	6	8	1	0	7	0.0064	0.4167	0	0.0061
0.0107	0.053	-0.0992	0.2142	-0.011	-0.6528	0.7454	0.135	7	9	1	0	8	0.001	0.2917	0	0.0123
0.0072	0.0259	-0.1325	0.2556	-0.0153	-0.4403	0.8923	0.0995	8	10	1	0	9	0.0038	0.4063	0	0.0072
0.0096	0.0788	-0.1514	0.2588	-0.021	-0.7894	0.463	-0.403	9	11	1	0	10	0.0044	0.325	0	0.01
0.01	0.0684	-0.2067	0.3132	-0.0446	-0.8125	0.4711	-0.3434	10	12	1	0	11	0.0077	0.2143	0	0.0125
0.0099	0.0344	-0.2577	0.3507	-0.0647	-0.6685	0.7063	-0.233	11	13	1	0	12	0.0013	0.0375	0	0.0172
0.0081	0.0632	-0.2761	0.3742	-0.0562	-0.6381	0.741	0.2094	12	14	1	0	13	0.01	0.05	0	0.01
0.008	0.0189	-0.3052	0.3858	-0.0227	-0.431	0.3414	0.8353	13	15	1	0	14	0.01	0.05	0	0.01
0.0079	0.0133	-0.2737	0.3783	-0.0638	0.2926	-0.8612	0.4156	14	0	1	0	15	0.01	0.05	0	0.01
0.0089	0.0192	-0.0928	0.2899	-0.0651	-0.5123	-0.8271	0.2313	3	17	4	1	1	0.0027	0.4167	1	0.02
0.0089	0.0388	-0.0978	0.2817	-0.0572	-0.4109	-0.149	0.8994	16	18	4	1	2	0.0064	0.225	0	0.02
0.0089	0.0298	-0.0982	0.265	-0.0281	-0.4836	-0.8305	0.2765	17	19	4	1	3	0.01	0.05	0	0.01
0.0089	0.0181	-0.1126	0.2402	-0.0198	-0.3649	-0.6007	-0.7113	18	0	4	1	4	0.01	0.05	0	0.01
0.0097	0.0709	-0.0774	0.2162	-0.0351	0.8552	-0.5108	0.0874	5	21	5	1	1	0.0027	0.625	0	0.0097
0.0097	0.0397	-0.017	0.1818	-0.0284	0.9621	0.0686	0.2641	20	22	5	1	2	0.0011	0.4167	0	0.0125
0.0097	0.0533	0.0206	0.1846	-0.0255	0.9837	-0.1607	-0.0802	21	23	5	1	3	0.001	0.2917	0	0.0134
0.0094	0.0358	0.0485	0.17	-0.0095	0.6407	-0.3925	0.6598	22	24	5	1	4	0.0081	0.3333	0	0.0094
0.0097	0.0197	0.0671	0.1504	0.0076	-0.2899	-0.6306	0.72	23	25	5	1	5	0.0047	0.4063	0	0.0112
0.0097	0.0348	0.0594	0.1419	0.0148	-0.8232	-0.5616	-0.0829	24	26	5	1	6	0.0034	0.25	0	0.0169
0.0097	0.0225	0.0368	0.1136	-0.0002	-0.9276	-0.2431	-0.2836	25	27	5	1	7	0.001	0.375	0	0.0113
0.0097	0.0317	0.0255	0.1041	0.0094	-0.4054	-0.914	0.0145	26	28	5	1	8	0.0016	0.2917	0	0.013
0.0097	0.0267	0.0112	0.0766	0.0101	-0.518	-0.6306	0.578	27	29	5	1	9	0.001	0.375	0	0.0118
0.0097	0.0347	0.0036	0.0643	0.0232	0.5136	-0.8245	-0.2377	28	30	5	1	10	0.0014	0.2917	0	0.0108
0.0097	0.0405	0.0076	0.0215	0.0159	0.7048	-0.6955	-0.1394	29	31	5	1	11	0.0059	0.325	0	0.0137
0.0078	0.0327	0.0494	-0.0007	0.0138	0.429	-0.8998	-0.0793	30	32	5	1	12	0.0047	0.375	0	0.0078
0.0096	0.0274	0.0265	-0.0284	0.0233	0.0543	-0.9509	0.3046	31	33	5	1	13	0.0057	0.4063	0	0.0125
0.0082	0.0096	0.0308	-0.0599	0.0269	-0.7002	-0.6419	0.3124	32	34	5	1	14	0.0047	0.4063	0	0.0082
0.0096	0.0309	0.0171	-0.0655	0.0147	-0.3024	-0.9471	0.1073	33	35	5	1	15	0.001	0.2917	0	0.0137
0.007	0.0342	0.0182	-0.0988	0.0266	-0.5121	-0.8286	0.2261	34	36	5	1	16	0.0053	0.375	0	0.0064
0.0073	0.0469	0.0061	-0.1267	0.0238	0.2916	-0.9499	0.1128	35	37	5	1	17	0.0062	0.325	0	0.0073
0.0069	0.0244	0.0039	-0.1717	0.0386	0.0728	-0.9946	0.0733	36	38	5	1	18	0.0045	0.4063	0	0.0058
0.0069	0.0181	0.0024	-0.1948	0.0415	-0.2339	-0.9353	0.2654	37	39	5	1	19	0.0043	0.5833	0	0.0057
0.0094	0.0344	-0.0145	-0.1841	0.0357	-0.9188	-0.3777	0.1146	38	40	5	1	20	0.0088	0.375	0	0.0143
0.0095	0.0326	-0.0469	-0.2091	0.0395	-0.9896	0.063	-0.1294	39	41	5	1	21	0.0034	0.45	0	0.0112
0.009	0.0295	-0.0628	-0.216	0.0253	-0.6275	-0.3746	-0.6826	40	42	5	1	22	0.01	0.05	0	0.01
0.0094	0.0231	-0.0719	-0.198	0.0366	-0.9442	-0.045	0.3262	41	43	5	1	23	0.004	0.225	0	0.0172
0.0091	0.0361	-0.0922	-0.2025	0.0293	-0.4262	-0.8894	0.1654	42	44	5	1	24	0.001	0.2083	0	0.0116
0.0089	0.0361	-0.1103	-0.2287	0.047	-0.2591	-0.8846	0.3877	43	45	5	1	25	0.01	0.05	0	0.01
0.009	0.0031	-0.1222	-0.2551	0.0322	-0.5221	-0.8447	-0.1175	44	46	5	1	26	0.0008	0.3333	0	0.0092
0.0091	0.047	-0.1152	-0.2666	0.0366	-0.737	-0.6739	0.0528	45	47	5	1	27	0.0039	0.2	0	0.0189
0.0092	0.036	-0.1318	-0.2953	0.038	0.1743	-0.9662	0.19	46	48	5	1	28	0.0013	0.3333	0	0.0109
0.009	0.0444	-0.1425	-0.3278	0.0477	-0.0588	-0.9294	0.3644	47	49	5	1	29	0.006	0.2813	0	0.0118
0.0086	0.0323	-0.1338	-0.3771	0.0528	-0.2274	-0.8846	0.4072	48	50	5	1	30	0.01	0.05	0	0.01
0.0091	0.0192	-0.1374	-0.3762	0.0744	0.0874	-0.285	0.9545	49	51	5	1	31	0.0008	0.375	0	0.0115
0.0087	0.041	-0.1508	-0.3642	0.0493	-0.1977	-0.9315	-0.3053	50	52	5	1	32	0.001	0.2917	0	0.009
0.0088	0.0306	-0.1552	-0.4024	0.039	0.1205	-0.9785	-0.1672	51	53	5	1	33	0.001	0.2083	0	0.0098
0.0074	0.0351	-0.1646	-0.4291	0.042	-0.2402	-0.9707	-0.0044	52	54	5	1	34	0.0041	0.4063	0	0.0074
0.0083	0.0209	-0.1816	-0.4518	0.0426	-0.7952	-0.5985	0.0971	53	55	5	1	35	0.01	0.05	0	0.01
0.0073	0.0558	-0.1786	-0.4599	0.0434	0.2263	-0.9292	0.292	54	56	5	1	36	0.0007	0.5	0	0.0073
0.0081	0.0471	-0.1631	-0.5071	0.0649	0.263	-0.7896	0.5544	55	57	5	1	37	0.01	0.05	0	0.01
0.0089	0.0195	-0.1516	-0.5267	0.0538	0.2621	-0.8705	-0.4167	56	58	5	1	38	0.0009	0.375	0	0.0104
0.008	0.0042	-0.1642	-0.5414	0.0517	-0.1296	-0.9916	-0.0027	57	0	5	1	39	0.01	0.05	0	0.01
0.0114	0.0316	-0.0854	0.182	-0.0202	0.928	-0.3248	-0.1823	6	60	6	1	1	0.0068	0.4688	1	0.0114
0.0114	0.0715	-0.0561	0.1718	-0.0259	0.9604	-0.1884	0.2054	59	61	6	1	2	0.0068	0.4688	0	0.0114
0.0114	0.0154	0.0088	0.1582	-0.0073	0.7245	0.091	0.6832	60	62	6	1	3	0.01	0.05	0	0.01
0.0114	0.0146	0.0156	0.1622	-0.0173	0.9659	-0.1296	-0.224	61	63	6	1	4	0.01	0.05	0	0.01
0.0114	0.0255	0.0297	0.1603	-0.0206	0.8863	-0.342	-0.3124	62	0	6	1	5	0.01	0.05	0	0.01
0.0115	0.0199	-0.1377	0.28	-0.0167	0.8073	0.2458	-0.5364	9	65	13	1	1	0.0034	0.5417	1	0.0115
0.0115	0.0545	-0.1217	0.2849	-0.0274	-0.8572	0.1765	-0.4837	64	66	13	1	2	0.0034	0.5417	0	0.0115
0.0115	0.0366	-0.1651	0.3042	-0.0697	-0.1277	-0.836	-0.5337	65	67	13	1	3	0.0013	0.3333	0	0.0137
0.0115	0.036	-0.1632	0.2726	-0.0911	-0.0339	-0.9325	0.3595	66	68	13	1	4	0.0012	0.25	0	0.0098
0.0115	0.0219	-0.1685	0.2469	-0.0758	-0.4662	-0.474	0.747	67	69	13	1	5	0.01	0.05	0	0.01
0.0115	0.0158	-0.1604	0.236	-0.0701	0.3164	-0.7511	0.5794	68	70	13	1	6	0.01	0.05	0	0.01
0.0115	0.0152	-0.155	0.2242	-0.0607	0.624	-0.3766	-0.6847	69	0	13	1	7	0.01	0.05	0	0.01
0.0133	0.0463	-0.2356	0.3188	-0.0518	-0.3519	-0.8794	-0.3206	11	72	17	1	1	0.0025	0.5417	0	0.0133
0.0133	0.0179	-0.2524	0.2844	-0.0629	0.9548	-0.0822	0.2856	71	73	17	1	2	0.01	0.05	0	0.01
0.0133	0.0149	-0.2422	0.281	-0.0559	-0.0467	-0.6145	-0.7876	72	0	17	1	3	0.01	0.05	0	0.01
0.0117	0.0219	-0.2831	0.3948	-0.0519	0.9905	0.0475	-0.1287	13	75	25	1	1	0.0036	0.4583	1	0.0117
0.0117	0.0443	-0.2614	0.3958	-0.0547	0.9156	0.0247	-0.4013	74	76	25	1	2	0.0036	0.4583	0	0.0117
0.0117	0.0523	-0.2276	0.3876	-0.0517	0.919	-0.371	0.1335	75	77	25	1	3	0.0052	0.375	0	0.01
0.0117	0.0138	-0.1706	0.3818	-0.0434	0.6078	-0.4566	0.6497	76	78	25	1	4	0.0046	0.175	0	0.0209
0.0117	0.0239	-0.1625	0.3758	-0.0333	0.9577	0.2673	0.1065	77	79	25	1	5	0.0011	0.2083	0	0.0123
0.0117	0.0346	-0.1419	0.376	-0.0393	0.9586	0.04	-0.2819	78	80	25	1	6	0.0012	0.375	0	0.0102
0.0117	0.0227	-0.1089	0.3731	-0.0395	0.9005	-0.4024	-0.1649	79	81	25	1	7	0.01	0.05	0	0.01
0.0117	0.0044	-0.1087	0.3779	-0.0528	0.4716	0.0822	-0.878	80	82	25	1	8	0.01	0.05	0	0.01
0.0117	0.0165	-0.1036	0.3774	-0.0533	0.1929	0.9764	0.0973	81	0	25	1	9	0.01	0.05	0	0.01
0.0089	0.0598	0.0485	0.1593	-0.0079	0.6446	-0.7134	-0.275	23	84	9	2	1	0.0027	0.5	0	0.0121
0.0089	0.0323	0.0801	0.1106	-0.0261	0.608	-0.519	-0.6008	83	85	9	2	2	0.01	0.05	0	0.01
0.0089	0.0324	0.0994	0.1094	-0.0116	0.8221	-0.5135	0.2459	84	86	9	2	3	0.0043	0.225	0	0.0146
0.0089	0.0547	0.1228	0.0963	-0.0086	0.8249	0.5508	-0.1272	85	87	9	2	4	0.0029	0.25	0	0.0149
0.0089	0.0386	0.1688	0.1241	-0.0159	0.9355	0.3329	-0.1186	86	88	9	2	5	0.0008	0.3333	0	0.0094
0.0088	0.0505	0.2055	0.1361	-0.0199	0.8541	0.5081	-0.111	87	89	9	2	6	0.0009	0.2917	0	0.0092
0.0064	0.0249	0.2487	0.1608	-0.0292	0.8007	0.5785	-0.1557	88	90	9	2	7	0.0034	0.35	0	0.0053
0.0085	0.0886	0.257	0.1638	-0.0307	0.6945	-0.641	0.3268	89	91	9	2	8	0.0012	0.25	0	0.0111
0.0085	0.0226	0.3191	0.1132	0.0012	0.8027	-0.3098	0.5097	90	92	9	2	9	0.0012	0.2917	0	0.0119
0.0061	0.0357	0.3371	0.0939	0.009	0.9567	-0.0955	0.2749	91	93	9	2	10	0.0029	0.4375	0	0.0061
0.0066	0.0335	0.376	0.0975	0.0107	0.8271	-0.562	-0.0087	92	94	9	2	11	0.0044	0.375	0	0.0066
0.0075	0.0309	0.3952	0.0841	-0.002	0.7674	-0.2091	-0.6061	93	95	9	2	12	0.01	0.05	0	0.01
0.0082	0.0119	0.4209	0.0639	-0.0009	0.8749	-0.3537	-0.3309	94	96	9	2	13	0.0014	0.4167	0	0.0096
0.0071	0.0019	0.4309	0.0638	-0.0041	0.9935	0.0632	0.0943	95	97	9	2	14	0.01	0.05	0	0.01
0.0069	0.0254	0.4323	0.0664	-0.0022	0.1998	0.5791	-0.7904	96	98	9	2	15	0.01	0.05	0	0.01
0.0068	0.0099	0.4374	0.0811	-0.0223	-0.3752	0.4963	0.7829	97	0	9	2	16	0.01	0.05	0	0.01
0.0098	0.0263	0.0636	0.1817	-0.0201	0.1513	0.4029	0.9027	22	100	10	2	1	0.0024	0.4167	1	0.0102
0.0098	0.0336	0.0676	0.1924	0.0036	0.0096	0.845	-0.5346	99	101	10	2	2	0.0024	0.4167	0	0.0102
0.0098	0.0244	0.0733	0.2101	-0.012	0.8671	0.3661	-0.3378	100	102	10	2	3	0.0013	0.375	0	0.0135
0.0098	0.048	0.0906	0.22	-0.0191	-0.0128	0.7212	-0.6926	101	103	10	2	4	0.001	0.375	0	0.0118
0.0098	0.0332	0.0918	0.2537	-0.0494	-0.2205	0.8749	0.4312	102	104	10	2	5	0.0047	0.275	0	0.0151
0.0098	0.0466	0.0884	0.2877	-0.0525	0.0789	0.9531	0.2921	103	105	10	2	6	0.0038	0.4063	0	0.0098
0.0098	0.0212	0.0793	0.3288	-0.0378	-0.2425	0.9637	0.1119	104	106	10	2	7	0.01	0.05	0	0.01
0.0098	0.0246	0.0984	0.3338	-0.0446	0.4872	0.8591	-0.1567	105	0	10	2	8	0.01	0.05	0	0.01
0.0092	0.0421	0.0091	0.0594	0.0169	0.7788	-0.4522	-0.4348	28	108	23	2	1	0.0042	0.375	1	0.0179
0.009	0.0342	0.0416	0.0469	-0.0066	0.9903	0.1145	0.079	107	109	23	2	2	0.0046	0.325	0	0.0179
0.0073	0.0711	0.0653	0.0462	-0.0141	0.3163	-0.9421	0.1112	108	110	23	2	3	0.0012	0.375	0	0.0073
0.0066	0.0333	0.0935	-0.0159	-0.0077	0.64	-0.7621	-0.0977	109	111	23	2	4	0.01	0.05	0	0.01
0.0067	0.0317	0.1052	-0.0479	-0.0091	0.571	-0.8195	0.0481	110	112	23	2	5	0.0009	0.2917	0	0.0089
0.0042	0.0233	0.1141	-0.0707	0.0044	0.216	-0.8909	0.3996	111	0	23	2	6	0.0032	0.125	0	0.01
0.0025	0.0203	0.0068	-0.0835	0.0255	0.5759	-0.3533	0.7373	34	114	33	2	1	0.0063	0.2	1	0.01
0.0025	0.0335	0.0408	-0.1038	0.0221	0.3009	0.9095	-0.2869	113	0	33	2	2	0.0041	0.15	0	0.01
0.0086	0.0532	0.0214	-0.0581	0.032	-0.9849	0.0564	0.1634	33	116	34	2	1	0.0023	0.4167	0	0.0105
0.0086	0.0291	-0.0304	-0.053	0.0293	-0.63	-0.755	-0.1817	115	117	34	2	2	0.0033	0.5	0	0.0086
0.0086	0.0373	-0.0517	-0.0729	0.0313	-0.7587	-0.6357	-0.1422	116	118	34	2	3	0.0009	0.3333	0	0.0113
0.0086	0.0315	-0.0728	-0.0917	0.0147	-0.3131	-0.7794	-0.5427	117	119	34	2	4	0.01	0.05	0	0.01
0.0086	0.0319	-0.0853	-0.1003	0.0194	-0.7591	0.477	-0.443	118	120	34	2	5	0.0027	0.225	0	0.0173
0.0086	0.0228	-0.1083	-0.0826	0.0065	-0.4914	0.5429	-0.681	119	121	34	2	6	0.01	0.05	0	0.01
0.0086	0.0316	-0.1225	-0.0667	0.0016	-0.6125	0.6851	-0.3943	120	0	34	2	7	0.01	0.05	0	0.01
0.0176	0.0633	0.0095	-0.1017	0.0243	-0.9188	-0.3069	-0.2481	35	123	35	2	1	0.0015	0.5	1	0.0176
0.0176	0.0581	-0.0487	-0.1211	0.0086	-0.5638	-0.8251	0.0374	122	124	35	2	2	0.0015	0.5	0	0.0176
0.0176	0.0213	-0.084	-0.1696	0.0179	-0.9357	-0.1007	-0.338	123	125	35	2	3	0.0017	0.2917	0	0.0155
0.0176	0.0128	-0.078	-0.1683	0.0085	0.1138	-0.9758	-0.1865	124	126	35	2	4	0.0023	0.15	0	0.01
0.0176	0.039	-0.0983	-0.1807	-0.0143	-0.6116	0.4515	0.6497	125	0	35	2	5	0.0024	0.1	0	0.01
0.0041	0.059	-0.116	-0.2341	0.0406	-0.3245	0.9342	-0.1484	43	128	50	2	1	0.0009	0.3333	0	0.0125
0.0025	0.0232	-0.1368	-0.1965	0.0439	0.9601	0.0924	0.2639	127	129	50	2	2	0.01	0.05	0	0.01
0.0025	0.0292	-0.1397	-0.1964	0.0428	0.1058	0.7962	-0.5957	128	0	50	2	3	0.01	0.05	0	0.01
0.007	0.1043	-0.134	-0.3343	0.0521	0.5444	-0.8355	-0.0746	48	131	54	2	1	0.0013	0.4167	0	0.007
0.0084	0.0237	-0.0604	-0.4219	0.0465	0.0482	-0.8418	-0.5376	130	132	54	2	2	0.0061	0.2	0	0.0517
0.0082	0.012	-0.058	-0.4389	0.0389	0.8994	-0.4352	0.0411	131	133	54	2	3	0.01	0.05	0	0.01
0.0084	0.0383	-0.0418	-0.4367	0.028	0.8734	0.0931	0.478	132	134	54	2	4	0.0009	0.4167	0	0.013
0.0079	0.0007	-0.0118	-0.436	0.032	0.7341	-0.6779	-0.0401	133	135	54	2	5	0.01	0.05	0	0.01
0.0078	0.015	-0.0113	-0.4365	0.032	0.8022	-0.3355	0.4939	134	136	54	2	6	0.01	0.05	0	0.01
0.0076	0.0266	0.0005	-0.442	0.0389	-0.4956	-0.3938	0.7742	135	0	54	2	7	0.01	0.05	0	0.01
0.0039	0.0776	-0.1317	-0.3444	0.0318	-0.7815	-0.431	0.4511	49	138	56	2	1	0.0011	0.3333	0	0.0109
0.0025	0.0254	-0.2006	-0.3697	0.0572	-0.5679	-0.8011	-0.189	137	139	56	2	2	0.01	0.05	0	0.01
0.0025	0.0026	-0.1981	-0.3883	0.0608	0.0326	-0.9894	0.1416	138	0	56	2	3	0.01	0.05	0	0.01
0.0142	0.0677	-0.1575	-0.4207	0.0436	-0.9571	-0.2763	-0.0874	52	141	57	2	1	0.0031	0.4583	0	0.0142
0.0142	0.0639	-0.2106	-0.4292	0.0583	-0.767	-0.2847	0.575	140	142	57	2	2	0.0028	0.12	0	0.0083
0.0142	0.0283	-0.2668	-0.4323	0.0827	-0.8169	0.0765	0.5717	141	143	57	2	3	0.01	0.05	0	0.01
0.0142	0.0146	-0.2692	-0.4487	0.083	-0.2016	-0.7576	0.6208	142	144	57	2	4	0.0014	0.2917	0	0.0109
0.0142	0.0135	-0.2753	-0.459	0.0826	-0.8708	0.373	0.3203	143	145	57	2	5	0.001	0.375	0	0.0114
0.0142	0.0047	-0.29	-0.4541	0.0834	-0.7565	-0.0911	0.6476	144	146	57	2	6	0.01	0.05	0	0.01
0.0142	0.0275	-0.2935	-0.4546	0.0864	-0.6818	0.7271	-0.0813	145	0	57	2	7	0.01	0.05	0	0.01
0.0083	0.0616	-0.162	-0.4103	0.0336	-0.3866	-0.4421	-0.8094	52	148	58	2	1	0.0028	0.4167	0	0.0089
0.0083	0.0201	-0.1885	-0.4394	-0.0126	-0.4081	-0.6564	-0.6345	147	149	58	2	2	0.01	0.05	0	0.01
0.0083	0.0118	-0.1901	-0.4342	-0.0219	-0.1956	0.2463	-0.9493	148	150	58	2	3	0.01	0.05	0	0.01
0.0083	0.0033	-0.1903	-0.4313	-0.0272	-0.448	-0.8798	0.1586	149	0	58	2	4	0.01	0.05	0	0.01
0.0045	0.0258	0.0857	0.1076	-0.0418	-0.3329	-0.0425	0.942	84	152	14	3	1	0.012	0.175	0	0.0239
0.0025	0.0369	0.0709	0.1097	-0.0125	0.0404	-0.8187	0.5728	151	153	14	3	2	0.01	0.05	0	0.01
0.0025	0.0207	0.0724	0.0795	0.0087	-0.4989	-0.6769	0.5412	152	0	14	3	3	0.0024	0.1	0	0.01
0.0057	0.0201	0.118	0.1038	-0.0079	-0.3517	0.9336	0.0683	86	155	74	3	1	0.0042	0.375	0	0.011
0.0057	0.0518	0.0987	0.1226	-0.0103	0.1183	-0.9028	-0.4136	154	156	74	3	2	0.0052	0.5	0	0.0057
0.0057	0.0014	0.1047	0.0759	-0.0314	0.0287	-0.9981	-0.0553	155	0	74	3	3	0.01	0.05	0	0.01
0.0084	0.0214	0.1487	0.1069	-0.0051	0.3954	-0.4873	0.7786	86	158	18	3	1	0.002	0.4167	1	0.0087
0.0084	0.0437	0.1572	0.0965	0.0115	0.4696	-0.4579	-0.7549	157	159	18	3	2	0.002	0.4167	0	0.0087
0.0084	0.0236	0.1817	0.0762	-0.0157	-0.7661	-0.3894	0.5114	158	160	18	3	3	0.01	0.05	0	0.01
0.0084	0.0357	0.1636	0.067	-0.0036	0.0802	-0.8829	-0.4626	159	0	18	3	4	0.01	0.05	0	0.01
0.0072	0.0199	0.1848	0.1282	-0.0091	0.0465	-0.165	0.9852	87	162	24	3	1	0.0016	0.5417	1	0.0091
0.0072	0.0428	0.1858	0.1249	0.0105	0.3696	-0.6121	-0.6991	161	163	24	3	2	0.0016	0.5417	0	0.0091
0.0072	0.0288	0.1996	0.0939	-0.0143	0.9631	-0.222	0.1522	162	0	24	3	3	0.0041	0.5833	0	0.0072
0.0084	0.0371	0.1812	0.1368	-0.022	0.5929	0.724	-0.3526	87	165	27	3	1	0.0024	0.4583	1	0.0114
0.0084	0.0496	0.2032	0.1637	-0.035	-0.7528	-0.4157	0.5103	164	166	27	3	2	0.0024	0.4583	0	0.0114
0.0084	0.0398	0.1624	0.1524	-0.0072	-0.6692	-0.413	0.6178	165	167	27	3	3	0.01	0.05	0	0.01
0.0084	0.0082	0.1527	0.1427	-0.0242	-0.7112	-0.5875	-0.3859	166	0	27	3	4	0.01	0.05	0	0.01
0.0096	0.0358	0.2427	0.1671	-0.0296	0.0238	0.512	-0.8587	88	169	28	3	1	0.0031	0.4167	0	0.0115
0.0096	0.0671	0.2627	0.184	-0.0644	0.0922	0.9925	0.0805	168	170	28	3	2	0.0056	0.35	0	0.0163
0.0096	0.0374	0.2695	0.2477	-0.0555	0.7582	0.5639	0.3272	169	171	28	3	3	0.0016	0.2917	0	0.0136
0.0096	0.0231	0.2948	0.2681	-0.0496	0.0861	0.9857	-0.1449	170	172	28	3	4	0.0011	0.2917	0	0.0089
0.0096	0.0197	0.2904	0.2886	-0.0539	-0.3469	0.922	0.1723	171	173	28	3	5	0.01	0.05	0	0.01
0.0096	0.0189	0.289	0.3099	-0.0521	-0.493	0.8696	0.0253	172	174	28	3	6	0.0009	0.3333	0	0.0094
0.0096	0.0145	0.3009	0.3267	-0.0428	-0.0521	0.9954	0.0806	173	175	28	3	7	0.0077	0.4167	0	0.0096
0.0096	0.0308	0.3049	0.3383	-0.0504	0.4513	0.8917	-0.0331	174	176	28	3	8	0.0022	0.1	0	0.017
0.0096	0.0013	0.3198	0.3385	-0.0419	0.9975	0.0507	0.0486	175	177	28	3	9	0.01	0.05	0	0.01
0.0096	0.0234	0.3212	0.3374	-0.0423	-0.2222	0.31	-0.9244	176	0	28	3	10	0.0022	0.375	0	0.0105
0.0111	0.019	0.3207	0.114	-0.0078	0.5601	-0.0515	-0.8268	91	179	30	3	1	0.0025	0.4167	1	0.0111
0.0111	0.0354	0.3314	0.113	-0.0235	-0.1954	0.7485	0.6337	178	180	30	3	2	0.0025	0.4167	0	0.0111
0.0111	0.0296	0.3512	0.1292	-0.0177	0.5857	0.3035	0.7515	179	0	30	3	3	0.0103	0.4167	0	0.0121
0.0071	0.0293	0.3949	0.082	0.0068	0.5048	-0.4328	0.7469	94	182	45	3	1	0.0032	0.4167	1	0.0118
0.0071	0.0634	0.4096	0.0693	0.0287	0.7786	0.6188	-0.1044	181	183	45	3	2	0.0032	0.4167	0	0.0118
0.0071	0.0059	0.4323	0.0872	0.0251	-0.6136	0.7835	0.0985	182	184	45	3	3	0.01	0.05	0	0.01
0.0071	0.0027	0.431	0.0907	0.0209	-0.8582	-0.3903	-0.3333	183	0	45	3	4	0.01	0.05	0	0.01
0.0124	0.0342	-0.0455	-0.1408	0.02	0.3866	-0.4578	0.8006	123	186	41	3	1	0.0021	0.5417	0	0.0124
0.0124	0.0498	-0.0275	-0.1516	0.0417	0.8401	-0.4176	0.3461	185	187	41	3	2	0.01	0.05	0	0.01
0.0124	0.022	-0.0032	-0.1723	0.0259	0.7345	-0.5523	-0.3942	186	0	41	3	3	0.01	0.05	0	0.01
0.0029	0.0394	-0.0532	-0.4515	0.035	-0.5095	-0.8234	0.2498	131	0	60	3	1	0.0026	0.25	0	0.0095
0.0093	0.0648	-0.0253	-0.4341	0.0466	-0.8715	0.4825	-0.0882	133	190	63	3	1	0.0032	0.4583	0	0.0093
0.0093	0.0131	-0.0732	-0.4044	0.0323	-0.7089	-0.2388	-0.6636	189	0	63	3	2	0.01	0.05	0	0.01
0.0118	0.0399	-0.2278	-0.421	0.0631	-0.8065	0.4404	0.3944	141	192	62	3	1	0.003	0.5	0	0.0118
0.0118	0.0009	-0.2607	-0.4051	0.0685	-0.997	0.0005	0.0771	191	193	62	3	2	0.01	0.05	0	0.01
0.0118	0.0198	-0.2616	-0.4051	0.0685	-0.6403	-0.6833	0.351	192	194	62	3	3	0.01	0.05	0	0.01
0.0118	0.024	-0.2743	-0.4186	0.0755	-0.7962	0.5111	0.3238	193	0	62	3	4	0.01	0.05	0	0.01
0.0114	0.0153	-0.2015	-0.4984	0.0502	-0.9647	-0.1478	0.2178	0	196	69	0	1	0.01	0.05	0	0.01
0.0144	0.0265	-0.2111	-0.5029	0.064	-0.5711	0.6997	0.4293	195	197	69	0	2	0.0015	0.2917	0	0.0144
0.01	0.0122	-0.2282	-0.4909	0.0644	0.8195	0.4121	-0.3983	196	198	69	0	3	0.01	0.05	0	0.01
0.0086	0.0178	-0.2182	-0.4858	0.0596	0.0689	0.8304	0.5529	197	199	69	0	4	0.01	0.05	0	0.01
0.0052	0.0121	-0.217	-0.4711	0.0694	-0.6755	0.656	0.3367	198	0	69	0	5	0.01	0.05	0	0.01
0.0025	0.0582	0.28	0.2976	-0.0446	-0.8563	-0.3975	-0.3298	172	201	51	4	1	0.0123	0.325	1	0.01
0.0025	0.0352	0.2409	0.2688	-0.0595	-0.5535	-0.6093	0.5678	200	202	51	4	2	0.0063	0.175	0	0.01
0.0025	0.0174	0.2252	0.245	-0.0397	-0.2216	-0.2837	-0.933	201	0	51	4	3	0.0048	0.15	0	0.01
