radius (m)	length (m)	start_point	axis_direction	parent	extension	branch	branch_order	position_in_branch	mad	SurfCov	added	UnmodRadius (m)
0.0173	0.26	-0.402	0.0387	-0.084	-0.1168	-0.9738	0.1949	0	2	1	0	1	0.0306	0.2692	0	0.0173
0.0153	0.166	-0.4218	-0.1976	-0.0466	-0.6978	0.6578	0.2836	1	3	1	0	2	0.0025	0.625	0	0.0151
0.0165	0.0403	-0.5469	-0.1053	0.0034	-0.821	0.4981	0.2789	2	4	1	0	3	0.0019	0.5833	0	0.0166
0.0217	0.0405	-0.5798	-0.0777	0.0141	-0.9919	0.0127	-0.1268	3	0	1	0	4	0.0015	0.4167	0	0.023
0.0116	0.245	-0.4096	-0.1696	-0.0411	0.9619	0.2732	0.0109	1	6	2	1	1	0.0033	0.4167	1	0.0116
0.0115	0.0611	-0.174	-0.1027	-0.0384	0.9378	0.3098	0.1567	5	7	2	1	2	0.0033	0.4167	0	0.0116
0.0094	0.0807	-0.1172	-0.0826	-0.0289	0.8746	0.4187	0.2446	6	8	2	1	3	0.0012	0.5833	0	0.0094
0.0101	0.0471	-0.044	-0.0485	-0.0156	0.7829	0.5132	0.3518	7	9	2	1	4	0.0013	0.375	0	0.0107
0.0071	0.08	-0.0092	-0.0215	0.0034	0.873	0.3976	0.2825	8	0	2	1	5	0.0055	0.5833	0	0.0071
0.0125	0.2711	-0.4105	-0.1873	-0.0469	0.7388	0.6737	-0.018	2	11	3	1	1	0.0025	0.6667	1	0.0125
0.0125	0.0885	-0.2102	-0.0046	-0.0517	0.3472	0.9377	-0.0143	10	12	3	1	2	0.0025	0.6667	0	0.0125
0.0143	0.0477	-0.1889	0.0835	-0.0489	0.5403	0.8134	0.2157	11	13	3	1	3	0.0021	0.5833	0	0.0152
0.0123	0.0537	-0.1591	0.1254	-0.0449	0.4876	0.6264	0.6081	12	14	3	1	4	0.0015	0.7083	0	0.0123
0.0123	0.0379	-0.1312	0.1681	-0.0137	0.6049	0.0182	0.7961	13	0	3	1	5	0.0019	0.625	0	0.012
0.0124	0.2578	-0.4019	-0.105	-0.0546	0.97	-0.2287	0.0824	1	16	4	1	1	0.0022	0.375	1	0.0124
0.0124	0.0689	-0.1518	-0.164	-0.0334	0.9433	-0.19	0.2722	15	17	4	1	2	0.0022	0.375	0	0.0124
0.0135	0.1139	-0.0875	-0.1922	-0.0071	0.9935	0.0105	0.113	16	18	4	1	3	0.0014	0.5417	0	0.0135
0.0132	0.0769	0.0255	-0.1904	0.0116	0.8808	0.4728	-0.0249	17	19	4	1	4	0.0018	0.5	0	0.0132
0.0117	0.0417	0.0904	-0.1418	0.0091	0.9738	0.2212	-0.0529	18	20	4	1	5	0.0015	0.5833	0	0.0114
0.0117	0.0702	0.1292	-0.1302	0.0018	0.8803	0.4681	-0.077	19	21	4	1	6	0.0017	0.7083	0	0.0117
0.0139	0.0431	0.1987	-0.1205	0.0031	0.9527	0.2938	-0.077	20	22	4	1	7	0.0014	0.5	0	0.0141
0.0117	0.16	0.2078	-0.078	-0.0091	0.6746	0.7365	0.0487	21	23	4	1	8	0.0017	0.5625	0	0.011
0.0153	0.0526	0.3634	0.0409	-0.0055	-0.0023	0.975	0.2223	22	24	4	1	9	0.002	0.5833	0	0.0157
0.0137	0.075	0.3532	0.0944	0.0027	0.1942	0.9789	0.0632	23	25	4	1	10	0.0023	0.625	0	0.0138
0.0124	0.0433	0.3761	0.1572	0.0143	0.7663	0.6399	0.0568	24	26	4	1	11	0.0014	0.6667	0	0.0124
0.014	0.0547	0.4178	0.2177	0.0127	0.9401	-0.2118	0.2673	25	0	4	1	12	0.0023	0.375	0	0.0146
0.0107	0.1329	-0.5705	-0.0722	0.0181	0.2657	0.9626	-0.0537	3	28	5	1	1	0.0032	0.5	0	0.0112
0.0096	0.0049	-0.5307	0.0536	0.0148	0.489	0.8688	-0.0773	27	0	5	1	2	0.0043	0.7083	0	0.0096
0.0135	0.1245	-0.0046	-0.0116	0.0056	0.4104	0.8893	0.2017	9	30	6	2	1	0.0014	0.5417	1	0.0116
0.0135	0.0694	0.0465	0.0991	0.0307	-0.8383	-0.4338	-0.3302	29	31	6	2	2	0.0014	0.5417	0	0.0116
0.0135	0.0578	-0.0102	0.0659	0.0097	-0.8371	-0.5238	-0.1578	30	32	6	2	3	0.0015	0.5	0	0.0098
0.0135	0.0791	-0.0523	0.0395	-0.0029	-0.5462	0.8372	-0.0292	31	33	6	2	4	0.0021	0.75	0	0.0135
0.0135	0.0185	-0.0988	0.1044	-0.0091	-0.4188	0.9077	0.0251	32	0	6	2	5	0.0075	0.5938	0	0.0101
0.01	0.1297	-0.1679	-0.0899	-0.0422	0.1018	0.9875	0.12	6	0	14	2	1	0.0031	0.4063	0	0.01
0.0146	0.0812	0.3762	0.0318	0.0011	0.7526	-0.5337	0.3858	23	36	9	2	1	0.0034	0.3438	1	0.0366
0.0144	0.1196	0.4505	-0.0148	0.022	0.3407	0.9299	0.1388	35	37	9	2	2	0.0161	0.3167	0	0.0366
0.0143	0.0677	0.4734	0.0982	0.046	0.3359	-0.3036	0.8916	36	38	9	2	3	0.0021	0.5	0	0.015
0.0141	0.0412	0.5067	0.0837	0.1088	-0.0992	-0.2166	0.9712	37	39	9	2	4	0.0018	0.6667	0	0.0142
0.013	0.0553	0.5077	0.0704	0.1488	-0.0744	-0.071	0.9947	38	40	9	2	5	0.0018	0.75	0	0.013
0.0112	0.0595	0.5024	0.0643	0.2038	-0.0061	-0.0246	0.9997	39	41	9	2	6	0.0013	0.75	0	0.0112
0.0093	0.0711	0.5054	0.0654	0.2638	-0.012	-0.1868	0.9823	40	42	9	2	7	0.0013	0.75	0	0.0093
0.0098	0.0574	0.5037	0.0568	0.3339	0.1004	-0.0435	0.994	41	43	9	2	8	0.0014	0.5833	0	0.0098
0.0093	0.0308	0.5054	0.0571	0.3928	0.4005	-0.0106	0.9162	42	0	9	2	9	0.0027	0.4583	0	0.0092
0.0133	0.1586	0.4711	0.2149	0.0161	-0.8388	0.5229	-0.1514	26	45	10	2	1	0.0041	0.3	0	0.0137
0.0131	0.1136	0.326	0.2821	-0.0045	-0.78	0.6194	0.0885	44	46	10	2	2	0.0025	0.4688	0	0.0151
0.0112	0.0602	0.2431	0.3852	0.0063	-0.9847	0.1738	0.0122	45	47	10	2	3	0.0012	0.5417	0	0.0112
0.0111	0.0515	0.1823	0.3896	-0.0016	-0.9821	-0.0096	0.1882	46	48	10	2	4	0.0014	0.4167	0	0.0111
0.0111	0.0545	0.1222	0.3695	0.0114	-0.8989	0.4124	-0.1479	47	0	10	2	5	0.01	0.05	0	0.01
0.0123	0.0685	0.2833	0.0214	-0.0005	-0.8319	0.5153	0.2059	22	50	15	2	1	0.0026	0.5417	1	0.0147
0.0123	0.059	0.2263	0.0567	0.0136	-0.8408	0.5322	-0.0988	49	51	15	2	2	0.0026	0.5417	0	0.0147
0.0123	0.0945	0.1591	0.0881	0.0078	-0.0015	0.9999	0.0165	50	52	15	2	3	0.002	0.625	0	0.0134
0.0123	0.0411	0.1627	0.1931	0.0116	-0.946	0.3231	0.0269	51	53	15	2	4	0.0014	0.6667	0	0.0131
0.0123	0.1167	0.1208	0.2405	0.0184	-0.9942	-0.0951	0.0495	52	0	15	2	5	0.0016	0.625	0	0.0123
0.0092	0.179	0.2357	0.3696	0.0022	0.9105	0.2807	0.3037	45	55	13	3	1	0.0014	0.5833	0	0.0092
0.0092	0.0356	0.3969	0.4186	0.0565	-0.5658	0.7868	0.2466	54	0	13	3	2	0.01	0.05	0	0.01
