radius (m)	length (m)	start_point	axis_direction	parent	extension	branch	branch_order	position_in_branch	mad	SurfCov	added	UnmodRadius (m)
0.0214	0.1552	-0.197	0.0018	-0.1253	0.8877	-0.0905	0.4514	0	2	1	0	1	0.0041	0.4583	0	0.0216
0.0168	0.0855	-0.0534	-0.0263	-0.0471	0.6639	0.5599	0.4957	1	3	1	0	2	0.0027	0.8333	0	0.0168
0.018	0.0657	-0.0032	0.0248	-0.0031	0.4314	0.4646	0.7734	2	4	1	0	3	0.0026	0.75	0	0.018
0.0246	0.0739	0.0278	0.0538	0.0515	0.828	0.0276	-0.5601	3	5	1	0	4	0.0072	0.38	0	0.0416
0.0228	0.0606	0.1196	0.0805	0.0464	0.5573	-0.8253	0.0913	4	0	1	0	5	0.003	0.375	0	0.0252
0.0131	0.207	-0.1729	-0.0209	-0.1201	0.7188	-0.6779	0.1546	1	7	2	1	1	0.0034	0.5417	1	0.0131
0.0131	0.0649	-0.0241	-0.1612	-0.0881	0.9648	-0.1927	0.1793	6	8	2	1	2	0.0034	0.5417	0	0.0131
0.0144	0.0906	0.0399	-0.1718	-0.0799	0.7632	0.3595	0.5369	7	9	2	1	3	0.0016	0.4583	0	0.0144
0.0144	0.0584	0.0998	-0.1282	-0.0231	0.8277	0.5098	0.2345	8	10	2	1	4	0.0017	0.4167	0	0.0145
0.0131	0.0436	0.156	-0.1037	-0.0204	0.7213	0.6662	0.1896	9	11	2	1	5	0.0011	0.375	0	0.0109
0.0158	0.0516	0.177	-0.0679	-0.0036	0.6615	0.7003	0.2685	10	12	2	1	6	0.0044	0.6667	0	0.0159
0.0131	0.0166	0.19	-0.0778	-0.0091	0.8269	-0.1508	-0.5418	11	13	2	1	7	0.0013	0.375	0	0.0097
0.0131	0.0155	0.205	-0.0777	-0.0184	0.8368	-0.4404	-0.3254	12	0	2	1	8	0.01	0.05	0	0.01
0.016	0.0567	-0.0363	0.0081	-0.0186	-0.1575	0.7818	0.6034	2	15	9	1	1	0.005	0.5	1	0.0241
0.0159	0.1198	-0.0465	0.0506	0.0209	-0.012	0.9505	0.3106	14	16	9	1	2	0.0096	0.5	0	0.0241
0.0156	0.092	-0.0497	0.1554	0.0788	-0.0398	0.9159	0.3995	15	17	9	1	3	0.0022	0.4583	0	0.0193
0.0149	0.0698	-0.0588	0.235	0.0925	-0.0546	0.9809	-0.1867	16	18	9	1	4	0.0016	0.3333	0	0.0159
0.0147	0.0273	-0.0552	0.3037	0.1055	-0.001	1	-0.0076	17	19	9	1	5	0.0012	0.4583	0	0.0153
0.013	0.026	-0.0657	0.3337	0.0895	-0.0484	0.9786	0.2002	18	20	9	1	6	0.0014	0.5833	0	0.013
0.0131	0.0213	-0.065	0.3606	0.0945	-0.6183	0.751	-0.2316	19	0	9	1	7	0.002	0.375	0	0.0135
0.0116	0.2342	0.0944	-0.1164	-0.0296	-0.8138	-0.5571	-0.1655	9	22	3	2	1	0.0034	0.4583	0	0.011
0.0137	0.175	-0.1012	-0.2554	-0.0707	0.8649	-0.501	-0.0295	21	23	3	2	2	0.002	0.3125	0	0.0139
0.0123	0.0251	0.0495	-0.3466	-0.0684	0.9364	0.2752	0.2177	22	24	3	2	3	0.0013	0.3333	0	0.0132
0.0137	0.0546	0.0798	-0.3369	-0.0756	0.8275	0.2552	0.5001	23	0	3	2	4	0.0052	0.375	0	0.0239
0.018	0.1232	0.138	-0.1215	-0.013	-0.5906	-0.7255	-0.3534	9	0	5	2	1	0.005	0.5417	0	0.018
0.0142	0.1538	0.1045	-0.1295	-0.0367	-0.7938	-0.5541	-0.2506	9	27	14	2	1	0.0017	0.5833	0	0.0142
0.0142	0.0513	-0.014	-0.2247	-0.0712	-0.7812	-0.0327	0.6234	26	28	14	2	2	0.0077	0.475	0	0.0209
0.0142	0.0393	-0.0464	-0.2328	-0.0394	-0.5729	-0.6673	-0.4759	27	29	14	2	3	0.0009	0.2917	0	0.0101
0.0142	0.0582	-0.076	-0.2459	-0.0603	-0.4293	-0.3684	-0.8246	28	30	14	2	4	0.0053	0.3333	0	0.012
0.0142	0.0372	-0.099	-0.2679	-0.1098	-0.6086	-0.1691	-0.7752	29	0	14	2	5	0.01	0.05	0	0.01
0.0168	0.0564	0.1448	-0.0835	-0.0072	-0.1646	0.9743	-0.154	9	32	10	2	1	0.0056	0.4167	0	0.0168
0.0168	0.0202	0.1432	-0.008	-0.02	-0.9166	0.2823	-0.2831	31	0	10	2	2	0.0021	0.1	0	0.01
0.0143	0.0227	-0.0394	0.2288	0.1193	0.9652	0.2167	0.1464	16	34	11	2	1	0.0027	0.5833	0	0.0162
0.0143	0.0435	-0.0143	0.24	0.1311	0.9539	-0.1287	-0.271	33	0	11	2	2	0.0023	0.5833	0	0.0143
0.0132	0.0712	-0.0655	0.1598	0.0816	-0.4735	-0.8178	-0.327	16	36	15	2	1	0.0015	0.5417	1	0.0131
0.0132	0.0304	-0.0992	0.1016	0.0583	-0.0334	0.9445	0.3267	35	37	15	2	2	0.0015	0.5417	0	0.0131
0.0148	0.0279	-0.1064	0.1259	0.0523	-0.9349	0.1633	0.3151	36	38	15	2	3	0.0048	0.225	0	0.0229
0.0131	0.017	-0.1277	0.139	0.0632	-0.3503	0.397	-0.8484	37	0	15	2	4	0.01	0.05	0	0.01
0.012	0.0985	0.0006	-0.2184	-0.0673	0.9401	-0.3305	0.083	26	40	6	3	1	0.0038	0.625	0	0.0149
0.012	0.0299	0.0782	-0.2546	-0.0553	0.2413	-0.9704	0.0106	39	41	6	3	2	0.0069	0.5417	0	0.012
0.012	0.0232	0.0888	-0.2731	-0.0482	0.0995	-0.564	0.8198	40	0	6	3	3	0.0028	0.375	0	0.0118
