radius (m)	length (m)	start_point	axis_direction	parent	extension	branch	branch_order	position_in_branch	mad	SurfCov	added	UnmodRadius (m)
0.0333	0.076	0.6881	-1.0443	-0.8053	-0.2072	0.1164	0.9713	0	2	1	0	1	0.0085	0.3636	0	0.0153
0.0191	0.1247	0.6575	-1.0793	-0.7233	-0.2875	0.2675	0.9197	1	3	1	0	2	0.0028	0.75	0	0.0191
0.0458	0.119	0.6108	-1.0206	-0.6158	-0.3578	0.107	0.9276	2	4	1	0	3	0.0044	0.75	0	0.0458
0.0569	0.2421	0.5379	-1.0207	-0.5122	-0.387	0.5059	0.7709	3	5	1	0	4	0.0162	0.6713	0	0.0717
0.0554	0.0359	0.4625	-0.9123	-0.2976	-0.6834	0.3663	0.6315	4	6	1	0	5	0.0375	0.6347	0	0.0566
0.0515	0.1613	0.4012	-0.8906	-0.2648	0.3041	0.2045	0.9304	5	7	1	0	6	0.0159	0.4652	0	0.0672
0.051	0.1433	0.3592	-0.8374	-0.1156	0.0179	0.1215	0.9924	6	8	1	0	7	0.0175	0.4882	0	0.0596
0.049	0.0255	0.3063	-0.873	0.0269	-0.1499	0.1622	0.9753	7	9	1	0	8	0.0444	0.3327	0	0.105
0.0292	0.2928	0.3054	-0.8383	0.0446	-0.3814	0.2461	0.891	8	10	1	0	9	0.0507	0.5242	0	0.0285
0.0484	0.0169	0.1899	-0.7371	0.2818	-0.1941	0.6028	0.7739	9	11	1	0	10	0.0354	0.4787	0	0.0544
0.0325	0.0791	0.1719	-0.9065	0.344	-0.5035	0.2663	0.8219	10	12	1	0	11	0.0638	0.71	0	0.0325
0.0259	0.0269	0.1122	-0.8515	0.4392	-0.3195	-0.7285	0.6059	11	13	1	0	12	0.0236	0.6	0	0.0259
0.0291	0.2145	0.104	-0.8596	0.4289	-0.1651	0.906	0.3896	12	14	1	0	13	0.0047	0.4531	0	0.0315
0.0169	0.2443	0.0894	-0.6487	0.5207	0.1892	-0.6171	0.7638	13	0	1	0	14	0.0028	0.375	0	0.0162
0.0197	0.2563	0.6114	-0.9753	-0.6226	0.2034	0.8417	0.5002	3	0	2	1	1	0.0042	0.5417	0	0.0197
0.0326	0.1661	0.5035	-1.0693	-0.5302	-0.7737	-0.6332	0.0212	4	17	4	1	1	0.0065	0.4167	1	0.0334
0.0318	0.0817	0.375	-1.1745	-0.5267	-0.6015	0.744	-0.291	16	18	4	1	2	0.0065	0.4167	0	0.0334
0.0275	0.0684	0.336	-1.1189	-0.5595	0.6596	-0.0082	0.7516	17	0	4	1	3	0.0024	0.4167	0	0.0275
0.0173	0.2257	0.4585	-0.8596	-0.3169	0.7837	0.5972	-0.1708	5	20	6	1	1	0.0038	0.575	0	0.0173
0.0173	0.0535	0.6231	-0.7232	-0.3421	0.3517	0.9112	0.2144	19	21	6	1	2	0.0026	0.5	0	0.0176
0.016	0.0329	0.6482	-0.6664	-0.3302	-0.7559	0.5706	0.3209	20	0	6	1	3	0.0061	0.5	0	0.016
0.018	0.1936	0.4814	-0.8658	-0.2623	0.1737	0.9667	-0.1878	5	23	8	1	1	0.0033	0.8333	0	0.018
0.0183	0.0468	0.5145	-0.6741	-0.2878	0.9781	0.2046	-0.039	22	0	8	1	2	0.0063	0.6964	0	0.0183
0.0232	0.2026	0.4591	-1.0104	-0.4321	-0.7686	-0.6109	0.19	4	25	12	1	1	0.0035	0.5	1	0.023
0.0231	0.168	0.3033	-1.1342	-0.3936	-0.0705	0.1018	-0.9923	24	26	12	1	2	0.0035	0.5	0	0.023
0.0246	0.0696	0.3061	-1.108	-0.5625	-0.1999	0.0875	-0.9759	25	27	12	1	3	0.0033	0.5417	0	0.025
0.023	0.0476	0.3069	-1.1532	-0.651	0.1777	0.4095	-0.8948	26	0	12	1	4	0.0046	0.15	0	0.01
0.0194	0.1752	0.1366	-0.8558	0.4226	0.8174	-0.142	-0.5583	12	29	22	1	1	0.0031	0.625	1	0.0194
0.0193	0.0848	0.2798	-0.8807	0.3247	0.3675	-0.7263	-0.581	28	30	22	1	2	0.0031	0.625	0	0.0194
0.0149	0.0563	0.2978	-0.9563	0.2836	0.5857	-0.7412	-0.3281	29	31	22	1	3	0.0028	0.75	0	0.0149
0.0154	0.0466	0.3302	-0.9974	0.2626	0.2992	-0.9069	-0.2968	30	32	22	1	4	0.0027	0.625	0	0.0157
0.0158	0.0575	0.3455	-1.0392	0.255	0.5814	-0.81	-0.0771	31	33	22	1	5	0.0021	0.75	0	0.0158
0.017	0.0467	0.374	-1.0881	0.2477	0.2589	-0.9171	0.303	32	34	22	1	6	0.0032	0.6667	0	0.0171
0.0154	0.0316	0.3831	-1.1397	0.2596	-0.3857	-0.1071	0.9164	33	0	22	1	7	0.0021	0.2917	0	0.0154
0.0277	0.499	0.2276	-0.7537	0.2731	-0.2376	0.9462	-0.2194	9	36	28	1	1	0.0599	0.592	1	0.108
0.0277	0.1897	0.0886	-0.2983	0.1262	-0.3099	0.9198	-0.2407	35	37	28	1	2	0.0747	0.98	0	0.108
0.0277	0.1168	0.0207	-0.1216	0.0999	-0.36	0.8941	-0.2665	36	38	28	1	3	0.0645	0.9667	0	0.1033
0.0277	0.1757	0.0007	-0.0134	0.0603	-0.2529	0.9368	-0.2419	37	39	28	1	4	0.0672	0.9667	0	0.1004
0.0277	0.1255	-0.0468	0.1442	-0.0011	-0.2115	0.9282	-0.3061	38	40	28	1	5	0.0715	1	0	0.1011
0.0277	0.1358	-0.0732	0.2644	-0.0295	-0.2358	0.9129	-0.3333	39	41	28	1	6	0.0703	0.9875	0	0.1019
0.0277	0.1275	-0.1216	0.3866	-0.0642	-0.273	0.9232	-0.2704	40	42	28	1	7	0.0633	0.9571	0	0.0998
0.0277	0.0988	-0.1501	0.5082	-0.0905	-0.3029	0.9294	-0.2111	41	43	28	1	8	0.0603	0.9667	0	0.0977
0.0277	0.149	-0.1831	0.5962	-0.1206	-0.2845	0.9156	-0.2843	42	44	28	1	9	0.0607	0.975	0	0.0956
0.0277	0.0772	-0.2189	0.7379	-0.1519	-0.3164	0.9176	-0.2408	43	45	28	1	10	0.0606	0.96	0	0.0972
0.0277	0.1498	-0.2477	0.8081	-0.1651	-0.3516	0.9174	-0.1864	44	46	28	1	11	0.0587	0.925	0	0.0968
0.0277	0.1085	-0.299	0.9472	-0.1863	-0.3217	0.9315	-0.1697	45	47	28	1	12	0.0548	0.9167	0	0.0949
0.0277	0.1102	-0.3296	1.0487	-0.2107	-0.3172	0.9324	-0.1733	46	48	28	1	13	0.0582	0.9167	0	0.0942
0.0277	0.069	-0.3771	1.1471	-0.2335	-0.2672	0.9429	-0.1989	47	49	28	1	14	0.0551	0.825	0	0.0921
0.0277	0.148	-0.3704	1.2215	-0.2362	-0.2765	0.9468	-0.165	48	50	28	1	15	0.0546	0.85	0	0.0968
0.0277	0.0705	-0.4071	1.3602	-0.2717	-0.2405	0.9473	-0.2117	49	51	28	1	16	0.0596	0.975	0	0.0975
0.0277	0.1243	-0.4215	1.4294	-0.2788	-0.3582	0.919	-0.1647	50	52	28	1	17	0.0578	0.8857	0	0.0971
0.0277	0.1077	-0.4626	1.5435	-0.3047	-0.272	0.944	-0.1867	51	53	28	1	18	0.0587	0.8667	0	0.0967
0.0277	0.0573	-0.4905	1.6466	-0.3185	-0.3253	0.9351	-0.1408	52	54	28	1	19	0.0547	0.85	0	0.0945
0.0277	0.0833	-0.5114	1.6997	-0.3239	-0.3348	0.939	-0.0789	53	55	28	1	20	0.0544	0.86	0	0.095
0.0277	0.1412	-0.5446	1.7764	-0.324	-0.3112	0.9492	-0.0464	54	56	28	1	21	0.0517	0.8625	0	0.0964
0.0277	0.074	-0.5755	1.9114	-0.3464	-0.2885	0.9396	-0.1844	55	57	28	1	22	0.0605	0.9	0	0.099
0.0277	0.0748	-0.6073	1.9787	-0.3532	-0.3435	0.9072	-0.2429	56	58	28	1	23	0.0519	0.85	0	0.0987
0.0277	0.1147	-0.6302	2.0461	-0.375	-0.2802	0.9035	-0.3244	57	59	28	1	24	0.0549	0.8167	0	0.1031
0.0276	0.0193	-0.6696	2.1511	-0.404	-0.1956	0.923	-0.3313	58	60	28	1	25	0.0288	0.6778	0	0.0614
0.0259	0.1448	-0.6623	2.1782	-0.3967	-0.3981	0.8754	-0.274	59	61	28	1	26	0.0307	0.675	0	0.0948
0.0268	0.0067	-0.6713	2.3192	-0.4124	-0.2884	0.9573	0.0188	60	62	28	1	27	0.0118	0.0333	0	0.0581
0.0245	0.075	-0.7321	2.318	-0.4313	-0.0744	0.9838	-0.1632	61	63	28	1	28	0.0245	0.64	0	0.1053
0.0236	0.0815	-0.7325	2.3938	-0.4377	-0.0225	0.952	-0.3051	62	64	28	1	29	0.0211	0.52	0	0.112
0.0265	0.048	-0.7656	2.4864	-0.4585	0.403	0.8938	-0.197	63	65	28	1	30	0.0083	0.575	0	0.0325
0.0243	0.0383	-0.7443	2.534	-0.4576	-0.7944	0.5946	-0.1241	64	66	28	1	31	0.0069	0.375	0	0.0354
0.0248	0.0997	-0.7517	2.572	-0.4641	-0.5537	0.8216	-0.1355	65	67	28	1	32	0.0059	0.55	0	0.038
0.0209	0.058	-0.7944	2.6579	-0.4658	-0.1774	0.9737	-0.1428	66	68	28	1	33	0.0027	0.5417	0	0.0213
0.0246	0.0531	-0.8323	2.7279	-0.4829	0.4798	0.8567	-0.1893	67	69	28	1	34	0.0022	0.625	0	0.0253
0.022	0.0708	-0.8065	2.7737	-0.4938	-0.7124	0.6979	0.0737	68	70	28	1	35	0.0029	0.5833	0	0.0226
0.0159	0.0626	-0.8565	2.8311	-0.4835	-0.9915	-0.0221	0.128	69	71	28	1	36	0.0024	0.5833	0	0.0159
0.014	0.0945	-0.9184	2.8303	-0.4746	-0.9538	0.3001	-0.0154	70	72	28	1	37	0.002	0.5417	0	0.014
0.0204	0.0452	-1.0046	2.868	-0.4604	-0.9613	0.263	0.0818	71	73	28	1	38	0.0013	0.5	0	0.0212
0.0182	0.0337	-1.0469	2.9063	-0.4781	0.0451	0.6276	0.7772	72	74	28	1	39	0.0017	0.3333	0	0.0183
0.0176	0.0381	-1.0494	2.9213	-0.4665	-0.1368	0.9256	-0.353	73	75	28	1	40	0.0014	0.4167	0	0.0176
0.0133	0.0508	-1.0497	2.9607	-0.4787	-0.6521	0.7579	0.0173	74	76	28	1	41	0.0012	0.5	0	0.0128
0.0177	0.0458	-1.0855	2.9856	-0.4813	-0.4672	-0.1314	0.8743	75	77	28	1	42	0.0016	0.5417	0	0.0177
0.0226	0.0522	-1.1164	2.9712	-0.4636	-0.3668	0.9108	-0.1893	76	78	28	1	43	0.002	0.375	0	0.0272
0.0111	0.0205	-1.1099	2.9747	-0.4265	-0.8666	0.0273	0.4982	77	79	28	1	44	0.0051	0.8333	0	0.0111
0.0199	0.1032	-1.1262	2.9739	-0.4252	0.083	0.9859	-0.1452	78	0	28	1	45	0.0032	0.2333	0	0.0256
0.0169	0.0904	0.1364	-0.7835	0.6648	-0.3653	-0.7112	-0.6006	14	81	153	1	1	0.0272	0.25	1	0.0227
0.0169	0.2188	0.0853	-0.8819	0.6254	-0.2745	0.5036	0.8192	80	82	153	1	2	0.0077	0.725	0	0.0227
0.0169	0.0546	0.022	-0.8148	0.8423	-0.3484	0.6325	0.6918	81	83	153	1	3	0.0028	0.6667	0	0.0213
0.0169	0.0589	0.0186	-0.7949	0.9022	-0.2655	0.7062	0.6563	82	84	153	1	4	0.0041	0.5833	0	0.0218
0.0169	0.0569	0.0021	-0.7539	0.9406	-0.3703	0.0945	0.9241	83	85	153	1	5	0.0047	0.6667	0	0.0205
0.0169	0.0587	-0.0149	-0.7518	1.0002	-0.3433	0.7598	0.5521	84	86	153	1	6	0.0085	0.775	0	0.0264
0.0169	0.1241	-0.0364	-0.6894	1.0373	-0.1285	-0.2597	0.9571	85	87	153	1	7	0.0104	0.6125	0	0.0239
0.0169	0.0154	-0.0599	-0.7176	1.153	0.4588	0.8866	0.0586	86	88	153	1	8	0.0086	0.4583	0	0.0169
0.0169	0.042	-0.0447	-0.6949	1.1583	-0.1658	-0.3063	0.9374	87	0	153	1	9	0.0016	0.175	0	0.01
0.0126	0.3002	-0.3784	1.2984	-0.2733	0.4457	-0.8814	-0.1566	49	90	85	2	1	0.0042	0.3333	1	0.0336
0.0126	0.0795	-0.2376	1.0408	-0.3409	-0.3743	0.9096	0.1805	89	0	85	2	2	0.0059	0.375	0	0.0336
0.0138	0.1345	-0.7339	2.5523	-0.4703	0.4227	0.7446	-0.5165	65	92	135	2	1	0.0041	0.5	1	0.0138
0.0138	0.0625	-0.677	2.6525	-0.5398	-0.4913	0.8678	-0.0744	91	0	135	2	2	0.0041	0.5	0	0.0138
0.0161	0.1188	-0.9374	2.8259	-0.4848	0.0834	0.9963	0.0221	71	94	154	2	1	0.0053	0.55	0	0.0161
0.0161	0.047	-0.9299	2.9407	-0.482	-0.7811	0.5273	-0.3342	93	95	154	2	2	0.0047	0.425	0	0.0249
0.0161	0.0305	-0.9746	2.9626	-0.4996	-0.3351	0.9418	-0.0256	94	0	154	2	3	0.003	0.25	0	0.0201
0.0112	0.1237	-1.1019	3.0615	-0.449	-0.4845	-0.703	0.5207	79	97	146	2	1	0.0082	0.2286	0	0.0218
0.0112	0.0423	-1.1732	2.987	-0.3664	0.5886	-0.4463	0.6741	96	98	146	2	2	0.0015	0.5417	0	0.0112
0.0112	0.0328	-1.145	2.9641	-0.3368	0.476	0.5703	0.6695	97	0	146	2	3	0.0022	0.08	0	0.0199
0.0165	0.0776	-1.0692	2.9369	-0.4768	-0.3081	-0.1288	0.9426	74	100	147	2	1	0.0025	0.5	0	0.0171
0.0162	0.0305	-1.1053	2.9329	-0.4223	-0.809	-0.4437	0.3856	99	101	147	2	2	0.0048	0.175	0	0.0216
0.0117	0.0106	-1.1286	2.9308	-0.4213	-0.7573	-0.3994	-0.5167	100	102	147	2	3	0.007	0.4688	0	0.0102
0.0134	0.0586	-1.1409	2.921	-0.4214	-0.514	0.7661	0.3859	101	103	147	2	4	0.0018	0.3333	0	0.0134
0.0146	0.047	-1.1693	2.9457	-0.3989	-0.6864	-0.0632	0.7244	102	104	147	2	5	0.0013	0.2917	0	0.0148
0.0156	0.033	-1.1954	2.9483	-0.3631	-0.2302	-0.0543	0.9716	103	105	147	2	6	0.002	0.4167	0	0.018
0.0154	0.0314	-1.2118	2.9509	-0.3334	-0.218	0.0778	0.9728	104	106	147	2	7	0.0017	0.4167	0	0.0197
0.009	0.0538	-1.2117	2.9467	-0.2976	-0.562	0.0591	0.825	105	107	147	2	8	0.0072	0.875	0	0.009
0.0141	0.0952	-1.2184	2.9243	-0.267	-0.3183	-0.6594	0.6811	106	0	147	2	9	0.0044	0.375	0	0.0164
0.0133	0.2932	0.1245	-0.7706	0.6737	-0.2741	0.8301	0.4856	80	109	50	2	1	0.002	0.7083	0	0.0133
0.0133	0.0503	0.0452	-0.5339	0.8245	-0.0737	0.7761	0.6263	108	110	50	2	2	0.0018	0.75	0	0.0133
0.0138	0.038	0.0459	-0.4944	0.8572	-0.2496	0.7632	0.596	109	111	50	2	3	0.0023	0.5417	0	0.014
0.0133	0.0556	0.0411	-0.4669	0.8917	-0.3582	0.8999	0.2485	110	0	50	2	4	0.0017	0.5	0	0.0113
0.0136	0.1948	0.0307	-0.8235	0.8539	0.5111	-0.5176	0.6862	82	113	57	2	1	0.0017	0.625	1	0.0136
0.0136	0.0356	0.1302	-0.9243	0.9876	-0.8019	0.5862	0.1157	112	114	57	2	2	0.0017	0.625	0	0.0136
0.0137	0.03	0.0981	-0.9082	0.9936	-0.1494	0.4514	0.8797	113	115	57	2	3	0.0016	0.7083	0	0.0137
0.0156	0.0579	0.0823	-0.8822	1.019	0.1149	0.1784	0.9772	114	116	57	2	4	0.0021	0.8333	0	0.0156
0.0135	0.0386	0.0884	-0.8706	1.0753	0.1966	0.3241	0.9254	115	117	57	2	5	0.0016	0.75	0	0.0135
0.0146	0.0492	0.0881	-0.8587	1.1122	0.09	0.5444	0.834	116	118	57	2	6	0.0029	0.75	0	0.0146
0.0184	0.0429	0.0898	-0.8341	1.1508	-0.4776	0.8535	-0.2083	117	119	57	2	7	0.0023	0.75	0	0.0184
0.0135	0.2514	0.0814	-0.7835	1.1546	-0.5946	0.7596	-0.2635	118	0	57	2	8	0.01	0.05	0	0.01
0.0259	0.1416	0.019	-0.7977	0.9222	0.2808	-0.8388	0.4663	83	121	58	2	1	0.0044	0.4063	1	0.0259
0.0259	0.107	0.0588	-0.9165	0.9882	0.1417	0.9322	-0.3331	120	0	58	2	2	0.0044	0.4063	0	0.0259
0.0146	0.0687	-1.0337	2.8354	-0.5069	-0.9419	0.2183	0.2553	0	0	156	0	1	0.0043	0.4583	0	0.0146
0.0256	0.0494	-1.1179	3.0454	-0.4168	0.3512	0.5171	-0.7805	0	124	159	0	1	0.0037	0.4583	0	0.0256
0.0256	0.0258	-1.0941	3.1081	-0.4653	0.6331	-0.3003	-0.7134	123	0	159	0	2	0.0022	0.1	0	0.0163
