radius (m)	length (m)	start_point	axis_direction	parent	extension	branch	branch_order	position_in_branch	mad	SurfCov	added	UnmodRadius (m)
0.0143	0.0645	0.2288	-0.034	-0.1778	0.0075	0.7545	0.6563	0	2	1	0	1	0.0031	0.75	0	0.0143
0.0173	0.061	0.2237	0.0179	-0.1389	-0.1031	0.6284	0.771	1	3	1	0	2	0.0025	0.8333	0	0.0173
0.0156	0.0585	0.2204	0.0677	-0.0965	-0.2041	0.4145	0.8869	2	4	1	0	3	0.0027	0.7083	0	0.0156
0.0188	0.0563	0.2098	0.0928	-0.0428	-0.8225	0.0783	0.5634	3	5	1	0	4	0.0022	0.7083	0	0.0188
0.0165	0.0547	0.1564	0.1066	-0.0128	-0.8002	-0.5857	0.1289	4	6	1	0	5	0.002	0.8333	0	0.0165
0.0127	0.0808	0.1123	0.0821	-0.0027	-0.9959	-0.0669	0.0611	5	7	1	0	6	0.0023	0.7917	0	0.0127
0.0139	0.0444	0.0312	0.0747	0.0017	-0.9045	0.3489	-0.2454	6	8	1	0	7	0.0017	0.7917	0	0.0139
0.018	0.0526	-0.0066	0.0877	-0.0019	-0.9221	-0.3454	0.1742	7	9	1	0	8	0.0024	0.6667	0	0.0182
0.0179	0.0461	-0.0587	0.0746	0.0128	-0.2417	-0.7848	0.5707	8	10	1	0	9	0.0022	0.275	0	0.024
0.0138	0.0445	-0.0745	0.0362	0.0357	-0.6488	0.3017	0.6985	9	0	1	0	10	0.0011	0.3333	0	0.0138
0.0155	0.0894	0.2296	0.0579	-0.1114	0.1199	0.8183	0.5622	2	12	2	1	1	0.0026	0.5417	1	0.0156
0.0155	0.0846	0.2403	0.131	-0.0611	0.0284	0.0117	0.9995	11	13	2	1	2	0.0026	0.5417	0	0.0156
0.0151	0.0427	0.238	0.127	0.0226	-0.6974	0.5906	0.406	12	14	2	1	3	0.0018	0.5833	0	0.0151
0.0151	0.0221	0.2122	0.1556	0.0427	-0.5787	0.8039	-0.1372	13	0	2	1	4	0.0025	0.25	0	0.0151
0.0128	0.1001	0.2018	0.094	-0.0674	-0.4289	0.6051	0.6707	3	16	3	1	1	0.0025	0.5417	1	0.0128
0.0128	0.0484	0.1589	0.1546	-0.0003	-0.1494	-0.6277	0.764	15	17	3	1	2	0.0025	0.5417	0	0.0128
0.0145	0.0532	0.1413	0.1194	0.0307	-0.391	-0.2593	0.8831	16	18	3	1	3	0.0023	0.375	0	0.0165
0.0141	0.0755	0.114	0.1233	0.0816	-0.3338	0.0861	-0.9387	17	19	3	1	4	0.0019	0.5	0	0.0143
0.0138	0.0602	0.0838	0.137	0.0165	-0.3109	0.4573	-0.8332	18	20	3	1	5	0.0015	0.4167	0	0.0145
0.0123	0.0346	0.0641	0.1673	-0.0299	-0.7826	0.3789	-0.4939	19	21	3	1	6	0.0014	0.2917	0	0.0126
0.01	0.0295	0.0328	0.1756	-0.0437	-0.7838	0.3242	-0.5297	20	0	3	1	7	0.0049	0.75	0	0.01
0.0126	0.0772	-0.0747	0.0475	0.0537	0.2215	0.7365	0.6391	10	23	5	1	1	0.0025	0.625	0	0.0126
0.0119	0.0429	-0.0443	0.1054	0.11	-0.2944	0.8526	0.4316	22	24	5	1	2	0.0014	0.5833	0	0.0119
0.013	0.0336	-0.0635	0.1584	0.123	0.8354	0.4439	0.324	23	25	5	1	3	0.0018	0.5417	0	0.0144
0.0129	0.0262	-0.0377	0.1737	0.1339	0.1483	0.8877	0.4359	24	26	5	1	4	0.0017	0.4583	0	0.0171
0.0119	0.0217	-0.0151	0.2023	0.1427	-0.2698	0.9622	0.036	25	0	5	1	5	0.0016	0.2083	0	0.011
0.0171	0.0501	-0.0606	0.0862	0.0113	-0.1677	-0.8064	-0.5671	8	28	16	1	1	0.0093	0.36	0	0.033
0.0171	0.0677	-0.0783	0.0494	-0.0221	-0.0542	-0.8617	-0.5045	27	29	16	1	2	0.0115	0.62	0	0.0332
0.017	0.1137	-0.1015	-0.0162	-0.0519	0.315	-0.9371	-0.1504	28	30	16	1	3	0.0023	0.5	0	0.0183
0.0136	0.03	-0.0446	-0.1116	-0.0584	0.3973	-0.9035	0.1608	29	31	16	1	4	0.0014	0.4583	0	0.0136
0.0158	0.0627	-0.0509	-0.1514	-0.0568	0.4607	-0.7699	0.4415	30	32	16	1	5	0.0019	0.4583	0	0.0158
0.0151	0.0508	-0.0094	-0.1857	-0.022	0.3579	-0.658	0.6625	31	33	16	1	6	0.0014	0.4167	0	0.0151
0.0136	0.0216	-0.0031	-0.2327	0.0066	0.4632	-0.6357	0.6175	32	34	16	1	7	0.0011	0.3333	0	0.0104
0.0153	0.0301	0.0107	-0.2358	0.0283	-0.5603	-0.3836	0.7342	33	35	16	1	8	0.0014	0.3333	0	0.0153
0.0136	0.0442	-0.0018	-0.2466	0.0517	-0.2728	-0.0912	0.9577	34	36	16	1	9	0.0011	0.25	0	0.0107
0.0136	0.0917	-0.0147	-0.2505	0.0937	-0.3448	-0.7896	0.5075	35	0	16	1	10	0.01	0.05	0	0.01
0.0124	0.0208	0.1047	0.1127	0.083	-0.5966	-0.7642	0.245	18	38	10	2	1	0.0029	0.4583	1	0.0124
0.0124	0.0338	0.0923	0.0968	0.0881	-0.1545	0.9879	-0.0092	37	0	10	2	2	0.0029	0.4583	0	0.0124
0.0117	0.0232	0.0286	0.1751	-0.0397	-0.8679	-0.288	0.4049	20	40	17	2	1	0.0022	0.5	1	0.0134
0.0117	0.0494	0.0084	0.1684	-0.0303	0.784	0.596	0.1734	39	41	17	2	2	0.0022	0.5	0	0.0134
0.0114	0.0445	0.0433	0.2016	-0.0259	0.7851	0.5865	-0.1992	40	42	17	2	3	0.0013	0.4167	0	0.0115
0.011	0.0294	0.0865	0.2235	-0.028	0.122	-0.7692	-0.6272	41	0	17	2	4	0.005	0.5417	0	0.011
0.0111	0.1047	-0.0336	0.1101	0.108	-0.9547	-0.1314	0.267	23	44	18	2	1	0.0074	0.3	0	0.0174
0.0111	0.0114	-0.1477	0.0959	0.1313	-0.0403	-0.9773	0.208	43	0	18	2	2	0.004	0.5417	0	0.0111
0.0134	0.0724	0.0159	-0.2024	-0.0047	0.8657	-0.1351	0.482	32	46	6	2	1	0.0049	0.4688	0	0.0158
0.0134	0.0036	0.0756	-0.2089	0.0314	0.1228	-0.2354	0.9641	45	47	6	2	2	0.0064	0.75	0	0.0134
0.0134	0.0357	0.0761	-0.2097	0.0349	-0.4749	-0.4452	-0.7591	46	0	6	2	3	0.01	0.05	0	0.01
0.0161	0.0506	-0.0984	0.0021	-0.0494	-0.8649	0.4246	0.2678	28	49	19	2	1	0.0029	0.5313	1	0.0161
0.0161	0.1117	-0.1422	0.0236	-0.0359	-0.0237	-0.952	-0.3051	48	50	19	2	2	0.0029	0.5313	0	0.0161
0.0153	0.0536	-0.1317	-0.0884	-0.0902	-0.7166	-0.6345	-0.2895	49	51	19	2	3	0.002	0.5417	0	0.0153
0.0142	0.0401	-0.1686	-0.1265	-0.0941	-0.6773	-0.7159	-0.1697	50	52	19	2	4	0.0016	0.5417	0	0.0142
0.0149	0.0465	-0.1984	-0.1621	-0.0999	-0.8799	0.2745	-0.3879	51	53	19	2	5	0.0019	0.5833	0	0.0149
0.0155	0.0401	-0.2323	-0.1696	-0.0991	-0.4473	-0.6874	-0.5721	52	54	19	2	6	0.0027	0.375	0	0.0174
0.0142	0.0188	-0.2514	-0.1948	-0.1175	0.5919	-0.6438	0.4849	53	0	19	2	7	0.0027	0.3333	0	0.0107
0.0117	0.0175	-0.0266	-0.2441	0.0922	-0.9597	0.281	0.01	36	56	13	2	1	0.003	0.5417	1	0.0118
0.0117	0.0402	-0.0434	-0.2392	0.0924	-0.4175	-0.8958	-0.1522	55	57	13	2	2	0.003	0.5417	0	0.0118
0.0108	0.06	-0.0571	-0.2711	0.0977	-0.8534	-0.3753	0.3617	56	58	13	2	3	0.0013	0.4583	0	0.0107
0.0107	0.0271	-0.1175	-0.2899	0.1166	0.1149	-0.4013	-0.9087	57	0	13	2	4	0.0015	0.3333	0	0.0104
0.0137	0.1198	-0.0533	-0.3051	0.1311	-0.2477	0.8554	-0.4549	36	60	14	2	1	0.0015	0.7083	1	0.0137
0.0137	0.025	-0.0829	-0.2027	0.0766	-0.1816	0.7278	-0.6613	59	61	14	2	2	0.0015	0.7083	0	0.0137
0.0147	0.0181	-0.0869	-0.1867	0.0557	-0.2761	0.8403	-0.4666	60	62	14	2	3	0.0056	0.9167	0	0.0147
0.0129	0.0227	-0.0921	-0.1716	0.0475	-0.583	-0.374	-0.7213	61	0	14	2	4	0.0013	0.375	0	0.012
0.011	0.0674	-0.1504	-0.1249	-0.0981	0.3834	-0.6543	-0.6518	50	0	7	3	1	0.0031	0.5417	0	0.011
0.0115	0.0625	-0.0857	-0.2394	0.0891	-0.9834	-0.1675	0.0692	59	65	15	3	1	0.0022	0.5417	0	0.0115
0.0115	0.0098	-0.1458	-0.2461	0.0996	-0.6965	-0.5289	0.4849	64	0	15	3	2	0.0026	0.3333	0	0.0138
