radius (m)	length (m)	start_point	axis_direction	parent	extension	branch	branch_order	position_in_branch	mad	SurfCov	added	UnmodRadius (m)
0.0076	0.0807	-0.2748	0.1302	-0.3147	0.7543	-0.1419	0.641	0	2	1	0	1	0.0017	0.75	0	0.0076
0.0092	0.0748	-0.2177	0.1218	-0.257	0.723	-0.3245	0.6098	1	3	1	0	2	0.0011	0.7917	0	0.0092
0.0091	0.0375	-0.1624	0.099	-0.2122	0.7605	-0.2929	0.5795	2	4	1	0	3	0.001	0.4583	0	0.0091
0.0081	0.0479	-0.1361	0.089	-0.188	0.6164	-0.33	0.7149	3	5	1	0	4	0.0012	0.375	0	0.0081
0.0094	0.0432	-0.1087	0.0699	-0.1533	0.6354	-0.3214	0.7021	4	6	1	0	5	0.0012	0.6667	0	0.0094
0.0089	0.0404	-0.0838	0.0553	-0.1213	0.5951	-0.3519	0.7225	5	7	1	0	6	0.001	0.4583	0	0.0089
0.0076	0.0605	-0.0594	0.0397	-0.0933	0.5571	-0.4605	0.6911	6	8	1	0	7	0.0009	0.2917	0	0.0071
0.0088	0.0424	-0.0278	0.0124	-0.0489	0.5661	-0.5638	0.6014	7	9	1	0	8	0.001	0.625	0	0.0088
0.0079	0.028	-0.0023	-0.0021	-0.019	0.6763	-0.3945	0.6221	8	10	1	0	9	0.0009	0.2917	0	0.0079
0.0078	0.0429	0.0114	-0.0203	-0.0003	0.5403	-0.2494	0.8037	9	11	1	0	10	0.001	0.4583	0	0.0078
0.0093	0.0245	0.0333	-0.0344	0.0332	0.422	-0.3881	0.8193	10	12	1	0	11	0.001	0.2917	0	0.0096
0.0096	0.0323	0.046	-0.0418	0.0525	0.5675	-0.3374	0.751	11	13	1	0	12	0.0011	0.3333	0	0.0103
0.0087	0.0258	0.066	-0.0472	0.0767	0.7044	-0.2113	0.6777	12	14	1	0	13	0.0012	0.375	0	0.0087
0.0087	0.0425	0.0794	-0.0554	0.0942	0.2414	-0.3923	0.8876	13	15	1	0	14	0.0008	0.375	0	0.0087
0.0087	0.0356	0.1013	-0.0617	0.1292	0.4642	-0.301	0.833	14	16	1	0	15	0.0011	0.4167	0	0.0087
0.0091	0.0318	0.1188	-0.0753	0.1574	0.6787	-0.1354	0.7218	15	17	1	0	16	0.0012	0.4167	0	0.0093
0.0096	0.0244	0.1408	-0.0781	0.1802	0.6957	-0.1068	0.7103	16	18	1	0	17	0.0011	0.25	0	0.0108
0.0081	0.0329	0.1517	-0.0808	0.2	0.3875	-0.1553	0.9087	17	19	1	0	18	0.001	0.25	0	0.0081
0.0089	0.0141	0.1639	-0.0785	0.2296	0.3267	0.0664	0.9428	18	20	1	0	19	0.0044	0.5417	0	0.009
0.0081	0.0027	0.1659	-0.077	0.2386	-0.3765	0.8629	0.3372	19	0	1	0	20	0.002	0.375	0	0.0081
0.0099	0.0597	0.1729	-0.0848	0.2394	0.55	-0.2641	0.7923	19	22	2	1	1	0.0031	0.7083	0	0.0099
0.0085	0.0188	0.2064	-0.1033	0.2855	0.5376	-0.2303	0.8111	21	23	2	1	2	0.0007	0.3333	0	0.0089
0.0085	0.0018	0.2204	-0.1076	0.2959	0.5699	-0.692	0.4432	22	24	2	1	3	0.01	0.05	0	0.01
0.0085	0.0115	0.2166	-0.1135	0.2989	0.2618	0.1788	0.9484	23	0	2	1	4	0.01	0.05	0	0.01
