radius (m)	length (m)	start_point	axis_direction	parent	extension	branch	branch_order	position_in_branch	mad	SurfCov	added	UnmodRadius (m)
0.0211	0.08	0.0389	0.1792	-0.1472	-0.7273	-0.5548	0.404	0	2	1	0	1	0.0064	0.38	0	0.0126
0.023	0.0638	-0.0456	0.1499	-0.0832	-0.11	-0.9303	0.3499	1	3	1	0	2	0.0034	0.7083	0	0.023
0.0211	0.1826	-0.0814	0.0995	-0.0641	-0.3098	-0.9417	0.1313	2	4	1	0	3	0.0041	0.7321	0	0.0211
0.0211	0.0077	-0.1178	-0.0769	-0.0416	-0.2221	-0.9451	-0.2396	3	5	1	0	4	0.0183	0.634	0	0.021
0.0227	0.0186	-0.1224	-0.0815	-0.0372	-0.6011	-0.797	0.0588	4	6	1	0	5	0.0039	0.2917	0	0.0237
0.0211	0.0615	-0.1452	-0.0956	-0.0364	-0.0271	-0.7033	-0.7104	5	0	1	0	6	0.003	0.6667	0	0.0192
0.0165	0.1278	-0.1034	0.0026	-0.032	0.4796	0.0322	0.8769	3	8	2	1	1	0.0025	0.525	1	0.0165
0.0165	0.139	-0.0421	0.0067	0.08	0.98	-0.1842	0.0758	7	9	2	1	2	0.0025	0.525	0	0.0165
0.0177	0.0604	0.0843	-0.0176	0.1	-0.0231	-0.9939	0.1077	8	10	2	1	3	0.0026	0.75	0	0.0177
0.015	0.0389	0.1009	-0.0954	0.1017	-0.6475	-0.7231	0.2406	9	11	2	1	4	0.0019	0.7917	0	0.015
0.0155	0.0524	0.0777	-0.1303	0.1062	-0.9304	-0.3452	0.1235	10	12	2	1	5	0.0021	0.6667	0	0.0155
0.019	0.0561	0.0281	-0.1533	0.1236	0.6859	-0.6801	-0.2588	11	0	2	1	6	0.0028	0.5	0	0.0211
0.0185	0.1355	0.033	0.1848	-0.1253	0.0532	0.726	0.6857	1	14	16	1	1	0.0029	0.3	0	0.0185
0.0186	0.0761	0.0513	0.2727	-0.0181	0.6489	0.7592	0.0505	13	15	16	1	2	0.0027	0.6667	0	0.0186
0.0198	0.0307	0.0964	0.3515	-0.0249	0.9289	0.3023	0.2138	14	16	16	1	3	0.0021	0.5833	0	0.0219
0.0196	0.0538	0.1231	0.365	-0.0212	0.9401	0.2047	-0.2727	15	17	16	1	4	0.0074	0.45	0	0.0266
0.0153	0.07	0.162	0.3845	-0.0405	0.632	0.7382	-0.236	16	18	16	1	5	0.0027	0.5417	0	0.0153
0.0131	0.0062	0.2079	0.4344	-0.0653	0.7179	0.6959	-0.0186	17	19	16	1	6	0.0052	0.75	0	0.0131
0.0168	0.0376	0.2103	0.4312	-0.07	-0.599	0.5244	-0.6051	18	0	16	1	7	0.0029	0.5	0	0.0179
0.02	0.1648	-0.1014	0.0712	-0.0411	-0.48	-0.6808	0.5533	3	21	7	1	1	0.004	0.4167	1	0.0221
0.0198	0.0595	-0.1805	-0.041	0.0501	-0.2392	-0.6039	-0.7603	20	22	7	1	2	0.004	0.4167	0	0.0221
0.0193	0.0431	-0.2038	-0.0718	0.003	-0.3599	-0.7951	-0.4881	21	23	7	1	3	0.0024	0.4583	0	0.0194
0.016	0.1149	-0.2278	-0.1003	-0.0158	-0.5815	-0.7647	-0.2778	22	24	7	1	4	0.002	0.625	0	0.0157
0.016	0.0447	-0.3021	-0.1845	-0.0426	-0.4153	-0.909	0.0349	23	25	7	1	5	0.0021	0.625	0	0.0147
0.0184	0.0421	-0.3199	-0.2272	-0.0409	-0.6905	-0.213	0.6913	24	26	7	1	6	0.0019	0.5833	0	0.0186
0.016	0.0442	-0.3573	-0.2602	-0.0258	-0.9517	0.1859	0.2444	25	27	7	1	7	0.002	0.75	0	0.016
0.016	0.0276	-0.3997	-0.2468	-0.004	-0.9326	-0.3372	0.1285	26	0	7	1	8	0.0021	0.4167	0	0.0144
0.0184	0.1526	0.0395	0.1579	-0.1287	0.4843	-0.6357	0.6012	1	29	11	1	1	0.0029	0.525	1	0.0184
0.0184	0.1411	0.1134	0.0609	-0.0369	-0.2541	-0.9517	-0.1724	28	30	11	1	2	0.0029	0.525	0	0.0184
0.0199	0.0774	0.0629	-0.0716	-0.0384	-0.0962	-0.9952	0.0177	29	31	11	1	3	0.0035	0.5417	0	0.0201
0.0177	0.0405	0.0645	-0.1555	-0.0335	-0.5508	-0.8129	-0.1892	30	32	11	1	4	0.0026	0.7917	0	0.0177
0.0199	0.1056	0.0391	-0.1845	-0.0504	-0.6091	-0.781	-0.138	31	33	11	1	5	0.0032	0.625	0	0.0205
0.0177	0.0819	-0.0267	-0.2684	-0.0793	0.4973	-0.8668	0.0371	32	34	11	1	6	0.0023	0.625	0	0.0164
0.0177	0.0438	-0.0031	-0.3505	-0.0731	0.4445	-0.7979	-0.407	33	35	11	1	7	0.0025	0.5417	0	0.0175
0.0179	0.031	0.0211	-0.3914	-0.0821	-0.5726	-0.7905	-0.2174	34	36	11	1	8	0.0015	0.4583	0	0.0179
0.0177	0.0307	0.0114	-0.4176	-0.0951	-0.482	-0.7775	-0.4039	35	0	11	1	9	0.0024	0.375	0	0.0166
0.0157	0.1768	-0.0905	0.0172	-0.0262	0.6335	0.718	0.2885	7	38	8	2	1	0.0043	0.5	1	0.0354
0.0157	0.0797	0.0291	0.1477	0.0139	0.7737	-0.5133	0.3714	37	39	8	2	2	0.0153	0.4	0	0.0354
0.0132	0.0727	0.0827	0.1167	0.0337	0.4888	-0.3818	-0.7844	38	40	8	2	3	0.0023	0.4167	0	0.013
0.013	0.0179	0.1219	0.0953	-0.0254	-0.2755	-0.1517	-0.9493	39	0	8	2	4	0.01	0.05	0	0.01
0.0182	0.1112	0.1063	-0.11	0.0973	0.3497	0.3676	-0.8618	10	42	10	2	1	0.0036	0.5625	0	0.0226
0.0143	0.078	0.1566	-0.0957	0.0095	0.9156	0.3202	-0.2431	41	43	10	2	2	0.0026	0.8333	0	0.0182
0.0182	0.0318	0.2346	-0.0462	-0.0121	0.9471	-0.2243	0.2294	42	0	10	2	3	0.0027	0.375	0	0.0157
0.0187	0.125	-0.0355	0.0174	0.0921	0.3806	0.6115	0.6937	8	45	17	2	1	0.0053	0.7813	1	0.0187
0.0187	0.1051	0.0121	0.0938	0.1788	0.9284	-0.0375	-0.3696	44	0	17	2	2	0.0053	0.7813	0	0.0187
0.016	0.0876	0.1306	0.3469	-0.0259	-0.2338	-0.971	-0.0507	16	47	3	2	1	0.0029	0.5833	1	0.016
0.016	0.0816	0.1101	0.2618	-0.0303	-0.1737	-0.9573	0.2312	46	48	3	2	2	0.0029	0.5833	0	0.016
0.016	0.0436	0.0964	0.1804	-0.0181	-0.1918	-0.8804	0.4336	47	0	3	2	3	0.0016	0.5833	0	0.0175
0.0219	0.1451	0.1171	0.3758	-0.0081	-0.8617	0.1676	-0.479	15	0	4	2	1	0.0066	0.5625	0	0.0219
0.0145	0.0423	0.186	0.4276	-0.0644	-0.5915	0.2906	-0.7521	17	51	6	2	1	0.0045	0.625	1	0.0163
0.0145	0.0809	0.161	0.4399	-0.0963	-0.5726	0.7171	0.3974	50	52	6	2	2	0.0045	0.625	0	0.0163
0.011	0.0102	0.1248	0.4987	-0.062	-0.1081	0.986	0.1269	51	53	6	2	3	0.0062	0.7917	0	0.011
0.0145	0.0066	0.1264	0.5134	-0.0666	0.3771	0.6358	0.6735	52	0	6	2	4	0.0044	0.375	0	0.0191
0.0196	0.0305	-0.2057	-0.0633	-0.0144	-0.0683	0.5082	-0.8585	22	55	18	2	1	0.0107	0.6389	1	0.0196
0.0196	0.1483	-0.2078	-0.0478	-0.0406	-0.4962	-0.2276	0.8378	54	0	18	2	2	0.0107	0.6389	0	0.0196
0.0189	0.0408	0.0439	-0.2001	-0.0368	0.4899	-0.4622	0.7392	32	57	19	2	1	0.0067	0.525	1	0.0237
0.0188	0.1397	0.0639	-0.219	-0.0067	0.8238	-0.3632	-0.4352	56	58	19	2	2	0.0067	0.525	0	0.0237
0.0159	0.0533	0.1646	-0.3052	-0.0434	0.9448	-0.311	0.1035	57	59	19	2	3	0.0021	0.5417	0	0.0159
0.0138	0.0234	0.2146	-0.3227	-0.0425	0.8981	-0.4392	0.0246	58	60	19	2	4	0.0066	0.75	0	0.0138
0.0177	0.0503	0.2235	-0.3326	-0.0372	-0.172	-0.917	-0.3598	59	0	19	2	5	0.0025	0.5417	0	0.0185
0.0136	0.0352	0.1679	-0.1065	0.011	0.4757	-0.8596	0.1865	42	62	12	3	1	0.0033	0.5417	1	0.0233
0.0136	0.0839	0.1878	-0.1475	0.0174	-0.5852	-0.1555	-0.7959	61	63	12	3	2	0.0073	0.42	0	0.0233
0.0136	0.0329	0.1463	-0.1595	-0.0571	-0.3951	0.8767	-0.2743	62	64	12	3	3	0.0018	0.3333	0	0.014
0.0136	0.0396	0.1352	-0.1327	-0.0807	-0.3311	0.9287	-0.167	63	0	12	3	4	0.0019	0.2188	0	0.0093
