radius (m)	length (m)	start_point	axis_direction	parent	extension	branch	branch_order	position_in_branch	mad	SurfCov	added	UnmodRadius (m)
0.013	0.0318	-0.0666	-0.1495	-0.1119	0.3624	-0.3084	0.8795	0	2	1	0	1	0.0032	0.625	0	0.013
0.0159	0.0723	-0.0781	-0.15	-0.0817	0.3483	0.7233	0.5962	1	3	1	0	2	0.0016	0.3333	0	0.0186
0.01	0.0025	-0.0459	-0.1123	-0.0358	0.8564	0.4549	0.244	2	4	1	0	3	0.01	0.05	0	0.01
0.0163	0.0526	-0.0537	-0.0945	-0.0404	0.8075	0.548	0.2183	3	5	1	0	4	0.001	0.375	0	0.019
0.01	0.0026	-0.0152	-0.072	-0.0134	0.5208	0.7342	0.4355	4	6	1	0	5	0.01	0.05	0	0.01
0.0098	0.0399	-0.0151	-0.0702	-0.0195	-0.2598	0.9649	0.0379	5	7	1	0	6	0.001	0.375	0	0.0093
0.0105	0.035	-0.0277	-0.0299	-0.0244	-0.6369	0.6567	0.4038	6	8	1	0	7	0.0058	0.5833	0	0.0105
0.0094	0.0178	-0.0479	-0.0057	-0.0113	-0.5727	0.7151	-0.4009	7	9	1	0	8	0.0071	0.5	0	0.0067
0.0099	0.0581	-0.0323	0.0206	-0.0218	-0.3886	0.8323	0.3953	8	10	1	0	9	0.0109	0.3	0	0.0099
0.0088	0.0376	-0.0461	0.0688	-0.0059	0.1732	0.9668	0.1882	9	11	1	0	10	0.0073	0.3125	0	0.0088
0.0115	0.0438	-0.0521	0.1072	-0.0028	0.1695	0.985	-0.0312	10	12	1	0	11	0.0044	0.375	0	0.0125
0.0109	0.0322	-0.058	0.1384	-0.0385	0.1428	0.9169	-0.3727	11	13	1	0	12	0.0148	0.275	0	0.0134
0.0084	0.0486	-0.0668	0.1638	-0.0438	-0.5056	0.4791	-0.7175	12	14	1	0	13	0.01	0.05	0	0.01
0.0079	0.0329	-0.0488	0.1875	-0.068	0.1803	0.6476	-0.7404	13	0	1	0	14	0.01	0.05	0	0.01
0.0144	0.0204	-0.0668	-0.1656	-0.1011	-0.0122	-0.831	0.5561	1	16	2	1	1	0.0028	0.5	1	0.0144
0.0144	0.0488	-0.0671	-0.1826	-0.0897	-0.1205	0.182	0.9759	15	17	2	1	2	0.0028	0.5	0	0.0144
0.0144	0.0106	-0.0768	-0.1777	-0.0439	-0.655	0.3124	0.688	16	18	2	1	3	0.01	0.05	0	0.01
0.0144	0.0251	-0.0838	-0.1744	-0.0366	-0.8956	-0.412	0.1678	17	19	2	1	4	0.01	0.05	0	0.01
0.0144	0.0181	-0.1063	-0.1848	-0.0324	-0.1404	-0.4829	0.8644	18	0	2	1	5	0.01	0.05	0	0.01
0.0166	0.0144	-0.0786	-0.146	-0.0595	-0.5077	0.3503	0.7871	2	21	27	1	1	0.0032	0.4583	0	0.0166
0.0166	0.0237	-0.0604	-0.1587	-0.0418	-0.4938	-0.4366	0.7521	20	0	27	1	2	0.0017	0.15	0	0.01
0.0095	0.0637	-0.0205	-0.0698	-0.0048	0.5382	0.7559	0.3729	5	23	5	1	1	0.0016	0.2	0	0.0163
0.0095	0.0631	0.0058	-0.0208	0.019	0.1147	0.9897	0.0853	22	24	5	1	2	0.0038	0.225	0	0.0191
0.0091	0.0472	0.0262	0.0365	0.023	0.3738	0.8812	0.2895	23	25	5	1	3	0.0059	0.4	0	0.0091
0.0094	0.0206	0.0396	0.0815	0.0392	0.6881	0.6873	0.2327	24	26	5	1	4	0.0037	0.425	0	0.0117
0.0093	0.0459	0.0431	0.0961	0.0439	0.0323	0.9133	0.4059	25	27	5	1	5	0.01	0.05	0	0.01
0.0089	0.0253	0.0698	0.1067	0.0441	0.7592	0.6478	-0.0623	26	28	5	1	6	0.0008	0.4583	0	0.0089
0.0092	0.0056	0.0818	0.126	0.0423	0.3763	0.9189	-0.118	27	29	5	1	7	0.01	0.05	0	0.01
0.0089	0.0703	0.0816	0.1323	0.049	0.3429	0.9386	-0.0376	28	30	5	1	8	0.0007	0.375	0	0.0071
0.0089	0.045	0.1109	0.1964	0.0491	0.4285	0.8846	-0.1843	29	31	5	1	9	0.0009	0.2917	0	0.0077
0.0089	0.0269	0.1387	0.2221	0.0485	0.8683	0.4932	-0.0521	30	32	5	1	10	0.01	0.05	0	0.01
0.0089	0.0025	0.1328	0.2425	0.0413	0.2766	0.928	-0.2496	31	0	5	1	11	0.01	0.05	0	0.01
0.0095	0.0149	0.011	-0.0414	0.0094	0.5474	-0.7571	-0.3565	22	34	28	2	1	0.0018	0.4167	1	0.0095
0.0095	0.0651	0.0191	-0.0527	0.0041	-0.2311	0.4422	0.8666	33	35	28	2	2	0.0018	0.4167	0	0.0095
0.0095	0.0304	0.0099	-0.0175	0.0578	-0.2669	0.5751	0.7733	34	36	28	2	3	0.01	0.05	0	0.01
0.0095	0.0208	0.009	-0.025	0.0829	0.0411	0.0769	0.9962	35	37	28	2	4	0.0007	0.375	0	0.0087
0.0095	0.017	0.0031	-0.0184	0.0976	-0.5067	0.2992	0.8086	36	0	28	2	5	0.01	0.05	0	0.01
0.0088	0.0589	0.0337	0.0925	0.0413	-0.5478	-0.6426	-0.5358	26	39	16	2	1	0.0013	0.2917	0	0.0121
0.0088	0.0033	-0.0083	0.0589	0.0095	-0.3926	-0.8958	-0.2082	38	40	16	2	2	0.01	0.05	0	0.01
0.0088	0.0216	-0.0096	0.0559	0.0088	0.1854	-0.9827	-0.0046	39	41	16	2	3	0.01	0.05	0	0.01
0.0088	0.0112	-0.0067	0.036	0.0079	-0.6609	-0.0718	0.7471	40	0	16	2	4	0.01	0.05	0	0.01
