radius (m)	length (m)	start_point	axis_direction	parent	extension	branch	branch_order	position_in_branch	mad	SurfCov	added	UnmodRadius (m)
0.0108	0.0789	-0.3963	-0.1228	-0.15	0.8716	0.121	0.475	0	2	1	0	1	0.0021	0.7083	0	0.0108
0.0109	0.0674	-0.3274	-0.1166	-0.1092	0.5764	0.5838	0.5718	1	3	1	0	2	0.0014	0.5833	0	0.0105
0.014	0.0677	-0.2949	-0.0863	-0.0744	0.6663	-0.6272	0.4033	2	4	1	0	3	0.0016	0.4167	0	0.014
0.0111	0.006	-0.2531	-0.1242	-0.034	0.5886	-0.7047	0.3962	3	5	1	0	4	0.0047	0.575	0	0.0111
0.0173	0.0515	-0.2538	-0.1222	-0.0445	0.7241	0.6839	0.0897	4	6	1	0	5	0.0028	0.6667	0	0.0189
0.0148	0.067	-0.2102	-0.0913	-0.0349	0.6458	0.7437	-0.1726	5	7	1	0	6	0.0022	0.625	0	0.0149
0.0155	0.0337	-0.1571	-0.0551	-0.0628	0.7421	0.6621	-0.1042	6	8	1	0	7	0.0018	0.4583	0	0.0163
0.0122	0.0492	-0.1304	-0.0386	-0.0507	0.9848	0.1676	-0.0456	7	9	1	0	8	0.0016	0.4583	0	0.0122
0.0151	0.0338	-0.0777	-0.0281	-0.0647	0.9412	-0.1141	0.3179	8	10	1	0	9	0.0016	0.6667	0	0.0152
0.0142	0.0305	-0.0536	-0.0175	-0.0578	0.8839	0.4674	-0.0183	9	11	1	0	10	0.0014	0.5	0	0.0145
0.0144	0.0491	-0.0357	-0.003	-0.0669	0.412	0.8055	-0.4259	10	12	1	0	11	0.0018	0.4583	0	0.015
0.0098	0.0521	-0.0116	0.0375	-0.0808	0.241	0.9318	-0.2713	11	13	1	0	12	0.0052	0.75	0	0.0098
0.0121	0.0599	-0.019	0.039	-0.0932	0.5968	-0.224	0.7705	12	14	1	0	13	0.0013	0.5	0	0.0121
0.015	0.0048	0.0347	0.0286	-0.055	0.4235	-0.4185	0.8034	13	15	1	0	14	0.0011	0.3333	0	0.0184
0.0113	0.059	0.0381	0.0166	-0.0501	0.8619	0.1647	0.4795	14	16	1	0	15	0.0076	0.4375	0	0.0113
0.0098	0.0338	0.0784	0.0201	-0.0156	0.6348	-0.4319	0.6407	15	17	1	0	16	0.005	0.375	0	0.0058
0.0098	0.0181	0.1049	-0.0037	-0.0197	0.6071	-0.7042	0.3681	16	18	1	0	17	0.0078	0.3	0	0.0085
0.01	0.0348	0.1162	-0.0101	-0.0175	0.5345	-0.4987	-0.6824	17	19	1	0	18	0.01	0.05	0	0.01
0.01	0.0371	0.1154	-0.0065	-0.0165	-0.3245	-0.832	0.45	18	20	1	0	19	0.01	0.05	0	0.01
0.01	0.0299	0.1034	-0.0373	0.0001	-0.4338	-0.5209	0.7351	19	0	1	0	20	0.01	0.05	0	0.01
0.0071	0.1215	-0.2258	-0.1672	-0.0365	-0.4452	-0.8794	0.1688	3	22	3	1	1	0.0014	0.375	0	0.022
0.0025	0.0309	-0.2643	-0.2783	-0.0184	-0.2195	-0.9467	0.2359	21	23	3	1	2	0.01	0.05	0	0.01
0.0025	0.0144	-0.2577	-0.2736	-0.014	-0.5007	0.2687	0.8228	22	0	3	1	3	0.01	0.05	0	0.01
0.0101	0.09	-0.2354	-0.092	-0.0269	-0.8417	0.5312	-0.0974	5	25	4	1	1	0.0034	0.5417	0	0.0101
0.0108	0.0474	-0.306	-0.0495	-0.0424	-0.785	0.0292	-0.6188	24	26	4	1	2	0.0011	0.375	0	0.0108
0.012	0.0238	-0.3374	-0.0245	-0.0511	-0.6401	0.5891	-0.4932	25	27	4	1	3	0.0076	0.4063	0	0.0126
0.0101	0.0385	-0.3517	-0.0102	-0.0669	-0.1956	0.9806	0.0105	26	28	4	1	4	0.01	0.05	0	0.01
0.0101	0.0038	-0.3589	-0.0146	-0.0604	-0.7791	0.0838	0.6213	27	0	4	1	5	0.01	0.05	0	0.01
0.004	0.0534	-0.182	-0.0743	-0.0506	-0.1832	-0.9805	0.0706	7	30	5	1	1	0.0057	0.2	1	0.0111
0.004	0.0739	-0.1768	-0.1336	-0.0524	0.2798	0.8903	-0.3592	29	31	5	1	2	0.0041	0.25	0	0.0111
0.0044	0.0181	-0.15	-0.0656	-0.0738	0.4968	0.3918	-0.7744	30	0	5	1	3	0.0018	0.15	0	0.01
0.015	0.065	-0.1832	-0.0456	-0.0556	0.1388	0.9796	0.1451	6	33	47	1	1	0.0025	0.75	0	0.015
0.015	0.0312	-0.1761	0.0114	-0.0358	0.7152	0.5217	0.4651	32	34	47	1	2	0.0021	0.625	0	0.0147
0.015	0.0377	-0.1549	0.0359	-0.024	0.8319	0.2731	0.4831	33	35	47	1	3	0.0018	0.625	0	0.0136
0.015	0.0343	-0.1247	0.0475	-0.0054	0.7492	0.6573	-0.0819	34	36	47	1	4	0.0017	0.5417	0	0.0167
0.015	0.0408	-0.0813	0.0598	0.0021	0.5193	0.0453	-0.8534	35	37	47	1	5	0.0019	0.5833	0	0.0157
0.015	0.0425	-0.0686	0.0588	-0.0371	0.3346	0.3478	-0.8758	36	38	47	1	6	0.0019	0.625	0	0.0128
0.015	0.0492	-0.041	0.0874	-0.0578	0.8414	-0.2211	-0.4931	37	39	47	1	7	0.0105	0.3	0	0.0332
0.015	0.0419	0.0001	0.0906	-0.0884	0.9132	0.1842	0.3635	38	40	47	1	8	0.0013	0.4583	0	0.011
0.015	0.0074	0.0363	0.1009	-0.0842	0.9622	-0.168	-0.2145	39	41	47	1	9	0.0048	0.6667	0	0.013
0.015	0.0311	0.0535	0.1037	-0.0888	-0.4441	0.6349	-0.6322	40	42	47	1	10	0.0015	0.375	0	0.0116
0.015	0.0052	0.0458	0.1233	-0.1077	-0.0186	0.9465	0.3221	41	43	47	1	11	0.01	0.05	0	0.01
0.015	0.0137	0.0455	0.1256	-0.1053	-0.9869	0.0985	0.1275	42	0	47	1	12	0.01	0.05	0	0.01
0.0104	0.1168	-0.0396	-0.047	-0.046	0.5822	-0.5689	0.5809	9	45	16	1	1	0.0016	0.2917	0	0.0183
0.0104	0.0344	0.0423	-0.0972	0.023	0.6087	-0.5561	0.5658	44	46	16	1	2	0.0012	0.5	0	0.0104
0.0104	0.0071	0.0651	-0.1144	0.0417	0.6618	-0.3757	0.6487	45	0	16	1	3	0.0034	0.5	0	0.0116
0.0081	0.0249	-0.0243	-0.0124	-0.0654	0.9067	-0.4216	-0.0154	11	48	17	1	1	0.0015	0.375	1	0.0081
0.0081	0.0194	-0.0017	-0.0229	-0.0658	0.4312	0.7298	0.5305	47	49	17	1	2	0.0015	0.375	0	0.0081
0.0115	0.0227	0.0108	-0.0021	-0.0498	0.6502	-0.6895	0.3193	48	50	17	1	3	0.001	0.3333	0	0.0136
0.008	0.0485	0.0305	-0.0038	-0.0378	0.3474	-0.406	0.8453	49	51	17	1	4	0.01	0.05	0	0.01
0.005	0.0345	0.0333	-0.0376	-0.0108	0.099	-0.7479	0.6564	50	0	17	1	5	0.01	0.05	0	0.01
0.0079	0.0374	0.0924	0.0222	-0.0094	0.4726	0.5506	0.6881	16	53	18	1	1	0.0027	0.4583	0	0.0079
0.0093	0.0319	0.1231	0.0436	0.003	0.5632	0.5846	0.584	52	54	18	1	2	0.0047	0.25	0	0.0157
0.0093	0.0404	0.1413	0.0522	0.013	-0.7964	0.3839	-0.4673	53	55	18	1	3	0.0014	0.2917	0	0.0118
0.0092	0.0526	0.1236	0.0667	-0.0149	-0.2884	0.7882	-0.5438	54	56	18	1	4	0.0047	0.275	0	0.0291
0.0092	0.0205	0.1139	0.099	-0.0336	0.7287	0.6546	0.2015	55	57	18	1	5	0.0016	0.4167	0	0.0118
0.0092	0.0308	0.1142	0.1199	-0.0207	0.5963	0.2667	0.7572	56	58	18	1	6	0.001	0.3333	0	0.0109
0.0091	0.0263	0.1262	0.1274	0.001	-0.0564	0.9847	-0.165	57	59	18	1	7	0.0061	0.2	0	0.0152
0.0092	0.0157	0.1162	0.1522	0.0048	-0.6832	0.3042	-0.6639	58	60	18	1	8	0.0063	0.5	0	0.0108
0.0091	0.0241	0.1286	0.1577	0.0027	-0.3248	0.3676	0.8714	59	61	18	1	9	0.0047	0.5	0	0.0102
0.0087	0.0492	0.107	0.1608	0.0194	-0.3942	0.2724	0.8777	60	62	18	1	10	0.0028	0.275	0	0.0197
0.0081	0.0026	0.1005	0.1768	0.0639	-0.1652	0.3732	0.9129	61	63	18	1	11	0.01	0.05	0	0.01
0.0079	0.0121	0.0876	0.1821	0.0614	0.4076	0.8753	-0.2603	62	64	18	1	12	0.01	0.05	0	0.01
0.0086	0.0567	0.0962	0.1947	0.0485	0.9314	0.0547	0.3598	63	65	18	1	13	0.0013	0.4167	0	0.0095
0.0078	0.0406	0.1424	0.192	0.0786	0.6222	0.4102	0.6668	64	66	18	1	14	0.0012	0.2083	0	0.0097
0.0058	0.0302	0.162	0.2197	0.0967	0.3777	0.6919	0.6153	65	67	18	1	15	0.0064	0.4375	0	0.0058
0.0064	0.0291	0.1728	0.2347	0.1231	0.1926	0.777	0.5993	66	0	18	1	16	0.01	0.05	0	0.01
0.0108	0.0197	0.064	0.0162	-0.0477	0.5562	-0.3583	-0.7498	15	69	25	1	1	0.0032	0.4583	1	0.0171
0.0108	0.0579	0.0767	0.009	-0.0617	-0.4016	-0.6062	0.6865	68	70	25	1	2	0.0062	0.3	0	0.0171
0.0105	0.0671	0.0596	-0.026	-0.0315	0.7528	-0.4512	0.4793	69	71	25	1	3	0.0013	0.625	0	0.0105
0.008	0.0305	0.0973	-0.0625	-0.0085	0.2873	-0.9287	0.2345	70	72	25	1	4	0.0029	0.5833	0	0.0077
0.0107	0.0552	0.0999	-0.0559	0.0015	0.9296	0.1351	0.3429	71	73	25	1	5	0.0036	0.35	0	0.0235
0.0106	0.0414	0.151	-0.0464	0.0198	0.9921	0.1254	0.0019	72	74	25	1	6	0.0036	0.2	0	0.0158
0.0087	0.0369	0.1828	-0.0317	0.0203	0.6948	0.6546	0.2978	73	75	25	1	7	0.0056	0.5313	0	0.0087
0.0106	0.0352	0.2096	-0.0252	0.0352	0.9598	0.1158	0.2557	74	76	25	1	8	0.0019	0.05	0	0.0162
0.01	0.0049	0.2121	-0.0319	0.0364	0.2288	-0.9107	0.344	75	77	25	1	9	0.01	0.05	0	0.01
0.0105	0.0487	0.2228	-0.0322	0.019	0.8547	0.2096	0.4749	76	78	25	1	10	0.0053	0.325	0	0.0172
0.01	0.0125	0.2542	-0.0232	0.0262	0.0831	0.9882	-0.1286	77	79	25	1	11	0.01	0.05	0	0.01
0.0104	0.0267	0.2524	-0.0129	0.0348	0.9126	0.2729	0.3043	78	80	25	1	12	0.0011	0.4167	0	0.0118
0.0102	0.0721	0.2746	0.0067	0.0447	0.6967	0.0171	0.7172	79	81	25	1	13	0.0062	0.2813	0	0.0124
0.0093	0.0141	0.3269	0.0176	0.0792	0.7606	0.5224	0.3856	80	82	25	1	14	0.0034	0.375	0	0.0093
0.009	0.0095	0.338	0.0127	0.0958	0.7348	0.4684	0.4906	81	83	25	1	15	0.0043	0.5417	0	0.009
0.01	0.0298	0.329	0.0209	0.0982	-0.2509	-0.6237	0.7403	82	84	25	1	16	0.0011	0.375	0	0.0138
0.0097	0.0359	0.3196	0.0017	0.1121	0.5253	-0.849	-0.0571	83	85	25	1	17	0.002	0.225	0	0.0188
0.0096	0.029	0.3239	-0.029	0.1272	0.1887	-0.9712	0.1455	84	86	25	1	18	0.0012	0.2917	0	0.0119
0.0095	0.0537	0.3449	-0.0568	0.1277	0.1858	-0.6911	0.6985	85	87	25	1	19	0.0064	0.3125	0	0.0118
0.0061	0.017	0.3619	-0.0818	0.1647	0.7662	-0.4266	0.4806	86	88	25	1	20	0.0038	0.4688	0	0.0056
0.0088	0.0298	0.3777	-0.0725	0.1703	0.9692	-0.1288	0.21	87	89	25	1	21	0.0057	0.25	0	0.0114
0.0076	0.0226	0.3921	-0.0884	0.1603	0.7985	-0.194	-0.5699	88	90	25	1	22	0.01	0.05	0	0.01
0.0075	0.0237	0.3898	-0.0873	0.1645	0.6142	0.5674	0.5485	89	0	25	1	23	0.01	0.05	0	0.01
0.0093	0.0499	0.1096	0.0079	0.0033	0.9969	0.0692	-0.0388	16	92	30	1	1	0.0008	0.375	1	0.0112
0.0093	0.03	0.1594	0.0113	0.0014	0.916	-0.3726	-0.1485	91	93	30	1	2	0.0008	0.375	0	0.0112
0.0093	0.0037	0.1816	-0.0036	-0.0057	0.5742	-0.2635	-0.7752	92	94	30	1	3	0.01	0.05	0	0.01
0.0093	0.0233	0.183	-0.0044	-0.0088	-0.0386	0.8188	0.5728	93	0	30	1	4	0.01	0.05	0	0.01
0.009	0.0135	-0.2898	-0.0516	-0.0422	0.6612	0.13	-0.7388	24	96	48	2	1	0.0029	0.5417	1	0.009
0.009	0.0623	-0.2809	-0.0498	-0.0521	-0.6051	0.7645	0.2223	95	97	48	2	2	0.0029	0.5417	0	0.009
0.0094	0.0009	-0.3219	-0.0106	-0.0465	-0.4095	0.7147	-0.5671	96	98	48	2	3	0.01	0.05	0	0.01
0.0093	0.0302	-0.3232	-0.0084	-0.0455	-0.8569	-0.5147	0.028	97	99	48	2	4	0.01	0.05	0	0.01
0.0091	0.0178	-0.3203	-0.0131	-0.0467	0.3301	-0.9209	-0.2072	98	0	48	2	5	0.01	0.05	0	0.01
0.0123	0.0208	-0.1854	0.0081	-0.0363	-0.6709	-0.2797	0.6868	32	101	6	2	1	0.0022	0.4375	1	0.0123
0.0123	0.0901	-0.1993	0.0023	-0.0221	0.4196	0.8433	0.3359	100	102	6	2	2	0.0022	0.4375	0	0.0123
0.0133	0.0559	-0.1592	0.0806	-0.0009	0.8034	0.4971	0.3279	101	103	6	2	3	0.0057	0.25	0	0.021
0.0128	0.0348	-0.1145	0.1127	0.0054	0.5404	0.7952	0.2748	102	104	6	2	4	0.0043	0.25	0	0.0216
0.0083	0.0171	-0.0887	0.1255	0.0134	0.7048	0.2592	0.6604	103	0	6	2	5	0.0054	0.7083	0	0.0083
0.0127	0.0396	-0.1194	0.0686	-0.0153	0.7032	0.6918	-0.1644	35	106	8	2	1	0.0024	0.5833	0	0.0127
0.0129	0.0463	-0.0859	0.0967	-0.0281	0.2428	0.9181	0.3134	105	107	8	2	2	0.0012	0.25	0	0.0129
0.0127	0.0434	-0.0785	0.141	-0.0139	0.4218	0.8923	0.1611	106	108	8	2	3	0.01	0.05	0	0.01
0.014	0.0212	-0.0762	0.1345	-0.0376	0.0261	0.5537	-0.8323	107	109	8	2	4	0.0015	0.375	0	0.0155
0.0127	0.0469	-0.0784	0.1467	-0.0562	0.3062	-0.1974	-0.9313	108	110	8	2	5	0.0012	0.3333	0	0.0121
0.0127	0.0026	-0.0683	0.1411	-0.1003	0.401	0.3787	-0.8341	109	111	8	2	6	0.01	0.05	0	0.01
0.0127	0.0147	-0.0638	0.1434	-0.1035	0.1009	-0.7798	-0.6178	110	112	8	2	7	0.01	0.05	0	0.01
0.0127	0.0304	-0.0646	0.1301	-0.113	0.6066	-0.6203	-0.4974	111	0	8	2	8	0.01	0.05	0	0.01
0.0076	0.0409	-0.1058	0.0444	-0.0085	0.7	-0.6985	-0.1485	35	114	10	2	1	0.0029	0.4583	1	0.0115
0.0076	0.0404	-0.0772	0.0158	-0.0146	0.3722	0.3661	-0.8529	113	115	10	2	2	0.0029	0.4583	0	0.0115
0.005	0.0466	-0.0562	0.0252	-0.0489	-0.4747	-0.5346	-0.6992	114	0	10	2	3	0.0043	0.4688	0	0.005
0.0131	0.0309	-0.0346	0.0718	-0.0709	-0.4678	-0.812	-0.349	38	117	13	2	1	0.0032	0.5	1	0.0131
0.0131	0.0473	-0.049	0.0466	-0.0817	0.0553	0.4831	-0.8738	116	0	13	2	2	0.0032	0.5	0	0.0131
0.0047	0.0286	0.2551	-0.0166	0.0405	0.5056	-0.8242	0.255	79	119	38	2	1	0.0052	0.225	0	0.0105
0.0025	0.0094	0.2647	-0.0412	0.0471	-0.1678	0.1438	0.9753	118	120	38	2	2	0.01	0.05	0	0.01
0.004	0.0187	0.264	-0.0384	0.055	-0.8067	-0.0461	-0.5891	119	0	38	2	3	0.0013	0.2917	0	0.006
0.0097	0.0207	0.2949	-0.003	0.0657	0.1443	-0.9771	0.1567	80	122	39	2	1	0.0028	0.4583	1	0.0123
0.0097	0.0418	0.2979	-0.0233	0.069	-0.305	-0.4163	0.8565	121	123	39	2	2	0.0028	0.4583	0	0.0123
0.0091	0.0493	0.2939	-0.0408	0.1025	0.1773	-0.6786	0.7128	122	124	39	2	3	0.0007	0.4167	0	0.0061
0.0096	0.0316	0.312	-0.0707	0.1374	0.2131	-0.5017	0.8384	123	125	39	2	4	0.0012	0.3333	0	0.0099
0.0091	0.0318	0.3148	-0.0891	0.1616	0.0694	-0.7203	0.6901	124	126	39	2	5	0.0009	0.4167	0	0.0091
0.0091	0.0011	0.3209	-0.1127	0.1823	0.0342	-0.8182	0.574	125	127	39	2	6	0.0038	0.75	0	0.0091
0.0091	0.011	0.3206	-0.1146	0.1835	0.0325	0.5382	0.8422	126	0	39	2	7	0.01	0.05	0	0.01
0.0152	0.0275	0.3817	-0.0677	0.1639	0.8127	-0.2891	0.5059	88	129	46	2	1	0.0033	0.4583	0	0.0152
0.0152	0.0266	0.4215	-0.0605	0.1714	0.5524	-0.3102	0.7737	128	130	46	2	2	0.0022	0.175	0	0.01
0.0152	0.0154	0.4104	-0.0555	0.1733	0.6586	0.3256	-0.6784	129	0	46	2	3	0.01	0.05	0	0.01
0.01	0.0169	0.1231	0.0061	-0.0061	-0.216	-0.3005	-0.929	91	132	50	2	1	0.0021	0.4583	1	0.01
0.01	0.0585	0.1194	0.001	-0.0218	-0.5779	0.6482	-0.496	131	0	50	2	2	0.0021	0.4583	0	0.01
0.0067	0.0834	-0.1468	0.0943	0.0183	-0.9346	-0.1021	0.3406	102	134	19	3	1	0.0013	0.5417	0	0.0066
0.0078	0.0425	-0.2243	0.0923	0.0445	-0.9877	0.108	0.1131	133	135	19	3	2	0.001	0.4167	0	0.0085
0.0066	0.0095	-0.2675	0.0971	0.0463	-0.922	0.0023	0.3873	134	0	19	3	3	0.0023	0.2917	0	0.0099
0.0077	0.0821	0.288	-0.0209	0.0712	-0.8572	-0.4421	0.2641	122	137	42	3	1	0.0026	0.5	0	0.0077
0.0092	0.0302	0.2155	-0.0524	0.0881	-0.8801	-0.4702	-0.0649	136	138	42	3	2	0.0012	0.375	0	0.0124
0.0062	0.0157	0.1927	-0.0661	0.0816	-0.5847	-0.598	-0.5482	137	139	42	3	3	0.0045	0.5	0	0.006
0.0092	0.0001	0.1851	-0.0735	0.0722	-0.2633	-0.1867	-0.9465	138	0	42	3	4	0.01	0.05	0	0.01
0.0102	0.0181	0.2469	-0.034	0.0855	-0.1094	0.963	0.2463	136	141	44	4	1	0.0027	0.5	1	0.0095
0.0102	0.06	0.2449	-0.0166	0.09	-0.2162	-0.7113	-0.6689	140	142	44	4	2	0.0027	0.5	0	0.0095
0.0073	0.0186	0.2229	-0.0562	0.0565	-0.4348	-0.8769	-0.2051	141	0	44	4	3	0.0034	0.7083	0	0.0102
0.0104	0.0383	0.2274	-0.0527	0.0979	0.5788	0.1789	0.7956	136	144	55	4	1	0.0032	0.5	0	0.0104
0.0104	0.0311	0.2451	-0.0499	0.1283	0.5771	-0.6323	0.5169	143	0	55	4	2	0.0038	0.4167	0	0.0107
0.0136	0.0314	-0.1981	0.1126	0.0388	-0.8426	0.5375	-0.0326	0	146	56	0	1	0.0033	0.5	0	0.0136
0.0136	0.0185	-0.2242	0.1297	0.0362	0.4253	-0.9043	0.0359	145	147	56	0	2	0.0013	0.3333	0	0.0164
0.0136	0.0271	-0.2097	0.1233	0.0574	-0.4594	-0.7233	0.5155	146	0	56	0	3	0.003	0.1	0	0.0072
0.0025	0.0312	-0.2348	0.1286	0.0268	-0.8491	0.3015	-0.4338	146	0	26	1	1	0.01	0.05	0	0.01
