radius (m)	length (m)	start_point	axis_direction	parent	extension	branch	branch_order	position_in_branch	mad	SurfCov	added	UnmodRadius (m)
0.0079	0.0533	0.1712	0.306	-0.2166	-0.3938	-0.687	0.6107	0	2	1	0	1	0.0018	0.4167	0	0.008
0.0074	0.0226	0.1486	0.2729	-0.1832	-0.9035	-0.3547	-0.2407	1	3	1	0	2	0.0008	0.4583	0	0.0074
0.0078	0.0363	0.128	0.2619	-0.192	-0.6741	-0.5335	0.5108	2	4	1	0	3	0.0011	0.2917	0	0.008
0.0078	0.0021	0.1018	0.2456	-0.1778	-0.79	-0.6038	-0.1069	3	5	1	0	4	0.01	0.05	0	0.01
0.0084	0.0313	0.0963	0.2419	-0.1836	0.093	-0.9392	0.3305	4	6	1	0	5	0.0007	0.3333	0	0.0092
0.0066	0.0356	0.0969	0.2166	-0.1739	-0.8616	-0.4375	0.2574	5	7	1	0	6	0.0008	0.2917	0	0.0066
0.0078	0.0257	0.0735	0.1979	-0.1714	-0.5029	-0.8519	-0.146	6	8	1	0	7	0.01	0.05	0	0.01
0.0078	0.0175	0.0555	0.1908	-0.1584	-0.8098	-0.5395	0.2308	7	9	1	0	8	0.0008	0.375	0	0.008
0.0075	0.0311	0.0412	0.1806	-0.1552	-0.8972	-0.2881	0.3348	8	10	1	0	9	0.0007	0.3333	0	0.0075
0.0056	0.0374	0.0111	0.1705	-0.1513	-0.8549	-0.3759	0.3575	9	11	1	0	10	0.0041	0.4375	0	0.0051
0.0069	0.0151	-0.0123	0.1461	-0.1322	-0.8084	-0.5198	0.2762	10	12	1	0	11	0.0034	0.4167	0	0.0069
0.0055	0.0308	-0.0324	0.1434	-0.1325	-0.6469	-0.6375	0.4186	11	13	1	0	12	0.0033	0.4688	0	0.0053
0.0074	0.0215	-0.0415	0.141	-0.1135	-0.5746	0.0694	0.8155	12	14	1	0	13	0.01	0.05	0	0.01
0.0053	0.0464	-0.0499	0.1314	-0.1226	-0.6185	-0.7531	0.2241	13	15	1	0	14	0.0006	0.4167	0	0.0052
0.0072	0.0037	-0.0747	0.0955	-0.1094	-0.3976	-0.8852	0.2414	14	16	1	0	15	0.01	0.05	0	0.01
0.0057	0.0418	-0.0781	0.0868	-0.1133	-0.6891	-0.3299	0.6453	15	17	1	0	16	0.0007	0.375	0	0.0057
0.0071	0.0209	-0.1065	0.0709	-0.0875	-0.5308	-0.5069	0.6792	16	18	1	0	17	0.01	0.05	0	0.01
0.0059	0.0262	-0.1131	0.0588	-0.0728	-0.3125	-0.6831	0.6601	17	19	1	0	18	0.0006	0.4583	0	0.0059
0.0069	0.0241	-0.1162	0.0383	-0.0602	-0.1129	-0.9172	0.3822	18	20	1	0	19	0.01	0.05	0	0.01
0.0067	0.0323	-0.1324	0.0331	-0.055	-0.6369	-0.3416	0.6912	19	21	1	0	20	0.0011	0.3333	0	0.007
0.0067	0.0173	-0.1473	0.0178	-0.0345	-0.3156	-0.6942	0.6469	20	22	1	0	21	0.01	0.05	0	0.01
0.0069	0.0326	-0.1577	0.0182	-0.0336	-0.9241	-0.382	-0.0129	21	23	1	0	22	0.001	0.3333	0	0.0075
0.0065	0.0323	-0.18	-0.0017	-0.034	-0.6571	-0.7072	0.2611	22	24	1	0	23	0.01	0.05	0	0.01
0.0064	0.0221	-0.1989	0.0025	-0.0321	-0.986	0.1127	0.1228	23	25	1	0	24	0.01	0.05	0	0.01
0.0063	0.0156	-0.1974	0.0033	-0.0342	0.0521	0.9945	-0.0908	24	0	1	0	25	0.01	0.05	0	0.01
0.0065	0.0275	-0.1608	0.0145	-0.0272	-0.0798	-0.969	0.2337	22	27	3	1	1	0.0015	0.4167	0	0.0065
0.0065	0.0286	-0.1609	-0.0154	-0.0203	-0.4929	-0.1937	0.8483	26	28	3	1	2	0.0011	0.2917	0	0.0079
0.0065	0.0314	-0.1701	-0.0133	-0.0042	0.7716	-0.6251	-0.1175	27	29	3	1	3	0.001	0.2917	0	0.0082
0.0065	0.0033	-0.1458	-0.0289	-0.0042	0.9793	-0.1389	0.1471	28	30	3	1	4	0.01	0.05	0	0.01
0.0065	0.0301	-0.1381	-0.0254	-0.0046	0.615	-0.6045	0.5062	29	31	3	1	5	0.0005	0.375	0	0.0075
0.0065	0.0002	-0.1166	-0.0389	0.0104	0.4429	-0.2268	0.8674	30	32	3	1	6	0.01	0.05	0	0.01
0.0065	0.0224	-0.1117	-0.0436	0.0139	0.7188	0.6911	-0.0755	31	33	3	1	7	0.0005	0.4583	0	0.0075
0.0065	0.0003	-0.0981	-0.0293	0.0098	0.1687	0.8012	-0.5742	32	34	3	1	8	0.01	0.05	0	0.01
0.0062	0.044	-0.0993	-0.0319	0.0119	0.93	-0.1521	0.3345	33	35	3	1	9	0.0005	0.2083	0	0.0062
0.0065	0.0223	-0.0677	-0.044	0.0295	0.4912	-0.4621	0.7384	34	36	3	1	10	0.01	0.05	0	0.01
0.0065	0.0281	-0.0482	-0.0441	0.0269	0.9296	-0.2156	0.2988	35	37	3	1	11	0.001	0.2917	0	0.0078
0.0065	0.0197	-0.0264	-0.0459	0.0356	0.5337	0.5786	-0.6167	36	38	3	1	12	0.0008	0.2917	0	0.009
0.0065	0.0027	-0.023	-0.0406	0.0224	-0.4902	0.6702	-0.5572	37	39	3	1	13	0.01	0.05	0	0.01
0.0065	0.0502	-0.023	-0.0319	0.0254	0.9532	0.0184	-0.3017	38	40	3	1	14	0.0011	0.25	0	0.0078
0.0065	0	0.0221	-0.0355	0.0045	0.8536	0.1188	-0.5072	39	41	3	1	15	0.01	0.05	0	0.01
0.0059	0.0455	0.0195	-0.032	0.0124	0.9323	-0.0902	0.3503	40	42	3	1	16	0.0009	0.375	0	0.0059
0.0058	0.0404	0.061	-0.031	0.0286	0.8526	0.1141	0.5099	41	43	3	1	17	0.0038	0.5313	0	0.0058
0.0065	0.0159	0.0954	-0.0353	0.0497	0.7809	0.0314	0.6239	42	44	3	1	18	0.0038	0.4583	0	0.0066
0.0065	0.0339	0.1082	-0.0376	0.052	0.9873	-0.1271	0.095	43	45	3	1	19	0.0046	0.4688	0	0.0079
0.0065	0.019	0.1402	-0.0322	0.0669	0.982	-0.0654	0.1773	44	46	3	1	20	0.0044	0.4167	0	0.0068
0.0064	0.0175	0.1615	-0.034	0.059	0.9585	0.1823	0.2194	45	47	3	1	21	0.01	0.05	0	0.01
0.0065	0.0225	0.166	-0.0335	0.0639	0.1516	-0.3159	0.9366	46	48	3	1	22	0.0059	0.325	0	0.0177
0.0064	0.0173	0.1748	-0.0282	0.0726	0.7714	-0.5843	-0.2519	47	49	3	1	23	0.01	0.05	0	0.01
0.0065	0.0402	0.1899	-0.0367	0.0652	0.8249	0.1306	0.5499	48	50	3	1	24	0.001	0.3333	0	0.0072
0.0064	0.0257	0.2176	-0.0245	0.088	0.7351	0.5292	0.4239	49	51	3	1	25	0.01	0.05	0	0.01
0.0065	0.0176	0.2378	-0.0308	0.08	0.9386	0.2662	-0.2197	50	52	3	1	26	0.001	0.4167	0	0.0089
0.0065	0.0364	0.2545	-0.0336	0.0867	0.8936	0.3727	0.2501	51	53	3	1	27	0.0041	0.4583	0	0.0068
0.006	0.0271	0.2861	-0.0246	0.0806	0.9953	0.0532	-0.0815	52	54	3	1	28	0.0044	0.375	0	0.006
0.0064	0.0235	0.3134	-0.0271	0.0801	0.9224	-0.0785	-0.3782	53	55	3	1	29	0.01	0.05	0	0.01
0.0064	0.0024	0.3254	-0.0389	0.0691	0.6427	-0.5038	-0.5772	54	56	3	1	30	0.0009	0.375	0	0.0082
0.0064	0.0249	0.3249	-0.0343	0.0754	0.9782	0.1177	0.1713	55	57	3	1	31	0.0011	0.2917	0	0.0094
0.0064	0.0377	0.3499	-0.0283	0.0862	0.9607	0.2036	-0.1886	56	58	3	1	32	0.0026	0.225	0	0.0187
0.0063	0.0374	0.3854	-0.0157	0.0845	0.9262	0.3316	-0.1792	57	59	3	1	33	0.01	0.05	0	0.01
0.0064	0.0206	0.4073	-0.0093	0.0626	0.5462	0.5117	-0.6632	58	60	3	1	34	0.0011	0.4167	0	0.0098
0.0058	0.0207	0.4227	-0.0259	0.0763	0.9591	0.2601	0.1113	59	61	3	1	35	0.0047	0.4583	0	0.0058
0.0064	0.0321	0.4409	-0.0083	0.0826	0.9918	0.11	0.0655	60	62	3	1	36	0.0039	0.4063	0	0.0086
0.0063	0.0309	0.4712	-0.002	0.0846	0.8467	0.4535	0.2781	61	63	3	1	37	0.01	0.05	0	0.01
0.0064	0.0317	0.4996	0.0107	0.0827	0.7644	0.6395	0.0823	62	64	3	1	38	0.0046	0.35	0	0.0166
0.0062	0.017	0.4896	0.0055	0.0684	0.3925	0.0804	-0.9163	63	65	3	1	39	0.01	0.05	0	0.01
0.0062	0.0124	0.4955	0.0106	0.0579	0.3292	0.7828	-0.528	64	66	3	1	40	0.01	0.05	0	0.01
0.0063	0.0327	0.4908	0.0001	0.0699	0.9517	-0.2309	0.2023	65	67	3	1	41	0.0035	0.25	0	0.0232
0.0062	0.0185	0.516	-0.0137	0.0822	0.7814	-0.6082	0.1397	66	68	3	1	42	0.01	0.05	0	0.01
0.0063	0.0143	0.53	-0.0033	0.0737	0.8764	-0.2019	-0.4372	67	69	3	1	43	0.0009	0.3333	0	0.0089
0.0062	0.0028	0.5359	-0.0006	0.0656	0.6405	0.7673	0.032	68	70	3	1	44	0.01	0.05	0	0.01
0.0062	0.0138	0.5388	0.0012	0.0696	0.883	-0.3794	-0.2764	69	71	3	1	45	0.01	0.05	0	0.01
0.0061	0.0238	0.551	-0.004	0.0658	0.3122	-0.4161	0.854	70	72	3	1	46	0.01	0.05	0	0.01
0.0061	0.0097	0.5586	-0.0134	0.086	-0.2771	0.4232	0.8626	71	0	3	1	47	0.01	0.05	0	0.01
0.0062	0.054	-0.1792	-0.0142	-0.0037	-0.9163	-0.3891	-0.0946	28	74	5	2	1	0.01	0.05	0	0.01
0.0061	0.0479	-0.2307	-0.0311	-0.0081	-0.8699	-0.4557	0.1888	73	75	5	2	2	0.0006	0.375	0	0.0061
0.0061	0.0158	-0.2722	-0.0464	0.0029	-0.9874	-0.0312	0.1552	74	76	5	2	3	0.01	0.05	0	0.01
0.0061	0.0265	-0.2867	-0.0544	-0.0002	-0.9256	-0.3037	0.226	75	77	5	2	4	0.0014	0.2917	0	0.0084
0.006	0.0205	-0.3085	-0.0635	0.0079	-0.6462	-0.463	0.6066	76	78	5	2	5	0.01	0.05	0	0.01
0.005	0.0323	-0.3237	-0.0758	0.0085	-0.8808	-0.4088	0.2389	77	79	5	2	6	0.0006	0.5	0	0.005
0.0057	0.0197	-0.3526	-0.0881	0.0164	-0.8139	-0.5109	0.2768	78	80	5	2	7	0.01	0.05	0	0.01
0.0058	0.0212	-0.3624	-0.1012	0.0358	-0.6993	-0.6966	0.1605	79	81	5	2	8	0.001	0.2917	0	0.0163
0.0058	0.0307	-0.3639	-0.1133	0.0538	0.288	-0.9534	-0.0904	80	82	5	2	9	0.0007	0.3333	0	0.011
0.0053	0.0129	-0.3566	-0.1396	0.0529	-0.4979	-0.6301	0.5959	81	0	5	2	10	0.01	0.05	0	0.01
0.0062	0.0455	-0.1753	-0.0093	0.0032	-0.2059	-0.8069	0.5537	28	84	19	2	1	0.01	0.05	0	0.01
0.0062	0.0189	-0.1825	-0.0476	0.0279	-0.5786	-0.6873	-0.4391	83	85	19	2	2	0.01	0.05	0	0.01
0.0062	0.0257	-0.1935	-0.0606	0.0195	-0.9683	-0.1948	-0.1564	84	86	19	2	3	0.01	0.05	0	0.01
0.0062	0.0097	-0.2183	-0.0656	0.0155	-0.1195	-0.9143	0.387	85	0	19	2	4	0.01	0.05	0	0.01
0.0077	0.0237	-0.2772	-0.0427	-0.0011	-0.9783	-0.066	-0.1965	75	88	6	3	1	0.0019	0.3333	0	0.009
0.0077	0.0396	-0.3004	-0.0435	-0.0051	-0.9956	-0.0832	-0.0432	87	89	6	3	2	0.0007	0.3333	0	0.0084
0.0077	0.0659	-0.3365	-0.0598	-0.0043	-0.9336	-0.2793	-0.2247	88	90	6	3	3	0.0039	0.4	0	0.0077
0.0077	0.0389	-0.3961	-0.079	-0.0034	-0.8492	-0.522	0.0795	89	91	6	3	4	0.01	0.05	0	0.01
0.0077	0.0311	-0.3935	-0.0938	-0.0308	-0.3871	-0.7157	-0.5813	90	0	6	3	5	0.0021	0.2917	0	0.0071
