radius (m)	length (m)	start_point	axis_direction	parent	extension	branch	branch_order	position_in_branch	mad	SurfCov	added	UnmodRadius (m)
0.0284	0.2089	0.4517	0.4802	-0.1736	-0.7819	0.565	0.2633	0	2	1	0	1	0.0106	0.4821	0	0.0284
0.0284	0.0418	0.278	0.5436	-0.0494	-0.2107	0.7818	0.5869	1	3	1	0	2	0.0048	0.2	0	0.0141
0.0284	0.0267	0.2934	0.6095	-0.046	-0.733	0.1076	-0.6716	2	0	1	0	3	0.0035	0.15	0	0.01
0.026	0.0397	0.4142	0.5393	-0.1437	0.531	0.7334	0.4244	1	5	2	1	1	0.0047	0.55	1	0.026
0.026	0.1436	0.4353	0.5684	-0.1268	-0.1113	-0.8394	0.532	4	6	2	1	2	0.0047	0.55	0	0.026
0.026	0.0259	0.434	0.437	-0.0324	-0.7542	0.062	0.6537	5	0	2	1	3	0.0056	0.275	0	0.0141
0.0191	0.0587	0.324	0.6049	-0.1367	0.4576	0.8091	-0.3687	1	8	3	1	1	0.0028	0.625	1	0.0191
0.0191	0.0594	0.3508	0.6523	-0.1583	0.4249	0.0989	0.8998	7	9	3	1	2	0.0028	0.625	0	0.0191
0.0209	0.0666	0.3854	0.6674	-0.1005	-0.5326	0.1481	0.8333	8	10	3	1	3	0.0035	0.625	0	0.0211
0.0149	0.0676	0.342	0.6813	-0.0506	-0.5445	0.0777	0.8352	9	11	3	1	4	0.0026	0.6667	0	0.0149
0.0165	0.0351	0.3028	0.6928	0.0089	-0.5264	-0.5209	0.6719	10	0	3	1	5	0.0017	0.375	0	0.017
0.014	0.0294	0.3165	0.6129	-0.1206	-0.9125	-0.403	0.0709	1	13	4	1	1	0.008	0.25	0	0.0236
0.0122	0.0727	0.284	0.6151	-0.0941	-0.5194	-0.7874	0.332	12	14	4	1	2	0.0015	0.5417	0	0.0121
0.0122	0.0337	0.2345	0.5641	-0.0681	-0.4821	-0.7735	-0.4115	13	0	4	1	3	0.0063	0.5417	0	0.0122
0.027	0.2826	0.3391	0.5933	-0.1181	0.1251	-0.987	0.1012	1	16	94	1	1	0.0147	0.4933	0	0.0368
0.027	0.0789	0.2974	0.327	-0.0686	-0.1466	-0.9876	0.0553	15	17	94	1	2	0.0048	0.75	0	0.027
0.027	0.0612	0.3207	0.2262	-0.0545	-0.4733	-0.838	-0.2715	16	18	94	1	3	0.01	0.825	0	0.0346
0.0263	0.1578	0.2778	0.1852	-0.0649	-0.6319	-0.755	-0.1754	17	19	94	1	4	0.0204	0.5667	0	0.0547
0.0251	0.1086	0.1724	0.0872	-0.0963	-0.9473	-0.2813	-0.1534	18	20	94	1	5	0.0133	0.4333	0	0.0846
0.019	0.4009	0.0783	0.0198	-0.1364	-0.9693	-0.2449	0.0204	19	21	94	1	6	0.0026	0.5833	0	0.019
0.0192	0.0699	-0.3129	-0.0775	-0.1331	-0.3291	-0.9443	-0.0064	20	22	94	1	7	0.0025	0.6667	0	0.0192
0.0244	0.0797	-0.3561	-0.1489	-0.1221	0.2959	-0.9529	0.0664	21	23	94	1	8	0.0031	0.6667	0	0.0245
0.0243	0.0584	-0.3573	-0.211	-0.1194	-0.4905	-0.8228	0.287	22	24	94	1	9	0.0036	0.75	0	0.0243
0.0259	0.0581	-0.3898	-0.2491	-0.1082	-0.927	-0.1746	0.332	23	25	94	1	10	0.0029	0.5833	0	0.0288
0.0253	0.0641	-0.4173	-0.2859	-0.0996	-0.7359	-0.6342	-0.2372	24	26	94	1	11	0.0052	0.5417	0	0.0282
0.014	0.0643	-0.4684	-0.3497	-0.1092	-0.9255	0.0668	-0.3729	25	27	94	1	12	0.002	0.5833	0	0.014
0.0134	0.0552	-0.5137	-0.3519	-0.1346	-0.4258	-0.879	-0.2147	26	28	94	1	13	0.002	0.5417	0	0.0134
0.0215	0.0774	-0.5533	-0.377	-0.1302	-0.8488	-0.5198	-0.0964	27	29	94	1	14	0.0024	0.4583	0	0.0241
0.0168	0.0398	-0.6144	-0.4306	-0.1441	-0.9538	-0.2886	-0.0832	28	30	94	1	15	0.0022	0.5833	0	0.017
0.0158	0.0566	-0.6532	-0.4402	-0.1383	-0.9887	0.1041	-0.1082	29	31	94	1	16	0.0019	0.375	0	0.0166
0.0161	0.0368	-0.6946	-0.4252	-0.1252	-0.824	0.3021	0.4793	30	32	94	1	17	0.0023	0.375	0	0.0178
0.0106	0.0531	-0.7295	-0.4111	-0.1123	-0.2724	0.681	0.6797	31	33	94	1	18	0.0042	0.8333	0	0.0106
0.0131	0.0467	-0.75	-0.3921	-0.1153	0.6326	-0.7401	0.2283	32	34	94	1	19	0.0012	0.3333	0	0.0135
0.0106	0.0788	-0.7074	-0.4296	-0.0853	-0.2561	-0.9662	0.0292	33	0	94	1	20	0.01	0.05	0	0.01
0.0051	0.0944	0.3352	0.6973	-0.0391	-0.6656	-0.7458	0.0261	10	36	95	2	1	0.0217	0.2	0	0.0429
0.0026	0.0295	0.2759	0.5931	-0.0211	-0.9942	-0.0628	0.087	35	37	95	2	2	0.0006	0.04	0	0.1093
0.0032	0.0117	0.2483	0.5928	-0.0229	-0.7437	-0.4673	-0.4781	36	0	95	2	3	0.01	0.05	0	0.01
0.0141	0.1782	0.3303	0.5019	-0.091	-0.4411	-0.4211	0.7925	15	0	5	2	1	0.0036	0.4167	0	0.0141
0.0092	0.1556	0.2805	0.1771	-0.04	0.6346	0.5907	0.4983	18	40	16	2	1	0.0027	0.2	0	0.0192
0.0102	0.0382	0.3796	0.2632	0.0249	0.9862	-0.139	0.0899	39	0	16	2	2	0.0044	0.3333	0	0.0112
0.0139	0.172	0.1676	0.1013	-0.0759	0.4381	0.5799	0.6869	19	42	23	2	1	0.0023	0.4583	1	0.0139
0.0139	0.0582	0.2429	0.201	0.0423	0.4914	0.4046	0.7712	41	43	23	2	2	0.0023	0.4583	0	0.0139
0.0139	0.0283	0.2666	0.2148	0.0879	-0.8798	0.4519	0.1477	42	0	23	2	3	0.0031	0.2	0	0.0205
0.0122	0.1438	0.2624	0.2716	-0.0605	-0.9399	-0.2886	0.1826	16	45	26	2	1	0.002	0.5417	1	0.0123
0.0122	0.0412	0.1272	0.2301	-0.0343	-0.9131	-0.3514	-0.2066	44	46	26	2	2	0.002	0.5417	0	0.0123
0.0115	0.068	0.0874	0.2111	-0.0376	-0.9254	0.3735	-0.0648	45	47	26	2	3	0.0019	0.6667	0	0.0115
0.0115	0.0114	0.0218	0.2326	-0.0425	-0.5847	0.2907	0.7573	46	0	26	2	4	0.01	0.05	0	0.01
0.0074	0.1246	0.2839	0.19	-0.0369	0.253	0.2209	0.9419	18	49	30	2	1	0.0041	0.25	1	0.0208
0.0074	0.0928	0.318	0.2123	0.0952	-0.2942	-0.9167	-0.2703	48	0	30	2	2	0.0077	0.18	0	0.0208
0.0182	0.0966	0.2741	0.1409	-0.0777	0.6398	-0.7229	-0.2609	18	51	33	2	1	0.0034	0.75	1	0.0182
0.0182	0.0706	0.3359	0.0711	-0.1029	0.6048	-0.7915	0.0877	50	52	33	2	2	0.0034	0.75	0	0.0182
0.0225	0.0909	0.3922	0.0366	-0.0821	-0.2637	-0.4261	0.8654	51	53	33	2	3	0.0044	0.5417	0	0.0233
0.0182	0.0659	0.3478	0.0044	-0.0079	-0.3454	-0.5352	0.7709	52	54	33	2	4	0.0052	0.375	0	0.0122
0.0187	0.0456	0.3344	-0.0347	0.0367	-0.1499	-0.92	0.3621	53	0	33	2	5	0.0036	0.4583	0	0.0187
0.0173	0.0567	-0.445	-0.235	-0.0798	-0.7899	-0.592	-0.16	24	56	36	2	1	0.0036	0.625	0	0.0173
0.0185	0.0534	-0.4956	-0.2578	-0.0702	-0.9651	-0.1296	-0.2277	55	57	36	2	2	0.0031	0.625	0	0.0185
0.0221	0.0755	-0.5404	-0.2704	-0.0847	-0.506	-0.7723	0.3839	56	58	36	2	3	0.0029	0.5417	0	0.0223
0.0185	0.0667	-0.5892	-0.298	-0.0897	-0.9663	-0.2441	0.0821	57	59	36	2	4	0.002	0.5417	0	0.0185
0.0186	0.0584	-0.6554	-0.3245	-0.0769	-0.8989	-0.1466	-0.4128	58	60	36	2	5	0.0021	0.5	0	0.0186
0.0235	0.0463	-0.7186	-0.2922	-0.0962	-0.9365	-0.2106	-0.2803	59	61	36	2	6	0.002	0.5417	0	0.0244
0.0234	0.0362	-0.7553	-0.3445	-0.1235	-0.9671	-0.201	0.1559	60	62	36	2	7	0.0022	0.5	0	0.0269
0.0211	0.062	-0.8077	-0.3372	-0.1208	-0.6286	-0.77	-0.1093	61	63	36	2	8	0.0027	0.5417	0	0.0214
0.0153	0.1041	-0.844	-0.388	-0.1291	-0.7295	-0.6734	0.1196	62	64	36	2	9	0.002	0.625	0	0.0153
0.0152	0.0235	-0.926	-0.4536	-0.1174	-0.6121	-0.7715	0.1736	63	65	36	2	10	0.0074	0.5972	0	0.0152
0.0165	0.0588	-0.9422	-0.4645	-0.1168	-0.9632	-0.2659	-0.0401	64	0	36	2	11	0.0026	0.5417	0	0.0166
0.025	0.2144	0.2516	0.1213	-0.0928	0.9071	0.0194	-0.4204	18	67	96	2	1	0.008	0.2917	1	0.0323
0.0243	0.5174	0.4495	0.1278	-0.1782	-0.6777	-0.3451	0.6494	66	68	96	2	2	0.013	0.3346	0	0.0323
0.0198	0.103	0.104	-0.0577	0.155	-0.4288	-0.5909	0.6833	67	69	96	2	3	0.0034	0.75	0	0.0198
0.0236	0.0872	0.0585	-0.1403	0.2115	-0.949	-0.1269	0.2886	68	70	96	2	4	0.0094	0.58	0	0.0413
0.0196	0.0532	-0.0214	-0.1631	0.2677	-0.5924	-0.7703	-0.236	69	71	96	2	5	0.0029	0.6667	0	0.0196
0.0227	0.0937	-0.0599	-0.1944	0.2447	-0.4819	-0.7785	-0.4022	70	72	96	2	6	0.0039	0.6875	0	0.0228
0.0185	0.0291	-0.117	-0.2613	0.2121	-0.5527	-0.5657	-0.6119	71	73	96	2	7	0.0025	0.625	0	0.0185
0.0183	0.0594	-0.1385	-0.2927	0.1904	-0.8223	0.4066	-0.3981	72	74	96	2	8	0.0024	0.7917	0	0.0183
0.0222	0.1137	-0.1961	-0.2632	0.17	-0.4951	-0.865	0.0809	73	75	96	2	9	0.0023	0.4688	0	0.027
0.0166	0.0674	-0.2546	-0.3636	0.187	-0.9552	-0.0616	-0.2894	74	76	96	2	10	0.0023	0.5833	0	0.0169
0.013	0.0079	-0.3174	-0.3742	0.167	-0.6512	-0.1135	-0.7503	75	77	96	2	11	0.0116	0.5938	0	0.013
0.0121	0.0329	-0.3243	-0.3655	0.1582	-0.9093	-0.0431	0.4139	76	78	96	2	12	0.006	0.75	0	0.0121
0.0121	0.046	-0.3442	-0.3671	0.1685	0.2777	-0.4178	0.8651	77	0	96	2	13	0.01	0.05	0	0.01
0.0135	0.0633	-0.3305	-0.1462	-0.1241	0.8478	0.5266	-0.0619	22	80	53	2	1	0.0062	0.225	1	0.0229
0.0135	0.246	-0.3062	-0.1148	-0.1229	0.1605	-0.7733	0.6133	79	81	53	2	2	0.0119	0.0538	0	0.0229
0.0105	0.0048	-0.264	-0.291	0.0224	0.1083	-0.3822	-0.9177	80	82	53	2	3	0.0065	0.75	0	0.0105
0.0129	0.0225	-0.2597	-0.277	0.0074	0.9461	-0.0089	0.3239	81	0	53	2	4	0.0059	0.2917	0	0.0163
0.0107	0.0758	-0.3566	-0.2465	-0.1265	0.0197	-0.9807	-0.1945	23	84	57	2	1	0.0029	0.4583	1	0.0107
0.0107	0.0762	-0.3551	-0.3208	-0.1412	-0.0108	-0.98	0.1989	83	85	57	2	2	0.0029	0.4583	0	0.0107
0.0111	0.0822	-0.3606	-0.3846	-0.1288	-0.8337	-0.4415	-0.3316	84	86	57	2	3	0.0015	0.375	0	0.0115
0.0107	0.0465	-0.435	-0.4197	-0.1423	-0.648	-0.7319	-0.2107	85	0	57	2	4	0.0035	0.35	0	0.0084
0.0179	0.049	-0.4327	-0.3055	-0.08	0.4039	0.1465	0.903	25	88	62	2	1	0.003	0.5	1	0.0179
0.0179	0.0658	-0.4129	-0.2984	-0.0358	0.7748	-0.0464	0.6305	87	89	62	2	2	0.003	0.5	0	0.0179
0.0179	0.0476	-0.3574	-0.3057	0.0039	0.694	0.7183	0.0495	88	0	62	2	3	0.0022	0.25	0	0.0149
0.0042	0.0847	-0.7135	-0.4466	-0.0952	-0.8044	0.2724	-0.528	34	91	63	2	1	0.0116	0.28	1	0.0219
0.0042	0.0494	-0.7835	-0.4315	-0.132	-0.9297	0.347	0.1238	90	92	63	2	2	0.0152	0.225	0	0.0219
0.0025	0.0403	-0.8217	-0.4119	-0.1208	-0.0372	-0.8777	0.4778	91	0	63	2	3	0.01	0.05	0	0.01
0.0086	0.1195	-0.4232	-0.1994	-0.0654	-0.9591	-0.196	-0.2042	55	0	64	3	1	0.0028	0.3333	0	0.0086
0.0168	0.0453	-0.5754	-0.2788	-0.1017	0.5219	0.7233	-0.4522	58	95	65	3	1	0.0039	0.5	1	0.0168
0.0168	0.0895	-0.5518	-0.2461	-0.1221	0.7733	-0.0015	-0.634	94	96	65	3	2	0.0039	0.5	0	0.0168
0.0168	0.0401	-0.4889	-0.2374	-0.1508	0.9505	-0.1602	0.2664	95	0	65	3	3	0.0037	0.15	0	0.0106
0.0084	0.0567	-0.5608	-0.2739	-0.0613	-0.1475	0.8901	0.4313	57	98	66	3	1	0.01	0.05	1	0.01
0.0082	0.0316	-0.5691	-0.2234	-0.0368	-0.2645	0.914	0.3077	97	99	66	3	2	0.01	0.05	0	0.01
0.0078	0.0383	-0.5767	-0.1945	-0.0277	0.4072	0.7171	0.5656	98	0	66	3	3	0.0014	0.3333	0	0.0078
0.012	0.1446	-0.6007	-0.3134	-0.0784	0.8283	-0.5226	-0.2022	58	101	67	3	1	0.007	0.125	0	0.0183
0.012	0.0683	-0.4945	-0.3927	-0.0904	-0.2244	-0.9009	-0.3714	100	102	67	3	2	0.007	0.375	0	0.0188
0.012	0.0342	-0.5103	-0.4551	-0.1145	-0.5735	-0.5821	-0.5764	101	0	67	3	3	0.0047	0.75	0	0.012
0.0081	0.066	-0.6484	-0.314	-0.0746	-0.417	-0.9077	0.0477	59	104	71	3	1	0.0068	0.275	0	0.0152
0.0084	0.0359	-0.6649	-0.3726	-0.0829	0.0924	-0.9954	-0.0267	103	105	71	3	2	0.01	0.05	0	0.01
0.0083	0.0323	-0.6589	-0.4105	-0.0844	0.6052	0.7901	-0.0977	104	0	71	3	3	0.01	0.05	0	0.01
0.0149	0.105	-0.6488	-0.3196	-0.0935	0.5624	0.8223	-0.0873	59	107	72	3	1	0.0029	0.5417	0	0.0149
0.0149	0.0151	-0.5863	-0.2381	-0.0982	-0.8824	-0.2565	0.3944	106	0	72	3	2	0.01	0.05	0	0.01
0.0136	0.0836	-0.7462	-0.3189	-0.1186	0.0515	-0.8924	-0.4482	60	109	74	3	1	0.0045	0.4583	0	0.0136
0.0136	0.0059	-0.7508	-0.391	-0.1448	0.2142	-0.9056	0.3662	108	110	74	3	2	0.01	0.05	0	0.01
0.0136	0.0503	-0.751	-0.3973	-0.1489	-0.7644	-0.5886	0.2631	109	0	74	3	3	0.0028	0.2083	0	0.0093
0.0093	0.1067	-0.6846	-0.3466	-0.0834	-0.0195	-0.7751	-0.6316	59	0	75	3	1	0.0025	0.5	0	0.0093
0.0157	0.138	-0.9637	-0.4875	-0.1163	0.9735	-0.1898	-0.1272	65	113	78	3	1	0.0049	0.625	0	0.0162
0.0155	0.0628	-0.8051	-0.4937	-0.1263	0.5065	-0.7649	0.398	112	114	78	3	2	0.0054	0.325	0	0.0205
0.0129	0.0413	-0.7659	-0.5367	-0.1275	0.4272	-0.9024	-0.0552	113	115	78	3	3	0.0015	0.625	0	0.0129
0.0141	0.0281	-0.7589	-0.5794	-0.1129	0.202	-0.9621	-0.1833	114	116	78	3	4	0.0015	0.5417	0	0.0141
0.0143	0.026	-0.7327	-0.5937	-0.115	0.3647	-0.7308	0.577	115	117	78	3	5	0.0083	0.3438	0	0.0148
0.0129	0.0265	-0.7274	-0.615	-0.0975	0.3697	0.2813	0.8855	116	0	78	3	6	0.01	0.05	0	0.01
0.0156	0.3226	0.347	0.1211	-0.1096	-0.5402	-0.0596	0.8394	66	119	37	3	1	0.0049	0.5	1	0.0156
0.0156	0.0817	0.1728	0.1018	0.1612	0.5504	-0.0458	-0.8336	118	0	37	3	2	0.0049	0.5	0	0.0156
0.0173	0.0372	-0.0564	-0.1983	0.2749	-0.3523	0.0615	0.9339	70	121	42	3	1	0.004	0.5	1	0.0173
0.0173	0.0505	-0.0696	-0.196	0.3096	-0.7791	0.3516	-0.5191	120	122	42	3	2	0.004	0.5	0	0.0173
0.0173	0.037	-0.1193	-0.1781	0.2905	-0.4213	-0.6881	-0.5908	121	123	42	3	3	0.0053	0.225	0	0.0116
0.0173	0.0578	-0.1537	-0.2114	0.2716	0.2506	-0.8036	-0.5399	122	0	42	3	4	0.0035	0.1	0	0.01
0.0382	0.045	-0.2552	-0.3471	0.1887	-0.3422	0.847	0.4067	75	125	44	3	1	0.0021	0.5	0	0.0382
0.0382	0.0811	-0.2974	-0.3345	0.2089	-0.6302	0.6287	-0.4557	124	126	44	3	2	0.002	0.1042	0	0.0315
0.0382	0.0383	-0.3182	-0.2793	0.1081	-0.9014	0.0912	-0.4232	125	0	44	3	3	0.0034	0.1042	0	0.01
0.0188	0.0252	-0.2234	-0.276	0.1581	-0.5428	0.1104	-0.8326	74	128	97	3	1	0.0051	0.4583	0	0.02
0.0143	0.1177	-0.2335	-0.2686	0.1307	-0.7427	-0.2775	-0.6094	127	129	97	3	2	0.0018	0.5313	0	0.0143
0.0125	0.0395	-0.3216	-0.2997	0.0592	-0.772	-0.2764	-0.5725	128	130	97	3	3	0.0015	0.625	0	0.0125
0.0125	0.0325	-0.3441	-0.3112	0.0325	-0.3548	-0.7231	-0.5926	129	131	97	3	4	0.0016	0.375	0	0.0117
0.0125	0.0381	-0.3657	-0.3385	0.0124	0.2955	-0.6137	-0.7321	130	0	97	3	5	0.01	0.05	0	0.01
0.0119	0.119	-0.2212	-0.3519	0.1775	0.4187	-0.6137	0.6693	74	0	79	3	1	0.0028	0.5833	0	0.0119
0.0152	0.0916	-0.199	-0.3118	0.1789	0.6462	-0.7208	0.2507	74	134	80	3	1	0.0032	0.4583	1	0.0213
0.0152	0.0447	-0.1434	-0.3766	0.2029	0.056	-0.5416	0.8388	133	135	80	3	2	0.0066	0.375	0	0.0213
0.0152	0.0335	-0.1355	-0.407	0.2319	-0.349	-0.8509	0.3927	134	0	80	3	3	0.0021	0.4167	0	0.0152
0.0142	0.0548	-0.5709	-0.2022	-0.0374	0.3279	0.9132	0.242	98	137	86	4	1	0.0023	0.5	0	0.0142
0.0142	0.0531	-0.5111	-0.1874	-0.0169	-0.6258	-0.7692	-0.1288	136	0	86	4	2	0.0035	0.25	0	0.0087
0.01	0.0198	-0.2904	-0.2565	0.1513	0.6131	0.3106	0.7264	126	139	100	4	1	0.01	0.05	1	0.01
0.01	0.0542	-0.2782	-0.2503	0.1657	0.812	0.3769	0.4455	138	0	100	4	2	0.01	0.05	0	0.01
0.01	0.0776	-0.3018	-0.285	0.1865	-0.3501	-0.9367	0.0045	124	0	92	4	1	0.01	0.05	0	0.01
0.0119	0.1835	-0.3251	-0.3005	0.0471	0.7259	0.4054	0.5556	130	142	101	4	1	0.0076	0.375	1	0.0536
0.0119	0.0993	-0.2158	-0.2264	0.1232	-0.7019	0.2935	0.6489	141	143	101	4	2	0.0225	0.46	0	0.0536
0.0119	0.0649	-0.2975	-0.1953	0.1562	-0.9121	0.1985	0.3588	142	144	101	4	3	0.0094	0.25	0	0.0229
0.01	0.0301	-0.349	-0.1648	0.1739	-0.4236	-0.0978	-0.9006	143	0	101	4	4	0.01	0.05	0	0.01
0.0153	0.0926	-0.2759	-0.2462	0.1784	-0.4728	-0.8204	0.3215	139	146	81	5	1	0.0036	0.5	0	0.0153
0.0153	0.0413	-0.3275	-0.3121	0.2287	-0.4443	-0.8597	0.2518	145	0	81	5	2	0.0038	0.225	0	0.01
