radius (m)	length (m)	start_point	axis_direction	parent	extension	branch	branch_order	position_in_branch	mad	SurfCov	added	UnmodRadius (m)
0.0305	0.1685	-0.2271	1.6647	-0.3636	0.1228	-0.8973	0.424	0	2	1	0	1	0.0033	0.7083	0	0.0305
0.0239	0.0735	-0.2038	1.5192	-0.2791	0.3181	-0.8904	0.3256	1	3	1	0	2	0.0031	0.625	0	0.0264
0.0172	0.0866	-0.1773	1.4523	-0.2438	0.9612	-0.0532	-0.2706	2	4	1	0	3	0.0031	0.75	0	0.0172
0.0172	0.066	-0.0817	1.4539	-0.2579	0.6622	-0.567	-0.4899	3	5	1	0	4	0.0017	0.6667	0	0.0131
0.0172	0.0363	-0.047	1.434	-0.2891	-0.8881	-0.4586	0.0297	4	0	1	0	5	0.0058	0.3333	0	0.0093
0.0146	1.4933	-0.0426	1.4169	-0.2888	0.2502	-0.968	0.0191	5	7	2	1	1	0.0045	0.5833	1	0.0119
0.0146	0.0479	0.331	-0.0286	-0.2603	-0.6245	-0.771	-0.1245	6	8	2	1	2	0.0045	0.5833	0	0.0119
0.0146	0.5364	0.309	-0.0708	-0.3074	-0.5155	-0.8568	0.0134	7	9	2	1	3	0.0019	0.625	0	0.0141
0.0146	0.0408	0.0175	-0.5327	-0.2955	0.1444	-0.9893	-0.0185	8	10	2	1	4	0.0017	0.7917	0	0.0146
0.0176	0.0585	0.0267	-0.5761	-0.2956	-0.6848	-0.7211	0.1052	9	11	2	1	5	0.0022	0.7083	0	0.0176
0.0163	0.0644	-0.002	-0.635	-0.2822	-0.8466	-0.5105	0.1504	10	12	2	1	6	0.0035	0.625	0	0.0171
0.0146	0.0389	-0.0485	-0.6717	-0.2728	-0.2608	-0.6143	0.7447	11	13	2	1	7	0.002	0.5833	0	0.0141
0.0146	0.0501	-0.0608	-0.7065	-0.2581	-0.2756	-0.7432	0.6097	12	14	2	1	8	0.0015	0.625	0	0.0113
0.0146	0.0415	-0.077	-0.7522	-0.2352	-0.0964	-0.6546	0.7498	13	15	2	1	9	0.0015	0.4583	0	0.013
0.0146	0.0433	-0.0811	-0.7808	-0.1943	-0.8601	-0.5034	-0.0828	14	16	2	1	10	0.0033	0.2	0	0.0078
0.0146	0.0339	-0.1233	-0.7949	-0.1996	0.5558	0.5132	0.654	15	17	2	1	11	0.001	0.4167	0	0.0125
0.0146	0.0287	-0.1162	-0.7771	-0.1737	0.2804	0.4889	0.826	16	18	2	1	12	0.001	0.2917	0	0.0102
0.0146	0.0248	-0.1129	-0.7697	-0.1467	0.0321	0.4363	0.8992	17	19	2	1	13	0.0016	0.2917	0	0.0118
0.0159	0.0246	-0.1343	-0.7618	-0.1368	-0.3556	0.8235	0.442	18	20	2	1	14	0.0011	0.2083	0	0.0185
0.0146	0.0307	-0.1391	-0.7607	-0.1202	-0.9799	-0.1762	0.0939	19	21	2	1	15	0.0023	0.225	0	0.0093
0.016	0.0434	-0.1713	-0.7574	-0.0887	-0.2791	-0.9242	0.2606	20	22	2	1	16	0.0048	0.225	0	0.0225
0.0146	0.0234	-0.1958	-0.7874	-0.07	0.0228	-0.5713	0.8204	21	23	2	1	17	0.0016	0.5833	0	0.0138
0.0146	0.0526	-0.1966	-0.8053	-0.0578	0.0524	-0.8404	0.5394	22	24	2	1	18	0.002	0.625	0	0.0142
0.0161	0.0668	-0.2037	-0.8518	-0.0235	0.252	-0.9665	0.0493	23	25	2	1	19	0.0019	0.5	0	0.0188
0.0146	0.0654	-0.2125	-0.9106	-0.0089	0.0707	-0.8155	0.5744	24	26	2	1	20	0.0045	0.2	0	0.0085
0.0146	0.0338	-0.2012	-0.9633	0.032	-0.2527	-0.7283	0.637	25	27	2	1	21	0.01	0.05	0	0.01
0.0146	0.0089	-0.2036	-0.9654	0.0215	0.2139	-0.8187	-0.533	26	0	2	1	22	0.01	0.05	0	0.01
0.0164	0.1037	-0.1623	1.467	-0.2556	0.0477	-0.9119	0.4077	3	29	122	1	1	0.0162	0.55	0	0.0348
0.0164	0.0598	-0.1504	1.3757	-0.2089	0.1265	-0.8861	0.446	28	30	122	1	2	0.0153	0.875	0	0.0318
0.0164	0.0891	-0.1359	1.3258	-0.1788	0.1407	-0.8552	0.4989	29	31	122	1	3	0.008	0.82	0	0.0229
0.0164	0.08	-0.1239	1.2494	-0.1345	0.1202	-0.8508	0.5115	30	32	122	1	4	0.0081	0.86	0	0.024
0.0164	0.0807	-0.1037	1.1794	-0.0982	0.0607	-0.8671	0.4944	31	33	122	1	5	0.0111	0.875	0	0.0272
0.0164	0.0747	-0.1021	1.1085	-0.0597	0.1008	-0.9215	0.375	32	34	122	1	6	0.0081	0.65	0	0.027
0.0164	0.0718	-0.082	1.0433	-0.0254	0.1189	-0.9455	0.3033	33	35	122	1	7	0.0093	0.825	0	0.0269
0.0164	0.0708	-0.0759	0.9773	0.0038	0.163	-0.9397	0.3006	34	36	122	1	8	0.0065	0.85	0	0.0222
0.0178	0.0505	-0.0612	0.9128	0.0293	0.0276	-0.9102	0.4133	35	37	122	1	9	0.0025	0.7917	0	0.0178
0.0164	0.0682	-0.0497	0.8654	0.048	-0.0754	-0.9559	0.2838	36	38	122	1	10	0.0075	0.875	0	0.0235
0.0167	0.0667	-0.0478	0.797	0.0603	0.1107	-0.8615	0.4955	37	39	122	1	11	0.0027	0.875	0	0.0167
0.0164	0.0697	-0.0464	0.7344	0.0785	0.0009	-0.9435	0.3313	38	40	122	1	12	0.0073	0.8	0	0.024
0.0164	0.0567	-0.053	0.6674	0.1036	0.1575	-0.9839	-0.0847	39	41	122	1	13	0.0094	0.8	0	0.0253
0.0195	0.0636	-0.0482	0.6124	0.113	0.1467	-0.9843	0.0986	40	42	122	1	14	0.0026	0.7083	0	0.0195
0.0179	0.06	-0.0392	0.5502	0.1243	-0.118	-0.9912	0.0597	41	43	122	1	15	0.0022	0.8333	0	0.0179
0.0164	0.0577	-0.0478	0.4901	0.1178	0.0991	-0.9942	0.0428	42	44	122	1	16	0.0029	0.7917	0	0.02
0.0164	0.0557	-0.054	0.4293	0.1203	0.2774	-0.9567	-0.088	43	45	122	1	17	0.0024	0.8333	0	0.0207
0.0163	0.0571	-0.0553	0.3716	0.1084	0.1678	-0.9646	0.2035	44	46	122	1	18	0.0083	0.7	0	0.0235
0.0164	0.0453	-0.0405	0.3122	0.1068	-0.0403	-0.9538	0.2979	45	47	122	1	19	0.0095	0.825	0	0.0236
0.0164	0.0509	-0.0417	0.2703	0.1099	-0.1658	-0.9777	-0.1286	46	48	122	1	20	0.0076	0.75	0	0.0218
0.0164	0.0537	-0.0526	0.2203	0.1029	0.1038	-0.975	-0.1966	47	49	122	1	21	0.0076	0.8	0	0.0228
0.0163	0.0407	-0.0479	0.168	0.0924	-0.0737	-0.988	-0.1355	48	50	122	1	22	0.0086	0.65	0	0.0237
0.0164	0.0391	-0.0528	0.1246	0.094	-0.158	-0.8865	-0.4348	49	51	122	1	23	0.0057	0.725	0	0.0219
0.0164	0.056	-0.0671	0.0871	0.0776	0.3272	-0.9446	-0.0256	50	52	122	1	24	0.0064	0.7	0	0.0235
0.0164	0.037	-0.061	0.0348	0.068	0.1921	-0.918	-0.347	51	53	122	1	25	0.002	0.75	0	0.0203
0.0189	0.0417	-0.0651	-0.003	0.0672	0.034	-0.9627	-0.2683	52	54	122	1	26	0.0022	0.8333	0	0.0189
0.0167	0.0506	-0.0548	-0.0429	0.0544	0.0177	-0.9987	-0.0487	53	55	122	1	27	0.0023	0.7083	0	0.0167
0.0164	0.0413	-0.0776	-0.1023	0.0409	0.3718	-0.927	-0.049	54	56	122	1	28	0.002	0.6667	0	0.0209
0.0164	0.0384	-0.0755	-0.1473	0.0463	0.4351	-0.8997	-0.0345	55	57	122	1	29	0.0024	0.7083	0	0.0208
0.016	0.0444	-0.0611	-0.1858	0.0291	-0.0802	-0.9644	0.252	56	58	122	1	30	0.0018	0.5833	0	0.0203
0.0157	0.0267	-0.0655	-0.2301	0.0477	-0.4461	-0.8672	-0.2212	57	59	122	1	31	0.0021	0.5833	0	0.0161
0.0162	0.0277	-0.0772	-0.2557	0.0331	0.3396	-0.9036	0.2612	58	60	122	1	32	0.0017	0.7083	0	0.0162
0.0153	0.0321	-0.067	-0.2819	0.0417	-0.3828	-0.7928	-0.4742	59	61	122	1	33	0.0016	0.6667	0	0.0137
0.0145	0.0341	-0.0791	-0.3075	0.0267	0.1388	-0.9356	-0.3246	60	62	122	1	34	0.0017	0.8333	0	0.0145
0.0114	0.0353	-0.0842	-0.3414	0.0175	0.2447	-0.9162	0.3172	61	63	122	1	35	0.0012	0.7083	0	0.0114
0.0139	0.0404	-0.0707	-0.3738	0.0227	0.2184	-0.9561	0.1953	62	64	122	1	36	0.002	0.5833	0	0.014
0.0159	0.0419	-0.0582	-0.4112	0.029	0.2722	-0.9519	-0.1408	63	65	122	1	37	0.0019	0.625	0	0.0162
0.0121	0.0587	-0.0741	-0.4571	0.0211	0.2201	-0.9692	-0.1108	64	66	122	1	38	0.0016	0.5417	0	0.0121
0.0138	0.0283	-0.0577	-0.5165	0.0184	-0.094	-0.8704	-0.4833	65	67	122	1	39	0.002	0.5833	0	0.014
0.0121	0.0537	-0.0566	-0.5404	0.0062	0.1811	-0.9832	0.0211	66	68	122	1	40	0.0017	0.625	0	0.0121
0.0143	0.0291	-0.0493	-0.5936	0.0081	0.0959	-0.9809	-0.1694	67	69	122	1	41	0.0014	0.7083	0	0.0143
0.0125	0.0334	-0.0398	-0.6298	0.0139	-0.2303	-0.8527	-0.469	68	70	122	1	42	0.0016	0.5417	0	0.0125
0.0131	0.0356	-0.0438	-0.6568	-0.0016	0.3387	-0.8481	0.4073	69	71	122	1	43	0.0016	0.5833	0	0.0133
0.0133	0.0609	-0.0349	-0.6871	0.0203	-0.0211	-0.9995	-0.0246	70	72	122	1	44	0.002	0.5417	0	0.0136
0.0114	0.0648	-0.0334	-0.7478	0.014	0.4281	-0.8765	0.2202	71	73	122	1	45	0.0013	0.4583	0	0.0086
0.0114	0.025	-0.0081	-0.7999	0.0238	0.6257	-0.3563	-0.694	72	74	122	1	46	0.001	0.4167	0	0.0096
0.0115	0.0257	0.0016	-0.8262	0.0065	0.6741	-0.2383	-0.6992	73	75	122	1	47	0.0011	0.3333	0	0.0115
0.0114	0.0305	0.0224	-0.8322	-0.01	0.172	-0.8974	-0.4063	74	76	122	1	48	0.01	0.05	0	0.01
0.0114	0.0092	0.0251	-0.8625	-0.0003	0.2355	-0.9668	-0.0988	75	77	122	1	49	0.0015	0.375	0	0.0112
0.0116	0.0338	0.0256	-0.8777	-0.0119	-0.0164	-0.8559	0.5168	76	78	122	1	50	0.0075	0.3333	0	0.0119
0.0114	0.0222	0.0212	-0.9019	-0.0012	-0.1543	-0.8443	-0.5131	77	79	122	1	51	0.0038	0.5	0	0.006
0.0114	0.0137	0.0373	-0.9254	0.0075	-0.0189	-0.9761	-0.2164	78	80	122	1	52	0.0042	0.625	0	0.0072
0.0114	0.0251	0.0389	-0.925	0.0005	0.9694	-0.0659	0.2364	79	81	122	1	53	0.01	0.05	0	0.01
0.0114	0.0212	0.0445	-0.942	0.0064	0.6328	-0.7725	0.0526	80	0	122	1	54	0.01	0.05	0	0.01
0.0129	0.0782	0.3299	-0.0392	-0.2479	-0.0634	-0.1774	0.9821	7	83	6	2	1	0.0025	0.7917	0	0.0129
0.0138	0.0609	0.3243	-0.0522	-0.171	0.0682	-0.1399	0.9878	82	84	6	2	2	0.0019	0.9583	0	0.0138
0.0126	0.0614	0.3269	-0.0664	-0.1104	0.0107	0.0638	0.9979	83	85	6	2	3	0.0017	0.7917	0	0.0126
0.0119	0.0484	0.3257	-0.0655	-0.0487	0.0517	0.1168	0.9918	84	86	6	2	4	0.0015	0.6667	0	0.0131
0.0112	0.0419	0.3319	-0.0604	-0.0008	0.0271	-0.1406	0.9897	85	87	6	2	5	0.0015	0.7083	0	0.0112
0.0137	0.0305	0.323	-0.0598	0.0445	0.186	-0.2637	0.9465	86	88	6	2	6	0.0016	0.7917	0	0.0137
0.013	0.048	0.3277	-0.0666	0.0734	0.1323	0.0179	0.991	87	89	6	2	7	0.0017	0.75	0	0.013
0.0119	0.032	0.3343	-0.0652	0.1211	0.1667	-0.1097	0.9799	88	90	6	2	8	0.0015	0.6667	0	0.0119
0.0112	0.03	0.3371	-0.0793	0.1557	0.1194	0.2679	0.956	89	91	6	2	9	0.0014	0.5833	0	0.0111
0.0137	0.0556	0.3422	-0.0667	0.1843	0.1634	-0.0547	0.985	90	92	6	2	10	0.002	0.5417	0	0.0139
0.0112	0.0364	0.355	-0.0751	0.2403	-0.3175	-0.0032	0.9482	91	93	6	2	11	0.0013	0.5	0	0.0096
0.0134	0.0427	0.3281	-0.0792	0.2951	0.7907	0.0736	0.6078	92	94	6	2	12	0.0016	0.4583	0	0.015
0.0112	0.0279	0.3506	-0.0856	0.3252	-0.1833	0.5668	0.8032	93	95	6	2	13	0.001	0.4167	0	0.0081
0.0127	0.0313	0.3502	-0.0719	0.3451	0.4743	-0.0104	0.8803	94	96	6	2	14	0.001	0.2917	0	0.0131
0.0112	0.0437	0.3427	-0.07	0.3761	0.1721	0.2673	0.9481	95	97	6	2	15	0.006	0.3438	0	0.0108
0.0112	0.0287	0.3456	-0.06	0.416	-0.4272	0.534	0.7296	96	98	6	2	16	0.01	0.05	0	0.01
0.0117	0.0102	0.349	-0.074	0.4161	0.4071	-0.3747	0.833	97	99	6	2	17	0.0009	0.375	0	0.0117
0.0112	0.0133	0.3532	-0.0764	0.422	0.9155	-0.363	-0.1735	98	100	6	2	18	0.01	0.05	0	0.01
0.0112	0.0123	0.3653	-0.0812	0.4197	-0.1118	-0.598	0.7936	99	0	6	2	19	0.01	0.05	0	0.01
0.0123	0.0225	-0.1243	-0.7811	-0.1604	-0.9862	0.1076	-0.1255	17	102	7	2	1	0.0034	0.5	0	0.0123
0.0137	0.0803	-0.1365	-0.776	-0.1639	0.1343	-0.2344	0.9628	101	103	7	2	2	0.0017	0.4167	0	0.0147
0.0123	0.0304	-0.1254	-0.7931	-0.0873	0.5364	0.2339	0.8109	102	104	7	2	3	0.0015	0.2917	0	0.0116
0.0123	0.0306	-0.1087	-0.7878	-0.0625	0.2476	0.1449	0.958	103	105	7	2	4	0.01	0.05	0	0.01
0.0123	0.0057	-0.0915	-0.7895	-0.0534	0.8949	-0.0539	0.443	104	0	7	2	5	0.0039	0.2917	0	0.0088
0.01	0.0503	-0.1652	-0.786	-0.0898	0.1778	-0.7704	0.6122	21	107	21	2	1	0.0015	0.5	0	0.01
0.01	0.0213	-0.1534	-0.8282	-0.0588	0.0967	0.1255	0.9874	106	0	21	2	2	0.01	0.05	0	0.01
0.0067	0.0247	-0.1065	-0.7763	-0.144	0.3098	0.0254	0.9505	17	109	29	2	1	0.01	0.05	1	0.01
0.0061	0.0457	-0.0989	-0.7757	-0.1205	-0.6175	0.3136	0.7214	108	110	29	2	2	0.01	0.05	0	0.01
0.0052	0.0305	-0.1297	-0.76	-0.0895	0.5935	-0.0275	-0.8044	109	0	29	2	3	0.007	0.125	0	0.0125
0.0125	0.0125	-0.1482	-0.7771	-0.1181	0.4117	-0.2911	0.8636	20	112	30	2	1	0.0028	0.5417	0	0.0128
0.0095	0.045	-0.1334	-0.78	-0.1238	0.5189	-0.8119	0.2673	111	113	30	2	2	0.0011	0.4583	0	0.0095
0.009	0.0285	-0.1254	-0.8134	-0.1239	-0.0829	-0.9848	-0.153	112	114	30	2	3	0.0054	0.5833	0	0.009
0.01	0.0057	-0.1255	-0.8235	-0.1214	-0.825	0.2913	-0.4842	113	115	30	2	4	0.01	0.05	0	0.01
0.0093	0.0084	-0.13	-0.8217	-0.1255	0.7366	0.6573	0.1591	114	0	30	2	5	0.01	0.05	0	0.01
0.0098	0.0466	-0.1916	-0.7972	-0.0912	-0.4144	0.2441	-0.8768	21	117	31	2	1	0.0031	0.5833	1	0.0098
0.0098	0.0575	-0.2109	-0.7858	-0.1321	-0.6929	0.4713	-0.5457	116	118	31	2	2	0.0031	0.5833	0	0.0098
0.011	0.0264	-0.2327	-0.7745	-0.1724	-0.3545	0.1174	-0.9276	117	119	31	2	3	0.005	0.5	0	0.0112
0.0107	0.0193	-0.2476	-0.7717	-0.1974	0.113	-0.2305	-0.9665	118	120	31	2	4	0.0028	0.5417	0	0.0107
0.01	0.0197	-0.2513	-0.7673	-0.2093	-0.5591	0.2449	-0.7921	119	121	31	2	5	0.01	0.05	0	0.01
0.01	0.0043	-0.2488	-0.7764	-0.212	0.75	0.1247	-0.6496	120	122	31	2	6	0.01	0.05	0	0.01
0.01	0.0162	-0.2471	-0.7754	-0.2148	-0.2644	-0.9429	-0.2026	121	0	31	2	7	0.01	0.05	0	0.01
0.0121	0.0826	-0.1937	-0.7785	-0.0859	-0.6902	0.6189	-0.3749	21	124	32	2	1	0.0024	0.5833	0	0.0131
0.0121	0.0923	-0.2562	-0.7304	-0.1122	-0.2351	0.9199	0.314	123	125	32	2	2	0.0014	0.5417	0	0.0121
0.0121	0.0208	-0.2685	-0.6584	-0.0723	0.048	0.6638	0.7463	124	0	32	2	3	0.0074	0.35	0	0.0083
0.0135	0.0773	-0.2026	-0.8547	-0.0165	0.6956	-0.6141	-0.3728	24	127	33	2	1	0.0053	0.225	0	0.0373
0.0139	0.1125	-0.1427	-0.8931	-0.0575	0.8821	-0.4594	0.1037	126	128	33	2	2	0.0032	0.16	0	0.0239
0.0127	0.055	-0.0558	-0.9362	-0.0354	0.5972	-0.1003	0.7958	127	129	33	2	3	0.0015	0.4167	0	0.0128
0.0094	0.0072	-0.0239	-0.9343	0.0087	0.2795	-0.0136	0.96	128	130	33	2	4	0.0039	0.5313	0	0.0074
0.0124	0.0465	-0.0202	-0.9435	0.0086	0.6792	-0.3606	0.6392	129	131	33	2	5	0.0009	0.5	0	0.0124
0.0105	0.0337	0.0119	-0.9611	0.0166	0.9768	-0.2118	0.0318	130	132	33	2	6	0.0054	0.375	0	0.0105
0.0113	0.0205	0.0333	-0.978	0.0125	0.6121	-0.3599	-0.7041	131	133	33	2	7	0.0033	0.5	0	0.0113
0.0094	0.0278	0.0351	-0.9759	0.0167	-0.0898	-0.9076	0.4101	132	134	33	2	8	0.0008	0.2917	0	0.0094
0.0116	0.0359	0.0288	-1.0026	0.0234	-0.1808	-0.8899	0.4188	133	135	33	2	9	0.0013	0.375	0	0.0116
0.0121	0.0312	0.0262	-1.0351	0.0443	-0.3875	-0.9082	0.1579	134	136	33	2	10	0.001	0.2917	0	0.0121
0.0098	0.0312	0.0091	-1.0619	0.0466	-0.1833	-0.9626	-0.1996	135	137	33	2	11	0.0013	0.3333	0	0.0098
0.0096	0.0087	0.013	-1.0946	0.0484	-0.1324	-0.9746	-0.1807	136	138	33	2	12	0.0049	0.6667	0	0.0096
0.014	0.0523	-0.0065	-1.1059	0.0572	-0.3546	-0.5418	-0.7621	137	139	33	2	13	0.0012	0.4167	0	0.018
0.0125	0.0008	-0.0319	-1.1338	0.0343	-0.7157	-0.6412	-0.2768	138	140	33	2	14	0.0054	0.4688	0	0.0128
0.0131	0.0307	-0.0261	-1.1324	0.0193	-0.8658	-0.2813	-0.4138	139	141	33	2	15	0.0011	0.2917	0	0.0151
0.0108	0.0264	-0.0408	-1.1386	0.0022	-0.3348	-0.0728	-0.9395	140	142	33	2	16	0.0011	0.3333	0	0.0108
0.0086	0.0313	-0.0541	-1.1515	-0.0226	-0.2853	0.1191	-0.951	141	143	33	2	17	0.0085	0.5417	0	0.0077
0.0085	0.0197	-0.0346	-1.1476	-0.0484	0.1068	-0.6604	-0.7433	142	144	33	2	18	0.0059	0.4167	0	0.0071
0.01	0.0239	-0.0551	-1.1637	-0.0636	0.0686	-0.3616	-0.9298	143	145	33	2	19	0.01	0.05	0	0.01
0.0113	0.0174	-0.0465	-1.1515	-0.0747	-0.1183	0.4973	-0.8595	144	146	33	2	20	0.0013	0.375	0	0.0115
0.011	0.0286	-0.0505	-1.1518	-0.0886	-0.6289	0.0443	-0.7762	145	147	33	2	21	0.0012	0.2917	0	0.011
0.011	0.0255	-0.0631	-1.1534	-0.1043	-0.7343	-0.5772	0.3573	146	148	33	2	22	0.0008	0.3333	0	0.0111
0.0127	0.0194	-0.083	-1.1706	-0.1175	-0.5275	-0.841	0.1202	147	149	33	2	23	0.0012	0.2917	0	0.0152
0.0119	0.0261	-0.0885	-1.1887	-0.1251	-0.9026	-0.0118	-0.4303	148	150	33	2	24	0.0011	0.2917	0	0.0135
0.0079	0.0364	-0.1139	-1.1825	-0.1327	-0.6491	0.2266	-0.7262	149	151	33	2	25	0.004	0.5	0	0.0055
0.0123	0.0364	-0.1296	-1.1816	-0.1509	0.3018	-0.5444	-0.7827	150	152	33	2	26	0.0014	0.375	0	0.0139
0.0123	0.06	-0.1258	-1.1969	-0.1709	0.1963	-0.786	0.5862	151	153	33	2	27	0.0045	0.35	0	0.0178
0.0106	0.0344	-0.129	-1.2409	-0.1367	-0.1914	-0.6929	0.6951	152	154	33	2	28	0.0011	0.375	0	0.0112
0.0099	0.0298	-0.1374	-1.2641	-0.1124	-0.0635	-0.5837	0.8095	153	155	33	2	29	0.0012	0.2917	0	0.01
0.0083	0.0395	-0.1446	-1.2808	-0.0872	0.097	-0.5989	0.7949	154	156	33	2	30	0.0035	0.5938	0	0.0083
0.0093	0.0375	-0.1532	-1.3048	-0.0635	-0.3445	-0.7342	0.585	155	157	33	2	31	0.01	0.05	0	0.01
0.0094	0.0083	-0.1326	-1.3217	-0.0453	0.2784	-0.6184	0.7349	156	158	33	2	32	0.0006	0.4583	0	0.0096
0.0086	0.0468	-0.1298	-1.3258	-0.0363	0.8147	-0.5789	0.0323	157	159	33	2	33	0.0009	0.4583	0	0.0086
0.0071	0.0139	-0.089	-1.3464	-0.0325	0.8917	-0.4176	0.1746	158	160	33	2	34	0.0043	0.625	0	0.0071
0.0092	0.0367	-0.0749	-1.3503	-0.0288	0.5787	-0.7544	0.3098	159	161	33	2	35	0.0015	0.3333	0	0.0102
0.0082	0.0014	-0.0542	-1.3781	-0.0183	0.4185	-0.9038	-0.0898	160	162	33	2	36	0.01	0.05	0	0.01
0.008	0.0277	-0.0505	-1.3811	-0.0204	0.3351	-0.4103	0.8482	161	0	33	2	37	0.01	0.05	0	0.01
0.0131	0.0467	-0.1804	-0.7615	-0.0723	-0.3722	0.4009	0.8371	21	164	41	2	1	0.0018	0.625	1	0.0131
0.0131	0.0278	-0.1978	-0.7428	-0.0333	0.6338	0.1381	0.7611	163	165	41	2	2	0.0018	0.625	0	0.0131
0.0152	0.0308	-0.1869	-0.7536	-0.0183	0.862	-0.4753	0.1761	164	166	41	2	3	0.0024	0.4167	0	0.0184
0.0126	0.0342	-0.1641	-0.7719	-0.0094	0.0499	-0.7164	-0.696	165	0	41	2	4	0.0022	0.4583	0	0.0126
0.0116	0.0909	-0.1882	-0.8229	-0.0612	0.7416	-0.6668	-0.0736	23	168	42	2	1	0.0027	0.5417	0	0.0116
0.0116	0.0434	-0.127	-0.8799	-0.0635	-0.328	-0.9009	0.2842	167	169	42	2	2	0.0014	0.25	0	0.0114
0.0132	0.0324	-0.145	-0.9208	-0.053	0.0622	-0.7829	0.619	168	170	42	2	3	0.0043	0.225	0	0.024
0.0116	0.0104	-0.1396	-0.9408	-0.0429	-0.0669	-0.8668	-0.4941	169	171	42	2	4	0.01	0.05	0	0.01
0.0116	0.0294	-0.1364	-0.9476	-0.0463	0.1137	-0.7236	0.6808	170	172	42	2	5	0.01	0.05	0	0.01
0.0116	0.0213	-0.1331	-0.9688	-0.0262	0.433	-0.8166	0.3816	171	0	42	2	6	0.01	0.05	0	0.01
0.0139	0.0124	-0.1989	-0.9976	0.0507	0.6955	-0.575	0.4308	26	174	57	2	1	0.0033	0.3333	0	0.016
0.0117	0.0091	-0.1826	-0.9924	0.0537	0.6374	-0.5066	-0.5805	173	175	57	2	2	0.01	0.05	0	0.01
0.0108	0.0193	-0.1688	-0.9996	0.0612	-0.4662	-0.8779	0.1091	174	176	57	2	3	0.01	0.05	0	0.01
0.01	0.026	-0.1792	-1.024	0.0588	-0.0998	-0.5055	0.8571	175	0	57	2	4	0.01	0.05	0	0.01
0.008	0.0198	-0.0705	-0.0304	0.0412	-0.3413	0.1635	-0.9256	53	178	3	2	1	0.0028	0.5417	1	0.008
0.008	0.0664	-0.0772	-0.0272	0.0229	-0.9522	-0.3045	-0.0236	177	0	3	2	2	0.0028	0.5417	0	0.008
0.0135	0.0593	-0.081	-0.2763	0.0436	0.8477	0.0368	-0.5291	60	180	123	2	1	0.0171	0.15	0	0.0359
0.0135	0.118	-0.0261	-0.2694	-0.0018	0.9391	0.0619	0.338	179	181	123	2	2	0.0018	0.5	0	0.014
0.006	0.0502	0.0877	-0.272	0.031	0.8847	-0.0693	0.4609	180	182	123	2	3	0.0041	0.7083	0	0.006
0.0125	0.0412	0.1131	-0.2475	0.0491	0.6625	0.5458	0.513	181	183	123	2	4	0.0031	0.225	0	0.0199
0.0088	0.0463	0.1454	-0.2562	0.0499	0.9911	0.1098	0.0753	182	184	123	2	5	0.0074	0.4167	0	0.0088
0.0089	0.0297	0.1891	-0.2379	0.0372	0.9944	0.0738	-0.0757	183	185	123	2	6	0.01	0.05	0	0.01
0.0095	0.027	0.1894	-0.2872	0.0455	0.8733	-0.4697	0.1297	184	186	123	2	7	0.0007	0.25	0	0.0122
0.0074	0.0203	0.1927	-0.2779	0.0109	0.7107	-0.3744	-0.5956	185	0	123	2	8	0.01	0.05	0	0.01
0.0118	0.1376	-0.0352	-0.5926	0.0102	-0.0301	0.9845	0.1729	68	188	8	2	1	0.0024	0.5833	0	0.0121
0.0118	0.0414	-0.0258	-0.4524	0.0462	0.6316	0.1537	-0.7599	187	189	8	2	2	0.0013	0.4167	0	0.0118
0.0118	0.0261	0.005	-0.4498	0.0122	0.4906	0.8126	-0.3146	188	0	8	2	3	0.0019	0.2917	0	0.0131
0.0108	0.021	-0.046	-0.5372	0.0076	0.9451	-0.3057	-0.1155	66	191	9	2	1	0.0027	0.5	1	0.0109
0.0108	0.0356	-0.0261	-0.5437	0.0052	0.4033	-0.7816	0.4758	190	192	9	2	2	0.0027	0.5	0	0.0109
0.0103	0.0491	-0.0123	-0.5565	0.0052	0.5838	-0.5991	-0.548	191	193	9	2	3	0.0043	0.4063	0	0.0102
0.0102	0.0512	0.0112	-0.5813	-0.0232	0.1174	-0.198	-0.9731	192	0	9	2	4	0.01	0.05	0	0.01
0.0089	0.031	-0.0361	-0.6524	0.0121	0.6094	-0.6234	0.4899	69	195	10	2	1	0.0032	0.5	1	0.0109
0.0089	0.0749	-0.0172	-0.6717	0.0272	0.4828	0.6604	-0.5752	194	196	10	2	2	0.0032	0.5	0	0.0109
0.0089	0.0032	0.0166	-0.6218	-0.016	0.1659	0.6786	-0.7156	195	0	10	2	3	0.0028	0.4167	0	0.0089
0.0096	0.043	-0.0413	-0.7091	0.0079	-0.1726	-0.67	-0.722	71	198	11	2	1	0.0029	0.4583	0	0.0096
0.0113	0.0427	-0.0475	-0.7439	-0.0242	0.9351	0.2378	-0.2627	197	199	11	2	2	0.0009	0.4167	0	0.0116
0.01	0.0188	-0.0094	-0.7377	-0.0436	0.6669	0.6057	-0.4339	198	200	11	2	3	0.01	0.05	0	0.01
0.01	0.025	0.0051	-0.7262	-0.0499	0.4401	-0.7812	-0.4428	199	201	11	2	4	0.01	0.05	0	0.01
0.01	0.0428	0.0161	-0.7457	-0.061	0.9317	-0.2571	0.2564	200	0	11	2	5	0.01	0.05	0	0.01
0.0101	0.0579	-0.0173	-0.7605	0.0254	0.8567	0.0255	-0.5153	72	203	12	2	1	0.0032	0.5417	0	0.0102
0.007	0.0501	0.0107	-0.7559	-0.0057	0.1453	0.7023	-0.6969	202	204	12	2	2	0.0028	0.4167	0	0.0065
0.009	0.0302	0.014	-0.7184	-0.0342	0.1891	0.9531	-0.2364	203	205	12	2	3	0.01	0.05	0	0.01
0.0086	0.0485	0.0067	-0.702	-0.0367	0.542	-0.7282	-0.4195	204	206	12	2	4	0.0012	0.375	0	0.0087
0.0082	0.0145	0.0353	-0.7339	-0.0589	0.844	-0.5172	0.1419	205	207	12	2	5	0.01	0.05	0	0.01
0.0078	0.0249	0.0476	-0.7414	-0.0569	0.956	0.0962	-0.277	206	208	12	2	6	0.01	0.05	0	0.01
0.0073	0.0173	0.0714	-0.739	-0.0638	0.5896	-0.801	-0.1038	207	0	12	2	7	0.01	0.05	0	0.01
0.0043	0.0458	-0.007	-0.8065	0.0057	-0.7578	-0.0911	-0.6461	73	210	23	2	1	0.0012	0.375	1	0.0081
0.0043	0.0359	-0.0417	-0.8106	-0.0238	0.1658	-0.9832	-0.0762	209	211	23	2	2	0.0012	0.375	0	0.0081
0.0025	0.0276	-0.0362	-0.8467	-0.0274	-0.9207	0.2191	0.3229	210	0	23	2	3	0.0044	0.225	0	0.01
0.0085	0.0523	-0.0197	-0.7881	0.0133	-0.451	-0.8334	-0.3194	72	213	46	2	1	0.0022	0.4583	0	0.0085
0.0084	0.055	-0.04	-0.8309	-0.0067	-0.5469	-0.5077	-0.6656	212	214	46	2	2	0.001	0.4167	0	0.0084
0.01	0.0255	-0.0629	-0.8579	-0.0369	0.6679	0.0004	-0.7442	213	215	46	2	3	0.0009	0.3333	0	0.0109
0.0092	0.0047	-0.0574	-0.854	-0.0577	0.3254	0.6509	-0.6859	214	216	46	2	4	0.01	0.05	0	0.01
0.0091	0.0214	-0.0559	-0.851	-0.0609	0.8773	-0.1781	0.4457	215	217	46	2	5	0.01	0.05	0	0.01
0.0089	0.0178	-0.0372	-0.8537	-0.0535	-0.7388	-0.6131	-0.2798	216	0	46	2	6	0.01	0.05	0	0.01
0.0127	0.0928	0.3347	-0.0776	0.1293	-0.6371	-0.2811	-0.7177	89	219	124	3	1	0.0081	0.48	0	0.0189
0.0127	0.0365	0.2656	-0.1006	0.0698	-0.2322	-0.9684	0.0912	218	220	124	3	2	0.0016	0.6667	0	0.0147
0.0113	0.0729	0.2626	-0.1447	0.0729	-0.8081	-0.4994	-0.3125	219	221	124	3	3	0.0021	0.75	0	0.0153
0.0127	0.0495	0.2147	-0.1906	0.0513	-0.6479	-0.7604	-0.0443	220	222	124	3	4	0.0014	0.5833	0	0.012
0.0127	0.0405	0.1849	-0.2268	0.0527	0.1318	-0.9527	0.2738	221	223	124	3	5	0.0011	0.5	0	0.0091
0.0127	0.0322	0.1848	-0.2613	0.0624	-0.6021	-0.7984	-0.0098	222	224	124	3	6	0.0008	0.375	0	0.0088
0.0127	0.035	0.1758	-0.2934	0.0546	-0.4966	-0.8664	0.0532	223	225	124	3	7	0.0012	0.4167	0	0.014
0.0127	0.0308	0.1313	-0.3087	0.0485	-0.365	-0.8535	-0.3718	224	226	124	3	8	0.0017	0.6667	0	0.0159
0.0127	0.0503	0.1295	-0.3422	0.0448	-0.4865	-0.8516	-0.195	225	227	124	3	9	0.0075	0.9167	0	0.0127
0.0113	0.0274	0.1036	-0.3397	0.0268	-0.8085	-0.1289	-0.5743	226	0	124	3	10	0.0017	0.7083	0	0.0138
0.0098	0.0153	0.3477	-0.0703	0.1319	0.7064	-0.2057	-0.6772	89	229	25	3	1	0.0025	0.4167	1	0.0098
0.0098	0.0338	0.3585	-0.0735	0.1216	0.0985	0.448	0.8886	228	230	25	3	2	0.0025	0.4167	0	0.0098
0.0084	0.0495	0.3593	-0.06	0.1477	0.5865	-0.8086	-0.0469	229	231	25	3	3	0.0011	0.5	0	0.0084
0.0112	0.0787	0.3845	-0.1005	0.1556	0.4083	-0.9071	0.1024	230	232	25	3	4	0.0017	0.5417	0	0.013
0.0112	0.044	0.4232	-0.1715	0.1503	0.2309	-0.9699	0.0776	231	233	25	3	5	0.0015	0.5417	0	0.0144
0.0112	0.0212	0.4327	-0.2143	0.1535	0.3208	-0.924	-0.2081	232	234	25	3	6	0.001	0.5833	0	0.0132
0.011	0.0341	0.4481	-0.2192	0.1545	0.8327	-0.5376	0.1326	233	235	25	3	7	0.0015	0.4583	0	0.0118
0.0077	0.0095	0.4771	-0.2368	0.1563	0.4883	0.8176	0.3052	234	236	25	3	8	0.0044	0.6667	0	0.0073
0.0102	0.0764	0.4829	-0.239	0.1628	0.9924	0.0799	-0.0938	235	237	25	3	9	0.0013	0.3333	0	0.0103
0.0073	0.0484	0.5562	-0.2335	0.1668	0.9614	-0.1858	0.203	236	238	25	3	10	0.0042	0.2857	0	0.0073
0.0084	0.022	0.6052	-0.237	0.172	0.9412	-0.2809	0.1876	237	239	25	3	11	0.0042	0.5313	0	0.0084
0.0092	0.0223	0.6199	-0.2495	0.1887	0.9039	-0.3335	0.2681	238	240	25	3	12	0.0008	0.25	0	0.0098
0.0098	0.0092	0.6474	-0.2553	0.1844	0.7899	-0.3481	0.5048	239	241	25	3	13	0.0028	0.5	0	0.0103
0.0086	0.0173	0.6539	-0.2597	0.1906	0.0035	-0.8054	-0.5927	240	242	25	3	14	0.01	0.05	0	0.01
0.0083	0.0261	0.6538	-0.2718	0.1798	0.6092	0.2676	0.7465	241	0	25	3	15	0.01	0.05	0	0.01
0.0183	0.0194	-0.1077	-0.9002	-0.044	0.1497	0.7127	0.6853	127	244	43	3	1	0.0032	0.5417	1	0.0183
0.0183	0.0352	-0.1048	-0.8864	-0.0307	0.3253	-0.0267	-0.9452	243	245	43	3	2	0.0032	0.5417	0	0.0183
0.0183	0.0194	-0.0591	-0.8983	-0.0496	-0.2258	-0.9553	-0.1908	244	0	43	3	3	0.0033	0.15	0	0.0081
0.0099	0.0135	-0.0555	-0.9491	-0.0324	-0.0708	-0.9909	0.1145	128	247	44	3	1	0.0041	0.5313	1	0.0099
0.0099	0.0645	-0.0565	-0.9625	-0.0308	0.0944	-0.9955	-0.0061	246	0	44	3	2	0.0041	0.5313	0	0.0099
0.0105	0.0439	-0.1155	-0.9228	-0.0556	-0.0473	-0.9944	-0.0944	127	249	127	3	1	0.0016	0.375	1	0.011
0.0104	0.0404	-0.1176	-0.9665	-0.0598	0.04	-0.8806	0.4722	248	250	127	3	2	0.0016	0.375	0	0.011
0.0089	0.0333	-0.1125	-0.9998	-0.0354	0.5316	-0.847	0.0082	249	251	127	3	3	0.0047	0.5833	0	0.0089
0.0092	0.0379	-0.0916	-1.0245	-0.0385	0.7789	-0.6202	0.093	250	0	127	3	4	0.0018	0.375	0	0.0096
0.0101	0.0489	-0.0507	-0.9257	-0.0411	0.6945	0.5917	-0.4095	128	253	50	3	1	0.0022	0.5417	0	0.0101
0.0115	0.0162	-0.0212	-0.8964	-0.0625	0.216	0.832	-0.5109	252	254	50	3	2	0.0043	0.5833	0	0.0115
0.0113	0.0601	-0.0101	-0.884	-0.0684	0.3168	0.5855	-0.7462	253	255	50	3	3	0.001	0.25	0	0.0115
0.0101	0.0066	0.0112	-0.8428	-0.1037	0.5459	0.6446	-0.5352	254	256	50	3	4	0.01	0.05	0	0.01
0.0101	0.0216	0.0147	-0.8381	-0.1115	-0.5729	-0.8172	-0.0626	255	0	50	3	5	0.0014	0.2917	0	0.0086
0.0112	0.0431	0.0064	-0.9495	0.0188	-0.4248	0.89	0.1655	131	258	51	3	1	0.0038	0.4167	1	0.0112
0.0112	0.0423	-0.0119	-0.9112	0.0259	-0.9319	0.0288	-0.3616	257	0	51	3	2	0.0038	0.4167	0	0.0112
0.0116	0.0268	-0.0311	-0.9524	0.0074	-0.1129	-0.8277	0.5497	128	260	58	3	1	0.0008	0.2917	1	0.0134
0.0116	0.0322	-0.0341	-0.9746	0.0222	0.1366	-0.9145	0.381	259	261	58	3	2	0.0008	0.2917	0	0.0134
0.0116	0.0281	-0.0338	-1.0096	0.0206	0.1711	-0.9329	0.3169	260	262	58	3	3	0.0065	0.375	0	0.0136
0.0064	0.0127	-0.0126	-1.0406	0.0312	-0.2201	-0.8868	-0.4064	261	263	58	3	4	0.0054	0.7083	0	0.0064
0.0107	0.0209	-0.0135	-1.0519	0.0307	0.6594	-0.7009	-0.2719	262	264	58	3	5	0.0011	0.2917	0	0.0112
0.011	0.0414	-0.0154	-1.0652	0.0233	-0.1388	-0.7912	0.5955	263	265	58	3	6	0.0015	0.4167	0	0.0117
0.0077	0.0524	-0.0158	-1.0997	0.0477	-0.2989	-0.9471	0.1167	264	266	58	3	7	0.0044	0.3	0	0.0077
0.0097	0.0383	-0.0487	-1.1427	0.0406	-0.5999	-0.6591	0.4535	265	0	58	3	8	0.002	0.2917	0	0.0229
0.0099	0.0171	-0.0318	-0.9274	-0.0059	0.0669	0.9929	-0.0981	128	268	59	3	1	0.001	0.375	1	0.0099
0.0099	0.0256	-0.0307	-0.9104	-0.0075	-0.7305	0.6137	0.2997	267	269	59	3	2	0.001	0.375	0	0.0099
0.0094	0.0297	-0.0506	-0.8942	-0.001	0.6985	0.0979	-0.7089	268	270	59	3	3	0.001	0.3333	0	0.0094
0.0086	0.0511	-0.0268	-0.8971	-0.0165	0.0371	0.7018	0.7114	269	271	59	3	4	0.0073	0.375	0	0.0088
0.0057	0.0475	-0.0286	-0.8642	0.0192	-0.0817	-0.1211	0.9893	270	0	59	3	5	0.0017	0.25	0	0.0068
0.009	0.044	-0.0237	-0.9291	0.0099	0.8609	-0.1736	0.4783	128	273	60	3	1	0.0052	0.275	0	0.0156
0.009	0.0189	0.0208	-0.9252	0.027	0.7975	-0.5434	-0.2621	272	274	60	3	2	0.0072	0.5417	0	0.009
0.009	0.0173	0.0342	-0.9354	0.027	0.8394	-0.4532	0.2999	273	0	60	3	3	0.01	0.05	0	0.01
0.0133	0.0562	0.0017	-1.1134	0.0418	0.9393	0.3213	-0.1203	138	276	84	3	1	0.0026	0.375	0	0.0159
0.0133	0.0413	0.0654	-1.092	0.0308	-0.3637	0.9075	-0.2103	275	277	84	3	2	0.0011	0.3333	0	0.0152
0.0109	0.0341	0.0406	-1.057	0.0202	-0.2428	0.9699	0.0179	276	278	84	3	3	0.01	0.05	0	0.01
0.01	0.0095	0.0517	-1.049	0.0126	0.4482	0.5686	-0.6898	277	0	84	3	4	0.01	0.05	0	0.01
0.0099	0.0229	-0.0392	-1.1288	-0.004	0.3154	0.9432	-0.1048	141	280	85	3	1	0.0018	0.5	1	0.0098
0.0099	0.0294	-0.0319	-1.1072	-0.0064	0.359	-0.3281	-0.8738	279	281	85	3	2	0.0018	0.5	0	0.0098
0.0099	0.0111	-0.0217	-1.115	-0.0314	0.3552	0.357	-0.8639	280	282	85	3	3	0.01	0.05	0	0.01
0.0103	0.0235	-0.018	-1.1203	-0.0376	-0.1761	-0.339	-0.9242	281	0	85	3	4	0.0024	0.15	0	0.0158
0.0117	0.0544	-0.0274	-1.1399	0.0318	-0.3382	-0.6699	0.6609	138	284	89	3	1	0.0016	0.75	1	0.0117
0.0117	0.0626	-0.0458	-1.1763	0.0677	-0.8745	-0.0473	0.4827	283	285	89	3	2	0.0016	0.75	0	0.0117
0.0131	0.0481	-0.1	-1.1792	0.1015	-0.8245	0.5556	0.1078	284	286	89	3	3	0.0015	0.375	0	0.0142
0.0129	0.0542	-0.1489	-1.1576	0.1112	-0.5554	0.7969	-0.2379	285	287	89	3	4	0.0015	0.5	0	0.013
0.0119	0.0244	-0.1867	-1.1367	0.0912	-0.9365	0.3441	-0.0681	286	288	89	3	5	0.0015	0.2917	0	0.0119
0.013	0.0483	-0.2128	-1.1154	0.0919	-0.9653	-0.2221	-0.1376	287	289	89	3	6	0.0013	0.4167	0	0.0152
0.0117	0.0188	-0.2412	-1.1413	0.1111	-0.854	-0.2343	0.4645	288	290	89	3	7	0.0056	0.5417	0	0.0091
0.0117	0.0033	-0.2644	-1.1216	0.1165	-0.0171	0.1299	0.9914	289	291	89	3	8	0.007	0.6667	0	0.0091
0.0117	0.0378	-0.2687	-1.1399	0.11	-0.974	0.2261	-0.0116	290	292	89	3	9	0.01	0.05	0	0.01
0.0117	0.0133	-0.2642	-1.1338	0.1058	0.0033	0.8615	-0.5077	291	0	89	3	10	0.01	0.05	0	0.01
0.0121	0.0305	-0.1405	-1.1872	-0.1512	0.0876	-0.6806	-0.7274	151	294	106	3	1	0.0028	0.5	0	0.0121
0.0121	0.0646	-0.1483	-1.204	-0.1711	-0.0855	-0.671	0.7365	293	295	106	3	2	0.0012	0.375	0	0.0083
0.0121	0.063	-0.1573	-1.2357	-0.1202	-0.8707	-0.353	0.3426	294	296	106	3	3	0.0016	0.4583	0	0.0121
0.0121	0.0787	-0.2001	-1.2448	-0.1204	-0.7982	0.5968	-0.0825	295	297	106	3	4	0.0017	0.5833	0	0.0142
0.0121	0.0371	-0.2752	-1.2051	-0.1226	-0.5646	0.7473	-0.3505	296	298	106	3	5	0.0014	0.625	0	0.0121
0.0121	0.018	-0.2919	-1.171	-0.1309	-0.7624	0.6225	-0.1769	297	299	106	3	6	0.0014	0.5833	0	0.0126
0.0121	0.0295	-0.3115	-1.1609	-0.1342	-0.1873	0.9693	0.1595	298	300	106	3	7	0.0018	0.375	0	0.0129
0.0121	0.0196	-0.3171	-1.1302	-0.1297	-0.9045	-0.0559	-0.4229	299	301	106	3	8	0.01	0.05	0	0.01
0.0121	0.0185	-0.3366	-1.133	-0.1416	-0.491	0.8582	-0.1499	300	0	106	3	9	0.0015	0.25	0	0.0073
0.0025	0.057	-0.1291	-1.2091	-0.1761	0.4013	-0.5005	-0.7671	152	303	110	3	1	0.009	0.15	1	0.01
0.0025	0.0433	-0.0986	-1.2244	-0.219	0.8651	-0.4991	0.0506	302	0	110	3	2	0.0109	0.15	0	0.01
0.0106	0.0667	-0.1485	-1.3008	-0.0694	-0.895	-0.4453	-0.0271	155	305	111	3	1	0.0028	0.5	0	0.0106
0.0106	0.002	-0.2082	-1.3298	-0.0675	-0.9957	0.0847	-0.0373	304	0	111	3	2	0.01	0.05	0	0.01
0.0081	0.0204	-0.1213	-1.331	-0.0445	0.0061	0.0912	-0.9958	158	307	118	3	1	0.0012	0.375	1	0.0101
0.008	0.0502	-0.1212	-1.3291	-0.0648	0.5938	0.5856	0.5518	306	308	118	3	2	0.0012	0.375	0	0.0101
0.007	0.013	-0.0876	-1.2996	-0.0342	0.6038	0.1036	-0.7904	307	309	118	3	3	0.01	0.05	0	0.01
0.0063	0.0124	-0.0785	-1.3051	-0.0469	0.9477	0.0698	0.3114	308	310	118	3	4	0.01	0.05	0	0.01
0.005	0.0276	-0.0654	-1.2998	-0.0428	0.9594	-0.2666	-0.0925	309	311	118	3	5	0.0007	0.125	0	0.01
0.0036	0.0185	-0.039	-1.3136	-0.0475	0.9941	-0.0409	0.1002	310	0	118	3	6	0.0014	0.125	0	0.01
0.0103	0.0793	-0.0447	-0.2808	0.0352	0.9191	-0.3638	-0.1512	179	313	4	3	1	0.0031	0.5417	0	0.0119
0.0103	0.027	0.0176	-0.3213	0.0199	0.7437	-0.588	-0.3182	312	314	4	3	2	0.0051	0.5833	0	0.0103
0.0103	0.0132	0.0383	-0.3367	0.0118	0.6094	0.0078	-0.7928	313	0	4	3	3	0.01	0.05	0	0.01
0.0117	0.0702	0.0985	-0.2768	0.0317	-0.6169	-0.7538	-0.2264	181	316	5	3	1	0.0021	0.4167	0	0.0117
0.0117	0.0151	0.059	-0.3401	0.0102	-0.5262	-0.5433	0.6542	315	0	5	3	2	0.01	0.05	0	0.01
0.011	0.0771	-0.0457	-0.2615	0.0183	0.5099	0.8261	0.24	179	0	129	3	1	0.0022	0.5417	0	0.011
0.0105	0.0324	-0.0335	-0.4652	0.022	0.4673	0.2367	-0.8518	187	319	22	3	1	0.0022	0.5417	1	0.0105
0.0105	0.0479	-0.0183	-0.4575	-0.0057	0.5548	-0.8108	0.1865	318	0	22	3	2	0.0022	0.5417	0	0.0105
0.0073	0.0377	-0.0405	-0.8064	-0.0204	-0.0167	0.8606	0.5089	209	321	130	3	1	0.0029	0.4167	1	0.0073
0.0073	0.0578	-0.0412	-0.774	-0.0012	-0.5091	-0.8573	-0.0767	320	322	130	3	2	0.0029	0.4167	0	0.0073
0.0073	0.0265	-0.068	-0.823	-0.0076	-0.2931	-0.7736	-0.5618	321	0	130	3	3	0.01	0.05	0	0.01
0.0043	0.0115	-0.0308	-0.8085	0.0145	-0.287	-0.5357	0.7942	212	324	53	3	1	0.0013	0.375	1	0.0086
0.0043	0.0431	-0.0341	-0.8146	0.0236	0.2777	-0.9571	0.083	323	325	53	3	2	0.0013	0.375	0	0.0086
0.0038	0.0244	-0.025	-0.8593	0.0264	0.7702	-0.6365	-0.0423	324	0	53	3	3	0.0059	0.325	0	0.0105
0.0115	0.0499	0.2234	-0.1983	0.0566	0.9385	-0.0649	0.339	221	327	15	4	1	0.0018	0.5	0	0.0115
0.0115	0.0427	0.2671	-0.2074	0.0845	-0.7775	-0.4325	-0.4565	326	328	15	4	2	0.0008	0.375	0	0.0076
0.0115	0.0171	0.2345	-0.2296	0.064	-0.9676	-0.0855	-0.2377	327	329	15	4	3	0.01	0.05	0	0.01
0.0115	0.0144	0.2173	-0.2318	0.0597	-0.6683	0.6726	-0.3177	328	0	15	4	4	0.01	0.05	0	0.01
0.0114	0.0497	0.1898	-0.2055	0.0414	-0.6078	0.3984	-0.6869	221	331	16	4	1	0.0014	0.4583	1	0.0114
0.0114	0.0285	0.1596	-0.1857	0.0072	-0.8455	0.5246	-0.0996	330	332	16	4	2	0.0014	0.4583	0	0.0114
0.0117	0.0423	0.1387	-0.1703	0.0049	0.0203	0.7377	-0.6748	331	333	16	4	3	0.001	0.2917	0	0.0127
0.01	0.0265	0.1321	-0.1451	-0.0295	-0.1098	0.7622	-0.6379	332	334	16	4	4	0.01	0.05	0	0.01
0.0109	0.0386	0.1176	-0.125	-0.0318	-0.6602	0.5394	-0.5226	333	335	16	4	5	0.0009	0.2917	0	0.0149
0.0063	0.014	0.1021	-0.1063	-0.0594	-0.5761	0.1265	-0.8075	334	336	16	4	6	0.0054	0.4583	0	0.0052
0.01	0.0109	0.0939	-0.1039	-0.0518	0.1763	-0.9837	0.0348	335	0	16	4	7	0.0018	0.4167	0	0.0134
0.0055	0.0567	0.1865	-0.2059	0.0446	-0.6051	-0.008	-0.7961	221	338	17	4	1	0.0039	0.275	0	0.0114
0.005	0.033	0.1532	-0.2072	0.009	-0.8851	-0.4627	0.0505	337	339	17	4	2	0.0039	0.25	0	0.0166
0.0025	0.0086	0.1262	-0.2198	0.0151	-0.3874	-0.6934	0.6076	338	0	17	4	3	0.0027	0.125	0	0.01
0.0088	0.0351	0.1973	-0.2547	0.0709	0.9665	-0.0851	0.2422	222	341	18	4	1	0.0022	0.5	0	0.0088
0.0113	0.0292	0.2301	-0.2554	0.0836	0.8661	-0.297	0.4021	340	342	18	4	2	0.0011	0.4167	0	0.0117
0.0103	0.0343	0.2509	-0.2635	0.1006	0.3596	-0.8419	0.4025	341	343	18	4	3	0.0013	0.2917	0	0.0103
0.0079	0.0092	0.2747	-0.2827	0.1149	0.6236	-0.7454	0.2356	342	344	18	4	4	0.0049	0.5417	0	0.0079
0.0107	0.0258	0.2701	-0.2837	0.1181	0.4961	0.8585	0.1298	343	345	18	4	5	0.0011	0.375	0	0.011
0.0097	0.0149	0.2871	-0.2683	0.1207	0.7867	0.4439	0.4289	344	346	18	4	6	0.0015	0.2917	0	0.0097
0.0107	0.0195	0.2971	-0.2627	0.1251	0.507	-0.8615	-0.0265	345	347	18	4	7	0.0013	0.4583	0	0.0109
0.0104	0.0548	0.3036	-0.2804	0.1252	0.2054	-0.9429	-0.2621	346	348	18	4	8	0.0011	0.4583	0	0.0106
0.0099	0.0351	0.325	-0.3063	0.1239	0.9048	-0.4132	0.1028	347	349	18	4	9	0.0012	0.2917	0	0.0103
0.0077	0.0597	0.3582	-0.3215	0.1206	0.9062	0.3974	0.1443	348	350	18	4	10	0.0046	0.5	0	0.0077
0.0085	0.0122	0.3961	-0.3386	0.118	0.934	-0.3494	-0.0745	349	351	18	4	11	0.0015	0.4167	0	0.0085
0.0083	0.0095	0.4083	-0.3401	0.1143	0.8185	-0.5004	-0.2822	350	0	18	4	12	0.01	0.05	0	0.01
0.0082	0.0265	0.1908	-0.2734	0.0519	0.3388	-0.5216	0.7831	222	353	19	4	1	0.0017	0.4167	0	0.0084
0.0075	0.0413	0.1954	-0.2877	0.0759	0.5412	0.3129	0.7805	352	0	19	4	2	0.0047	0.4583	0	0.0075
0.0091	0.0611	0.1684	-0.286	0.0747	0.8051	-0.5821	-0.1138	223	355	20	4	1	0.0028	0.5417	0	0.0091
0.0091	0.0705	0.2167	-0.321	0.0706	0.5412	-0.7825	0.3079	354	356	20	4	2	0.0011	0.3333	0	0.0085
0.0092	0.0049	0.2505	-0.3676	0.0985	-0.0365	-0.5938	0.8038	355	357	20	4	3	0.01	0.05	0	0.01
0.0092	0.0277	0.2504	-0.3705	0.1024	0.5969	-0.582	-0.5522	356	0	20	4	4	0.01	0.05	0	0.01
0.0093	0.0843	0.3685	-0.0705	0.1392	0.8412	-0.4972	0.2125	229	359	37	4	1	0.001	0.5417	1	0.0097
0.0093	0.0852	0.4394	-0.1124	0.1571	0.8722	-0.4523	0.1865	358	360	37	4	2	0.001	0.5417	0	0.0097
0.006	0.0469	0.515	-0.1484	0.1751	0.8119	-0.5617	0.1589	359	361	37	4	3	0.0029	0.45	0	0.0057
0.0093	0	0.5527	-0.1745	0.1802	0.8026	-0.5585	-0.2095	360	0	37	4	4	0.01	0.05	0	0.01
0.0084	0.0164	0.3652	-0.0598	0.1544	0.6143	0.1125	0.781	230	363	131	4	1	0.0021	0.5417	1	0.0115
0.0084	0.0788	0.3753	-0.058	0.1672	0.9646	0.2596	0.046	362	364	131	4	2	0.0021	0.5417	0	0.0115
0.0084	0.0381	0.4473	-0.0477	0.1801	0.9267	-0.0183	0.3753	363	365	131	4	3	0.0013	0.4583	0	0.0128
0.0084	0.0554	0.4804	-0.0532	0.1823	0.7329	-0.6675	0.1316	364	366	131	4	4	0.0009	0.3333	0	0.0101
0.0084	0.0354	0.5214	-0.0876	0.1946	0.9175	-0.3766	0.1281	365	367	131	4	5	0.001	0.3333	0	0.0111
0.0084	0.0304	0.557	-0.0921	0.1855	0.9567	0.0814	0.2795	366	368	131	4	6	0.001	0.4167	0	0.0123
0.0084	0.029	0.577	-0.0815	0.1945	0.5142	0.5432	0.6637	367	369	131	4	7	0.004	0.25	0	0.0149
0.0084	0.041	0.6007	-0.0564	0.2139	0.724	-0.6877	0.0531	368	370	131	4	8	0.0013	0.4167	0	0.0093
0.0084	0.0051	0.6321	-0.0819	0.2176	0.7333	-0.6215	0.2757	369	371	131	4	9	0.0032	0.5833	0	0.0084
0.0084	0.0188	0.6396	-0.087	0.2187	0.4412	0.8593	-0.2587	370	0	131	4	10	0.0011	0.2917	0	0.0112
0.0094	0.0412	0.5095	-0.2417	0.1513	-0.6062	-0.4379	-0.6639	236	373	54	4	1	0.003	0.5	1	0.0094
0.0094	0.0665	0.4845	-0.2597	0.1239	-0.6491	-0.739	-0.1804	372	374	54	4	2	0.003	0.5	0	0.0094
0.0096	0.0316	0.4476	-0.3039	0.1166	-0.7321	0.572	0.3698	373	375	54	4	3	0.0039	0.2	0	0.0174
0.0096	0.0271	0.4281	-0.2838	0.1258	-0.4153	0.902	0.1177	374	376	54	4	4	0.001	0.5	0	0.0123
0.0096	0.0132	0.4156	-0.2634	0.1279	-0.9341	0.3236	-0.1509	375	377	54	4	5	0.0042	0.625	0	0.0112
0.0094	0.0321	0.4021	-0.2525	0.1283	-0.9487	-0.2428	0.2023	376	0	54	4	6	0.01	0.05	0	0.01
0.0069	0.0884	0.536	-0.244	0.1537	0.7229	-0.6909	-0.0121	236	379	62	4	1	0.0039	0.5	0	0.0102
0.0046	0.0333	0.6023	-0.3014	0.1493	0.8928	-0.4176	0.1691	378	380	62	4	2	0.0046	0.5	0	0.0044
0.0044	0.0313	0.6318	-0.3156	0.1537	0.8747	-0.482	-0.0503	379	0	62	4	3	0.01	0.05	0	0.01
0.0094	0.0632	-0.0609	-1.0175	-0.0289	-0.4713	0.8768	0.0952	247	382	52	4	1	0.003	0.4583	1	0.0119
0.0094	0.0311	-0.0907	-0.9621	-0.0229	0.1186	-0.9791	-0.1652	381	383	52	4	2	0.003	0.4583	0	0.0119
0.0094	0.0118	-0.0781	-0.9846	-0.0167	0.6559	-0.7548	0.0099	382	384	52	4	3	0.0072	0.375	0	0.0113
0.0094	0.0453	-0.0735	-0.9857	-0.0183	0.4386	0.3621	0.8225	383	0	52	4	4	0.01	0.05	0	0.01
0.0069	0.093	-0.0137	-1.0779	0.0196	-0.6104	0.0689	-0.7891	264	386	91	4	1	0.0014	0.4583	0	0.0067
0.0072	0.029	-0.0588	-1.062	-0.0355	-0.5614	0.8245	-0.071	385	387	91	4	2	0.0042	0.3333	0	0.0074
0.0071	0.0329	-0.0786	-1.0394	-0.0357	-0.0725	0.8673	0.4925	386	388	91	4	3	0.01	0.05	0	0.01
0.0069	0.0336	-0.0775	-1.009	-0.0357	0.0127	0.9932	0.1155	387	0	91	4	4	0.01	0.05	0	0.01
0.0123	0.0783	-0.1383	-1.194	0.1244	-0.4181	-0.8267	0.3765	286	390	134	4	1	0.0011	0.2917	0	0.0128
0.0064	0.07	-0.1675	-1.2598	0.1465	0.0824	-0.9803	0.1792	389	391	134	4	2	0.0026	0.375	0	0.0055
0.0067	0.0412	-0.1595	-1.3273	0.1634	0.002	-0.9677	0.2521	390	392	134	4	3	0.01	0.05	0	0.01
0.0063	0.0393	-0.1861	-1.354	0.1574	-0.4447	-0.8956	0.0113	391	0	134	4	4	0.0024	0.25	0	0.0077
0.0055	0.0682	-0.2691	-1.2059	-0.1334	0.0603	-0.9172	-0.3939	296	394	109	4	1	0.005	0.3333	1	0.0376
0.0055	0.0811	-0.2702	-1.2578	-0.1282	0.487	-0.8019	0.3462	393	0	109	4	2	0.0113	0.36	0	0.0376
0.0117	0.0478	-0.1699	-1.2538	-0.1124	-0.1004	-0.6479	0.7551	295	396	112	4	1	0.0029	0.4583	0	0.0117
0.0117	0.0211	-0.1703	-1.2827	-0.0836	0.8088	0.2074	0.5502	395	397	112	4	2	0.0008	0.25	0	0.009
0.0117	0.0187	-0.156	-1.2764	-0.0705	0.0616	-0.5276	0.8473	396	0	112	4	3	0.01	0.05	0	0.01
0.0093	0.0783	-0.2582	-1.2002	-0.1144	0.5063	0.8623	0.0077	296	399	115	4	1	0.0032	0.5833	0	0.0092
0.0115	0.018	-0.2447	-1.1264	-0.1207	0.2772	0.9442	-0.178	398	400	115	4	2	0.0015	0.2917	0	0.0157
0.0095	0.0306	-0.229	-1.1129	-0.1285	-0.3707	0.0673	-0.9263	399	401	115	4	3	0.01	0.05	0	0.01
0.0096	0.0191	-0.2353	-1.0948	-0.13	-0.2797	0.8454	-0.455	400	0	115	4	4	0.0018	0.2917	0	0.0103
0.0098	0.0482	-0.2997	-1.1586	-0.1344	0.3723	0.9227	0.1	299	403	116	4	1	0.0027	0.5417	0	0.0098
0.0098	0.0361	-0.2757	-1.1188	-0.135	0.6729	0.729	0.1253	402	404	116	4	2	0.0016	0.375	0	0.0096
0.0098	0.0319	-0.2561	-1.0958	-0.1371	-0.6515	0.754	0.084	403	405	116	4	3	0.0012	0.2917	0	0.008
0.0099	0.0192	-0.2644	-1.0678	-0.1332	-0.0055	0.3091	-0.951	404	0	116	4	4	0.0019	0.375	0	0.0099
0.0118	0.0457	-0.0169	-0.3017	0.0256	0.2769	-0.9455	-0.171	312	0	136	4	1	0.0023	0.4583	0	0.0118
0.006	0.0309	0.0971	-0.1116	-0.0623	-0.2011	-0.9167	0.3452	335	408	73	5	1	0.01	0.05	1	0.01
0.006	0.0293	0.0909	-0.1399	-0.0516	-0.414	0.9101	-0.018	407	409	73	5	2	0.01	0.05	0	0.01
0.006	0.0164	0.0833	-0.1101	-0.0528	-0.1049	0.3289	0.9385	408	410	73	5	3	0.01	0.05	0	0.01
0.006	0.02	0.0816	-0.1047	-0.0374	-0.8703	0.2761	0.4078	409	0	73	5	4	0.01	0.05	0	0.01
0.0125	0.0197	0.2443	-0.2739	0.1057	-0.9315	-0.3237	0.1657	342	412	139	5	1	0.002	0.4583	1	0.0125
0.0125	0.0536	0.226	-0.2802	0.109	0.037	-0.5903	-0.8064	411	0	139	5	2	0.002	0.4583	0	0.0125
0.0117	0.0421	0.4312	-0.1003	0.1613	0.7935	0.5455	0.2699	358	414	140	5	1	0.0026	0.5	0	0.0117
0.0117	0.0155	0.4697	-0.0727	0.1789	0.7468	0.0549	-0.6628	413	0	140	5	2	0.0052	0.175	0	0.037
0.0185	0.1686	0.3721	-0.072	0.1305	0.7989	-0.5945	0.0911	358	416	55	5	1	0.0016	0.4583	0	0.0185
0.0185	0.0241	0.4987	-0.1633	0.1605	0.4238	0.8579	-0.2905	415	417	55	5	2	0.0051	0.3333	0	0.0091
0.0185	0.0033	0.5189	-0.1517	0.1649	0.0132	0.7847	0.6198	416	0	55	5	3	0.0041	0.175	0	0.01
0.0149	0.031	0.3939	-0.0616	0.1693	0.1163	-0.9922	-0.0453	363	419	38	5	1	0.0018	0.5	0	0.0149
0.0149	0.0414	0.398	-0.0928	0.1581	-0.9046	-0.4255	-0.0272	418	420	38	5	2	0.0031	0.125	0	0.0058
0.0149	0.0024	0.3634	-0.0959	0.1536	-0.5755	-0.0766	-0.8142	419	0	38	5	3	0.01	0.05	0	0.01
0.0081	0.0212	0.5626	-0.1	0.1872	0.1424	-0.9884	0.0522	367	422	48	5	1	0.0031	0.4167	1	0.0081
0.0081	0.0474	0.5656	-0.121	0.1883	0.8019	0.0711	0.5933	421	0	48	5	2	0.0031	0.4167	0	0.0081
0.0069	0.0364	0.5951	-0.0624	0.2125	-0.7404	0.6601	-0.1263	369	424	72	5	1	0.0017	0.5	0	0.0069
0.0069	0.0199	0.5701	-0.0365	0.2024	-0.95	0.1387	-0.2799	423	425	72	5	2	0.001	0.25	0	0.0084
0.0069	0.0294	0.5466	-0.0296	0.2033	-0.833	-0.0516	-0.5509	424	0	72	5	3	0.0033	0.4583	0	0.0111
0.0104	0.0696	-0.1479	-1.2005	0.1167	-0.0979	0.5181	-0.8497	389	427	93	5	1	0.0012	0.3333	1	0.0106
0.0104	0.0233	-0.1547	-1.1644	0.0576	0.2072	0.393	-0.8959	426	428	93	5	2	0.0012	0.3333	0	0.0106
0.0104	0.0065	-0.1518	-1.1514	0.0395	0.1405	0.6214	-0.7708	427	0	93	5	3	0.0037	0.6667	0	0.0104
0.0062	0.0712	-0.1534	-1.2067	0.142	0.3158	0.0843	0.9451	389	430	94	5	1	0.0058	0.25	0	0.0166
0.0025	0.017	-0.1386	-1.2107	0.1919	0.5848	-0.7875	0.1948	429	431	94	5	2	0.0076	0.225	0	0.01
0.0049	0.0339	-0.1314	-1.2268	0.1967	0.4979	-0.0107	0.8672	430	0	94	5	3	0.0039	0.2	0	0.0122
0.0057	0.0289	0.1015	-0.1196	-0.0603	0.4675	-0.8593	0.2073	407	433	80	6	1	0.0024	0.4583	1	0.0117
0.0057	0.0283	0.115	-0.1446	-0.0547	-0.3378	-0.8375	0.4295	432	434	80	6	2	0.0064	0.275	0	0.0117
0.0057	0.0485	0.1063	-0.1713	-0.0281	-0.9729	-0.2309	0.0099	433	435	80	6	3	0.0017	0.175	0	0.0135
0.0057	0.0084	0.0687	-0.1686	-0.0512	-0.895	-0.1172	-0.4303	434	0	80	6	4	0.002	0.3333	0	0.0157
0.0059	0.0119	-0.1378	-1.1963	0.1984	-0.543	0.835	-0.0892	429	437	99	6	1	0.0025	0.5	1	0.0098
0.0059	0.0486	-0.1443	-1.1864	0.1974	-0.1877	-0.8816	0.433	436	438	99	6	2	0.0025	0.5	0	0.0098
0.0059	0.0263	-0.1587	-1.2255	0.2157	0.2493	-0.3114	-0.917	437	439	99	6	3	0.0013	0.2083	0	0.0093
0.0059	0.0185	-0.1545	-1.2425	0.19	-0.2471	0.238	-0.9393	438	0	99	6	4	0.01	0.05	0	0.01
