radius (m)	length (m)	start_point	axis_direction	parent	extension	branch	branch_order	position_in_branch	mad	SurfCov	added	UnmodRadius (m)
0.0234	0.0612	-0.0644	-0.0354	-0.2292	-0.0236	0.1363	0.9904	0	2	1	0	1	0.0039	0.5	0	0.0262
0.0163	0.0638	-0.0898	-0.0478	-0.1513	0.6819	-0.1997	0.7037	1	3	1	0	2	0.0021	0.4583	0	0.0163
0.0119	0.0151	-0.058	-0.0654	-0.1012	0.4672	-0.8442	0.2629	2	4	1	0	3	0.0047	0.5313	0	0.0086
0.0115	0.0602	-0.0536	-0.0656	-0.1	0.8203	0.2848	0.496	3	5	1	0	4	0.0013	0.375	0	0.0102
0.0154	0.0376	-0.0135	-0.0496	-0.0774	-0.1028	-0.9553	0.2772	4	6	1	0	5	0.0014	0.2917	0	0.0161
0.0105	0.0601	-0.0082	-0.0884	-0.0601	-0.1926	-0.9698	-0.1495	5	7	1	0	6	0.004	0.3	0	0.0095
0.0103	0.0541	-0.0169	-0.1439	-0.0628	-0.1309	-0.881	0.4547	6	8	1	0	7	0.0049	0.3542	0	0.0103
0.008	0.0034	-0.024	-0.1921	-0.0395	-0.084	-0.9095	0.407	7	9	1	0	8	0.0045	0.4688	0	0.008
0.0092	0.0274	-0.0299	-0.199	-0.0531	-0.3598	-0.8625	0.3559	8	10	1	0	9	0.006	0.375	0	0.0096
0.0081	0.008	-0.0375	-0.2089	-0.0417	-0.61	0.1912	-0.769	9	0	1	0	10	0.01	0.05	0	0.01
0.008	0.0325	-0.0867	-0.0398	-0.1311	-0.4242	0.6709	0.6082	2	12	27	1	1	0.0027	0.4	1	0.0079
0.008	0.0824	-0.1005	-0.018	-0.1114	-0.6737	-0.697	0.2455	11	13	27	1	2	0.0027	0.4	0	0.0079
0.0081	0.0164	-0.1587	-0.0735	-0.0906	-0.5671	-0.8093	0.1532	12	0	27	1	3	0.01	0.05	0	0.01
0.01	0.0891	-0.0183	-0.0861	-0.0619	-0.0912	0.9932	0.0726	6	15	4	1	1	0.0035	0.275	0	0.0176
0.0086	0.065	-0.0319	-0.011	-0.043	0.6901	0.3185	0.6499	14	16	4	1	2	0.0014	0.375	0	0.0086
0.0073	0.0323	0.0138	0.0016	-0.0003	0.5981	0.1213	0.7922	15	17	4	1	3	0.0042	0.5	0	0.0045
0.0096	0.0303	0.0327	0.0123	0.0226	0.9204	0.1972	0.3377	16	18	4	1	4	0.01	0.05	0	0.01
0.0097	0.072	0.0372	0.0133	0.0283	-0.2763	0.6389	0.718	17	19	4	1	5	0.0009	0.375	0	0.0106
0.0096	0.0158	0.0374	0.0591	0.0838	-0.1328	0.6809	0.7203	18	20	4	1	6	0.0057	0.275	0	0.0153
0.0094	0.0153	0.048	0.0623	0.0973	0.0457	0.3441	0.9378	19	21	4	1	7	0.0041	0.225	0	0.0179
0.0094	0.0512	0.0621	0.0596	0.1153	0.0055	0.4238	0.9058	20	22	4	1	8	0.0017	0.4167	0	0.0121
0.0096	0.0077	0.0671	0.0802	0.1604	0.3336	0.4841	0.8089	21	23	4	1	9	0.0043	0.5417	0	0.0102
0.009	0.0508	0.0776	0.0829	0.159	0.6464	0.4678	0.6028	22	24	4	1	10	0.001	0.375	0	0.013
0.0077	0.0257	0.109	0.1123	0.1897	0.5161	0.1127	0.8491	23	25	4	1	11	0.01	0.05	0	0.01
0.0075	0.0119	0.1102	0.1046	0.1916	0.2213	-0.9108	0.3485	24	26	4	1	12	0.01	0.05	0	0.01
0.0072	0.0268	0.1135	0.0935	0.1951	0.6338	-0.1432	0.7601	25	0	4	1	13	0.01	0.05	0	0.01
0.0083	0.0568	-0.0164	-0.196	-0.0389	0.9002	-0.2758	-0.337	8	28	6	1	1	0.0025	0.5	0	0.0121
0.0083	0.0349	0.0309	-0.2162	-0.0651	0.5537	-0.8039	0.2172	27	29	6	1	2	0.0058	0.5833	0	0.0085
0.0083	0.0556	0.063	-0.2306	-0.0587	0.7218	-0.6833	-0.1097	28	30	6	1	3	0.0072	0.4375	0	0.0083
0.0083	0.0179	0.1038	-0.2454	-0.0536	0.9961	-0.0626	0.0626	29	31	6	1	4	0.0037	0.375	0	0.0093
0.0083	0.0284	0.1172	-0.2414	-0.0665	0.8859	0.4484	-0.1187	30	32	6	1	5	0.01	0.05	0	0.01
0.0083	0.0201	0.1293	-0.2485	-0.0494	0.9045	-0.2274	0.3608	31	0	6	1	6	0.01	0.05	0	0.01
0.0097	0.0706	-0.0141	-0.0043	-0.0379	-0.6466	0.7613	0.0495	15	34	5	2	1	0.0018	0.5	0	0.0123
0.0097	0.0352	-0.0559	0.0508	-0.0465	-0.138	0.988	0.07	33	35	5	2	2	0.001	0.2917	0	0.014
0.0097	0.0342	-0.0483	0.0861	-0.0345	0.2231	0.9112	-0.3464	34	36	5	2	3	0.0016	0.3333	0	0.0137
0.0097	0.0575	-0.0384	0.1166	-0.0533	0.4975	0.8635	0.0835	35	37	5	2	4	0.0012	0.4167	0	0.0097
0.0097	0.023	0.0038	0.1537	-0.0539	0.6501	0.7506	-0.1183	36	38	5	2	5	0.0064	0.3438	0	0.0155
0.0097	0.0357	0.0175	0.1777	-0.0417	0.968	0.249	-0.0305	37	39	5	2	6	0.0053	0.3438	0	0.008
0.0097	0.0229	0.0442	0.1872	-0.0397	0.3067	0.6849	0.661	38	0	5	2	7	0.01	0.05	0	0.01
0.0025	0.0302	-0.007	0.0033	-0.009	-0.2266	0.8464	-0.4819	15	41	14	2	1	0.0087	0.275	1	0.01
0.0025	0.0227	0.0049	0.0369	-0.0269	0.4187	-0.8588	0.2953	40	42	14	2	2	0.0045	0.175	0	0.01
0.0044	0.0234	0.0179	0.0217	-0.0227	0.232	-0.6023	-0.7638	41	0	14	2	3	0.0021	0.375	0	0.0094
0.0049	0.0775	0.0305	0.0217	0.023	-0.855	0.1894	0.4829	17	44	17	2	1	0.0064	0.225	0	0.0122
0.004	0.0462	-0.0245	0.0467	0.0577	-0.6309	0.7397	0.2342	43	45	17	2	2	0.0011	0.3333	0	0.0083
0.0025	0.0112	-0.0506	0.076	0.0632	-0.8884	-0.4492	-0.0946	44	0	17	2	3	0.0052	0.2	0	0.01
0.004	0.0792	0.0494	0.0736	0.1012	0.9908	0.023	-0.1337	20	47	23	2	1	0.0018	0.3333	0	0.0083
0.0025	0.039	0.127	0.0798	0.0858	0.5913	0.6421	0.488	46	48	23	2	2	0.0067	0.15	0	0.01
0.0025	0.0436	0.1491	0.1026	0.108	-0.5229	0.7615	0.3831	47	0	23	2	3	0.0053	0.175	0	0.01
0.0088	0.0824	0.0606	0.0409	0.0973	-0.7654	0.0563	0.6411	21	50	24	2	1	0.0051	0.5833	0	0.0088
0.0088	0.0111	-0.004	0.0445	0.1443	-0.5806	-0.7638	0.2819	49	0	24	2	2	0.01	0.05	0	0.01
0.0114	0.0205	0.0578	0.0699	0.1114	0.9606	0.2738	0.0484	20	52	25	2	1	0.0023	0.4167	1	0.0114
0.0114	0.0529	0.0775	0.0755	0.1124	0.193	0.9794	0.06	51	53	25	2	2	0.0023	0.4167	0	0.0114
0.0114	0.0293	0.0863	0.126	0.118	0.3618	0.73	0.5798	52	54	25	2	3	0.0013	0.3333	0	0.0122
0.0114	0.0073	0.0996	0.1466	0.1302	0.2213	0.9743	-0.0416	53	55	25	2	4	0.01	0.05	0	0.01
0.0114	0.0194	0.1012	0.1537	0.1299	-0.9145	0.3371	0.2238	54	0	25	2	5	0.01	0.05	0	0.01
0.0102	0.0667	-0.052	0.1085	-0.0464	-0.9344	-0.2784	-0.2221	35	57	31	3	1	0.0012	0.5417	1	0.0126
0.0102	0.0416	-0.1143	0.0899	-0.0612	0.8394	0.3766	0.392	56	58	31	3	2	0.0012	0.5417	0	0.0126
0.0102	0.0437	-0.0759	0.1079	-0.0491	0.8043	-0.2081	0.5566	57	0	31	3	3	0.0047	0.5	0	0.0102
