radius (m)	length (m)	start_point	axis_direction	parent	extension	branch	branch_order	position_in_branch	mad	SurfCov	added	UnmodRadius (m)
0.0139	0.0891	-0.2166	-0.1101	-0.2098	0.1313	0.8676	0.4795	0	2	1	0	1	0.0036	0.7083	0	0.0139
0.0138	0.045	-0.2024	-0.0425	-0.17	0.5908	-0.0938	0.8013	1	3	1	0	2	0.0018	0.5	0	0.0138
0.0118	0.0377	-0.1831	-0.0539	-0.1358	0.3153	-0.5243	0.791	2	4	1	0	3	0.0014	0.4167	0	0.0118
0.0123	0.0708	-0.1695	-0.0746	-0.1067	-0.0507	-0.6153	0.7867	3	5	1	0	4	0.0011	0.375	0	0.0123
0.0153	0.0262	-0.1597	-0.0999	-0.046	-0.1384	-0.1622	0.977	4	6	1	0	5	0.0027	0.1	0	0.0214
0.0127	0.0458	-0.1694	-0.0983	-0.023	0.3504	0.646	0.6782	5	7	1	0	6	0.0016	0.375	0	0.0127
0.0114	0.0468	-0.1548	-0.0648	0.0047	0.107	0.6791	0.7262	6	8	1	0	7	0.0016	0.625	0	0.0114
0.01	0.0161	-0.1462	-0.0332	0.0381	0.0975	0.9364	0.3371	7	9	1	0	8	0.0051	0.6563	0	0.0089
0.0166	0.0485	-0.134	-0.0185	0.0352	0.4733	-0.6067	0.6387	8	10	1	0	9	0.0013	0.5833	0	0.0172
0.0146	0.0346	-0.1119	-0.0475	0.0663	0.2795	0.3275	0.9025	9	11	1	0	10	0.0015	0.625	0	0.0148
0.0093	0.001	-0.1084	-0.0249	0.0959	0.291	0.2862	0.9129	10	12	1	0	11	0.0065	0.7083	0	0.0093
0.0153	0.0781	-0.1046	-0.022	0.0903	0.0449	-0.9339	-0.3547	11	13	1	0	12	0.005	0.3	0	0.0302
0.0096	0.0131	-0.1042	-0.0974	0.0725	-0.5121	-0.7802	-0.3592	12	14	1	0	13	0.001	0.2917	0	0.0096
0.0134	0.0129	-0.1059	-0.0934	0.0603	-0.6117	0.5252	0.5915	13	0	1	0	14	0.003	0.375	0	0.0146
0.0025	0.0792	-0.1606	-0.0718	-0.0186	-0.8921	0.4252	-0.153	7	16	2	1	1	0.01	0.05	0	0.01
0.0025	0.0402	-0.2312	-0.0381	-0.0307	-0.4291	0.291	-0.8551	15	17	2	1	2	0.01	0.05	0	0.01
0.0025	0.0243	-0.2485	-0.0264	-0.0651	-0.9599	0.0064	-0.2803	16	0	2	1	3	0.01	0.05	0	0.01
0.0125	0.0673	-0.102	-0.0511	0.0629	0.8872	-0.3424	-0.3094	12	19	3	1	1	0.0037	0.4583	0	0.0125
0.0125	0.006	-0.0475	-0.0693	0.0373	0.1428	-0.6096	-0.7797	18	20	3	1	2	0.01	0.05	0	0.01
0.0125	0.0312	-0.0466	-0.0729	0.0326	0.8382	0.5365	-0.0985	19	0	3	1	3	0.01	0.05	0	0.01
0.0081	0.0793	-0.1071	-0.031	0.0695	0.2277	0.9539	0.1956	9	22	6	1	1	0.0008	0.4167	1	0.008
0.008	0.0723	-0.0891	0.0447	0.085	0.4211	0.6369	-0.6458	21	23	6	1	2	0.0008	0.4167	0	0.008
0.0082	0.0447	-0.0648	0.0883	0.0338	0.2285	0.6913	-0.6854	22	24	6	1	3	0.01	0.05	0	0.01
0.0081	0.036	-0.0413	0.1165	0.0149	0.551	0.6877	-0.4727	23	0	6	1	4	0.01	0.05	0	0.01
0.0136	0.0641	-0.0901	-0.0403	0.0756	0.8674	0.3212	-0.3802	12	26	63	1	1	0.0017	0.2917	1	0.0146
0.0135	0.0549	-0.0345	-0.0197	0.0512	0.7943	0.3603	-0.4891	25	27	63	1	2	0.0017	0.2917	0	0.0146
0.0106	0.0421	0.0067	0.0029	0.0178	0.914	0.366	-0.1752	26	28	63	1	3	0.0009	0.3333	0	0.0106
0.0136	0.0155	0.0443	0.0225	0.0094	0.9721	0.1562	-0.1747	27	29	63	1	4	0.0016	0.3333	0	0.0151
0.0137	0.0218	0.0493	0.0447	-0.0064	0.7176	-0.0921	-0.6903	28	30	63	1	5	0.0048	0.2	0	0.0189
0.0128	0.0565	0.0678	0.0517	-0.0116	0.653	0.4528	-0.6071	29	31	63	1	6	0.007	0.375	0	0.0128
0.0094	0.0317	0.1026	0.0787	-0.0473	0.6806	0.4039	-0.6113	30	32	63	1	7	0.0036	0.375	0	0.0069
0.0093	0.0331	0.122	0.0972	-0.0635	0.7223	0.5303	-0.444	31	33	63	1	8	0.004	0.475	0	0.0087
0.0106	0.059	0.1527	0.1135	-0.0683	0.666	0.6473	-0.3706	32	34	63	1	9	0.005	0.475	0	0.0106
0.009	0.0072	0.1872	0.1562	-0.0726	0.7759	0.6288	0.052	33	35	63	1	10	0.0042	0.4583	0	0.0079
0.0113	0.0592	0.1828	0.1595	-0.0599	0.3595	0.8553	0.3732	34	36	63	1	11	0.0013	0.5833	0	0.0113
0.0125	0.0201	0.2168	0.2096	-0.0471	0.3521	0.8298	0.433	35	37	63	1	12	0.0013	0.4167	0	0.0131
0.0116	0.046	0.2228	0.2291	-0.0378	0.9382	0.3453	-0.0211	36	38	63	1	13	0.0012	0.5417	0	0.0116
0.0103	0.0651	0.2764	0.2472	-0.0429	0.012	0.8708	0.4914	37	39	63	1	14	0.0016	0.5417	0	0.0103
0.0114	0.0578	0.2772	0.3025	-0.0097	0.2804	0.6096	0.7415	38	40	63	1	15	0.0049	0.5	0	0.0115
0.0111	0.0126	0.3145	0.3303	-0.0046	0.679	0.6929	0.2426	39	41	63	1	16	0.0011	0.5417	0	0.0111
0.0115	0.0258	0.3223	0.3348	-0.0112	0.7971	0.5282	-0.2926	40	42	63	1	17	0.001	0.375	0	0.0121
0.0132	0.0339	0.3254	0.3514	-0.0144	0.0115	0.8447	-0.5352	41	43	63	1	18	0.0065	0.4583	0	0.0147
0.01	0.0292	0.3207	0.3716	-0.0286	-0.8646	0.3493	-0.3612	42	44	63	1	19	0.01	0.05	0	0.01
0.0104	0.0551	0.3241	0.3721	-0.0137	0.6133	0.6548	-0.4417	43	45	63	1	20	0.0013	0.3333	0	0.0104
0.01	0.0084	0.3554	0.4083	-0.0366	0.0405	0.999	0.0195	44	46	63	1	21	0.01	0.05	0	0.01
0.01	0.0353	0.3557	0.4166	-0.0364	0.8211	-0.0384	0.5695	45	0	63	1	22	0.01	0.05	0	0.01
0.0139	0.0698	-0.0872	-0.0921	0.0569	-0.0546	-0.9423	-0.3302	12	48	14	1	1	0.0029	0.4167	0	0.0152
0.0134	0.0485	-0.0865	-0.1729	0.0345	-0.9099	-0.2862	-0.3002	47	49	14	1	2	0.0048	0.25	0	0.0243
0.012	0.0348	-0.1228	-0.1947	0.0135	-0.794	-0.411	-0.4479	48	50	14	1	3	0.0015	0.4583	0	0.012
0.0105	0.0029	-0.1321	-0.2086	-0.0105	-0.3509	-0.5039	-0.7892	49	51	14	1	4	0.0034	0.75	0	0.0105
0.0133	0.054	-0.1361	-0.2116	-0.0185	-0.8518	-0.1825	0.491	50	52	14	1	5	0.0013	0.375	0	0.0136
0.0117	0.0633	-0.175	-0.2296	0.0077	-0.7262	-0.6283	-0.2791	51	53	14	1	6	0.0019	0.4167	0	0.0117
0.0105	0.0396	-0.221	-0.2695	-0.0093	-0.5849	-0.7859	-0.2005	52	54	14	1	7	0.001	0.25	0	0.0091
0.0105	0.0384	-0.25	-0.2909	-0.0158	-0.7922	-0.4063	-0.4553	53	55	14	1	8	0.0011	0.3333	0	0.0098
0.0105	0.055	-0.271	-0.3126	-0.0451	-0.814	-0.3322	-0.4764	54	56	14	1	9	0.0073	0.325	0	0.0057
0.0126	0.0131	-0.3201	-0.3392	-0.0587	-0.6305	-0.5282	-0.5687	55	57	14	1	10	0.0049	0.4063	0	0.0127
0.0105	0.032	-0.3222	-0.3482	-0.0772	-0.6939	-0.6696	-0.2647	56	58	14	1	11	0.0047	0.4688	0	0.01
0.0121	0.0372	-0.3457	-0.3647	-0.0632	-0.7169	-0.6883	0.1105	57	59	14	1	12	0.0074	0.4688	0	0.0121
0.0133	0.036	-0.3647	-0.3885	-0.0739	-0.785	-0.4194	-0.4559	58	60	14	1	13	0.0018	0.3333	0	0.0157
0.0129	0.0111	-0.3947	-0.3983	-0.0892	-0.4612	0.0481	-0.886	59	61	14	1	14	0.0052	0.4688	0	0.0133
0.0128	0.0505	-0.4065	-0.3891	-0.0909	-0.5985	-0.7453	0.2937	60	62	14	1	15	0.0012	0.2917	0	0.014
0.0105	0.0513	-0.4258	-0.439	-0.0761	-0.6203	-0.5555	0.5538	61	63	14	1	16	0.001	0.375	0	0.0073
0.0105	0.0356	-0.4521	-0.4606	-0.0438	-0.395	-0.1883	0.8992	62	64	14	1	17	0.01	0.05	0	0.01
0.0105	0.0281	-0.4634	-0.4817	-0.0307	-0.4165	-0.752	0.511	63	65	14	1	18	0.01	0.05	0	0.01
0.0105	0.0312	-0.4829	-0.4969	-0.0224	-0.7249	-0.6011	0.3364	64	0	14	1	19	0.01	0.05	0	0.01
0.0109	0.0512	-0.0944	0.0262	0.0893	0.3078	0.9057	0.2915	21	67	64	2	1	0.0062	0.3	0	0.0202
0.0109	0.0641	-0.0763	0.0665	0.1089	0.8629	-0.062	-0.5016	66	68	64	2	2	0.0011	0.5833	0	0.0109
0.0109	0.0311	-0.023	0.0629	0.0744	0.7288	-0.1976	-0.6556	67	69	64	2	3	0.0015	0.375	0	0.015
0.0109	0.017	-0.0145	0.0601	0.0547	-0.077	-0.1308	-0.9884	68	70	64	2	4	0.01	0.05	0	0.01
0.0109	0.0103	-0.0096	0.0617	0.0266	-0.7569	-0.367	-0.5408	69	0	64	2	5	0.01	0.05	0	0.01
0.0129	0.0222	-0.0459	-0.0332	0.0688	0.5931	-0.4605	0.6605	25	72	7	2	1	0.0034	0.4167	1	0.0169
0.0129	0.0565	-0.0328	-0.0435	0.0835	0.7875	0.6096	-0.0907	71	73	7	2	2	0.0034	0.4167	0	0.0169
0.0129	0.0223	-0.0018	-0.0108	0.0675	-0.2523	0.9538	0.1629	72	74	7	2	3	0.01	0.05	0	0.01
0.0129	0.0276	-0.0074	0.0105	0.0712	0.1053	0.7012	0.7052	73	0	7	2	4	0.01	0.05	0	0.01
0.0126	0.0254	-0.0565	-0.0267	0.0753	0.5431	0.285	0.7898	25	76	65	2	1	0.0026	0.5833	1	0.0126
0.0126	0.0242	-0.0427	-0.0194	0.0954	0.7801	-0.3701	0.5044	75	77	65	2	2	0.0026	0.5833	0	0.0126
0.0129	0.038	-0.0203	-0.0319	0.1155	0.624	-0.5695	-0.5351	76	78	65	2	3	0.0013	0.5	0	0.0175
0.0128	0.0367	0.0003	-0.0637	0.1018	0.9324	-0.3489	-0.094	77	79	65	2	4	0.0014	0.2917	0	0.0155
0.0096	0.0546	0.0353	-0.0657	0.1037	0.6558	-0.3748	0.6553	78	80	65	2	5	0.0011	0.3333	0	0.0096
0.0094	0.0428	0.0723	-0.0893	0.1372	0.2685	0.625	-0.733	79	81	65	2	6	0.001	0.3333	0	0.0094
0.0112	0.0455	0.0838	-0.0626	0.1059	0.7937	0.5683	-0.2171	80	82	65	2	7	0.0015	0.25	0	0.0112
0.0122	0.0316	0.1197	-0.0345	0.1017	0.9251	0.3637	-0.1091	81	83	65	2	8	0.0014	0.2917	0	0.0134
0.0119	0.0265	0.1375	-0.0325	0.0814	-0.0378	0.8803	-0.473	82	84	65	2	9	0.0013	0.25	0	0.016
0.0086	0.0166	0.1468	-0.0064	0.0618	-0.5022	0.7502	-0.4302	83	85	65	2	10	0.0075	0.4583	0	0.0086
0.0114	0.0375	0.132	-0.0033	0.0651	0.8312	-0.5558	0.0142	84	86	65	2	11	0.0013	0.2917	0	0.0136
0.0107	0.0356	0.1644	-0.0133	0.0484	0.8061	-0.5251	-0.273	85	87	65	2	12	0.0012	0.4167	0	0.0114
0.007	0.0196	0.193	-0.0365	0.0434	0.8301	-0.4069	-0.3813	86	88	65	2	13	0.0044	0.5833	0	0.007
0.0083	0.0214	0.2077	-0.0447	0.0281	0.8981	-0.41	-0.1589	87	89	65	2	14	0.01	0.05	0	0.01
0.0076	0.0241	0.2269	-0.0535	0.0247	0.932	0.3595	-0.0456	88	0	65	2	15	0.01	0.05	0	0.01
0.0089	0.0514	0.1318	0.1096	-0.0804	-0.2463	0.9273	-0.2818	32	91	27	2	1	0.0032	0.5833	0	0.0124
0.0089	0.0601	0.1173	0.1613	-0.085	-0.921	-0.3893	-0.0115	90	92	27	2	2	0.0075	0.4	0	0.016
0.0088	0.0367	0.0684	0.1407	-0.0838	-0.2651	0.8838	-0.3856	91	93	27	2	3	0.0081	0.3	0	0.0173
0.0088	0.0501	0.0696	0.1929	-0.0918	-0.7149	0.5368	-0.4481	92	94	27	2	4	0.0058	0.4688	0	0.011
0.0087	0.0349	0.0294	0.2117	-0.0976	-0.437	0.8481	0.2997	93	95	27	2	5	0.0061	0.35	0	0.012
0.007	0.0261	0.0117	0.2394	-0.0989	-0.9185	0.3713	0.1357	94	96	27	2	6	0.0036	0.4	0	0.007
0.0084	0.0266	-0.0095	0.2516	-0.1015	-0.782	0.6154	-0.0988	95	97	27	2	7	0.0054	0.25	0	0.014
0.0081	0.0371	-0.0169	0.271	-0.1032	-0.2185	0.9755	-0.0264	96	98	27	2	8	0.0015	0.2083	0	0.0129
0.008	0.0428	-0.029	0.3039	-0.0983	0.0829	0.8438	0.5303	97	99	27	2	9	0.0011	0.25	0	0.0098
0.0074	0.0006	-0.0193	0.3405	-0.0762	-0.0244	0.8315	0.5551	98	100	27	2	10	0.01	0.05	0	0.01
0.0073	0.0178	-0.0193	0.341	-0.0759	-0.7988	0.5122	0.3156	99	0	27	2	11	0.01	0.05	0	0.01
0.0121	0.0567	0.1122	0.0853	-0.0384	0.805	-0.2505	0.5378	30	102	32	2	1	0.0034	0.375	0	0.0124
0.0118	0.016	0.1532	0.0508	-0.0143	0.9515	-0.2667	0.1534	101	103	32	2	2	0.0033	0.3	0	0.0171
0.0107	0.0943	0.1492	0.0403	-0.0165	0.1397	-0.8358	0.531	102	104	32	2	3	0.0013	0.375	0	0.0116
0.0069	0.0388	0.1745	-0.033	0.0275	0.4622	-0.8765	0.1346	103	105	32	2	4	0.01	0.05	0	0.01
0.0045	0.0413	0.1765	-0.0693	0.0411	0.2802	-0.9207	0.2715	104	0	32	2	5	0.0039	0.175	0	0.01
0.0086	0.0441	0.2399	0.2476	-0.0399	-0.1414	0.9788	-0.148	37	107	38	2	1	0.0009	0.4583	1	0.0086
0.0086	0.0851	0.2337	0.2907	-0.0465	-0.0537	0.7975	-0.6009	106	108	38	2	2	0.0009	0.4583	0	0.0086
0.0087	0.0086	0.2443	0.3513	-0.0818	0.3302	0.9365	0.118	107	109	38	2	3	0.01	0.05	0	0.01
0.0087	0.0081	0.2443	0.3523	-0.0835	0.7328	-0.4856	0.4767	108	0	38	2	4	0.01	0.05	0	0.01
0.0163	0.0427	-0.09	-0.1663	0.0456	0.8378	-0.1531	0.5241	47	111	22	2	1	0.0023	0.5417	0	0.0163
0.0163	0.0259	-0.0543	-0.1755	0.0718	0.9999	-0.0129	-0.0043	110	112	22	2	2	0.0029	0.15	0	0.01
0.0163	0.0067	-0.0526	-0.1948	0.07	0.5757	-0.7613	0.2983	111	0	22	2	3	0.0039	0.2	0	0.01
0.0085	0.0229	-0.1172	-0.1966	0.0239	0.6185	-0.7663	0.1737	48	114	25	2	1	0.0025	0.4167	1	0.0084
0.0085	0.0725	-0.103	-0.2141	0.0279	-0.8641	0.2864	0.4139	113	115	25	2	2	0.0025	0.4167	0	0.0084
0.0086	0.03	-0.1636	-0.1911	0.0602	-0.7883	0.1079	0.6057	114	116	25	2	3	0.001	0.2917	0	0.0088
0.0085	0.0306	-0.1847	-0.188	0.0752	-0.3855	-0.8831	-0.2675	115	0	25	2	4	0.01	0.05	0	0.01
0.0025	0.0624	-0.1854	-0.2453	-0.0039	0.5612	0.7161	-0.415	52	118	26	2	1	0.0072	0.225	1	0.01
0.0025	0.0327	-0.1604	-0.1954	-0.0337	0.5433	0.7339	-0.4076	117	0	26	2	2	0.0046	0.05	0	0.01
0.0025	0.0697	-0.2582	-0.3008	-0.0181	0.851	-0.2598	0.4563	54	120	31	2	1	0.008	0.275	1	0.01
0.0025	0.0232	-0.2014	-0.3289	0.0129	0.774	-0.2343	0.5882	119	0	31	2	2	0.0089	0.15	0	0.01
0.0025	0.0695	-0.2364	-0.2674	-0.0143	0.5629	0.6803	-0.4695	52	122	34	2	1	0.01	0.05	0	0.01
0.0025	0.0326	-0.1973	-0.2201	-0.0469	-0.5793	0.8143	0.0358	121	123	34	2	2	0.01	0.05	0	0.01
0.0025	0.02	-0.2162	-0.1935	-0.0458	-0.781	0.6039	-0.1592	122	0	34	2	3	0.01	0.05	0	0.01
0.0133	0.063	-0.2851	-0.3199	-0.0417	0.5895	-0.5162	0.6214	55	125	42	2	1	0.0026	0.5417	0	0.0133
0.0133	0.002	-0.2476	-0.3521	-0.0036	0.9203	-0.3754	0.1102	124	0	42	2	2	0.01	0.05	0	0.01
0.0089	0.0129	-0.2758	-0.2925	-0.0258	-0.6284	0.772	0.0957	54	127	45	2	1	0.0026	0.5417	1	0.0088
0.0089	0.0394	-0.284	-0.2825	-0.0246	0.7604	0.2928	-0.5797	126	128	45	2	2	0.0026	0.5417	0	0.0088
0.01	0.0183	-0.254	-0.2611	-0.0515	0.8101	-0.2233	-0.5421	127	129	45	2	3	0.0013	0.25	0	0.0134
0.0089	0.0095	-0.2465	-0.2588	-0.0678	0.3614	0.8312	0.4225	128	0	45	2	4	0.0024	0.2917	0	0.0089
0.0103	0.0276	-0.0927	0.0451	0.1053	-0.5148	-0.234	0.8248	66	131	67	3	1	0.0033	0.4583	1	0.0133
0.0103	0.0575	-0.1069	0.0386	0.128	0.9061	0.0039	-0.423	130	132	67	3	2	0.0033	0.4583	0	0.0133
0.0103	0.0426	-0.0488	0.0343	0.1044	0.3617	0.3485	-0.8647	131	133	67	3	3	0.01	0.05	0	0.01
0.0103	0.0223	-0.0333	0.0492	0.0675	0.2634	-0.2728	-0.9253	132	0	67	3	4	0.01	0.05	0	0.01
0.0103	0.0188	-0.0255	-0.0192	0.1161	0.6399	0.0101	0.7684	76	135	9	3	1	0.0032	0.5	1	0.0103
0.0102	0.057	-0.0134	-0.019	0.1305	0.5192	-0.0749	-0.8514	134	136	9	3	2	0.0032	0.5	0	0.0103
0.0093	0.0238	0.0311	-0.0183	0.1044	0.8391	-0.1383	-0.5262	135	137	9	3	3	0.0074	0.4583	0	0.0093
0.007	0.0414	0.0436	-0.0207	0.0677	0.9049	0.3312	-0.2672	136	138	9	3	4	0.0063	0.4375	0	0.0067
0.0083	0.0212	0.0881	-0.0043	0.0627	0.6688	-0.0681	-0.7404	137	139	9	3	5	0.0023	0.5833	0	0.0083
0.0075	0.0125	0.0993	0.0007	0.0497	0.8804	0.46	-0.1152	138	140	9	3	6	0.0047	0.4583	0	0.0075
0.0084	0.0274	0.1092	-0.0028	0.0446	0.7786	0.1502	-0.6092	139	0	9	3	7	0.0021	0.4167	0	0.0091
0.0096	0.0643	-0.0101	-0.073	0.1053	-0.2226	-0.2965	-0.9287	78	142	11	3	1	0.01	0.05	0	0.01
0.0094	0.0682	-0.0316	-0.0886	0.0467	-0.4416	-0.8895	-0.1175	141	143	11	3	2	0.0008	0.375	0	0.0094
0.0095	0.0038	-0.0559	-0.147	0.0457	-0.1344	-0.9032	0.4077	142	144	11	3	3	0.01	0.05	0	0.01
0.0094	0.0251	-0.0515	-0.1532	0.0401	-0.6697	-0.7206	-0.1796	143	0	11	3	4	0.01	0.05	0	0.01
0.0095	0.0188	0.0725	-0.0763	0.1396	-0.3423	0.8446	-0.4118	79	146	17	3	1	0.003	0.5	1	0.0104
0.0095	0.0655	0.066	-0.0604	0.1319	0.2347	-0.6674	0.7068	145	147	17	3	2	0.003	0.5	0	0.0104
0.0095	0.0602	0.0834	-0.1001	0.1807	0.8439	-0.5153	0.1497	146	148	17	3	3	0.0014	0.4167	0	0.0113
0.0095	0.0462	0.1319	-0.1296	0.1772	0.9649	-0.173	-0.1976	147	149	17	3	4	0.0012	0.2083	0	0.0108
0.0095	0.0302	0.1748	-0.1459	0.1732	0.9345	-0.3035	-0.1859	148	150	17	3	5	0.0066	0.5	0	0.0095
0.0095	0.0141	0.2043	-0.1515	0.1595	0.9415	-0.3369	0.0019	149	151	17	3	6	0.0041	0.625	0	0.0129
0.0095	0.0367	0.2135	-0.1554	0.155	0.6604	-0.3322	-0.6734	150	0	17	3	7	0.01	0.05	0	0.01
0.0091	0.1057	0.0427	-0.068	0.0968	0.8041	0.1587	-0.5729	79	153	21	3	1	0.0051	0.1833	0	0.0152
0.0091	0.0254	0.1231	-0.0501	0.0401	-0.2551	0.8025	-0.5394	152	154	21	3	2	0.0009	0.375	0	0.0111
0.0091	0.0295	0.1154	-0.0269	0.0358	-0.6145	0.7292	-0.3012	153	155	21	3	3	0.01	0.05	0	0.01
0.0091	0.0389	0.0973	-0.0054	0.0269	-0.2603	0.7921	-0.5522	154	0	21	3	4	0.01	0.05	0	0.01
0.0099	0.0292	0.0561	0.2094	-0.1102	0.5237	0.3201	-0.7895	93	157	33	3	1	0.0017	0.4583	1	0.0099
0.0099	0.0537	0.0714	0.2187	-0.1333	0.2142	-0.9765	0.0245	156	0	33	3	2	0.0017	0.4583	0	0.0099
0.0084	0.074	0.0545	0.1982	-0.0912	-0.835	-0.5503	0.0004	93	159	40	3	1	0.0037	0.5417	0	0.0105
0.0084	0.0021	-0.0038	0.1622	-0.0804	-0.6928	-0.5507	0.4655	158	160	40	3	2	0.01	0.05	0	0.01
0.0084	0.0248	-0.0052	0.1611	-0.0794	-0.7763	-0.2558	0.5762	159	161	40	3	3	0.01	0.05	0	0.01
0.0084	0.0144	-0.0245	0.1547	-0.0651	0.3492	-0.8977	0.2686	160	0	40	3	4	0.01	0.05	0	0.01
0.0126	0.0577	-0.0052	0.2563	-0.107	0.8824	-0.439	-0.1695	96	163	47	3	1	0.0052	0.25	0	0.032
0.0126	0.0616	0.0604	0.2527	-0.1326	0.858	-0.255	0.4458	162	164	47	3	2	0.0011	0.4583	0	0.0126
0.0126	0.0362	0.1114	0.2491	-0.1127	0.9865	0.1632	0.0096	163	165	47	3	3	0.0013	0.3333	0	0.013
0.0126	0.0249	0.1366	0.2628	-0.1014	0.7505	0.5895	0.2987	164	166	47	3	4	0.0016	0.4167	0	0.0137
0.0126	0.0249	0.1509	0.2727	-0.0894	0.1979	0.584	0.7873	165	0	47	3	5	0.0064	0.5417	0	0.0141
0.0082	0.0193	0.2337	0.2801	-0.0535	-0.1256	-0.296	-0.9469	106	168	70	3	1	0.0024	0.5	1	0.0126
0.0082	0.0634	0.2313	0.2744	-0.0717	-0.2676	0.2483	0.931	167	169	70	3	2	0.0024	0.5	0	0.0126
0.0082	0.024	0.2219	0.2859	-0.0078	0.4744	0.8791	0.0466	168	170	70	3	3	0.01	0.05	0	0.01
0.0082	0.0155	0.2333	0.307	-0.0067	0.4247	0.2041	0.882	169	0	70	3	4	0.01	0.05	0	0.01
0.0133	0.0173	-0.2089	-0.3181	0.0101	-0.4461	-0.7559	0.4791	119	172	36	3	1	0.0025	0.5	1	0.0133
0.0133	0.0409	-0.2167	-0.3312	0.0184	0.1627	-0.8348	-0.526	171	173	36	3	2	0.0025	0.5	0	0.0133
0.0133	0.003	-0.2084	-0.3609	0.0032	0.9785	-0.1369	-0.1543	172	174	36	3	3	0.01	0.05	0	0.01
0.0133	0.0158	-0.2027	-0.357	0.0095	0.2429	0.7757	-0.5824	173	175	36	3	4	0.01	0.05	0	0.01
0.0133	0.012	-0.1977	-0.3421	-0.0054	0.5151	0.7302	0.4488	174	0	36	3	5	0.01	0.05	0	0.01
0.0025	0.0732	-0.0413	0.0543	0.0634	0.5612	-0.6244	0.5433	133	177	73	4	1	0.0151	0.22	1	0.01
0.0025	0.0369	0.0018	0.0055	0.1079	-0.9226	-0.0054	0.3857	176	178	73	4	2	0.01	0.05	0	0.01
0.0025	0.0161	-0.0323	0.0051	0.1222	-0.9597	-0.2049	-0.1923	177	0	73	4	3	0.0026	0.15	0	0.01
0.0088	0.0419	0.0449	-0.0164	0.0865	-0.6349	0.6171	-0.4648	136	180	16	4	1	0.003	0.375	0	0.0115
0.0088	0.0156	0.0231	0.0136	0.0634	-0.7501	0.5227	-0.4052	179	181	16	4	2	0.01	0.05	0	0.01
0.0088	0.0314	0.0114	0.0217	0.0571	0.2837	0.5944	-0.7525	180	182	16	4	3	0.01	0.05	0	0.01
0.0088	0.0291	0.0203	0.0404	0.0335	-0.1567	0.7389	-0.6554	181	0	16	4	4	0.01	0.05	0	0.01
0.0133	0.05	0.0351	-0.0466	0.1154	0.6934	-0.1538	-0.7039	0	184	74	0	1	0.0045	0.5417	0	0.0133
0.0133	0.0269	0.0693	-0.0491	0.0838	0.2057	0.5652	-0.7989	183	0	74	0	2	0.01	0.05	0	0.01
0.0122	0.0428	-0.1278	-0.1904	0.0761	-0.5961	-0.8027	-0.0191	0	186	76	0	1	0.003	0.5417	0	0.0122
0.0122	0.0135	-0.154	-0.2245	0.0788	-0.75	0.6329	-0.1922	185	0	76	0	2	0.01	0.05	0	0.01
