radius (m)	length (m)	start_point	axis_direction	parent	extension	branch	branch_order	position_in_branch	mad	SurfCov	added	UnmodRadius (m)
0.0138	0.0673	-0.1353	-0.2417	-0.0707	0.3862	0.8873	0.2519	0	2	1	0	1	0.0026	0.75	0	0.0138
0.014	0.057	-0.128	-0.1823	-0.0416	0.0362	0.9967	0.0727	1	3	1	0	2	0.002	0.6667	0	0.014
0.0138	0.0187	-0.1314	-0.1342	-0.0376	-0.8399	0.5261	-0.1331	2	4	1	0	3	0.0013	0.2917	0	0.0121
0.0138	0.0889	-0.1416	-0.125	-0.0458	0.558	0.6891	0.4625	3	5	1	0	4	0.0018	0.5417	0	0.0119
0.0138	0.0343	-0.0977	-0.0579	-0.0004	0.7267	0.6862	0.0319	4	6	1	0	5	0.0016	0.4583	0	0.0131
0.0138	0.0519	-0.0791	-0.0364	0.012	-0.8783	0.0501	-0.4756	5	7	1	0	6	0.0015	0.5	0	0.0124
0.0159	0.0276	-0.1397	-0.0212	-0.0069	-0.2111	0.1855	-0.9597	6	0	1	0	7	0.0031	0.3333	0	0.0174
0.0096	0.1169	-0.0649	-0.0452	0.0042	0.9692	-0.1344	0.2064	5	9	3	1	1	0.0026	0.625	0	0.0095
0.0109	0.0524	0.0434	-0.0706	0.0252	0.8999	-0.4283	-0.0821	8	10	3	1	2	0.0012	0.3333	0	0.0119
0.0098	0.0342	0.0946	-0.0857	0.0279	0.8467	-0.5276	0.0684	9	11	3	1	3	0.01	0.05	0	0.01
0.0096	0.0293	0.0954	-0.111	0.0202	0.3108	-0.9282	-0.2045	10	0	3	1	4	0.01	0.05	0	0.01
0.0133	0.0953	-0.0687	-0.0392	0.0129	0.6851	0.7258	-0.062	5	13	4	1	1	0.0024	0.5417	0	0.0156
0.0133	0.0753	0.0009	0.0324	0.0302	0.6851	0.6993	-0.2039	12	14	4	1	2	0.0017	0.5417	0	0.0133
0.0133	0.0436	0.052	0.085	0.0116	0.4397	0.8941	-0.0851	13	15	4	1	3	0.0014	0.375	0	0.0167
0.0133	0.032	0.0919	0.1022	0.0232	0.7415	0.6683	-0.0591	14	16	4	1	4	0.0103	0.375	0	0.0112
0.0133	0.0377	0.1161	0.134	0.017	0.9946	0.0055	0.104	15	17	4	1	5	0.0011	0.25	0	0.0129
0.0133	0.0609	0.1518	0.135	0.0237	0.5271	0.8449	0.091	16	18	4	1	6	0.0017	0.3333	0	0.0117
0.0133	0.047	0.193	0.1734	0.0243	0.8098	0.5838	-0.0588	17	19	4	1	7	0.01	0.05	0	0.01
0.0133	0.028	0.1978	0.2193	0.0318	0.4672	0.8813	-0.0712	18	20	4	1	8	0.0012	0.3333	0	0.0163
0.0133	0.0585	0.2002	0.2441	0.0463	0.5419	0.7649	0.3482	19	21	4	1	9	0.01	0.05	0	0.01
0.0133	0.0245	0.1876	0.2649	0.0357	-0.3005	0.9127	-0.277	20	22	4	1	10	0.01	0.05	0	0.01
0.0133	0.0024	0.1724	0.2823	0.0327	-0.5815	0.7966	-0.1652	21	0	4	1	11	0.01	0.05	0	0.01
0.006	0.0814	-0.0351	-0.0552	0.0185	0.5708	-0.7644	-0.2996	8	24	5	2	1	0.0035	0.4583	0	0.01
0.0057	0.0423	0.0096	-0.1203	-0.0034	0.4689	-0.7304	-0.4966	23	25	5	2	2	0.0032	0.5	0	0.0057
0.0057	0.0039	0.0273	-0.145	-0.0008	0.7555	-0.6132	0.2307	24	0	5	2	3	0.01	0.05	0	0.01
0.0082	0.0761	0.0749	-0.0556	0.0376	-0.5163	0.8518	-0.0885	8	0	16	2	1	0.0048	0.4375	0	0.0082
0.0068	0.0763	0.0689	0.1263	0.0208	-0.3015	0.8936	-0.3325	14	28	6	2	1	0.0111	0.275	0	0.0274
0.0025	0.0021	0.037	0.2016	0.0137	-0.4766	0.7145	-0.5123	27	29	6	2	2	0.0059	0.15	0	0.01
0.0025	0.0422	0.0328	0.2051	0.0123	0.5288	0.7779	-0.3394	28	0	6	2	3	0.0072	0.2	0	0.01
0.0166	0.0431	0.0282	0.0421	0.0289	0.9872	-0.1003	0.1242	13	31	9	2	1	0.0051	0.5	1	0.0166
0.0166	0.0429	0.0708	0.0378	0.0343	0.8939	0.1504	0.4223	30	32	9	2	2	0.0051	0.5	0	0.0166
0.0166	0.014	0.0916	0.0457	0.0431	-0.435	-0.5135	0.7397	31	0	9	2	3	0.0047	0.175	0	0.01
0.0108	0.0128	0.0351	0.0851	0.0221	-0.8336	0.3892	0.3921	13	34	10	2	1	0.0021	0.4167	1	0.0106
0.0108	0.0344	0.0245	0.0901	0.0271	-0.9145	-0.1973	-0.3532	33	35	10	2	2	0.0021	0.4167	0	0.0106
0.0126	0.0487	-0.0046	0.0888	0.0035	0.0489	0.8964	0.4405	34	36	10	2	3	0.0028	0.2	0	0.022
0.0106	0.0352	0.0083	0.1322	0.0246	0.0123	0.9049	-0.4255	35	0	10	2	4	0.01	0.05	0	0.01
0.0106	0.018	0.023	0.0641	0.0341	0.214	0.7858	0.5802	13	38	11	2	1	0.0029	0.5833	1	0.0105
0.0106	0.0769	0.0268	0.0782	0.0446	0.1161	0.9856	-0.123	37	39	11	2	2	0.0029	0.5833	0	0.0105
0.0119	0.0204	0.0187	0.1459	0.0376	-0.4033	0.8972	0.18	38	40	11	2	3	0.0059	0.5	0	0.0124
0.0105	0.0262	0.0152	0.1646	0.0379	-0.4326	0.7466	-0.5054	39	0	11	2	4	0.01	0.05	0	0.01
0.0092	0.0956	0.1667	0.1824	0.0233	-0.3755	0.9086	-0.183	17	42	15	2	1	0.0027	0.625	0	0.0092
0.0092	0.0111	0.1308	0.2624	0.0119	-0.3437	0.6252	0.7007	41	0	15	2	2	0.01	0.05	0	0.01
