radius (m)	length (m)	start_point	axis_direction	parent	extension	branch	branch_order	position_in_branch	mad	SurfCov	added	UnmodRadius (m)
0.0162	0.0879	-0.1105	-0.2263	-0.1836	0.8703	0.1234	0.4768	0	2	1	0	1	0.0029	0.5	0	0.017
0.011	0.0256	-0.0451	-0.2143	-0.1311	0.4536	0.8034	0.3857	1	3	1	0	2	0.0014	0.5833	0	0.011
0.0173	0.0728	-0.019	-0.1879	-0.1367	0.3255	0.7423	0.5857	2	4	1	0	3	0.0015	0.375	0	0.0203
0.0101	0.0336	0.0128	-0.1346	-0.0961	0.1487	0.9624	0.2275	3	5	1	0	4	0.0032	0.5	0	0.01
0.0097	0.0357	-0.0012	-0.1185	-0.0881	-0.6454	0.752	0.134	4	6	1	0	5	0.007	0.4063	0	0.0088
0.01	0.0025	-0.0028	-0.0837	-0.0684	-0.5783	0.6651	0.4725	5	7	1	0	6	0.01	0.05	0	0.01
0.0103	0.0478	-0.0124	-0.0776	-0.0605	-0.6482	-0.6879	-0.3266	6	8	1	0	7	0.0009	0.5417	0	0.0103
0.0092	0.0106	-0.0459	-0.082	-0.0713	-0.9639	-0.0433	-0.2627	7	9	1	0	8	0.0058	0.4583	0	0.0092
0.0099	0.034	-0.0487	-0.0781	-0.0707	-0.4744	0.8776	-0.069	8	10	1	0	9	0.0012	0.3333	0	0.0099
0.01	0.0304	-0.0695	-0.0529	-0.0663	-0.3747	0.8671	0.3282	9	11	1	0	10	0.01	0.05	0	0.01
0.0104	0.0208	-0.0736	-0.0498	-0.0633	-0.3832	0.1564	-0.9103	10	12	1	0	11	0.0011	0.25	0	0.0115
0.0095	0.0081	-0.069	-0.0423	-0.0595	-0.874	-0.0162	0.4856	11	13	1	0	12	0.01	0.05	0	0.01
0.0092	0.0261	-0.076	-0.0425	-0.0555	-0.6356	0.1202	-0.7626	12	14	1	0	13	0.01	0.05	0	0.01
0.0089	0.0224	-0.0924	-0.0404	-0.0747	-0.9668	-0.2476	-0.0634	13	0	1	0	14	0.01	0.05	0	0.01
0.0089	0.0906	-0.04	-0.2319	-0.1411	0.0605	-0.9973	-0.0422	1	16	2	1	1	0.0029	0.5417	0	0.0115
0.008	0.0286	-0.0306	-0.3235	-0.1444	-0.2833	-0.9579	-0.0465	15	17	2	1	2	0.0046	0.4688	0	0.008
0.008	0.0103	-0.0408	-0.3354	-0.1344	-0.3421	-0.5836	0.7365	16	0	2	1	3	0.0029	0.4167	0	0.0133
0.008	0.0882	-0.0127	-0.1155	-0.0798	0.0945	-0.8981	0.4294	5	19	5	1	1	0.0008	0.4167	1	0.008
0.008	0.0299	-0.0043	-0.1947	-0.042	-0.0118	-0.9825	0.1856	18	20	5	1	2	0.0008	0.4167	0	0.008
0.0092	0.0041	-0.0076	-0.2202	-0.0373	-0.7941	-0.6077	-0.0086	19	21	5	1	3	0.01	0.05	0	0.01
0.0092	0.0287	-0.0109	-0.2227	-0.0373	0.5742	-0.8057	-0.1453	20	0	5	1	4	0.01	0.05	0	0.01
0.0098	0.0616	0.0225	-0.1196	-0.0993	0.7713	-0.594	-0.2284	4	23	8	1	1	0.006	0.25	0	0.0168
0.0098	0.0162	0.0744	-0.1516	-0.1023	-0.3097	-0.8289	0.4658	22	24	8	1	2	0.01	0.05	0	0.01
0.0098	0.0263	0.0615	-0.172	-0.0879	-0.6635	0.0114	-0.7481	23	25	8	1	3	0.0007	0.3333	0	0.0103
0.0098	0.0662	0.051	-0.1568	-0.1123	0.8708	-0.2751	0.4074	24	26	8	1	4	0.0014	0.3333	0	0.0142
0.0098	0.0391	0.1158	-0.1762	-0.1016	0.9027	-0.151	0.403	25	27	8	1	5	0.0052	0.325	0	0.0082
0.0098	0.0389	0.1515	-0.1791	-0.0909	0.985	0.1033	0.1385	26	28	8	1	6	0.0051	0.375	0	0.0098
0.0098	0.0203	0.182	-0.1954	-0.0732	0.9294	-0.3686	-0.0187	27	29	8	1	7	0.0041	0.4063	0	0.0098
0.0098	0.0368	0.2015	-0.1987	-0.0927	0.3976	-0.8989	-0.1841	28	30	8	1	8	0.0052	0.375	0	0.0083
0.0098	0.0014	0.2166	-0.1979	-0.0844	0.8197	0.2215	-0.5283	29	31	8	1	9	0.01	0.05	0	0.01
0.0098	0.0352	0.2178	-0.1976	-0.0851	-0.1751	-0.8863	-0.4286	30	0	8	1	10	0.01	0.05	0	0.01
0.0092	0.073	-0.0167	-0.0918	-0.0761	0.6809	0.0547	0.7304	5	33	10	1	1	0.0014	0.2917	1	0.0112
0.0092	0.0514	0.0331	-0.0878	-0.0228	0.9727	0.0922	-0.2129	32	34	10	1	2	0.0014	0.2917	0	0.0112
0.0092	0.0021	0.0853	-0.0875	-0.029	0.945	0.1994	-0.2591	33	35	10	1	3	0.01	0.05	0	0.01
0.0092	0.021	0.0845	-0.0892	-0.029	0.0032	0.2429	0.97	34	0	10	1	4	0.01	0.05	0	0.01
0.0094	0.0261	-0.0463	-0.0619	-0.0705	0.983	0.1304	0.1295	9	37	13	1	1	0.003	0.4167	1	0.0165
0.0094	0.066	-0.0173	-0.054	-0.0609	0.8967	-0.0527	-0.4396	36	38	13	1	2	0.0031	0.275	0	0.0165
0.0094	0.0023	0.0352	-0.0666	-0.0822	0.7102	-0.6769	-0.1935	37	39	13	1	3	0.01	0.05	0	0.01
0.0094	0.0356	0.0368	-0.0682	-0.0827	0.7619	-0.311	-0.5681	38	0	13	1	4	0.01	0.05	0	0.01
0.0094	0.1152	-0.0432	-0.0859	-0.0602	0.0782	0.9436	0.3218	9	41	15	1	1	0.0011	0.2917	0	0.0119
0.0082	0.0381	-0.0426	0.0203	-0.0437	-0.4232	0.9038	0.0634	40	42	15	1	2	0.0055	0.4167	0	0.0082
0.0094	0.0443	-0.0604	0.0485	-0.0101	-0.4602	0.8745	0.153	41	43	15	1	3	0.0008	0.25	0	0.0253
0.0094	0.0281	-0.0847	0.0881	-0.0272	-0.4966	0.8608	0.1111	42	44	15	1	4	0.01	0.05	0	0.01
0.0094	0.0458	-0.0771	0.1059	-0.0269	0.289	0.6799	0.674	43	45	15	1	5	0.001	0.375	0	0.0128
0.0094	0.0268	-0.0684	0.1411	-0.0016	-0.107	0.7589	0.6423	44	46	15	1	6	0.0007	0.375	0	0.0116
0.0093	0.0017	-0.0788	0.1512	0.0085	-0.8168	0.2445	0.5225	45	47	15	1	7	0.01	0.05	0	0.01
0.0093	0.0568	-0.0737	0.1376	0.0132	0.176	0.3356	0.9254	46	48	15	1	8	0.0012	0.4167	0	0.0148
0.0093	0.0297	-0.0686	0.1452	0.0571	-0.4561	-0.4058	0.792	47	49	15	1	9	0.0017	0.2917	0	0.0148
0.0093	0.0184	-0.0695	0.1345	0.0911	-0.3965	-0.7222	0.5667	48	50	15	1	10	0.0011	0.375	0	0.0119
0.0093	0.0261	-0.0674	0.1337	0.1009	0.795	-0.6033	-0.0635	49	51	15	1	11	0.0011	0.375	0	0.0153
0.0093	0.0384	-0.0459	0.1134	0.1045	0.9934	0.0448	-0.106	50	52	15	1	12	0.0064	0.35	0	0.0108
0.0092	0.0447	-0.0078	0.1307	0.0959	0.8921	0.131	0.4324	51	53	15	1	13	0.005	0.375	0	0.0101
0.0093	0.0296	0.0236	0.1418	0.1139	0.4685	0.8372	0.2822	52	54	15	1	14	0.0039	0.5	0	0.0104
0.0091	0.018	0.0276	0.1647	0.1324	0.2048	0.9086	0.364	53	55	15	1	15	0.0061	0.5833	0	0.0091
0.009	0.0468	0.0453	0.1816	0.1245	0.2576	0.9255	0.2776	54	56	15	1	16	0.0092	0.3438	0	0.01
0.0086	0.0289	0.0564	0.2249	0.1332	0.4813	0.8697	-0.1094	55	57	15	1	17	0.01	0.05	0	0.01
0.0086	0.0226	0.0809	0.2328	0.1296	0.8367	0.5187	-0.1757	56	58	15	1	18	0.01	0.05	0	0.01
0.0085	0.005	0.0598	0.2304	0.1504	0.2223	0.6459	0.7303	57	0	15	1	19	0.01	0.05	0	0.01
0.0025	0.0631	-0.0248	-0.3611	-0.1516	0.3519	0.9065	0.2332	15	60	3	2	1	0.01	0.05	0	0.01
0.0025	0.0228	-0.0026	-0.3039	-0.1369	0.8676	0.496	0.0369	59	0	3	2	2	0.01	0.05	0	0.01
0.0093	0.0238	0.1504	-0.1815	-0.0815	-0.5087	-0.8356	0.2071	27	62	16	2	1	0.0028	0.2	1	0.0182
0.0093	0.0848	0.1559	-0.2251	-0.0843	0.1082	0.3788	-0.9191	61	63	16	2	2	0.0056	0.275	0	0.0182
0.0093	0.0014	0.1567	-0.1967	-0.1517	-0.7489	0.5196	-0.4114	62	64	16	2	3	0.01	0.05	0	0.01
0.0093	0.0247	0.1556	-0.1959	-0.1523	0.0479	0.2679	-0.9623	63	0	16	2	4	0.01	0.05	0	0.01
0.0037	0.0441	-0.0623	0.1184	-0.0157	0.9036	-0.4215	0.076	44	66	19	2	1	0.0064	0.225	1	0.0157
0.0037	0.0154	-0.0335	0.114	0.0068	-0.2518	0.7014	-0.6668	65	0	19	2	2	0.0015	0.075	0	0.0157
0.0085	0.0809	-0.0716	0.1492	0.0178	0.1439	0.9761	0.1626	47	68	20	2	1	0.001	0.3333	1	0.0085
0.0083	0.0256	-0.0599	0.2282	0.031	0.0478	0.9823	0.1813	67	69	20	2	2	0.001	0.3333	0	0.0085
0.0056	0.0261	-0.0473	0.2502	0.0394	0.2684	0.9632	-0.0154	68	70	20	2	3	0.0069	0.4583	0	0.0055
0.0067	0.0329	-0.0395	0.2734	0.0404	0.6311	0.615	0.4728	69	71	20	2	4	0.01	0.05	0	0.01
0.006	0.0188	-0.0312	0.2987	0.0552	0.3042	0.8188	0.4868	70	0	20	2	5	0.01	0.05	0	0.01
0.0086	0.0807	-0.0599	0.1461	-0.0015	0.3593	0.4322	0.8271	45	0	22	2	1	0.0022	0.4583	0	0.0086
0.0025	0.0454	-0.0138	0.1236	0.104	-0.5189	0.6517	-0.5532	51	74	24	2	1	0.0111	0.225	1	0.01
0.0025	0.0241	-0.0275	0.1462	0.0708	0.6261	-0.0205	0.7794	73	75	24	2	2	0.01	0.05	0	0.01
0.0025	0.0285	-0.0095	0.1439	0.0906	0.397	0.8458	0.3564	74	0	24	2	3	0.0053	0.225	0	0.01
0.0088	0.0735	-0.0974	0.147	0.0974	-0.041	-0.9991	-0.0096	50	77	25	2	1	0.0017	0.3333	0	0.0103
0.0088	0.0238	-0.1056	0.0747	0.1017	-0.1128	-0.9875	0.1102	76	78	25	2	2	0.001	0.375	0	0.0097
0.0088	0.005	-0.1117	0.066	0.1083	-0.0789	-0.2806	0.9566	77	79	25	2	3	0.01	0.05	0	0.01
0.0088	0.0227	-0.1149	0.064	0.1111	0.3042	-0.941	-0.148	78	0	25	2	4	0.01	0.05	0	0.01
0.0046	0.0419	0.0371	0.1827	0.1281	-0.0016	0.9511	0.309	55	81	27	2	1	0.0026	0.375	0	0.0091
0.0025	0.0024	0.0355	0.2234	0.1428	0.6414	0.7321	0.2293	80	82	27	2	2	0.0051	0.225	0	0.01
0.0025	0.0196	0.0368	0.2268	0.143	0.4101	-0.155	-0.8988	81	0	27	2	3	0.0018	0.15	0	0.01
0.0064	0.0383	0.058	0.1945	0.1314	0.4163	-0.336	0.8449	55	84	29	2	1	0.0016	0.4167	0	0.0064
0.0076	0.0362	0.068	0.1799	0.156	0.0654	-0.9821	0.1766	83	85	29	2	2	0.0007	0.375	0	0.0076
0.0081	0.0421	0.0657	0.1464	0.1718	0.1649	-0.9427	0.2902	84	86	29	2	3	0.0028	0.225	0	0.0197
0.0081	0.0521	0.0699	0.1152	0.1993	0.2347	-0.8345	0.4986	85	87	29	2	4	0.0022	0.12	0	0.0152
0.0072	0.0265	0.0918	0.0798	0.2225	0.6084	-0.5185	0.6008	86	88	29	2	5	0.01	0.05	0	0.01
0.007	0.0265	0.1019	0.058	0.2127	0.5838	-0.8037	0.1153	87	0	29	2	6	0.01	0.05	0	0.01
0.0081	0.0156	-0.0622	0.196	0.034	0.1614	-0.6318	0.7581	67	90	21	3	1	0.0027	0.5	1	0.0096
0.0081	0.0505	-0.0597	0.1861	0.0458	0.532	0.6674	-0.5212	89	91	21	3	2	0.0027	0.5	0	0.0096
0.0081	0.0343	-0.0279	0.2084	0.0413	0.9724	0.2037	-0.1139	90	92	21	3	3	0.0051	0.4583	0	0.0098
0.0081	0.0349	0.007	0.2126	0.0335	0.951	0.1677	0.2597	91	0	21	3	4	0.01	0.05	0	0.01
0.0034	0.0551	0.0753	0.1381	0.1698	0.7392	0.4068	0.5368	84	94	32	3	1	0.0007	0.3333	0	0.0102
0.0025	0.0012	0.1165	0.153	0.203	0.747	0.3274	0.5787	93	95	32	3	2	0.01	0.05	0	0.01
0.0025	0.0157	0.1174	0.1534	0.2037	0.8841	-0.4624	-0.0676	94	0	32	3	3	0.01	0.05	0	0.01
