radius (m)	length (m)	start_point	axis_direction	parent	extension	branch	branch_order	position_in_branch	mad	SurfCov	added	UnmodRadius (m)
0.0122	0.0535	0.1527	0.1827	-0.2444	-0.0779	-0.0645	0.9949	0	2	1	0	1	0.0021	0.7083	0	0.0122
0.0133	0.063	0.1424	0.1793	-0.1751	-0.6151	-0.7532	-0.2333	1	3	1	0	2	0.0018	0.5833	0	0.0133
0.0122	0.0079	0.102	0.1296	-0.1849	-0.4748	-0.7275	-0.4953	2	4	1	0	3	0.0038	0.65	0	0.0107
0.0122	0.0733	0.0979	0.1239	-0.1886	0.0384	-0.9416	0.3345	3	5	1	0	4	0.0014	0.5	0	0.0092
0.0128	0.0268	0.0941	0.0585	-0.1648	-0.4837	-0.8345	0.2638	4	6	1	0	5	0.0015	0.2917	0	0.0128
0.0122	0.0446	0.0918	0.0267	-0.1553	-0.6466	-0.6252	0.4371	5	7	1	0	6	0.0012	0.4167	0	0.0102
0.0127	0.0586	0.0596	-0.0015	-0.1396	-0.2359	-0.9302	0.2812	6	8	1	0	7	0.0042	0.5833	0	0.0127
0.0123	0.0018	0.0343	-0.0355	-0.118	-0.7432	-0.521	0.4197	7	9	1	0	8	0.0016	0.375	0	0.0123
0.0122	0.0412	0.0364	-0.0323	-0.1133	-0.581	-0.2641	0.7699	8	10	1	0	9	0.0008	0.375	0	0.0102
0.0122	0.0084	0.0084	-0.048	-0.0817	-0.2359	0.1696	0.9569	9	11	1	0	10	0.01	0.05	0	0.01
0.0122	0.0144	0.0046	-0.0437	-0.0779	0.8733	0.4843	-0.0529	10	12	1	0	11	0.01	0.05	0	0.01
0.0122	0.0124	0.0158	-0.037	-0.0791	0.136	0.671	-0.7288	11	0	1	0	12	0.01	0.05	0	0.01
0.0112	0.0776	0.1219	0.0408	-0.1643	-0.0937	-0.9792	0.1798	6	14	6	1	1	0.001	0.4583	0	0.0112
0.0112	0.0144	0.113	-0.0307	-0.1521	-0.079	0.3398	0.9372	13	0	6	1	2	0.01	0.05	0	0.01
0.0121	0.0742	0.0436	-0.0483	-0.1377	-0.4157	-0.3816	-0.8256	7	16	7	1	1	0.0014	0.2917	1	0.0128
0.0121	0.0328	0.0127	-0.0766	-0.1989	-0.777	-0.5514	0.3038	15	17	7	1	2	0.0014	0.2917	0	0.0128
0.011	0.0288	-0.0109	-0.0982	-0.2083	-0.5817	-0.8078	0.0948	16	18	7	1	3	0.0041	0.5417	0	0.011
0.011	0.0358	-0.0229	-0.1121	-0.213	-0.4488	-0.4016	-0.7983	17	0	7	1	4	0.01	0.05	0	0.01
0.0116	0.0482	-0.0029	-0.0396	-0.0772	-0.0797	0.2162	0.9731	10	20	8	1	1	0.0023	0.4583	0	0.0122
0.0115	0.0393	-0.0029	-0.038	-0.0349	-0.2663	-0.5343	0.8023	19	21	8	1	2	0.0011	0.2083	0	0.0157
0.01	0.0377	-0.0033	-0.0496	0.006	-0.1288	-0.6252	0.7698	20	22	8	1	3	0.01	0.05	0	0.01
0.0115	0.0007	0.0036	-0.0643	0.0351	0.5113	-0.6882	0.5147	21	23	8	1	4	0.0011	0.4167	0	0.0154
0.01	0.0349	-0.0142	-0.0498	0.0446	0.0437	-0.4807	0.8758	22	24	8	1	5	0.001	0.2917	0	0.01
0.011	0.0843	-0.0098	-0.0422	0.0699	-0.5542	0.236	0.7982	23	25	8	1	6	0.0052	0.2292	0	0.0113
0.01	0.0417	-0.0394	-0.0083	0.1244	-0.21	0.7874	0.5796	24	26	8	1	7	0.01	0.05	0	0.01
0.0107	0.0496	-0.062	-0.0199	0.1525	-0.5283	0.2363	0.8155	25	27	8	1	8	0.0016	0.4167	0	0.0113
0.0072	0.0473	-0.0666	-0.0413	0.1885	-0.4582	-0.4063	0.7905	26	28	8	1	9	0.0038	0.4583	0	0.0069
0.0093	0.0155	-0.094	-0.0465	0.2274	-0.3834	-0.254	0.888	27	29	8	1	10	0.01	0.05	0	0.01
0.0102	0.0352	-0.0654	-0.0209	0.2263	0.073	0.3786	0.9227	28	30	8	1	11	0.0046	0.275	0	0.0252
0.0072	0.0018	-0.0948	-0.0097	0.2461	-0.3579	0.4297	0.829	29	31	8	1	12	0.0063	0.325	0	0.0072
0.0078	0.0283	-0.1004	0.0001	0.2361	-0.6811	0.4001	0.6132	30	32	8	1	13	0.01	0.05	0	0.01
0.0074	0.0345	-0.1014	-0.0096	0.2614	-0.3979	-0.0012	0.9174	31	0	8	1	14	0.01	0.05	0	0.01
0.0078	0.139	-0.0263	-0.0621	-0.0012	-0.0598	0.825	-0.562	20	34	9	2	1	0.0014	0.5	0	0.011
0.0078	0.0203	-0.0437	0.0465	-0.0716	-0.6922	0.6554	-0.3023	33	35	9	2	2	0.0053	0.4688	0	0.0078
0.0078	0.0033	-0.0582	0.0593	-0.0769	-0.8347	0.5388	-0.1141	34	0	9	2	3	0.01	0.05	0	0.01
0.0078	0.0294	-0.0069	-0.0339	-0.0205	-0.099	0.8582	0.5037	20	37	12	2	1	0.0032	0.4583	1	0.0078
0.0078	0.0529	-0.0099	-0.0086	-0.0057	0.8249	0.3602	0.4356	36	38	12	2	2	0.0032	0.4583	0	0.0078
0.01	0.0379	0.0318	0.0068	0.0138	0.803	-0.5789	0.1416	37	39	12	2	3	0.0013	0.375	0	0.0146
0.0088	0.0218	0.0607	0.0097	0.0267	0.9463	-0.0416	0.3207	38	40	12	2	4	0.01	0.05	0	0.01
0.0086	0.0141	0.0736	-0.0034	0.0293	0.7937	-0.5768	0.193	39	41	12	2	5	0.01	0.05	0	0.01
0.0084	0.0131	0.0847	-0.0116	0.032	0.897	-0.2013	-0.3936	40	0	12	2	6	0.01	0.05	0	0.01
0.007	0.0843	-0.0162	-0.0651	0.0323	-0.9571	-0.0948	0.2737	21	43	16	2	1	0.0016	0.5	0	0.007
0.0084	0.0364	-0.095	-0.0678	0.0619	-0.0341	-0.778	0.6274	42	44	16	2	2	0.0026	0.225	0	0.0211
0.007	0.0374	-0.1066	-0.0944	0.0822	-0.2849	-0.6366	0.7167	43	45	16	2	3	0.0008	0.3333	0	0.0067
0.0077	0.0306	-0.1036	-0.1048	0.1144	-0.0056	-0.3666	0.9304	44	46	16	2	4	0.01	0.05	0	0.01
0.0075	0.0357	-0.1064	-0.1062	0.1104	-0.7085	-0.6895	-0.1502	45	0	16	2	5	0.01	0.05	0	0.01
0.0105	0.0202	-0.043	-0.035	0.0992	-0.8139	-0.2838	-0.507	24	48	17	2	1	0.0029	0.2917	1	0.0116
0.0102	0.0451	-0.0595	-0.0407	0.089	-0.1342	-0.9838	0.119	47	49	17	2	2	0.0029	0.2917	0	0.0116
0.0091	0.0218	-0.0731	-0.0759	0.096	-0.454	-0.5077	0.7322	48	50	17	2	3	0.01	0.05	0	0.01
0.0079	0.0053	-0.082	-0.0916	0.1051	-0.4448	-0.7655	0.4649	49	51	17	2	4	0.01	0.05	0	0.01
0.006	0.0195	-0.0854	-0.0961	0.1093	-0.0558	-0.963	-0.2636	50	52	17	2	5	0.01	0.05	0	0.01
0.0041	0.0205	-0.0887	-0.1152	0.1042	0.0917	-0.6896	-0.7184	51	0	17	2	6	0.001	0.1	0	0.01
0.0086	0.0122	-0.0251	-0.0464	0.078	-0.8064	-0.5891	-0.0512	24	54	21	2	1	0.0021	0.4583	1	0.0086
0.0086	0.0462	-0.0349	-0.0536	0.0774	-0.4785	-0.8244	0.3023	53	55	21	2	2	0.0021	0.4583	0	0.0086
0.0091	0.0018	-0.0532	-0.088	0.0974	0.0086	-0.8621	0.5067	54	56	21	2	3	0.01	0.05	0	0.01
0.009	0.0144	-0.0532	-0.0896	0.0983	-0.5459	-0.7835	0.2967	55	57	21	2	4	0.01	0.05	0	0.01
0.0089	0.025	-0.0644	-0.0993	0.1021	-0.1917	-0.6353	-0.7481	56	0	21	2	5	0.01	0.05	0	0.01
0.0059	0.019	-0.0493	0.0004	0.1238	-0.5111	-0.3304	-0.7935	25	59	22	2	1	0.0021	0.5	1	0.0059
0.0059	0.0561	-0.059	-0.0059	0.1088	0.5214	0.7373	0.4296	58	60	22	2	2	0.0021	0.5	0	0.0059
0.0059	0.0037	-0.028	0.03	0.1316	0.6512	0.0167	0.7587	59	0	22	2	3	0.01	0.05	0	0.01
0.0081	0.0458	-0.0616	-0.0215	0.1696	-0.7917	0.1643	0.5885	26	62	27	2	1	0.0018	0.4167	0	0.0076
0.009	0.0223	-0.0915	-0.0061	0.1944	-0.5303	0.5915	0.6074	61	63	27	2	2	0.0012	0.2917	0	0.0097
0.0082	0.002	-0.1052	0.0026	0.2088	-0.6426	0.4011	0.6528	62	64	27	2	3	0.01	0.05	0	0.01
0.0102	0.0204	-0.1024	0.0156	0.2102	0.101	-0.0429	0.994	63	0	27	2	4	0.0024	0.25	0	0.0139
0.0092	0.0271	-0.0624	0.0533	-0.0744	-0.7283	-0.6212	0.2892	35	66	31	3	1	0.0025	0.5	0	0.0117
0.0092	0.0049	-0.0963	0.0208	-0.0593	-0.7531	0.6549	-0.0627	65	67	31	3	2	0.0065	0.4583	0	0.0092
0.0092	0.0016	-0.0989	0.0221	-0.0587	-0.7447	-0.1366	0.6532	66	0	31	3	3	0.01	0.05	0	0.01
0.0115	0.074	0.0487	-0.0135	0.0251	-0.1805	-0.6606	0.7287	38	69	14	3	1	0.0023	0.4583	0	0.0115
0.0115	0.0016	0.0327	-0.0698	0.0683	-0.0182	-0.8185	0.5743	68	70	14	3	2	0.01	0.05	0	0.01
0.0115	0.021	0.0323	-0.0721	0.0708	0.9653	-0.2584	0.0379	69	0	14	3	3	0.01	0.05	0	0.01
0.016	0.0392	-0.0665	-0.063	0.1012	-0.7031	0.6599	0.2651	48	72	23	3	1	0.0023	0.5833	0	0.016
0.016	0.032	-0.0846	-0.0354	0.1153	0.0038	0.9025	-0.4308	71	73	23	3	2	0.0028	0.1	0	0.0101
0.016	0.0492	-0.0686	-0.0256	0.0974	0.7406	0.6514	-0.1648	72	74	23	3	3	0.004	0.1	0	0.01
0.016	0.0149	-0.0385	-0.0125	0.1121	0.9725	-0.2103	0.0998	73	75	23	3	4	0.0032	0.125	0	0.01
0.016	0.0367	-0.0665	0.0095	0.1002	-0.3631	-0.8352	-0.4129	74	0	23	3	5	0.01	0.05	0	0.01
0.0092	0.0134	-0.034	0.0227	0.1218	0.8071	0.0103	-0.5903	59	77	25	3	1	0.0024	0.4583	1	0.0092
0.0092	0.0389	-0.0232	0.0228	0.1139	-0.0867	-0.8901	0.4474	76	78	25	3	2	0.0024	0.4583	0	0.0092
0.0092	0.0068	-0.025	-0.0136	0.1344	-0.7231	-0.6884	-0.0573	77	0	25	3	3	0.01	0.05	0	0.01
0.0025	0.067	-0.0765	0.0328	-0.0603	0.7645	-0.5215	0.3789	65	80	11	4	1	0.0047	0.275	1	0.01
0.0025	0.0381	-0.0162	0.0064	-0.0446	0.8132	-0.2775	0.5116	79	0	11	4	2	0.0027	0.2	0	0.01
0.0109	0.0818	0.0501	-0.0649	0.0715	-0.5342	0.5404	-0.6501	70	82	18	4	1	0.0019	0.5	0	0.0117
0.0073	0.0417	0.0022	-0.0181	0.0316	-0.9548	-0.0182	-0.2966	81	83	18	4	2	0.0048	0.4583	0	0.0067
0.0077	0.0317	-0.0305	-0.0059	0.0265	-0.8559	0.5111	-0.0782	82	84	18	4	3	0.01	0.05	0	0.01
0.007	0.0088	-0.0276	-0.0187	0.0224	-0.633	-0.6284	-0.4521	83	0	18	4	4	0.01	0.05	0	0.01
0.0054	0.0508	0.0521	-0.0664	0.0762	0.9042	0.4109	-0.1164	70	86	19	4	1	0.0031	0.375	0	0.0101
0.0052	0.0209	0.0945	-0.0454	0.0663	0.6225	0.5752	-0.5307	85	87	19	4	2	0.0062	0.25	0	0.0112
0.0025	0.0125	0.1049	-0.033	0.0522	0.2586	-0.9048	-0.3384	86	0	19	4	3	0.0027	0.125	0	0.01
