radius (m)	length (m)	start_point	axis_direction	parent	extension	branch	branch_order	position_in_branch	mad	SurfCov	added	UnmodRadius (m)
0.0183	0.1038	0.2939	-0.2628	-0.1404	-0.1828	0.9764	0.1153	0	2	1	0	1	0.0029	0.625	0	0.0145
0.0183	0.0698	0.2838	-0.1524	-0.1235	-0.754	0.614	0.2334	1	3	1	0	2	0.0024	0.625	0	0.0149
0.0183	0.0772	0.2324	-0.1033	-0.108	-0.8967	0.2265	0.3803	2	4	1	0	3	0.0023	0.7083	0	0.0183
0.0207	0.0751	0.1653	-0.0693	-0.069	-0.8643	-0.1614	0.4764	3	5	1	0	4	0.0026	0.5833	0	0.0209
0.0192	0.0265	0.0882	-0.0819	-0.0297	0.1957	-0.8019	0.5645	4	0	1	0	5	0.0022	0.5	0	0.0192
0.0172	0.0681	0.159	-0.0503	-0.0611	0.6505	0.7592	0.0224	4	7	2	1	1	0.0025	0.6667	0	0.0143
0.0172	0.0368	0.1859	0.0076	-0.0655	0.3662	0.9224	-0.1228	6	8	2	1	2	0.002	0.75	0	0.0172
0.0172	0.0647	0.23	0.0551	-0.0512	-0.3852	0.9219	-0.0405	7	9	2	1	3	0.0014	0.5833	0	0.015
0.0182	0.1093	0.1907	0.1241	-0.062	0.0102	0.6697	0.7425	8	10	2	1	4	0.0028	0.375	0	0.0182
0.019	0.044	0.2084	0.1794	0.019	-0.1755	-0.1696	0.9698	9	11	2	1	5	0.0054	0.25	0	0.0249
0.0185	0.0365	0.2099	0.1984	0.0421	0.7665	0.1869	0.6145	10	12	2	1	6	0.0021	0.375	0	0.0185
0.0172	0.0457	0.2379	0.2056	0.0684	0.2581	0.9613	-0.0969	11	13	2	1	7	0.0047	0.14	0	0.012
0.0191	0.0049	0.2258	0.2428	0.0681	-0.283	0.956	-0.0771	12	0	2	1	8	0.0014	0.4167	0	0.0218
0.0174	0.0883	0.2878	-0.2417	-0.1289	0.8849	-0.01	0.4657	1	15	31	1	1	0.0135	0.42	0	0.0347
0.0161	0.0648	0.3661	-0.2251	-0.0894	0.9217	-0.0447	-0.3853	14	16	31	1	2	0.0022	0.5417	0	0.0165
0.0174	0.0604	0.4272	-0.2258	-0.1079	0.8924	-0.4502	-0.0295	15	17	31	1	3	0.0017	0.5417	0	0.0202
0.0124	0.0277	0.4981	-0.2506	-0.1215	0.407	-0.8092	0.4238	16	0	31	1	4	0.0019	0.4167	0	0.0124
0.0168	0.0208	0.1652	-0.1047	-0.0856	-0.7034	-0.7108	0.0053	3	19	3	1	1	0.004	0.5833	1	0.0168
0.0168	0.087	0.1505	-0.1195	-0.0854	-0.8615	-0.3495	-0.3682	18	20	3	1	2	0.004	0.5833	0	0.0168
0.0171	0.0651	0.0593	-0.135	-0.1119	-0.4198	-0.6804	0.6007	19	21	3	1	3	0.0093	0.45	0	0.0295
0.0148	0.0487	0.0434	-0.1823	-0.0885	-0.1879	-0.9809	0.0497	20	22	3	1	4	0.0022	0.4167	0	0.0148
0.0148	0.0886	0.0068	-0.2237	-0.0825	-0.1959	-0.9607	0.1965	21	23	3	1	5	0.0022	0.4583	0	0.0148
0.0128	0.0513	-0.0229	-0.2974	-0.0716	-0.7203	-0.6715	0.1739	22	24	3	1	6	0.0013	0.5833	0	0.0128
0.0159	0.0347	-0.0416	-0.3502	-0.0637	-0.7098	-0.704	0.0239	23	25	3	1	7	0.0016	0.5417	0	0.0168
0.0108	0.0531	-0.0797	-0.3714	-0.0601	-0.2147	-0.9739	0.074	24	0	3	1	8	0.0047	0.7083	0	0.0108
0.0144	0.074	0.0744	-0.0999	-0.0108	-0.9831	0.0911	-0.159	5	27	4	1	1	0.0031	0.55	0	0.0125
0.0144	0.0537	-0.0055	-0.1029	-0.0272	-0.8318	0.5108	0.2171	26	28	4	1	2	0.0018	0.625	0	0.0141
0.017	0.0414	-0.0479	-0.0716	-0.0212	-0.5464	0.773	0.3224	27	29	4	1	3	0.0021	0.5833	0	0.0171
0.0167	0.0327	-0.0823	-0.0416	-0.0192	-0.4206	0.8635	0.2785	28	30	4	1	4	0.0018	0.6667	0	0.0167
0.0144	0.0474	-0.0922	-0.0099	-0.0061	-0.7432	0.6516	0.152	29	31	4	1	5	0.002	0.7917	0	0.0144
0.0144	0.0376	-0.127	0.0205	0.0053	-0.8034	0.5755	0.1528	30	32	4	1	6	0.0017	0.6667	0	0.014
0.0151	0.0316	-0.1546	0.0491	0.0169	-0.9244	0.3792	-0.0408	31	33	4	1	7	0.002	0.5417	0	0.0151
0.0172	0.0656	-0.1789	0.0644	0.0141	-0.5919	0.6492	-0.4777	32	34	4	1	8	0.0054	0.275	0	0.0263
0.0144	0.0279	-0.2168	0.1068	-0.0055	0.3866	0.9222	-0.009	33	35	4	1	9	0.0012	0.2917	0	0.0136
0.0144	0.0148	-0.2046	0.1325	-0.0074	0.1321	0.9887	0.0715	34	0	4	1	10	0.0028	0.25	0	0.0135
0.011	0.0758	0.2237	0.1965	0.0747	-0.9524	0.2945	0.0784	11	37	5	2	1	0.0026	0.5417	0	0.0133
0.011	0.0268	0.1528	0.2181	0.0825	-0.831	-0.0688	0.552	36	0	5	2	2	0.0027	0.5833	0	0.011
0.0097	0.1062	0.255	0.1909	0.0695	0.2432	-0.9108	-0.3337	11	39	6	2	1	0.0009	0.3333	0	0.0102
0.0085	0.0292	0.2865	0.094	0.034	-0.0345	-0.8989	-0.4367	38	0	6	2	2	0.002	0.4167	0	0.0085
0.0127	0.0651	0.2238	0.1818	0.037	0.5505	0.1127	0.8272	10	41	32	2	1	0.0018	0.4167	0	0.0127
0.0107	0.0493	0.2555	0.1934	0.0856	0.8426	0.4415	-0.3084	40	42	32	2	2	0.0013	0.4583	0	0.0107
0.0129	0.0189	0.3006	0.2084	0.0634	0.8978	0.438	0.0454	41	43	32	2	3	0.0078	0.4375	0	0.0132
0.0122	0.0103	0.3233	0.2231	0.0748	0.7315	-0.6817	0.0122	42	44	32	2	4	0.0062	0.5	0	0.0124
0.0085	0.0272	0.33	0.2186	0.0797	0.9157	0.401	-0.0269	43	45	32	2	5	0.0047	0.4583	0	0.0085
0.011	0.009	0.3509	0.2332	0.0864	0.6926	0.7213	0.0078	44	0	32	2	6	0.0033	0.3333	0	0.0123
0.0163	0.0514	-0.2004	0.1072	0.002	0.3494	0.7289	0.5887	33	47	10	2	1	0.0018	0.5833	1	0.0165
0.0163	0.0453	-0.1824	0.1446	0.0322	-0.8268	-0.236	0.5105	46	48	10	2	2	0.0018	0.5833	0	0.0165
0.0161	0.0306	-0.218	0.1334	0.0528	0.0729	-0.9634	0.258	47	49	10	2	3	0.0014	0.625	0	0.0156
0.0165	0.0529	-0.2171	0.1063	0.0649	0.5579	-0.63	0.5402	48	50	10	2	4	0.0021	0.7083	0	0.0165
0.0161	0.0593	-0.1882	0.0727	0.0942	0.772	-0.3229	0.5475	49	51	10	2	5	0.0022	0.8333	0	0.0161
0.0163	0.0319	-0.1356	0.0378	0.1167	0.9375	0.3031	0.1712	50	52	10	2	6	0.0019	0.625	0	0.0167
0.0163	0.0447	-0.1046	0.038	0.141	0.8054	-0.512	-0.2988	51	53	10	2	7	0.0021	0.625	0	0.0194
0.0163	0.0456	-0.0553	0.026	0.1312	0.6454	-0.7505	-0.1419	52	54	10	2	8	0.0021	0.5417	0	0.0168
0.0161	0.0487	-0.0325	-0.0089	0.1176	0.6988	0.226	-0.6787	53	55	10	2	9	0.0022	0.5833	0	0.0156
0.0161	0.0633	-0.0046	0.0088	0.0533	0.7252	0.6885	0.0042	54	56	10	2	10	0.0015	0.5417	0	0.0127
0.0161	0.0346	0.0403	0.0527	0.0516	0.8697	0.2573	-0.4212	55	0	10	2	11	0.0049	0.425	0	0.0239
0.0137	0.0963	0.0901	-0.1	0.0062	0.2142	0.9525	0.2164	26	58	33	2	1	0.0019	0.4167	0	0.0139
0.0137	0.042	0.1128	-0.0237	0.0285	0.9157	0.1573	0.3699	57	59	33	2	2	0.0021	0.5833	0	0.0181
0.0137	0.0294	0.1625	0.0005	0.0312	0.7795	-0.0444	0.6249	58	60	33	2	3	0.0019	0.5417	0	0.0262
0.0137	0.0225	0.1933	-0.0103	0.0335	0.6017	0.7804	-0.17	59	0	33	2	4	0.0033	0.3333	0	0.0156
0.01	0.0273	-0.1344	0.0264	0.0213	0.4164	-0.2574	0.872	31	62	16	2	1	0.01	0.05	1	0.01
0.01	0.0551	-0.123	0.0194	0.0451	0.67	0.0688	0.7391	61	63	16	2	2	0.01	0.05	0	0.01
0.01	0.0221	-0.0853	0.0232	0.0842	-0.3988	0.8961	-0.1948	62	0	16	2	3	0.01	0.05	0	0.01
0.011	0.0611	-0.202	0.1298	0.0507	0.9783	0.0494	-0.201	48	65	17	3	1	0.0064	0.4375	1	0.011
0.011	0.0622	-0.1421	0.1328	0.0384	0.6291	-0.1198	-0.768	64	0	17	3	2	0.0064	0.4375	0	0.011
0.0124	0.052	-0.22	0.0702	0.0838	-0.9479	-0.0738	-0.3098	50	67	18	3	1	0.0025	0.5	1	0.0124
0.0124	0.0727	-0.2693	0.0664	0.0677	-0.019	0.5432	-0.8394	66	68	18	3	2	0.0025	0.5	0	0.0124
0.0126	0.0858	-0.2721	0.1079	0.006	0.6047	0.133	-0.7852	67	69	18	3	3	0.0018	0.5417	0	0.0126
0.0145	0.0619	-0.2305	0.1328	-0.069	0.6903	0.1276	-0.7122	68	70	18	3	4	0.0016	0.4583	0	0.0177
0.0112	0.0783	-0.2022	0.1581	-0.1035	0.2946	0.6404	-0.7093	69	71	18	3	5	0.0032	0.5	0	0.0112
0.0134	0.0063	-0.1868	0.1425	-0.1179	0.1281	-0.5362	-0.8343	70	0	18	3	6	0.0012	0.15	0	0.0235
0.0121	0.1613	0.0459	0.0778	0.0588	-0.8966	0.3016	-0.3243	55	73	35	3	1	0.0014	0.4583	0	0.0121
0.0121	0.0154	-0.0917	0.1267	0.0042	-0.143	0.93	-0.3386	72	74	35	3	2	0.01	0.05	0	0.01
0.0121	0.0229	-0.0939	0.1409	-0.001	0.482	-0.4179	-0.7701	73	0	35	3	3	0.01	0.05	0	0.01
0.006	0.144	0.1588	0.0084	0.0405	0.5893	-0.4475	-0.6726	59	0	11	3	1	0.0083	0.2625	0	0.0144
0.0141	0.0541	-0.2629	0.0705	0.0423	-0.6114	-0.6938	-0.3807	67	77	36	4	1	0.003	0.6667	0	0.0157
0.0141	0.0419	-0.2922	0.0359	0.0177	-0.029	-0.7925	-0.6091	76	0	36	4	2	0.0018	0.4167	0	0.0141
0.0064	0.0759	-0.1961	0.1338	-0.1138	0.0694	-0.6783	0.7315	71	79	25	4	1	0.0112	0.25	1	0.012
0.0064	0.0342	-0.1566	0.0794	-0.0638	0.1282	-0.2976	0.946	78	0	25	4	2	0.005	0.125	0	0.012
0.0116	0.0952	-0.1864	0.1272	-0.1044	0.4634	-0.8057	0.3689	69	81	28	4	1	0.0027	0.4375	0	0.0116
0.0116	0.0329	-0.1481	0.0456	-0.0717	0.4114	-0.7448	0.5254	80	82	28	4	2	0.01	0.05	0	0.01
0.0116	0.0328	-0.1507	0.0458	-0.0767	0.6608	0.6923	0.2899	81	0	28	4	3	0.0023	0.3333	0	0.0111
