radius (m)	length (m)	start_point	axis_direction	parent	extension	branch	branch_order	position_in_branch	mad	SurfCov	added	UnmodRadius (m)
0.0133	0.0571	-0.1414	-0.2128	-0.1109	0.7874	0.0201	0.6161	0	2	1	0	1	0.0029	0.375	0	0.0129
0.0133	0.0346	-0.0969	-0.1981	-0.0779	0.8101	0.1147	0.575	1	3	1	0	2	0.01	0.05	0	0.01
0.0133	0.0233	-0.0761	-0.1846	-0.0738	0.5518	0.8012	0.2316	2	4	1	0	3	0.0016	0.2917	0	0.0108
0.0133	0.0442	-0.0808	-0.1748	-0.0675	-0.3668	0.7793	0.5081	3	5	1	0	4	0.006	0.25	0	0.0111
0.0133	0.0347	-0.09	-0.1299	-0.0465	-0.7572	0.555	0.3444	4	6	1	0	5	0.0053	0.375	0	0.0098
0.0133	0.0393	-0.0954	-0.1123	-0.0321	0.0228	0.9126	0.4081	5	7	1	0	6	0.01	0.05	0	0.01
0.0133	0.0055	-0.096	-0.0757	-0.0188	0.2867	0.9536	0.092	6	8	1	0	7	0.0014	0.4167	0	0.0133
0.0139	0.0261	-0.0973	-0.0704	-0.019	-0.0536	0.9433	0.3277	7	9	1	0	8	0.0014	0.2917	0	0.0139
0.0155	0.0357	-0.1018	-0.0503	-0.0021	0.2371	0.8147	0.5292	8	10	1	0	9	0.006	0.4063	0	0.0175
0.0133	0.0162	-0.1024	-0.0312	-0.0092	-0.8002	0.5978	0.0479	9	11	1	0	10	0.01	0.05	0	0.01
0.0133	0.0806	-0.1178	-0.0363	0.0027	0.9863	-0.0437	0.1589	10	12	1	0	11	0.0011	0.375	0	0.0116
0.0133	0.001	-0.0438	-0.0521	0.0123	0.9182	-0.3895	-0.0715	11	13	1	0	12	0.01	0.05	0	0.01
0.0152	0.0452	-0.0421	-0.0528	0.0204	0.995	0.0476	-0.0873	12	14	1	0	13	0.0031	0.175	0	0.0256
0.0133	0.0387	-0.0027	-0.0453	0.0041	0.8128	0.5708	-0.1165	13	15	1	0	14	0.01	0.05	0	0.01
0.0154	0.033	0.012	-0.0443	0.0164	-0.1692	0.6937	0.7001	14	16	1	0	15	0.0031	0.325	0	0.0276
0.0133	0.0626	0.0022	-0.0353	0.0326	-0.561	-0.2257	0.7964	15	17	1	0	16	0.0049	0.325	0	0.0121
0.0133	0.0257	-0.0019	-0.0509	0.078	0.0808	-0.6304	0.7721	16	18	1	0	17	0.0076	0.275	0	0.0084
0.0133	0.0357	0	-0.065	0.0998	0.5102	-0.5741	0.6404	17	19	1	0	18	0.01	0.05	0	0.01
0.014	0.0342	-0.0252	-0.075	0.121	-0.1584	-0.5256	0.8358	18	20	1	0	19	0.0021	0.3333	0	0.014
0.0133	0.0236	-0.0448	-0.0828	0.1141	-0.878	-0.4182	0.233	19	21	1	0	20	0.01	0.05	0	0.01
0.0133	0.0087	-0.035	-0.0686	0.1029	-0.6816	0.4865	-0.5466	20	0	1	0	21	0.01	0.05	0	0.01
0.0091	0.0819	-0.0558	-0.1751	-0.0619	0.8427	-0.5371	-0.0377	3	23	3	1	1	0.0022	0.4167	0	0.009
0.0101	0.0405	0.0006	-0.2245	-0.0593	0.5203	-0.6992	0.4903	22	24	3	1	2	0.0013	0.25	0	0.0101
0.0124	0.0368	0.0312	-0.2419	-0.0481	0.8229	-0.4887	0.2897	23	25	3	1	3	0.0011	0.3333	0	0.0127
0.0099	0.0417	0.0598	-0.2496	-0.0406	0.9447	0.2295	0.2344	24	26	3	1	4	0.0039	0.3	0	0.0099
0.0122	0.0527	0.0943	-0.2491	-0.0221	0.9324	-0.2908	0.2146	25	27	3	1	5	0.0022	0.1	0	0.0192
0.01	0.0301	0.139	-0.2714	-0.0288	0.7919	-0.6091	0.0438	26	28	3	1	6	0.01	0.05	0	0.01
0.0123	0.0336	0.1603	-0.2777	-0.0017	0.8603	-0.4222	0.2856	27	29	3	1	7	0.0009	0.4583	0	0.0128
0.0111	0.0372	0.1516	-0.3048	0.0089	0.2964	-0.8201	0.4896	28	30	3	1	8	0.0013	0.375	0	0.0111
0.01	0.0265	0.1406	-0.3312	0.025	-0.2052	-0.8691	0.4501	29	31	3	1	9	0.01	0.05	0	0.01
0.0114	0.043	0.1721	-0.3399	0.0177	0.4789	-0.8236	0.3037	30	32	3	1	10	0.0011	0.4583	0	0.0115
0.01	0.0048	0.1577	-0.3251	0.0162	-0.0841	0.2216	0.9715	31	33	3	1	11	0.01	0.05	0	0.01
0.0118	0.0373	0.1752	-0.3345	0.0184	0.514	0.8383	0.1819	32	34	3	1	12	0.0057	0.225	0	0.0212
0.0116	0.0145	0.2024	-0.3204	0.028	0.8849	0.3636	-0.2912	33	35	3	1	13	0.0012	0.375	0	0.0123
0.009	0.0671	0.2153	-0.3276	0.013	0.7787	-0.408	0.4766	34	36	3	1	14	0.0052	0.2813	0	0.0077
0.01	0.0344	0.2621	-0.3605	0.0354	0.749	-0.6615	-0.0381	35	37	3	1	15	0.01	0.05	0	0.01
0.01	0.0383	0.2941	-0.3735	0.037	0.8416	-0.5401	0.0002	36	0	3	1	16	0.01	0.05	0	0.01
0.012	0.0497	-0.0885	-0.026	0.0007	-0.9458	-0.1775	-0.2718	11	39	20	1	1	0.0028	0.4167	0	0.0119
0.0127	0.0649	-0.126	-0.0163	-0.0217	-0.9024	0.4256	-0.0669	38	40	20	1	2	0.0019	0.2917	0	0.0169
0.0119	0.0307	-0.1809	0.005	-0.0448	-0.79	0.5178	-0.3283	39	41	20	1	3	0.01	0.05	0	0.01
0.0119	0.0193	-0.1819	0.0024	-0.0347	-0.7131	-0.151	0.6847	40	0	20	1	4	0.01	0.05	0	0.01
0.01	0.0713	-0.0649	-0.0417	0.0132	0.1143	0.9931	-0.0261	13	43	24	1	1	0.01	0.05	0	0.01
0.011	0.0532	-0.0617	0.0269	0.0007	-0.7304	0.6508	0.2074	42	44	24	1	2	0.0015	0.4583	0	0.0111
0.01	0.0023	-0.1021	0.0553	0.0094	-0.5899	0.4046	-0.6988	43	45	24	1	3	0.01	0.05	0	0.01
0.0081	0.0486	-0.103	0.0557	0.0067	0.7524	0.6585	0.0169	44	46	24	1	4	0.0009	0.375	0	0.0067
0.0081	0.0256	-0.0646	0.0878	0.0106	0.2827	0.939	-0.1958	45	47	24	1	5	0.0011	0.3333	0	0.0081
0.0104	0.0246	-0.0548	0.1047	0.0047	0.4743	0.2742	-0.8366	46	48	24	1	6	0.0008	0.3333	0	0.0104
0.01	0.0084	-0.0521	0.1062	-0.0087	-0.1772	-0.6786	-0.7128	47	49	24	1	7	0.01	0.05	0	0.01
0.0114	0.0369	-0.0444	0.0938	-0.0234	0.6947	0.6892	0.206	48	50	24	1	8	0.0009	0.3333	0	0.0121
0.0123	0.0314	-0.0232	0.1235	0.0042	-0.5034	0.815	-0.2872	49	51	24	1	9	0.0009	0.2917	0	0.0156
0.0127	0.0397	-0.0383	0.1499	-0.0027	-0.6183	0.7813	-0.0856	50	52	24	1	10	0.0044	0.4	0	0.0142
0.008	0.0291	-0.0567	0.179	0.0017	-0.1863	0.9094	0.3719	51	53	24	1	11	0.0034	0.4688	0	0.0074
0.0079	0.0151	-0.0725	0.2043	0.004	-0.4165	0.8217	0.3889	52	54	24	1	12	0.0056	0.5833	0	0.007
0.0115	0.0099	-0.0616	0.2185	0.018	-0.2204	0.9404	0.2591	53	55	24	1	13	0.0042	0.5417	0	0.0118
0.011	0.0288	-0.0564	0.2297	0.0079	0.7323	0.4678	0.4949	54	56	24	1	14	0.0046	0.4063	0	0.0115
0.0113	0.0545	-0.0377	0.2181	0.0138	-0.9208	0.2005	-0.3346	55	57	24	1	15	0.0018	0.25	0	0.0129
0.0086	0.0023	-0.08	0.2478	-0.0101	-0.7555	0.1237	-0.6433	56	58	24	1	16	0.0098	0.3438	0	0.0086
0.01	0.0339	-0.0828	0.2424	-0.021	-0.817	0.5314	-0.2242	57	59	24	1	17	0.01	0.05	0	0.01
0.0097	0.0097	-0.0991	0.2692	-0.0031	-0.7378	0.6671	0.103	58	60	24	1	18	0.0012	0.3333	0	0.0097
0.01	0.0283	-0.1016	0.2624	0.0079	-0.743	0.2184	0.6327	59	61	24	1	19	0.01	0.05	0	0.01
0.0075	0.0747	-0.0994	0.261	-0	0.3774	0.9236	0.0673	60	62	24	1	20	0.0009	0.4167	0	0.0068
0.0083	0.0144	-0.0886	0.3243	0.0093	-0.2458	0.9413	0.2315	61	63	24	1	21	0.005	0.4583	0	0.0083
0.0079	0.0432	-0.0928	0.3367	0.0045	-0.945	0.3261	0.0254	62	64	24	1	22	0.0009	0.3333	0	0.0079
0.0073	0.0523	-0.1336	0.3505	0.0045	-0.9034	0.426	-0.0489	63	65	24	1	23	0.0036	0.3125	0	0.0061
0.0096	0.0229	-0.1598	0.3826	0.0165	-0.595	0.7032	0.3892	64	66	24	1	24	0.01	0.05	0	0.01
0.0125	0.0292	-0.1647	0.3901	0.0025	-0.9397	-0.184	-0.2884	65	67	24	1	25	0.001	0.4167	0	0.0193
0.0095	0.0039	-0.1917	0.387	0.0084	-0.6339	0.7664	-0.1041	66	68	24	1	26	0.01	0.05	0	0.01
0.0104	0.0159	-0.1966	0.3934	0.0007	-0.9478	0.0024	0.3188	67	69	24	1	27	0.0015	0.375	0	0.0113
0.01	0.0306	-0.2085	0.3906	-0.0023	-0.4777	0.7517	-0.4546	68	70	24	1	28	0.0014	0.2917	0	0.0109
0.01	0.033	-0.2227	0.4136	-0.0154	0.1581	0.98	-0.1205	69	71	24	1	29	0.0009	0.3333	0	0.0107
0.0093	0.0254	-0.207	0.4406	-0.0134	0.539	0.8127	-0.2214	70	72	24	1	30	0.01	0.05	0	0.01
0.0092	0.0364	-0.1963	0.4383	-0.0136	-0.9895	0.1392	0.0392	71	0	24	1	31	0.01	0.05	0	0.01
0.0144	0.0565	-0.0052	-0.0637	0.0258	0.2528	-0.9522	0.1715	13	74	30	1	1	0.0021	0.3333	0	0.0173
0.01	0.0139	0.0097	-0.1113	0.0346	0.8771	-0.1567	-0.4541	73	75	30	1	2	0.01	0.05	0	0.01
0.01	0.0187	-0.0001	-0.1089	0.0238	0.2251	0.9686	-0.1054	74	76	30	1	3	0.01	0.05	0	0.01
0.0089	0.0335	-0.0006	-0.112	0.0228	0.53	-0.079	0.8443	75	77	30	1	4	0.01	0.05	0	0.01
0.0051	0.0193	0.0172	-0.1146	0.051	-0.4522	0.2779	0.8475	76	0	30	1	5	0.01	0.05	0	0.01
0.0087	0.1178	0.0154	-0.0169	0.0251	0.6892	-0.1519	-0.7085	15	79	41	1	1	0.0021	0.4167	0	0.0086
0.0116	0.0518	0.0929	-0.0316	-0.0399	0.8229	-0.5101	0.2504	78	80	41	1	2	0.0011	0.25	0	0.0117
0.0125	0.058	0.1341	-0.0311	-0.0403	0.9363	0.1951	0.2919	79	81	41	1	3	0.0102	0.275	0	0.0145
0.0094	0.0158	0.1975	-0.0335	-0.0273	0.8424	0.4938	0.2156	80	82	41	1	4	0.0073	0.3	0	0.0094
0.0104	0.0217	0.2009	-0.0363	-0.0291	0.7339	-0.4175	-0.5358	81	83	41	1	5	0.0012	0.4167	0	0.0104
0.0118	0.0176	0.2212	-0.0439	-0.0387	0.503	-0.5249	-0.6866	82	0	41	1	6	0.0036	0.6667	0	0.0118
0.0116	0.0861	0.023	-0.0864	0.1108	0.7039	0.3297	-0.6292	18	85	55	1	1	0.0052	0.22	0	0.0172
0.0116	0.0168	0.0886	-0.0615	0.0716	0.9457	0.1627	-0.2813	84	0	55	1	2	0.0061	0.5	0	0.0116
0.0096	0.0464	0.0569	-0.2505	-0.0286	-0.31	0.9253	-0.2186	24	87	8	2	1	0.0012	0.4583	0	0.0096
0.0106	0.0414	0.0464	-0.2083	-0.0338	-0.0307	0.9858	0.1648	86	88	8	2	2	0.0011	0.3333	0	0.0111
0.0083	0.0287	0.0369	-0.167	-0.0297	-0.0733	0.9208	0.3831	87	89	8	2	3	0.0039	0.5313	0	0.0083
0.0095	0.0216	0.0366	-0.1381	-0.0231	-0.3344	0.8789	0.3401	88	90	8	2	4	0.01	0.05	0	0.01
0.0092	0.0243	0.0239	-0.124	-0.0141	-0.4658	0.6948	0.548	89	91	8	2	5	0.01	0.05	0	0.01
0.0088	0.0146	0.0278	-0.1097	0.0032	-0.0765	0.6913	0.7185	90	0	8	2	6	0.01	0.05	0	0.01
0.0095	0.0344	0.1381	-0.2705	-0.0188	0.1301	-0.0803	0.9882	27	93	12	2	1	0.0026	0.375	1	0.0195
0.0094	0.0412	0.1404	-0.2719	0.0161	-0.5306	-0.3473	-0.7732	92	94	12	2	2	0.0092	0.25	0	0.0195
0.0093	0.0341	0.1181	-0.2869	-0.0004	-0.4421	-0.8956	-0.0497	93	95	12	2	3	0.0043	0.225	0	0.0145
0.0091	0.027	0.105	-0.3083	-0.0192	-0.96	-0.185	-0.2102	94	96	12	2	4	0.0088	0.375	0	0.0122
0.0057	0.0429	0.0752	-0.3071	-0.0216	-0.546	0.0847	-0.8335	95	97	12	2	5	0.0056	0.4063	0	0.0056
0.0067	0.0285	0.0541	-0.3105	-0.0586	-0.5107	-0.0216	-0.8595	96	98	12	2	6	0.01	0.05	0	0.01
0.006	0.0078	0.0513	-0.2979	-0.0528	-0.5487	0.823	-0.1468	97	0	12	2	7	0.01	0.05	0	0.01
0.0075	0.0293	0.1566	-0.2861	0.0069	-0.9836	0.1777	-0.0321	28	100	13	2	1	0.0021	0.4167	1	0.0075
0.0075	0.0579	0.1278	-0.2809	0.006	-0.9616	0.1333	-0.2399	99	101	13	2	2	0.0021	0.4167	0	0.0075
0.0099	0.0354	0.0824	-0.2797	-0.004	-0.0988	-0.6242	-0.775	100	102	13	2	3	0.0009	0.2917	0	0.0122
0.0084	0.0056	0.0861	-0.2956	-0.0297	0.6266	-0.5866	-0.513	101	103	13	2	4	0.01	0.05	0	0.01
0.0082	0.0239	0.0896	-0.2989	-0.0326	0.0622	-0.6351	-0.7699	102	0	13	2	5	0.01	0.05	0	0.01
0.0116	0.0233	0.1249	-0.2508	-0.0056	0.6331	0.2764	0.7231	26	105	14	2	1	0.0035	0.5833	1	0.0175
0.0116	0.0317	0.1408	-0.2442	0.0104	-0.5832	0.2803	-0.7624	104	106	14	2	2	0.0061	0.35	0	0.0175
0.0116	0.0047	0.1165	-0.2362	0.0074	-0.8317	-0.4966	-0.2481	105	107	14	2	3	0.01	0.05	0	0.01
0.0116	0.0123	0.1126	-0.2385	0.0063	-0.7752	-0.5985	-0.202	106	0	14	2	4	0.01	0.05	0	0.01
0.0084	0.0305	0.1522	-0.2548	-0.013	0.2507	0.7474	-0.6153	26	109	16	2	1	0.0009	0.375	0	0.0084
0.0109	0.0227	0.1536	-0.2354	-0.0323	-0.2571	0.5735	-0.7778	108	110	16	2	2	0.0023	0.25	0	0.0125
0.0092	0.037	0.1472	-0.213	-0.0331	-0.9803	-0.1837	0.0724	109	111	16	2	3	0.001	0.375	0	0.0096
0.0068	0.0048	0.1134	-0.2147	-0.0324	-0.9151	0.3593	-0.183	110	112	16	2	4	0.01	0.05	0	0.01
0.0047	0.0189	0.1084	-0.2158	-0.0317	-0.6931	-0.2411	-0.6794	111	0	16	2	5	0.0023	0.125	0	0.01
0.0121	0.0362	0.1534	-0.3155	0.0173	-0.3983	0.9079	-0.1308	32	114	17	2	1	0.0031	0.4167	1	0.0121
0.0121	0.0498	0.139	-0.2826	0.0126	0.8764	-0.4795	0.045	113	115	17	2	2	0.0031	0.4167	0	0.0121
0.0121	0.039	0.1854	-0.3029	0.0004	0.8993	-0.4331	0.061	114	116	17	2	3	0.0011	0.3333	0	0.0087
0.0121	0.0394	0.2209	-0.3121	-0.0032	0.9981	-0.0109	0.0613	115	117	17	2	4	0.01	0.05	0	0.01
0.0121	0.0438	0.2557	-0.3239	0.007	0.9476	-0.235	0.2164	116	0	17	2	5	0.01	0.05	0	0.01
0.0097	0.0184	0.1746	-0.3498	0.0092	-0.0897	0.0851	-0.9923	31	119	22	2	1	0.002	0.4583	0	0.0097
0.0098	0.0047	0.1854	-0.352	-0.0089	0.0972	0.2824	-0.9543	118	120	22	2	2	0.01	0.05	0	0.01
0.0097	0.0217	0.1845	-0.3521	-0.0154	-0.8434	0.4651	0.269	119	121	22	2	3	0.01	0.05	0	0.01
0.0097	0.021	0.1655	-0.3427	-0.0113	0.3903	0.7863	-0.4789	120	0	22	2	4	0.01	0.05	0	0.01
0.0062	0.038	0.1893	-0.3285	0.0285	0.1902	0.9709	-0.1458	33	123	26	2	1	0.0011	0.4167	0	0.0062
0.0085	0.059	0.2005	-0.301	0.0148	-0.1644	0.6014	-0.7819	122	124	26	2	2	0.0011	0.2917	0	0.0093
0.0077	0.0275	0.1906	-0.2651	-0.0307	-0.377	0.6613	-0.6485	123	125	26	2	3	0.01	0.05	0	0.01
0.0074	0.0237	0.1824	-0.2429	-0.0324	-0.2642	0.9444	-0.1957	124	126	26	2	4	0.01	0.05	0	0.01
0.007	0.0286	0.1924	-0.2296	-0.0443	0.2436	0.8361	-0.4915	125	0	26	2	5	0.01	0.05	0	0.01
0.0105	0.074	-0.0693	0.0192	-0.0015	0.6631	-0.7151	-0.2214	43	128	89	2	1	0.002	0.375	0	0.0112
0.0103	0.0417	-0.0133	-0.034	-0.0163	-0.0533	0.9135	0.4033	127	129	89	2	2	0.0012	0.3333	0	0.0107
0.01	0.0578	-0.0123	0.0007	-0.0077	0.421	0.8856	-0.1962	128	130	89	2	3	0.0052	0.35	0	0.0125
0.0084	0.0385	-0.0009	0.0574	-0.0012	0.3056	0.9497	-0.0682	129	131	89	2	4	0.01	0.05	0	0.01
0.0089	0.0148	0.0089	0.0472	-0.0044	0.9987	-0.0441	-0.0241	130	132	89	2	5	0.0009	0.3333	0	0.0132
0.0083	0.0424	0.025	0.051	-0.005	0.4793	-0.0915	0.8729	131	133	89	2	6	0.0016	0.3333	0	0.0119
0.0054	0.0277	0.0381	0.0485	0.033	0.2074	0.4469	0.8702	132	134	89	2	7	0.01	0.05	0	0.01
0.0044	0.0224	0.0404	0.0496	0.0336	0.4162	0.7942	-0.4427	133	0	89	2	8	0.0026	0.225	0	0.01
0.0076	0.035	-0.1097	0.0566	0.0178	-0.4876	-0.7466	0.4526	43	136	36	2	1	0.006	0.4063	1	0.0076
0.0076	0.071	-0.1267	0.0304	0.0336	-0.7931	0.2599	-0.5508	135	137	36	2	2	0.006	0.4063	0	0.0076
0.0084	0.0234	-0.1795	0.0477	0.0048	-0.8581	-0.4527	0.2424	136	138	36	2	3	0.01	0.05	0	0.01
0.0085	0.0304	-0.183	0.0478	-0.0112	-0.8156	0.3756	-0.4402	137	139	36	2	4	0.0014	0.2917	0	0.0089
0.0082	0.021	-0.1978	0.0654	-0.0281	-0.5443	0.4867	-0.6833	138	140	36	2	5	0.01	0.05	0	0.01
0.0082	0.0077	-0.2071	0.0597	-0.0268	-0.9484	-0.2784	-0.1516	139	0	36	2	6	0.01	0.05	0	0.01
0.0077	0.0549	-0.0874	0.075	0.014	-0.9934	0.1051	-0.0469	45	142	45	2	1	0.0023	0.5	0	0.0077
0.0071	0.0297	-0.1345	0.0679	0.018	-0.8682	-0.496	0.0162	141	143	45	2	2	0.005	0.5833	0	0.0071
0.0076	0.0388	-0.1664	0.0679	0.0144	0.8531	0.2268	-0.4698	142	144	45	2	3	0.0014	0.375	0	0.0118
0.0076	0.016	-0.15	0.0762	-0.0038	-0.0241	0.7509	-0.66	143	145	45	2	4	0.0036	0.375	0	0.0096
0.0075	0.0446	-0.1582	0.0906	-0.0106	-0.4968	-0.3838	-0.7784	144	146	45	2	5	0.0052	0.25	0	0.0135
0.0072	0.0001	-0.1865	0.0823	-0.0436	-0.5874	-0.2577	-0.7671	145	147	45	2	6	0.01	0.05	0	0.01
0.0071	0.0252	-0.1865	0.0823	-0.0436	0.0276	-0.9884	-0.1491	146	0	45	2	7	0.01	0.05	0	0.01
0.016	0.0314	-0.0241	0.098	-0.0181	0.9482	0.1985	0.248	49	149	53	2	1	0.0029	0.375	1	0.0153
0.016	0.0546	0.0056	0.1043	-0.0103	0.6737	0.7045	0.2231	148	150	53	2	2	0.0029	0.375	0	0.0153
0.016	0.0368	0.027	0.1311	0.0066	-0.5628	0.8109	0.1605	149	151	53	2	3	0.0071	0.4583	0	0.016
0.016	0.0155	0.0097	0.1739	0.007	-0.933	0.3188	0.1669	150	152	53	2	4	0.0011	0.25	0	0.0156
0.016	0.0255	0.0005	0.1824	0.0093	-0.5411	0.8179	0.1955	151	153	53	2	5	0.0011	0.3333	0	0.0135
0.016	0.0399	0.0035	0.1999	0.0278	-0.4348	0.589	0.6812	152	154	53	2	6	0.0028	0.2	0	0.0107
0.016	0.0245	-0.0071	0.234	0.031	-0.3319	0.8945	0.2996	153	155	53	2	7	0.0028	0.175	0	0.0106
0.016	0.0006	-0.017	0.2557	0.0657	-0.0814	0.9967	0.0012	154	156	53	2	8	0.0017	0.175	0	0.01
0.016	0.0245	-0.0112	0.2519	0.0645	0.5823	0.8077	-0.0929	155	157	53	2	9	0.0017	0.1	0	0.01
0.016	0.0107	-0.0085	0.288	0.0647	0.2688	0.043	0.9622	156	0	53	2	10	0.0025	0.1	0	0.01
0.0083	0.1049	-0.0432	0.119	-0.007	-0.6199	0.7847	0.0069	47	159	74	2	1	0.0018	0.5	0	0.0083
0.0092	0.0334	-0.1005	0.1921	-0.0253	-0.661	0.5358	-0.5253	158	160	74	2	2	0.0049	0.4167	0	0.0092
0.0096	0.0146	-0.1329	0.2118	-0.0338	-0.6586	0.0511	-0.7507	159	161	74	2	3	0.0003	0.075	0	0.0163
0.009	0.0032	-0.136	0.2187	-0.0393	-0.552	0.7981	-0.2417	160	162	74	2	4	0.01	0.05	0	0.01
0.0088	0.0147	-0.1377	0.2213	-0.0401	-0.9216	-0.3857	0.0444	161	0	74	2	5	0.01	0.05	0	0.01
0.0025	0.0717	-0.1475	0.3617	0.0114	0.9731	0.2288	0.027	63	164	79	2	1	0.01	0.05	0	0.01
0.0025	0.0232	-0.0731	0.3827	0.0141	0.1506	-0.3174	0.9363	163	165	79	2	2	0.01	0.05	0	0.01
0.0025	0.0265	-0.0696	0.3753	0.0359	0.0635	-0.9791	0.1934	164	0	79	2	3	0.01	0.05	0	0.01
0.0025	0.0396	0.0523	-0.1917	-0.0311	0.6307	0.7759	-0.0157	87	0	19	3	1	0.01	0.05	0	0.01
0.0082	0.051	0.0171	0.1011	0.0032	0.2878	-0.4707	-0.8341	149	168	58	3	1	0.0022	0.2	0	0.0152
0.0085	0.0168	0.0341	0.0794	-0.0328	0.9124	-0.3529	-0.2073	167	169	58	3	2	0.01	0.05	0	0.01
0.0083	0.0394	0.0495	0.0735	-0.0363	0.5963	-0.5764	0.5588	168	0	58	3	3	0.01	0.05	0	0.01
0.0119	0.071	0.0396	0.1405	0.0034	0.2612	-0.9618	-0.0819	150	171	59	3	1	0.0035	0.3333	0	0.0123
0.011	0.0095	0.055	0.0716	-0.0007	0.0961	-0.9824	-0.1604	170	172	59	3	2	0.01	0.05	0	0.01
0.0105	0.023	0.0559	0.0623	-0.0022	0.0434	-0.7035	0.7094	171	173	59	3	3	0.01	0.05	0	0.01
0.01	0.0121	0.0571	0.0458	0.0136	-0.8427	-0.5376	-0.0303	172	0	59	3	4	0.01	0.05	0	0.01
0.0152	0.0338	-0.0145	0.212	0.0272	0.4973	0.2653	-0.826	153	175	61	3	1	0.0065	0.225	0	0.023
0.0122	0.0232	0.0006	0.2029	0.0045	0.9873	-0.1221	-0.1019	174	176	61	3	2	0.01	0.05	0	0.01
0.0111	0.0263	0.0235	0.2001	0.0022	0.9752	0.0608	0.2128	175	177	61	3	3	0.01	0.05	0	0.01
0.01	0.0147	0.0484	0.2024	0.0117	0.8277	-0.4974	0.26	176	0	61	3	4	0.01	0.05	0	0.01
0.0119	0.0242	-0.0065	0.1559	0.004	-0.7185	0.2832	-0.6352	150	179	93	3	1	0.0023	0.4167	0	0.0119
0.0119	0.0088	-0.0161	0.1621	-0.0027	0.1409	0.9889	-0.0473	178	180	93	3	2	0.01	0.05	0	0.01
0.0119	0.0224	-0.0149	0.1708	-0.0031	-0.6699	0.4325	-0.6035	179	181	93	3	3	0.01	0.05	0	0.01
0.0119	0.0215	-0.0319	0.1792	-0.018	-0.1873	0.8259	-0.5318	180	182	93	3	4	0.01	0.05	0	0.01
0.0119	0.0069	-0.0337	0.1948	-0.0276	0.23	-0.4831	-0.8448	181	0	93	3	5	0.01	0.05	0	0.01
0.0102	0.027	0.0138	0.206	0.0413	0.9984	-0.0519	0.021	153	184	67	3	1	0.0021	0.5417	0	0.0102
0.0102	0.0052	0.0388	0.2114	0.0334	0.8762	-0.2571	-0.4077	183	185	67	3	2	0.01	0.05	0	0.01
0.0102	0.0064	0.0477	0.2115	0.0326	0.1727	0.3579	-0.9176	184	0	67	3	3	0.01	0.05	0	0.01
0.0106	0.0267	-0.0819	0.1665	-0.0148	-0.0684	-0.1036	-0.9923	158	187	94	3	1	0.0036	0.5833	1	0.0106
0.0106	0.0562	-0.0838	0.1637	-0.0413	-0.8743	-0.3871	0.2927	186	188	94	3	2	0.0036	0.5833	0	0.0106
0.0106	0.0233	-0.1133	0.1377	-0.023	-0.2081	-0.9775	-0.035	187	189	94	3	3	0.0064	0.4583	0	0.0112
0.0106	0.0278	-0.1324	0.1212	-0.0337	-0.1465	-0.9183	-0.3678	188	190	94	3	4	0.01	0.05	0	0.01
0.0106	0.0097	-0.1243	0.1203	-0.0274	0.6896	-0.6073	0.3945	189	0	94	3	5	0.01	0.05	0	0.01
0.0129	0.0322	-0.1719	0.3626	-0.0052	-0.4278	-0.8154	-0.3899	0	192	96	0	1	0.0034	0.5	0	0.0129
0.0129	0.0179	-0.169	0.3488	-0.0165	0.5461	-0.7643	0.343	191	0	96	0	2	0.01	0.05	0	0.01
0.0139	0.0251	-0.2039	0.0838	-0.0328	-0.7721	0.5416	0.3326	0	194	99	0	1	0.0027	0.4167	0	0.0139
0.0139	0.0126	-0.2227	0.0938	-0.0263	0.5211	-0.3218	0.7905	193	0	99	0	2	0.01	0.05	0	0.01
0.0235	0.0424	0.075	0.1552	-0.0033	0.8969	-0.4307	-0.1004	0	196	100	0	1	0.0042	0.4167	0	0.0235
0.0235	0.0363	0.087	0.1409	-0.0198	-0.2772	0.5673	0.7755	195	0	100	0	2	0.0018	0.125	0	0.0108
