radius (m)	length (m)	start_point	axis_direction	parent	extension	branch	branch_order	position_in_branch	mad	SurfCov	added	UnmodRadius (m)
0.0102	0.0738	-0.2778	0.3121	-0.1003	0.3493	-0.7823	0.5157	0	2	1	0	1	0.0023	0.5833	0	0.0102
0.0097	0.0204	-0.2519	0.2525	-0.0684	0.6326	-0.7364	0.24	1	3	1	0	2	0.0011	0.375	0	0.0095
0.0161	0.0354	-0.2419	0.2353	-0.0494	0.4748	-0.8792	-0.04	2	4	1	0	3	0.0038	0.175	0	0.0238
0.0133	0.0458	-0.2258	0.2105	-0.0439	0.4724	-0.6183	0.6282	3	5	1	0	4	0.0013	0.3333	0	0.0139
0.0095	0.0296	-0.2109	0.1744	-0.0283	0.4365	-0.853	0.2862	4	6	1	0	5	0.001	0.25	0	0.0086
0.0094	0.0524	-0.2061	0.1488	-0.0148	0.1834	-0.9534	0.2394	5	7	1	0	6	0.0053	0.375	0	0.0079
0.0099	0.0328	-0.1692	0.1114	-0.0093	0.4548	-0.8572	0.2417	6	8	1	0	7	0.0061	0.375	0	0.0099
0.01	0.0278	-0.1573	0.103	-0.0026	0.9885	0.1497	-0.0212	7	9	1	0	8	0.01	0.05	0	0.01
0.0131	0.0287	-0.1645	0.0763	0.0045	0.6682	-0.7437	0.0204	8	10	1	0	9	0.001	0.3333	0	0.0143
0.015	0.0434	-0.1465	0.0506	0.0046	0.956	-0.2795	0.0895	9	11	1	0	10	0.001	0.3333	0	0.0186
0.0091	0.0636	-0.111	0.0268	0.0083	0.8865	-0.4546	-0.086	10	12	1	0	11	0.0008	0.2083	0	0.0091
0.0082	0.0386	-0.0567	-0.0021	-0.0113	0.8863	-0.446	-0.1248	11	13	1	0	12	0.0046	0.2708	0	0.0065
0.01	0.0222	-0.0227	-0.0149	-0.0205	0.7217	-0.4706	-0.5076	12	14	1	0	13	0.01	0.05	0	0.01
0.0124	0.0166	-0.0098	-0.0041	-0.0128	0.9092	-0.196	0.3674	13	15	1	0	14	0.0013	0.4583	0	0.0136
0.0074	0.0126	0.0087	-0.0204	-0.0043	0.8833	0.2916	0.3672	14	16	1	0	15	0.0053	0.4167	0	0.0072
0.0096	0.0238	0.0187	-0.0156	-0.0038	0.5928	-0.719	-0.3628	15	17	1	0	16	0.01	0.05	0	0.01
0.0069	0.0162	0.0164	-0.0319	-0.0006	-0.1355	-0.9836	-0.1187	16	18	1	0	17	0.0018	0.4167	0	0.0021
0.0091	0.0072	0.0117	-0.0429	-0.0086	-0.0575	-0.7884	-0.6124	17	19	1	0	18	0.01	0.05	0	0.01
0.0071	0.0883	0.0102	-0.0512	-0.018	0.8073	-0.5754	0.1313	18	20	1	0	19	0.0004	0.375	0	0.0071
0.0109	0.0331	0.0851	-0.1009	-0.0183	0.909	-0.3386	0.2433	19	21	1	0	20	0.0029	0.25	0	0.0163
0.0077	0.0056	0.1099	-0.1007	0.0018	0.9515	0.1629	0.261	20	22	1	0	21	0.01	0.05	0	0.01
0.0075	0.0015	0.1132	-0.1014	0.0021	-0.6657	0.7201	0.1958	21	23	1	0	22	0.01	0.05	0	0.01
0.0089	0.0885	0.1004	-0.0959	-0.0064	0.1465	0.9479	0.2828	22	24	1	0	23	0.0009	0.25	0	0.013
0.006	0.0086	0.1204	-0.0154	0.0164	0.4598	0.8804	0.1159	23	25	1	0	24	0.01	0.05	0	0.01
0.0054	0.0235	0.1244	-0.0078	0.0174	-0.2037	0.9214	0.3308	24	26	1	0	25	0.01	0.05	0	0.01
0.0051	0.0088	0.1196	0.0138	0.0252	-0.3233	0.6071	0.7259	25	0	1	0	26	0.01	0.05	0	0.01
0.0093	0.0521	-0.1431	0.0953	-0.0048	0.8937	-0.3174	0.3172	8	28	3	1	1	0.0024	0.5	0	0.0093
0.0093	0.0069	-0.1017	0.0723	0.0092	0.6901	-0.6652	0.2852	27	29	3	1	2	0.01	0.05	0	0.01
0.0093	0.0396	-0.0969	0.0676	0.0112	0.4036	-0.8933	-0.1978	28	0	3	1	3	0.01	0.05	0	0.01
0.0067	0.0596	0.0114	-0.0595	-0.0208	0.551	-0.8277	0.1064	19	31	6	1	1	0.002	0.375	0	0.0088
0.0062	0.0377	0.0367	-0.1106	-0.0128	0.2249	-0.9741	0.0247	30	32	6	1	2	0.0008	0.2917	0	0.0101
0.005	0.0256	0.0409	-0.1492	-0.0184	0.2128	-0.9659	0.1476	31	33	6	1	3	0.002	0.15	0	0.01
0.0041	0.0199	0.0563	-0.1634	-0.0214	0.6927	-0.7143	-0.0996	32	34	6	1	4	0.0022	0.15	0	0.01
0.0033	0.0122	0.0529	-0.1593	-0.0206	-0.7069	-0.6103	-0.3576	33	0	6	1	5	0.0012	0.125	0	0.01
0.0088	0.0181	0.1015	-0.116	-0.0061	-0.1992	-0.7353	0.6478	20	36	7	1	1	0.0012	0.375	1	0.0054
0.0088	0.0323	0.0979	-0.1293	0.0056	0.5222	-0.8134	-0.2565	35	37	7	1	2	0.0012	0.375	0	0.0054
0.0102	0.0558	0.1247	-0.1505	0.0019	0.21	-0.8477	0.4872	36	38	7	1	3	0.0012	0.4583	0	0.0102
0.0101	0.0259	0.1439	-0.2002	0.0121	0.1252	-0.9737	0.1902	37	39	7	1	4	0.0061	0.375	0	0.0111
0.0088	0.016	0.1429	-0.2242	0.0339	0.2719	-0.9528	0.1352	38	40	7	1	5	0.0034	0.5833	0	0.0088
0.0096	0.0281	0.1514	-0.2393	0.0281	0.4146	-0.887	0.2036	39	41	7	1	6	0.0009	0.2917	0	0.0097
0.0094	0.0017	0.1612	-0.2623	0.0452	0.5381	-0.81	0.2329	40	42	7	1	7	0.01	0.05	0	0.01
0.0092	0.0024	0.1626	-0.2673	0.0451	-0.4996	-0.1858	0.8461	41	0	7	1	8	0.01	0.05	0	0.01
0.0048	0.0489	0.1178	0.0198	0.0245	-0.2845	0.9519	-0.1135	26	44	13	1	1	0.0007	0.4167	1	0.0083
0.0048	0.0448	0.1039	0.0664	0.0189	-0.9984	-0.013	-0.0558	43	45	13	1	2	0.0007	0.4167	0	0.0083
0.0048	0.0009	0.0612	0.0672	0.0145	-0.7378	0.3429	-0.5814	44	46	13	1	3	0.0015	0.15	0	0.01
0.0048	0.014	0.0608	0.0689	0.0129	-0.9003	0.3421	0.269	45	0	13	1	4	0.0013	0.15	0	0.01
0.0082	0.0895	0.1174	-0.1455	0.0037	0.5321	0.824	0.1946	36	48	8	2	1	0.0012	0.375	0	0.0082
0.0077	0.0392	0.17	-0.0666	0.0296	0.6865	-0.7259	0.0429	47	49	8	2	2	0.0028	0.3	0	0.013
0.0063	0.0148	0.1906	-0.0908	0.0335	0.6057	0.7559	0.2486	48	50	8	2	3	0.01	0.05	0	0.01
0.005	0.0313	0.1971	-0.0804	0.04	-0.5223	0.8213	-0.2297	49	51	8	2	4	0.0008	0.1	0	0.01
0.0035	0.0176	0.1847	-0.0535	0.0317	-0.2944	0.9483	-0.1184	50	0	8	2	5	0.0016	0.1	0	0.01
