radius (m)	length (m)	start_point	axis_direction	parent	extension	branch	branch_order	position_in_branch	mad	SurfCov	added	UnmodRadius (m)
0.0173	0.0745	-0.3636	-0.1193	-0.2112	0.6511	0.0498	0.7574	0	2	1	0	1	0.0032	0.75	0	0.0173
0.0173	0.0465	-0.3231	-0.1271	-0.132	0.8316	0.3207	0.4535	1	3	1	0	2	0.0024	0.6667	0	0.0195
0.0173	0.0789	-0.2786	-0.1087	-0.1136	-0.3076	0.8452	0.4371	2	4	1	0	3	0.0021	0.9167	0	0.0173
0.0166	0.0806	-0.3051	-0.0406	-0.0759	0.3372	0.9236	-0.1823	3	5	1	0	4	0.0022	0.8333	0	0.0166
0.0177	0.0409	-0.2801	0.0356	-0.0917	0.6767	0.715	-0.1757	4	6	1	0	5	0.0021	0.7083	0	0.0177
0.0167	0.083	-0.2551	0.0558	-0.0988	0.9519	-0.2831	0.1175	5	7	1	0	6	0.0024	0.75	0	0.0167
0.0137	0.0542	-0.176	0.0302	-0.0828	0.9691	-0.2326	-0.0816	6	8	1	0	7	0.0022	0.7083	0	0.0137
0.0138	0.0324	-0.126	0.0099	-0.0784	0.2921	-0.7579	-0.5833	7	9	1	0	8	0.002	0.5	0	0.0138
0.0137	0.0189	-0.1087	-0.0177	-0.0992	-0.3788	-0.9241	-0.0517	8	0	1	0	9	0.01	0.05	0	0.01
0.0147	0.079	-0.3349	-0.1133	-0.1516	-0.9624	0.1213	0.2432	1	11	2	1	1	0.0031	0.5625	1	0.0148
0.0146	0.0999	-0.4109	-0.1038	-0.1324	-0.7409	0.6484	-0.1747	10	12	2	1	2	0.0031	0.5625	0	0.0148
0.0136	0.0272	-0.4896	-0.0441	-0.1399	-0.871	0.4604	-0.1713	11	13	2	1	3	0.0014	0.4167	0	0.0135
0.0135	0.0236	-0.5178	-0.0228	-0.1433	-0.6758	-0.4279	0.6002	12	0	2	1	4	0.0011	0.375	0	0.011
0.0156	0.0265	-0.3135	-0.0317	-0.0642	-0.5071	0.5036	0.6995	4	15	3	1	1	0.0027	0.7083	1	0.0156
0.0156	0.0683	-0.3269	-0.0184	-0.0456	-0.8096	0.5526	0.1979	14	16	3	1	2	0.0027	0.7083	0	0.0156
0.0156	0.0358	-0.4025	0.0248	-0.0343	0.2029	0.909	0.364	15	17	3	1	3	0.0018	0.4167	0	0.0154
0.0158	0.0427	-0.3943	0.0616	-0.02	-0.9357	0.1202	0.3317	16	0	3	1	4	0.0021	0.2917	0	0.0174
0.0164	0.1227	-0.2852	-0.1256	-0.1	0.9677	-0.2466	-0.0519	2	19	36	1	1	0.01	0.5571	0	0.023
0.0137	0.0556	-0.1699	-0.1489	-0.1109	0.9199	0.3657	-0.1418	18	20	36	1	2	0.0021	0.875	0	0.0137
0.0144	0.055	-0.1115	-0.1313	-0.1168	0.3916	0.8991	-0.1956	19	21	36	1	3	0.0017	0.7917	0	0.0144
0.0146	0.0445	-0.0737	-0.0883	-0.135	0.3485	0.936	-0.049	20	22	36	1	4	0.0015	0.5833	0	0.0127
0.0148	0.0409	-0.0596	-0.0454	-0.1411	0.7317	0.6788	-0.062	21	23	36	1	5	0.0019	0.7083	0	0.0148
0.0164	0.0436	-0.0336	-0.0116	-0.1404	0.8374	0.2829	0.4677	22	24	36	1	6	0.0021	0.625	0	0.0182
0.0179	0.0531	0.0047	0.0082	-0.1241	0.6963	0.212	0.6858	23	25	36	1	7	0.0029	0.75	0	0.0179
0.0164	0.0578	0.0345	0.0173	-0.0842	0.3954	0.1387	0.908	24	26	36	1	8	0.0077	0.65	0	0.0239
0.0164	0.0532	0.0446	0.0178	-0.0246	0.547	-0.8306	0.1041	25	27	36	1	9	0.0075	0.55	0	0.0221
0.0164	0.0614	0.0641	-0.0305	-0.0055	0.7887	-0.4399	0.4295	26	28	36	1	10	0.0025	0.6667	0	0.0174
0.0185	0.048	0.1105	-0.0609	0.0292	0.9105	0.2585	0.3227	27	29	36	1	11	0.0025	0.7083	0	0.0185
0.0175	0.0569	0.1599	-0.0505	0.0452	0.2538	0.8195	0.5138	28	30	36	1	12	0.0026	0.7917	0	0.0175
0.0171	0.0453	0.1763	-0.0129	0.0711	0.9227	0.0644	0.38	29	31	36	1	13	0.0026	0.75	0	0.0171
0.0169	0.0294	0.2194	0.0121	0.1009	0.9508	-0.1918	0.2433	30	32	36	1	14	0.0019	0.5833	0	0.0159
0.0172	0.0505	0.2527	0.0006	0.1025	0.7675	0.109	0.6318	31	33	36	1	15	0.0027	0.7083	0	0.0172
0.0163	0.0438	0.2912	0.0224	0.1471	0.563	-0.5031	0.6556	32	34	36	1	16	0.0021	0.625	0	0.0188
0.0162	0.0558	0.3153	0.0006	0.1761	0.5682	0.7604	0.3145	33	35	36	1	17	0.0066	0.5	0	0.022
0.0154	0.0384	0.3598	0.0256	0.2127	0.7476	0.6568	0.0981	34	36	36	1	18	0.0023	0.6667	0	0.0154
0.0156	0.0659	0.3963	0.0458	0.2059	0.5267	0.8499	-0.0181	35	37	36	1	19	0.0022	0.6667	0	0.0156
0.0137	0.0633	0.4168	0.1141	0.1999	0.5856	0.7712	0.2495	36	38	36	1	20	0.0014	0.3333	0	0.0133
0.0137	0.0229	0.4551	0.1599	0.2206	-0.0358	0.8423	0.5379	37	39	36	1	21	0.0013	0.375	0	0.0116
0.0137	0.043	0.4499	0.1789	0.2326	-0.0855	0.9401	0.3299	38	0	36	1	22	0.0041	0.4063	0	0.0091
0.0178	0.2042	-0.1845	0.0254	-0.1039	-0.237	0.9627	0.1305	6	41	4	1	1	0.0042	0.5625	0	0.0173
0.0178	0.0377	-0.2348	0.2219	-0.075	-0.3434	0.8972	-0.2776	40	42	4	1	2	0.0022	0.6667	0	0.0161
0.0178	0.039	-0.2436	0.2604	-0.0831	-0.5255	0.7059	-0.4749	41	0	4	1	3	0.0034	0.7083	0	0.0178
0.0158	0.0144	-0.0741	-0.0817	-0.1281	0.4765	-0.8765	0.0684	20	0	38	2	1	0.0055	0.4464	0	0.0158
0.0249	0.08	0.0615	0.0341	-0.0524	0.4855	0.6005	-0.6354	25	45	5	2	1	0.0035	0.4167	1	0.0249
0.0249	0.0441	0.1003	0.0822	-0.1032	-0.5639	0.2993	0.7697	44	0	5	2	2	0.0035	0.4167	0	0.0249
0.014	0.0998	0.0471	0.034	-0.0967	0.7478	0.4548	0.4837	24	47	6	2	1	0.0042	0.4167	1	0.014
0.014	0.0646	0.1217	0.0793	-0.0484	0.2324	-0.9664	0.1098	46	0	6	2	2	0.0042	0.4167	0	0.014
0.0142	0.1122	0.157	-0.0226	0.0765	-0.548	-0.8359	-0.0314	29	49	8	2	1	0.0023	0.625	0	0.0142
0.0165	0.0671	0.0957	-0.1153	0.0768	0.0987	-0.96	0.262	48	50	8	2	2	0.0022	0.625	0	0.0192
0.0126	0.0465	0.1003	-0.1842	0.084	0.984	-0.1008	-0.1468	49	51	8	2	3	0.0015	0.5	0	0.0126
0.0126	0.0392	0.1444	-0.189	0.073	0.7055	-0.6542	-0.2726	50	52	8	2	4	0.0009	0.2083	0	0.0093
0.0126	0.0523	0.1748	-0.2164	0.068	0.2491	-0.886	-0.3911	51	0	8	2	5	0.01	0.05	0	0.01
0.0112	0.1221	0.1728	-0.0257	0.0568	-0.1797	-0.6581	-0.7311	30	54	9	2	1	0.0013	0.3333	1	0.0139
0.0112	0.0222	0.1509	-0.1061	-0.0325	-0.54	-0.2455	-0.8051	53	55	9	2	2	0.0013	0.3333	0	0.0139
0.0112	0.057	0.1463	-0.1321	-0.0577	-0.764	-0.0448	-0.6437	54	0	9	2	3	0.0025	0.4167	0	0.0112
0.0153	0.0636	0.1761	-0.0566	0.0486	0.8913	-0.3951	0.2222	29	57	10	2	1	0.0045	0.4583	0	0.0153
0.0153	0.0336	0.2238	-0.0806	0.0642	-0.081	0.5361	-0.8402	56	0	10	2	2	0.0023	0.1	0	0.01
0.0128	0.0637	0.2932	-0.0093	0.1245	0.2087	-0.8584	-0.4686	32	59	11	2	1	0.0037	0.5	1	0.0134
0.0128	0.0752	0.3065	-0.064	0.0946	0.3349	-0.6567	-0.6757	58	60	11	2	2	0.0037	0.5	0	0.0134
0.0128	0.0375	0.3294	-0.1132	0.037	0.6494	0.7357	-0.1926	59	0	11	2	3	0.0025	0.4583	0	0.0128
0.0091	0.1201	0.4016	0.1163	0.1952	-0.8185	0.5312	-0.2191	37	62	12	2	1	0.0014	0.5	1	0.0091
0.0091	0.0892	0.3033	0.1801	0.1689	-0.8398	0.5231	-0.1456	61	63	12	2	2	0.0014	0.5	0	0.0091
0.0089	0.0263	0.227	0.2057	0.1553	-0.9925	0.0725	-0.0988	62	64	12	2	3	0.006	0.6563	0	0.0089
0.0082	0.0438	0.1973	0.2124	0.1511	-0.7969	-0.6004	-0.0666	63	65	12	2	4	0.0042	0.625	0	0.0082
0.0103	0.0861	0.2092	0.21	0.1584	-0.3531	0.8533	-0.3836	64	66	12	2	5	0.0012	0.4583	0	0.0108
0.0093	0.0358	0.1794	0.2802	0.1193	-0.2117	0.857	-0.4698	65	67	12	2	6	0.01	0.05	0	0.01
0.0095	0.046	0.1677	0.3106	0.1176	-0.3223	0.9443	-0.0657	66	0	12	2	7	0.0015	0.375	0	0.0099
0.0112	0.0939	0.268	0.0023	0.1372	-0.854	-0.1506	0.498	32	69	14	2	1	0.002	0.5417	1	0.0112
0.0112	0.0531	0.1879	-0.0119	0.184	-0.8136	0.5022	-0.2932	68	70	14	2	2	0.002	0.5417	0	0.0112
0.0122	0.0605	0.1437	0.0161	0.1737	-0.8653	0.4295	-0.2586	69	71	14	2	3	0.0018	0.5	0	0.0123
0.0119	0.0684	0.0995	0.0416	0.1585	0.0584	0.9789	-0.1957	70	72	14	2	4	0.0014	0.4167	0	0.0121
0.0109	0.034	0.0971	0.1104	0.1429	0.3209	0.9369	-0.1386	71	73	14	2	5	0.0014	0.5417	0	0.0109
0.0093	0.0082	0.0997	0.1429	0.1391	0.0751	0.997	-0.0174	72	74	14	2	6	0.0047	0.875	0	0.0093
0.0109	0.0343	0.1012	0.1507	0.1397	0.6449	0.7079	-0.288	73	0	14	2	7	0.0013	0.375	0	0.0116
0.018	0.1259	0.2225	-0.0019	0.1133	0.1612	-0.7388	0.6543	31	76	15	2	1	0.0045	0.5833	1	0.018
0.018	0.0625	0.2428	-0.0949	0.1957	0.4523	0.7798	0.433	75	0	15	2	2	0.0045	0.5833	0	0.018
0.0111	0.1277	0.3822	0.0248	0.2153	-0.174	-0.9	-0.3996	35	0	18	2	1	0.002	0.4167	0	0.0111
0.0109	0.145	0.3389	0.0238	0.2202	-0.369	0.9055	0.2096	35	79	20	2	1	0.0018	0.5417	0	0.0141
0.0094	0.0208	0.282	0.1542	0.247	-0.4991	0.8088	0.3109	78	80	20	2	2	0.0051	0.4688	0	0.0093
0.0093	0.0392	0.2719	0.1741	0.2552	-0.995	0.0546	0.0838	79	0	20	2	3	0.0011	0.3333	0	0.0069
0.014	0.0316	0.4286	0.1522	0.2103	-0.2038	0.9578	0.2026	37	82	29	2	1	0.0045	0.4167	1	0.014
0.014	0.0486	0.4222	0.1825	0.2167	-0.0027	0.7894	0.6139	81	83	29	2	2	0.0045	0.4167	0	0.014
0.014	0.0295	0.4274	0.2201	0.2477	-0.0843	0.621	0.7793	82	84	29	2	3	0.01	0.05	0	0.01
0.014	0.0034	0.4312	0.2403	0.2424	0.0321	0.9967	0.0742	83	85	29	2	4	0.01	0.05	0	0.01
0.014	0.0072	0.4322	0.2484	0.2502	0.9825	0.0813	-0.1675	84	0	29	2	5	0.0023	0.3333	0	0.0146
0.0154	0.07	-0.1961	0.1471	-0.0878	0.9186	-0.3675	0.145	40	87	22	2	1	0.0032	0.6667	0	0.0161
0.0126	0.0302	-0.1317	0.1263	-0.0794	0.9938	-0.041	-0.1031	86	88	22	2	2	0.0015	0.5417	0	0.0124
0.0124	0.0334	-0.1019	0.1218	-0.0803	0.9519	-0.2151	-0.218	87	0	22	2	3	0.0023	0.4583	0	0.0152
0.0134	0.1204	-0.054	-0.0869	-0.1228	0.7413	-0.6406	0.2001	43	90	39	3	1	0.0058	0.475	0	0.0184
0.0114	0.0673	0.052	-0.1639	-0.1045	-0.0212	0.9984	-0.0527	89	91	39	3	2	0.0017	0.4167	0	0.013
0.0114	0.0273	0.0441	-0.0839	-0.1057	0.8957	0.4342	0.0957	90	0	39	3	3	0.0016	0.4583	0	0.0114
0.012	0.0559	0.1702	-0.1957	0.0671	0.3096	0.9491	0.0579	51	93	40	3	1	0.0021	0.5833	0	0.0122
0.012	0.0736	0.18	-0.1359	0.0734	0.3362	0.6785	-0.6532	92	94	40	3	2	0.0021	0.5417	0	0.0135
0.012	0.0239	0.2112	-0.0864	0.0382	-0.0848	0.9935	0.076	93	95	40	3	3	0.0016	0.25	0	0.013
0.012	0.0238	0.2046	-0.0572	0.0361	-0.1335	0.4998	0.8558	94	0	40	3	4	0.0015	0.2917	0	0.0131
0.013	0.055	0.3135	-0.0929	0.0828	-0.386	-0.9169	-0.1014	59	0	24	3	1	0.003	0.4167	0	0.013
0.0111	0.0407	0.1167	0.158	0.1259	0.8219	-0.3818	0.4228	74	98	32	3	1	0.0042	0.4167	0	0.0116
0.0111	0.0503	0.151	0.1433	0.1387	0.9204	0.3202	0.2244	97	0	32	3	2	0.0013	0.5	0	0.0111
0.0116	0.0401	0.1359	0.0333	0.1673	0.4598	0.8668	-0.1931	70	100	33	3	1	0.0028	0.5417	1	0.0167
0.0116	0.0266	0.151	0.0632	0.1618	0.1514	-0.4974	-0.8542	99	101	33	3	2	0.0034	0.3	0	0.0167
0.0107	0.0773	0.1443	0.0565	0.1447	0.4916	0.8675	-0.0761	100	102	33	3	3	0.0016	0.5417	0	0.0107
0.0116	0.0238	0.1794	0.1233	0.1391	-0.0852	-0.0884	-0.9924	101	0	33	3	4	0.0038	0.4167	0	0.0118
0.01	0.02	0.0919	0.0329	0.1689	-0.8817	-0.1502	0.4472	70	104	34	3	1	0.0017	0.4583	1	0.01
0.01	0.0489	0.0742	0.0299	0.1778	-0.9272	-0.0117	-0.3744	103	105	34	3	2	0.0017	0.4583	0	0.01
0.01	0.0179	0.0292	0.0278	0.1601	-0.9564	-0.235	-0.1736	104	0	34	3	3	0.0032	0.4167	0	0.0119
0.0098	0.0526	0.11	0.1193	0.1469	0.8789	-0.2118	-0.4274	72	107	35	3	1	0.0019	0.4167	0	0.0098
0.0098	0.0333	0.1553	0.1058	0.1264	0.9581	-0.2687	0.099	106	0	35	3	2	0.0021	0.375	0	0.0128
0.0063	0.0582	0.2707	0.0703	0.2369	0.2605	0.8864	-0.3828	0	0	26	0	1	0.0053	0.2	0	0.0118
0.0126	0.0546	0.3582	0.1829	0.1571	0.8736	-0.1936	-0.4465	0	110	31	0	1	0.0022	0.4583	0	0.0129
0.0127	0.0695	0.4033	0.1688	0.1263	-0.5991	0.7794	-0.1832	109	111	31	0	2	0.0017	0.375	0	0.0144
0.0086	0.0303	0.3646	0.2311	0.1137	-0.9274	0.3464	0.1412	110	112	31	0	3	0.0025	0.4375	0	0.0081
0.0108	0.004	0.3394	0.2445	0.1239	-0.7218	0.692	0.0142	111	0	31	0	4	0.0021	0.4167	0	0.0125
