radius (m)	length (m)	start_point	axis_direction	parent	extension	branch	branch_order	position_in_branch	mad	SurfCov	added	UnmodRadius (m)
0.0104	0.083	0.2893	-0.1757	-0.1067	-0.2085	-0.7224	0.6594	0	2	1	0	1	0.003	0.4167	0	0.0104
0.01	0.04	0.2724	-0.2247	-0.0451	-0.004	-0.536	0.8442	1	3	1	0	2	0.01	0.05	0	0.01
0.0136	0.04	0.2555	-0.243	-0.0524	-0.9031	-0.2502	0.3489	2	4	1	0	3	0.0014	0.3333	0	0.016
0.0085	0.0502	0.2261	-0.2413	-0.0333	-0.8752	0.3707	0.3109	3	5	1	0	4	0.0007	0.2917	0	0.0085
0.0085	0.0229	0.1817	-0.2214	-0.0215	-0.8809	0.4081	0.2399	4	6	1	0	5	0.0022	0.4688	0	0.0077
0.0084	0.0282	0.1657	-0.209	-0.0218	-0.4751	0.8717	0.1199	5	7	1	0	6	0.0033	0.5833	0	0.0073
0.0083	0.0172	0.16	-0.1848	-0.0086	-0.081	0.9914	0.1032	6	8	1	0	7	0.0036	0.5833	0	0.0069
0.0098	0.0248	0.1521	-0.1753	-0.0055	-0.3332	0.4396	0.8341	7	9	1	0	8	0.001	0.375	0	0.0098
0.0157	0.0092	0.1544	-0.1864	0.0098	0.0612	-0.2084	0.9761	8	10	1	0	9	0.0049	0.4583	0	0.0182
0.012	0.0216	0.149	-0.1741	0.0235	-0.7325	-0.4705	0.492	9	11	1	0	10	0.0012	0.3333	0	0.0132
0.0106	0.0384	0.1323	-0.191	0.0289	-0.8447	-0.2485	0.4741	10	12	1	0	11	0.007	0.5	0	0.0106
0.0089	0.0135	0.1155	-0.2068	0.0557	-0.5106	-0.7822	0.357	11	13	1	0	12	0.005	0.375	0	0.0089
0.01	0.0366	0.1001	-0.2189	0.0521	-0.1848	-0.9156	0.3572	12	14	1	0	13	0.01	0.05	0	0.01
0.0097	0.0256	0.0991	-0.2131	0.0708	-0.4204	-0.0663	0.9049	13	15	1	0	14	0.0014	0.2917	0	0.0097
0.01	0.0171	0.098	-0.2144	0.0976	-0.3479	-0.0336	0.9369	14	16	1	0	15	0.01	0.05	0	0.01
0.0118	0.0352	0.0957	-0.2103	0.1057	-0.7716	-0.3265	-0.5458	15	17	1	0	16	0.0011	0.3333	0	0.0136
0.0113	0.0188	0.062	-0.2315	0.0889	-0.6694	0.5666	0.4804	16	18	1	0	17	0.001	0.3333	0	0.0127
0.0099	0.0078	0.0514	-0.2177	0.0915	-0.8493	-0.3223	-0.4181	17	19	1	0	18	0.01	0.05	0	0.01
0.0114	0.0263	0.0382	-0.2163	0.099	-0.0935	-0.9508	0.2953	18	20	1	0	19	0.0009	0.375	0	0.0127
0.0073	0.03	0.0515	-0.2464	0.1147	-0.4118	-0.8772	0.2467	19	21	1	0	20	0.0047	0.375	0	0.0068
0.0096	0.0261	0.0418	-0.2709	0.1134	0.2579	-0.9579	-0.1261	20	22	1	0	21	0.01	0.05	0	0.01
0.0093	0.0231	0.0368	-0.2657	0.111	-0.5167	-0.2261	0.8258	21	23	1	0	22	0.0009	0.375	0	0.0093
0.0094	0.0077	0.0297	-0.2737	0.1252	-0.5179	0.4243	-0.7428	22	24	1	0	23	0.01	0.05	0	0.01
0.0093	0.0136	0.0229	-0.2711	0.1238	-0.208	-0.9379	-0.2775	23	0	1	0	24	0.01	0.05	0	0.01
0.0092	0.0247	0.2705	-0.2317	-0.0157	-0.3246	0.4164	0.8493	2	26	2	1	1	0.0028	0.2917	0	0.0094
0.0079	0.0212	0.2677	-0.2317	0.0016	-0.6371	-0.5217	0.5674	25	27	2	1	2	0.0007	0.2083	0	0.0079
0.0092	0.0065	0.2548	-0.2414	0.0041	-0.8021	-0.5817	-0.1354	26	28	2	1	3	0.0011	0.3333	0	0.0125
0.0092	0.0314	0.2397	-0.252	0.0041	0.5675	-0.8221	-0.0454	27	29	2	1	4	0.0079	0.375	0	0.0095
0.0089	0.0205	0.2662	-0.2727	0.0155	-0.0789	-0.9069	0.4139	28	30	2	1	5	0.0036	0.5	0	0.0091
0.0062	0.0273	0.2719	-0.2904	0.0138	0.697	-0.5606	0.4471	29	31	2	1	6	0.0036	0.5833	0	0.0062
0.006	0.0317	0.2922	-0.3021	0.0201	0.8668	-0.488	-0.103	30	32	2	1	7	0.0034	0.375	0	0.006
0.0052	0.0119	0.3132	-0.3041	0.0334	0.9464	0.0678	0.3158	31	33	2	1	8	0.0052	0.5417	0	0.0046
0.0073	0.0327	0.3306	-0.3106	0.0304	0.8525	0.384	0.3546	32	34	2	1	9	0.0033	0.5833	0	0.0075
0.0059	0.0218	0.3429	-0.3003	0.023	0.6916	0.3887	-0.6088	33	35	2	1	10	0.01	0.05	0	0.01
0.0054	0.0211	0.3431	-0.3012	0.0278	0.7258	0.1478	0.6719	34	0	2	1	11	0.01	0.05	0	0.01
0.0044	0.0486	0.2026	-0.2322	-0.034	-0.1264	-0.9345	-0.3328	4	37	3	1	1	0.0059	0.35	1	0.0096
0.0044	0.0264	0.1841	-0.2813	-0.0308	0.0915	0.9657	0.243	36	38	3	1	2	0.005	0.275	0	0.0096
0.0032	0.0201	0.1858	-0.2559	-0.0228	0.7915	0.4861	0.3704	37	0	3	1	3	0.003	0.2917	0	0.0076
0.0081	0.0617	0.1606	-0.2178	-0.0098	-0.8351	0.55	0.0113	5	40	12	1	1	0.0025	0.4583	0	0.0098
0.0081	0.0191	0.1245	-0.1694	-0.0002	-0.6195	0.7659	-0.1721	39	41	12	1	2	0.0083	0.5	0	0.0128
0.0081	0.0074	0.092	-0.1652	-0.0147	-0.4545	0.8907	0.0113	40	42	12	1	3	0.01	0.05	0	0.01
0.0081	0.0232	0.096	-0.1525	-0.0216	-0.6598	-0.0628	-0.7488	41	43	12	1	4	0.01	0.05	0	0.01
0.0081	0.0208	0.0823	-0.1663	-0.0313	-0.6764	-0.4462	-0.586	42	44	12	1	5	0.01	0.05	0	0.01
0.0081	0.0181	0.0888	-0.16	-0.0141	-0.4566	0.8776	-0.146	43	45	12	1	6	0.01	0.05	0	0.01
0.0081	0.0106	0.0813	-0.1451	-0.0161	0.1252	0.5928	0.7955	44	46	12	1	7	0.01	0.05	0	0.01
0.0081	0.0027	0.0942	-0.1249	-0.0139	0.6907	-0.2826	0.6656	45	47	12	1	8	0.01	0.05	0	0.01
0.0081	0.038	0.095	-0.1289	-0.0244	-0.9358	-0.3113	0.1653	46	48	12	1	9	0.0006	0.2917	0	0.013
0.0081	0.0518	0.0552	-0.1421	-0.0168	-0.3712	0.8669	-0.3328	47	49	12	1	10	0.0008	0.2917	0	0.0114
0.0081	0.0263	0.0203	-0.0988	-0.0233	-0.2499	0.9433	-0.2183	48	50	12	1	11	0.0008	0.3333	0	0.0097
0.0077	0.0248	0.0143	-0.074	-0.0297	-0.3154	0.8982	-0.3063	49	51	12	1	12	0.0007	0.3333	0	0.0077
0.008	0.0171	0.0037	-0.0548	-0.0292	-0.6326	0.7711	0.0716	50	52	12	1	13	0.01	0.05	0	0.01
0.008	0.0109	0.0059	-0.0397	-0.0353	-0.014	0.972	0.2347	51	53	12	1	14	0.0025	0.275	0	0.0151
0.008	0.0346	0.0072	-0.0313	-0.031	-0.8311	-0.5538	0.0507	52	54	12	1	15	0.0016	0.375	0	0.0086
0.008	0.0196	-0.0186	-0.0448	-0.0237	-0.4461	-0.4995	0.7426	53	55	12	1	16	0.01	0.05	0	0.01
0.0076	0.0415	-0.0198	-0.0467	-0.0246	-0.9166	0.2129	-0.3383	54	56	12	1	17	0.0006	0.5417	0	0.0076
0.008	0.0211	-0.053	-0.0396	-0.0445	-0.7484	0.1256	-0.6513	55	57	12	1	18	0.01	0.05	0	0.01
0.0067	0.0224	-0.0594	-0.0349	-0.0353	-0.8826	0.3303	0.3344	56	58	12	1	19	0.0008	0.2917	0	0.0067
0.008	0.0313	-0.0799	-0.0312	-0.0315	-0.6651	0.5853	-0.4638	57	59	12	1	20	0.0006	0.4167	0	0.0099
0.008	0.0476	-0.0965	-0.0186	-0.0347	-0.9312	-0.3088	0.1939	58	60	12	1	21	0.001	0.375	0	0.0088
0.006	0.0159	-0.1414	-0.0269	-0.0243	-0.8665	-0.1676	0.4702	59	61	12	1	22	0.004	0.5417	0	0.0056
0.0079	0.0171	-0.1487	-0.0273	-0.016	-0.2861	0.5361	0.7942	60	62	12	1	23	0.01	0.05	0	0.01
0.008	0.0451	-0.1654	-0.0267	-0.0215	-0.8516	0.0035	0.5241	61	63	12	1	24	0.0007	0.2917	0	0.011
0.0065	0.0416	-0.1964	-0.0162	0.0103	-0.7679	0.0393	0.6394	62	64	12	1	25	0.0029	0.4063	0	0.0065
0.0079	0.0239	-0.2223	-0.0155	0.0421	-0.5726	0.3714	0.7309	63	65	12	1	26	0.01	0.05	0	0.01
0.0077	0.0217	-0.2233	-0.0081	0.034	0.0503	0.9983	-0.0308	64	66	12	1	27	0.0011	0.375	0	0.0077
0.0079	0.0036	-0.2199	0.009	0.0322	0.2647	0.3663	-0.8921	65	67	12	1	28	0.01	0.05	0	0.01
0.0072	0.0335	-0.2157	0.0145	0.033	-0.6915	0.7033	-0.1646	66	68	12	1	29	0.0066	0.4583	0	0.0072
0.008	0.0376	-0.2489	0.0253	0.0329	-0.7555	0.6443	0.119	67	69	12	1	30	0.0053	0.5417	0	0.0095
0.007	0.0078	-0.2646	0.0625	0.0346	-0.7206	0.676	-0.1542	68	70	12	1	31	0.0031	0.4583	0	0.007
0.0078	0.0327	-0.2757	0.0598	0.0343	-0.82	0.5718	-0.0253	69	71	12	1	32	0.0011	0.2083	0	0.0078
0.0061	0.0276	-0.3014	0.0815	0.033	-0.9315	0.3615	-0.0408	70	72	12	1	33	0.0037	0.4688	0	0.0061
0.008	0.0219	-0.3165	0.0968	0.0378	-0.5315	0.821	0.2084	71	73	12	1	34	0.0031	0.625	0	0.0093
0.008	0.0344	-0.3326	0.1021	0.0356	-0.7971	0.4773	-0.37	72	74	12	1	35	0.0046	0.5	0	0.0085
0.008	0.0081	-0.3621	0.1136	0.0353	-0.9848	0.1358	-0.1087	73	75	12	1	36	0.0037	0.5417	0	0.0089
0.0076	0.0224	-0.3666	0.1113	0.0294	-0.8684	-0.1778	-0.4629	74	76	12	1	37	0.01	0.05	0	0.01
0.0078	0.012	-0.3642	0.1177	0.0282	-0.5334	0.6975	0.4785	75	77	12	1	38	0.0008	0.3333	0	0.0081
0.0078	0.0215	-0.3592	0.132	0.0269	0.1217	0.6495	0.7505	76	78	12	1	39	0.0008	0.3333	0	0.0111
0.0076	0.0047	-0.3568	0.1453	0.0416	0.5412	0.706	-0.4567	77	79	12	1	40	0.01	0.05	0	0.01
0.0076	0.0092	-0.3421	0.1404	0.046	-0.1435	-0.7392	-0.6581	78	80	12	1	41	0.01	0.05	0	0.01
0.0078	0.0248	-0.3451	0.1402	0.0307	-0.181	0.7829	0.5953	79	81	12	1	42	0.0009	0.3333	0	0.0081
0.0078	0.0307	-0.3365	0.1508	0.0351	0.1738	0.849	-0.499	80	82	12	1	43	0.0036	0.25	0	0.013
0.0075	0.0004	-0.3265	0.1592	0.022	0.2856	-0.0514	-0.957	81	83	12	1	44	0.01	0.05	0	0.01
0.0077	0.0561	-0.3302	0.1569	0.0185	-0.491	0.8697	-0.0502	82	84	12	1	45	0.001	0.3333	0	0.008
0.0078	0.0336	-0.362	0.204	0.0105	0.0315	0.9418	-0.3347	83	85	12	1	46	0.0007	0.375	0	0.0081
0.0078	0.0367	-0.3585	0.2367	-0.0018	-0.4624	0.8786	-0.1196	84	86	12	1	47	0.0009	0.375	0	0.0094
0.0076	0.0434	-0.3809	0.2569	0.0023	-0.8402	0.5099	0.1847	85	87	12	1	48	0.0013	0.2083	0	0.0105
0.0066	0.0398	-0.4186	0.2773	0.0064	-0.9499	0.2516	0.1853	86	88	12	1	49	0.0041	0.4375	0	0.0066
0.0076	0.02	-0.4556	0.2915	0.0148	-0.977	0.1271	0.1712	87	89	12	1	50	0.0029	0.4375	0	0.0078
0.0067	0.037	-0.4527	0.3007	0.0079	-0.2947	0.9552	-0.0275	88	90	12	1	51	0.0067	0.4167	0	0.0067
0.0072	0.036	-0.4777	0.3312	0.0003	-0.1087	0.8995	-0.4232	89	91	12	1	52	0.01	0.05	0	0.01
0.0075	0.0172	-0.4869	0.3396	-0.001	-0.9577	0.2688	0.1028	90	92	12	1	53	0.0008	0.25	0	0.011
0.0072	0.024	-0.5004	0.3511	0.0085	-0.9447	0.3205	0.0699	91	93	12	1	54	0.01	0.05	0	0.01
0.0072	0.0228	-0.5206	0.3473	0.0164	-0.9557	-0.045	0.2907	92	94	12	1	55	0.01	0.05	0	0.01
0.0071	0.0047	-0.5238	0.3538	0.0045	-0.7251	0.3791	-0.575	93	0	12	1	56	0.01	0.05	0	0.01
0.0093	0.0127	0.1579	-0.1682	-0.0097	0.577	0.7026	-0.4165	8	96	14	1	1	0.0023	0.2917	1	0.0193
0.0093	0.0461	0.1591	-0.1698	-0.0131	0.8525	-0.4526	0.2616	95	97	14	1	2	0.0034	0.2	0	0.0193
0.0093	0.0433	0.2004	-0.1856	0.0068	-0.7467	0.6309	-0.2108	96	98	14	1	3	0.0013	0.375	0	0.0112
0.0093	0.032	0.1894	-0.1478	0.0094	-0.2886	0.9115	-0.293	97	99	14	1	4	0.0061	0.5417	0	0.0102
0.0069	0.022	0.1639	-0.1224	-0.0062	-0.2117	0.9768	-0.0323	98	100	14	1	5	0.0056	0.4583	0	0.0068
0.0093	0.0239	0.1687	-0.1048	0.0136	-0.2696	0.9151	0.3	99	101	14	1	6	0.0046	0.4583	0	0.0108
0.0068	0.0196	0.1789	-0.0972	0.0152	0.6104	0.4616	0.6437	100	102	14	1	7	0.0076	0.4167	0	0.0058
0.009	0.0232	0.1894	-0.0782	0.0244	0.856	0.2756	0.4373	101	103	14	1	8	0.01	0.05	0	0.01
0.0091	0.0208	0.1999	-0.0814	0.022	0.8501	-0.4284	-0.3063	102	104	14	1	9	0.0009	0.2917	0	0.0116
0.009	0.0499	0.2215	-0.0828	0.027	-0.0844	0.8436	-0.5303	103	105	14	1	10	0.0017	0.2917	0	0.0122
0.0087	0.0028	0.214	-0.0437	-0.0051	0.2627	0.7714	-0.5796	104	106	14	1	11	0.01	0.05	0	0.01
0.009	0.0311	0.2203	-0.046	0.0059	0.8992	0.3404	-0.275	105	107	14	1	12	0.0022	0.25	0	0.0161
0.0085	0.0068	0.2454	-0.0389	-0.0042	-0.1374	0.4972	-0.8567	106	108	14	1	13	0.01	0.05	0	0.01
0.0088	0.0268	0.2453	-0.0251	-0.023	-0.4283	0.7178	0.5489	107	109	14	1	14	0.0037	0.225	0	0.0169
0.0087	0.0219	0.249	-0.0038	-0.0092	-0.0291	0.5894	0.8073	108	110	14	1	15	0.0039	0.325	0	0.0282
0.0082	0.0268	0.2494	0.0034	0.0102	0.0014	0.2909	0.9567	109	111	14	1	16	0.01	0.05	0	0.01
0.0088	0.0475	0.2435	0.0045	0.0217	0.7999	0.3372	-0.4964	110	112	14	1	17	0.0015	0.4167	0	0.0106
0.0082	0.0179	0.2754	0.0234	0.0019	0.5822	0.1726	0.7945	111	113	14	1	18	0.0008	0.3333	0	0.0087
0.0078	0.0071	0.2752	0.0318	-0.0083	0.8294	0.4976	-0.2539	112	114	14	1	19	0.01	0.05	0	0.01
0.0077	0.0295	0.2776	0.0436	-0.0078	-0.2472	0.1666	-0.9545	113	115	14	1	20	0.01	0.05	0	0.01
0.0076	0.0205	0.2782	0.0539	-0.0065	-0.584	0.8117	0.0095	114	116	14	1	21	0.01	0.05	0	0.01
0.0075	0.0236	0.2851	0.0505	-0.006	0.7199	0.6813	0.1326	115	0	14	1	22	0.01	0.05	0	0.01
0.0101	0.0368	0.121	-0.1957	0.0263	0.4249	-0.4959	0.7573	11	118	30	1	1	0.0025	0.2	0	0.0178
0.0101	0.0721	0.1411	-0.2143	0.0525	0.1448	-0.8034	0.5775	117	119	30	1	2	0.0047	0.275	0	0.0131
0.0098	0.0257	0.1407	-0.2649	0.1064	0.1343	-0.7909	0.597	118	120	30	1	3	0.01	0.05	0	0.01
0.0097	0.0422	0.1537	-0.2923	0.0945	0.2318	-0.9184	0.3206	119	0	30	1	4	0.0021	0.3333	0	0.0097
0.0084	0.0534	0.1143	-0.2003	0.062	-0.7291	0.6522	0.2076	12	122	36	1	1	0.0057	0.4583	0	0.0122
0.0084	0.0173	0.0675	-0.1755	0.0653	-0.142	0.6757	-0.7234	121	123	36	1	2	0.0048	0.375	0	0.0076
0.0084	0.0112	0.0648	-0.1627	0.0537	-0.5526	0.4318	-0.7128	122	124	36	1	3	0.01	0.05	0	0.01
0.0084	0.0175	0.0586	-0.1578	0.0457	-0.453	0.4829	-0.7494	123	0	36	1	4	0.01	0.05	0	0.01
0.0052	0.0135	0.2541	-0.2426	-0.0053	0.0859	-0.0136	-0.9962	27	126	4	2	1	0.0016	0.5	1	0.0052
0.0052	0.0544	0.2553	-0.2427	-0.0188	0.6865	-0.6218	0.3769	125	127	4	2	2	0.0016	0.5	0	0.0052
0.0069	0.0263	0.291	-0.2787	0	0.5369	-0.7455	0.3949	126	128	4	2	3	0.01	0.05	0	0.01
0.0076	0.0051	0.2923	-0.2937	-0.0069	-0.3099	-0.9505	-0.0234	127	129	4	2	4	0.0031	0.275	0	0.0148
0.0075	0.0149	0.2866	-0.3038	-0.0163	-0.4493	-0.6773	0.5825	128	130	4	2	5	0.0036	0.225	0	0.0158
0.0067	0.0149	0.2792	-0.3098	-0.0071	-0.6166	-0.0126	-0.7872	129	131	4	2	6	0.01	0.05	0	0.01
0.0065	0.0096	0.2702	-0.3099	-0.0183	-0.5534	-0.7683	0.3216	130	132	4	2	7	0.01	0.05	0	0.01
0.0062	0.0329	0.2649	-0.3172	-0.0152	0.0992	-0.995	-0.0119	131	0	4	2	8	0.01	0.05	0	0.01
0.0087	0.0253	0.2625	-0.2301	0.0084	-0.0847	-0.8212	0.5643	25	134	5	2	1	0.01	0.05	1	0.01
0.0087	0.0283	0.2604	-0.2509	0.0227	-0.9372	-0.2642	0.2279	133	135	5	2	2	0.01	0.05	0	0.01
0.0087	0.0206	0.234	-0.2577	0.0296	-0.9233	0.3778	-0.0695	134	136	5	2	3	0.01	0.05	0	0.01
0.0087	0.0102	0.2145	-0.2496	0.0248	0.1496	0.9853	0.0825	135	0	5	2	4	0.01	0.05	0	0.01
0.0035	0.0136	0.3284	-0.3175	0.0339	-0.0696	-0.8276	0.557	33	138	23	2	1	0.0048	0.4583	1	0.0034
0.0035	0.034	0.3274	-0.3288	0.0415	-0.6913	-0.063	0.7198	137	139	23	2	2	0.0048	0.4583	0	0.0034
0.007	0.0096	0.3021	-0.3295	0.0688	0.5839	-0.5101	0.6315	138	140	23	2	3	0.01	0.05	0	0.01
0.007	0.0262	0.3077	-0.3344	0.0748	-0.0859	0.9589	-0.2706	139	0	23	2	4	0.01	0.05	0	0.01
0.0082	0.0159	0.1161	-0.1718	-0.0001	-0.9616	-0.2745	0.0035	40	142	17	2	1	0.0022	0.4167	1	0.0082
0.0082	0.0392	0.1008	-0.1761	-0.0001	-0.8563	0.4754	0.2017	141	143	17	2	2	0.0022	0.4167	0	0.0082
0.0082	0.0046	0.0704	-0.1618	0.0138	-0.9172	-0.1606	0.3647	142	144	17	2	3	0.01	0.05	0	0.01
0.0082	0.0207	0.0662	-0.1625	0.0154	-0.3504	-0.6383	0.6854	143	145	17	2	4	0.01	0.05	0	0.01
0.0082	0.0223	0.061	-0.1756	0.0327	-0.4386	0.8616	0.2555	144	0	17	2	5	0.0021	0.3333	0	0.013
0.0086	0.0482	0.0928	-0.1524	-0.0109	0.5582	0.7217	0.4094	44	147	18	2	1	0.0013	0.375	1	0.0084
0.0086	0.0463	0.1198	-0.1176	0.0088	0.6625	0.7459	-0.0681	146	148	18	2	2	0.0013	0.375	0	0.0084
0.0086	0.0358	0.133	-0.091	0.0002	-0.1677	0.7816	-0.6008	147	149	18	2	3	0.0062	0.4583	0	0.009
0.0086	0.0068	0.1373	-0.0786	-0.0249	-0.3407	-0.0097	-0.9401	148	150	18	2	4	0.0042	0.5	0	0.0088
0.0086	0.0239	0.1438	-0.0678	-0.0212	0.8225	-0.1586	-0.5462	149	151	18	2	5	0.0057	0.5	0	0.0086
0.0086	0.006	0.1608	-0.0637	-0.0293	0.9065	0.3934	-0.1531	150	152	18	2	6	0.01	0.05	0	0.01
0.0086	0.0271	0.1662	-0.0613	-0.0302	0.9195	0.2964	0.2583	151	153	18	2	7	0.01	0.05	0	0.01
0.0086	0.016	0.1912	-0.0533	-0.0232	0.8523	0.4713	0.227	152	0	18	2	8	0.01	0.05	0	0.01
0.0058	0.0824	0.0118	-0.0281	-0.0272	0.8796	-0.4189	0.2254	52	155	20	2	1	0.0046	0.375	0	0.0058
0.0057	0.0083	0.0824	-0.0572	-0.0143	0.8959	0.4313	0.1065	154	156	20	2	2	0.0028	0.5417	0	0.0054
0.0068	0.0151	0.088	-0.052	-0.0153	0.626	0.7782	0.0492	155	157	20	2	3	0.0046	0.5417	0	0.0068
0.0076	0.0343	0.0976	-0.0403	-0.0253	0.9968	-0.0786	0.0134	156	158	20	2	4	0.0011	0.2083	0	0.008
0.0076	0.0174	0.1312	-0.0439	-0.0307	0.9958	-0.0151	-0.0905	157	159	20	2	5	0.01	0.05	0	0.01
0.0073	0.0402	0.129	-0.0391	-0.0221	0.1581	0.9714	-0.1772	158	160	20	2	6	0.0011	0.4167	0	0.0073
0.0076	0.0251	0.1339	-0.005	-0.0353	0.1106	0.7594	-0.6412	159	161	20	2	7	0.01	0.05	0	0.01
0.0076	0.0134	0.1347	0.0093	-0.0276	-0.2514	0.9528	0.1705	160	162	20	2	8	0.001	0.4167	0	0.0083
0.0076	0.0211	0.1293	0.0194	-0.029	-0.5333	0.7939	-0.2922	161	163	20	2	9	0.0008	0.25	0	0.0103
0.0076	0.0268	0.1167	0.0381	-0.0381	-0.8432	0.1811	0.5061	162	164	20	2	10	0.0008	0.375	0	0.0097
0.0076	0.0138	0.0992	0.0518	-0.0309	-0.5909	0.6672	0.4535	163	165	20	2	11	0.0012	0.3333	0	0.0095
0.0076	0.0322	0.0924	0.0601	-0.0262	0.2667	0.9242	-0.2733	164	166	20	2	12	0.001	0.25	0	0.0076
0.007	0.033	0.0922	0.0881	-0.0185	0.3029	0.916	0.263	165	167	20	2	13	0.0038	0.3438	0	0.007
0.0076	0.0307	0.0988	0.0875	-0.0129	-0.1106	-0.0865	0.9901	166	168	20	2	14	0.01	0.05	0	0.01
0.0076	0.0623	0.0931	0.0805	-0.0149	0.2191	0.9646	-0.147	167	169	20	2	15	0.001	0.3333	0	0.0083
0.0058	0.0347	0.111	0.1382	-0.0236	0.4766	0.8648	0.1579	168	170	20	2	16	0.0009	0.2083	0	0.0058
0.0076	0.0284	0.138	0.1638	-0.0216	0.4726	0.6895	0.5489	169	171	20	2	17	0.0013	0.25	0	0.0126
0.0076	0.0363	0.1524	0.1857	-0.0129	0.8747	0.4031	0.269	170	172	20	2	18	0.0043	0.4375	0	0.0101
0.0076	0.0088	0.1815	0.2056	-0.0023	0.8927	0.4377	0.1071	171	173	20	2	19	0.0047	0.5833	0	0.0078
0.0076	0.047	0.1609	0.2022	-0.0175	-0.2977	0.9496	0.0979	172	174	20	2	20	0.0081	0.3333	0	0.0179
0.0076	0.0302	0.1395	0.232	-0.0052	-0.9106	0.3963	-0.117	173	175	20	2	21	0.0051	0.3333	0	0.0108
0.0076	0.0318	0.1145	0.2319	-0.0097	-0.9775	-0.2029	-0.0571	174	176	20	2	22	0.0046	0.5625	0	0.0103
0.0065	0.0218	0.0831	0.225	-0.0052	-0.9065	-0.4148	-0.0781	175	177	20	2	23	0.0034	0.4375	0	0.0065
0.0068	0.032	0.0625	0.2188	-0.0123	-0.9704	-0.2367	0.0488	176	178	20	2	24	0.0033	0.4688	0	0.0068
0.0072	0.0167	0.0319	0.2111	-0.0126	-0.9653	-0.0143	-0.2608	177	179	20	2	25	0.0028	0.4583	0	0.0072
0.0074	0.0004	0.0307	0.2194	-0.0226	-0.4862	0.3053	-0.8188	178	180	20	2	26	0.01	0.05	0	0.01
0.0075	0.0376	0.017	0.2306	-0.033	-0.6157	-0.0346	0.7872	179	181	20	2	27	0.0007	0.3333	0	0.0209
0.0073	0.0053	-0.0093	0.2127	-0.0106	-0.9847	0.1498	0.0889	180	182	20	2	28	0.01	0.05	0	0.01
0.0075	0.0306	-0.001	0.2189	-0.0153	-0.4821	0.6054	-0.6333	181	183	20	2	29	0.0017	0.4167	0	0.0128
0.0073	0.0086	-0.0077	0.2417	-0.0289	0.6645	-0.5307	-0.5261	182	184	20	2	30	0.01	0.05	0	0.01
0.0075	0.0471	-0.0085	0.238	-0.0447	-0.8671	-0.0654	0.4938	183	185	20	2	31	0.0014	0.3333	0	0.0115
0.0074	0.0188	-0.0543	0.2385	-0.0183	-0.2255	0.4463	-0.866	184	186	20	2	32	0.001	0.2917	0	0.0124
0.0074	0.0219	-0.059	0.2457	-0.0271	-0.9575	0.2883	-0.007	185	187	20	2	33	0.001	0.2917	0	0.0113
0.0074	0.042	-0.0739	0.2681	-0.0165	-0.9344	0.3561	-0.0075	186	188	20	2	34	0.0011	0.2083	0	0.0138
0.0054	0.046	-0.1076	0.2851	-0.0342	-0.6776	0.7235	-0.1316	187	189	20	2	35	0.005	0.4688	0	0.0054
0.0072	0.0149	-0.1221	0.313	-0.038	0.178	0.1372	-0.9744	188	190	20	2	36	0.01	0.05	0	0.01
0.0072	0.0285	-0.1243	0.3179	-0.0361	0.3333	0.9407	-0.0634	189	191	20	2	37	0.01	0.05	0	0.01
0.0074	0.0233	-0.1353	0.3312	-0.0355	-0.556	0.8149	-0.1636	190	192	20	2	38	0.0008	0.375	0	0.0101
0.0072	0.0604	-0.1502	0.3466	-0.0325	-0.5418	0.7957	0.2708	191	193	20	2	39	0.0006	0.375	0	0.0073
0.0071	0.0364	-0.1804	0.3913	-0.0093	-0.4845	0.7058	0.5167	192	194	20	2	40	0.01	0.05	0	0.01
0.0073	0.0038	-0.1967	0.4136	-0.0158	-0.6511	0.7471	-0.1337	193	195	20	2	41	0.0007	0.4167	0	0.0074
0.0072	0.0289	-0.188	0.4195	-0.0123	-0.2545	0.9667	-0.0263	194	196	20	2	42	0.0011	0.2083	0	0.0095
0.0071	0.0175	-0.2065	0.4419	-0.0083	-0.3776	0.9099	0.1719	195	197	20	2	43	0.01	0.05	0	0.01
0.0071	0.0033	-0.2033	0.4427	-0.0066	-0.4487	-0.3593	0.8183	196	198	20	2	44	0.01	0.05	0	0.01
0.007	0.0046	-0.2056	0.4433	-0.005	0.1133	0.5664	0.8163	197	0	20	2	45	0.01	0.05	0	0.01
0.0091	0.0625	0.0867	-0.1647	-0.008	-0.61	-0.712	-0.3479	41	200	25	2	1	0.002	0.375	0	0.0116
0.0091	0.0401	0.0426	-0.1919	-0.0225	-0.7841	-0.4508	0.4265	199	201	25	2	2	0.0008	0.2917	0	0.0119
0.0091	0.0485	0.011	-0.2015	-0.0184	-0.9601	0.2324	0.1555	200	202	25	2	3	0.0056	0.325	0	0.0084
0.0091	0.04	-0.0313	-0.1858	-0.0154	-0.8275	0.4274	-0.364	201	203	25	2	4	0.01	0.05	0	0.01
0.0091	0.0513	-0.0582	-0.1573	-0.0198	-0.7325	0.6295	-0.2591	202	204	25	2	5	0.0011	0.4167	0	0.0091
0.0091	0.007	-0.1011	-0.1301	-0.0237	-0.7626	0.6403	-0.0918	203	205	25	2	6	0.005	0.375	0	0.0074
0.0091	0.0291	-0.1041	-0.1406	-0.0378	-0.8517	0.2656	-0.4517	204	206	25	2	7	0.01	0.05	0	0.01
0.0091	0.0262	-0.1088	-0.1218	-0.0203	-0.6865	0.7006	0.1946	205	0	25	2	8	0.01	0.05	0	0.01
0.0076	0.1097	-0.0417	-0.0389	-0.025	-0.3728	0.9266	-0.0486	56	208	39	2	1	0.0009	0.2917	0	0.0081
0.0075	0.0357	-0.0843	0.0614	-0.0347	-0.5532	0.8319	-0.0444	207	209	39	2	2	0.0009	0.2083	0	0.008
0.0075	0.0285	-0.1044	0.0906	-0.0363	-0.7422	0.5282	-0.4125	208	210	39	2	3	0.0009	0.3333	0	0.0078
0.0066	0.0355	-0.123	0.1026	-0.0319	-0.5624	0.7902	0.2436	209	211	39	2	4	0.0044	0.5833	0	0.0066
0.0074	0.0336	-0.1432	0.1392	-0.0386	-0.4462	0.7783	0.4419	210	212	39	2	5	0.0062	0.3125	0	0.0119
0.0071	0.022	-0.1639	0.1607	-0.0274	-0.5595	0.8118	-0.1673	211	213	39	2	6	0.01	0.05	0	0.01
0.0066	0.0184	-0.1505	0.1713	-0.0185	0.1411	0.9553	0.2596	212	214	39	2	7	0.0008	0.2917	0	0.006
0.0068	0.0147	-0.1542	0.1881	-0.0141	-0.1357	0.9711	0.1961	213	215	39	2	8	0.01	0.05	0	0.01
0.0066	0.0281	-0.1562	0.2023	-0.0112	-0.9902	-0.1019	0.0959	214	0	39	2	9	0.01	0.05	0	0.01
0.0076	0.0555	-0.1249	-0.0364	-0.0273	-0.9098	-0.3273	0.2554	59	217	43	2	1	0.0023	0.5	0	0.0092
0.0076	0.0342	-0.1734	-0.0576	-0.009	-0.8919	-0.4384	0.1114	216	218	43	2	2	0.0009	0.2917	0	0.0091
0.0076	0.0312	-0.1988	-0.0749	-0.0172	-0.8351	-0.4856	-0.2584	217	219	43	2	3	0.01	0.05	0	0.01
0.0076	0.0351	-0.2068	-0.0754	-0.0127	-0.7211	0.4083	0.5598	218	220	43	2	4	0.0036	0.225	0	0.0128
0.0076	0.0202	-0.2378	-0.068	0.0128	-0.561	0.7507	0.3489	219	221	43	2	5	0.0011	0.4583	0	0.0121
0.0076	0.0378	-0.236	-0.0445	0.0193	-0.2349	0.4275	0.8729	220	222	43	2	6	0.0053	0.4583	0	0.0081
0.0076	0.011	-0.2542	-0.0279	0.0395	-0.2368	0.9496	0.2056	221	223	43	2	7	0.0036	0.6667	0	0.0086
0.0076	0.0221	-0.2524	-0.0134	0.0353	-0.5934	0.7994	0.0941	222	224	43	2	8	0.0023	0.1	0	0.0132
0.0076	0.0433	-0.2721	-0.002	0.0414	-0.7252	0.6772	-0.124	223	225	43	2	9	0.004	0.4375	0	0.0076
0.0076	0.0391	-0.3029	-0.0033	0.0365	-0.9839	-0.0179	0.178	224	226	43	2	10	0.0073	0.3125	0	0.0062
0.0076	0.0252	-0.3438	0.0168	0.0408	-0.989	-0.1052	0.1041	225	227	43	2	11	0.01	0.05	0	0.01
0.0076	0.0469	-0.3496	-0.0096	0.0451	-0.7748	-0.6122	0.1578	226	228	43	2	12	0.01	0.05	0	0.01
0.0076	0.0151	-0.3745	-0.0067	0.0697	-0.7745	-0.0645	0.6293	227	0	43	2	13	0.01	0.05	0	0.01
0.0025	0.0409	-0.1103	-0.0062	-0.0431	-0.8492	0.4305	0.3059	58	230	51	2	1	0.01	0.05	0	0.01
0.0025	0.0092	-0.149	0.012	-0.0375	-0.504	0.7836	0.3634	229	231	51	2	2	0.01	0.05	0	0.01
0.0025	0.0276	-0.1537	0.0193	-0.0341	-0.1802	0.8664	0.4656	230	0	51	2	3	0.01	0.05	0	0.01
0.0106	0.034	-0.254	0.022	0.0277	-0.7484	0.126	-0.6512	68	233	79	2	1	0.0023	0.5	0	0.0106
0.0106	0.0227	-0.2825	0.0168	0.0141	-0.9731	0.1637	-0.1622	232	234	79	2	2	0.01	0.05	0	0.01
0.0106	0.0057	-0.2877	0.0232	0.0155	-0.2102	0.9577	0.1963	233	0	79	2	3	0.0017	0.2917	0	0.0064
0.0082	0.0117	-0.3019	0.0709	0.0284	-0.5072	-0.5596	-0.6554	70	236	84	2	1	0.0014	0.3333	1	0.0092
0.0082	0.0415	-0.3079	0.0644	0.0207	-0.7929	-0.3295	0.5126	235	237	84	2	2	0.0014	0.3333	0	0.0092
0.0082	0.0519	-0.3426	0.0482	0.0428	-0.8129	0.5762	-0.0847	236	238	84	2	3	0.0008	0.4167	0	0.009
0.0082	0.0429	-0.3773	0.0834	0.0281	-0.5929	0.805	-0.0201	237	239	84	2	4	0.0015	0.25	0	0.01
0.0082	0.0002	-0.3971	0.121	0.0322	-0.6221	0.7421	0.2494	238	240	84	2	5	0.01	0.05	0	0.01
0.0082	0.0451	-0.3997	0.1232	0.0266	-0.6799	0.5441	0.4917	239	241	84	2	6	0.0008	0.4167	0	0.0082
0.0082	0.0383	-0.4301	0.1482	0.0508	-0.3453	0.921	-0.1806	240	242	84	2	7	0.0008	0.2917	0	0.0073
0.0082	0.0276	-0.4483	0.1785	0.04	-0.6278	0.7597	-0.1694	241	243	84	2	8	0.01	0.05	0	0.01
0.0082	0.0252	-0.4708	0.1887	0.0328	-0.8431	0.4684	-0.264	242	244	84	2	9	0.01	0.05	0	0.01
0.0082	0.0095	-0.4664	0.1789	0.0372	-0.6819	-0.6972	0.2211	243	245	84	2	10	0.01	0.05	0	0.01
0.0082	0.0092	-0.4729	0.1736	0.0388	0.0803	0.3362	0.9384	244	0	84	2	11	0.01	0.05	0	0.01
0.0074	0.0774	-0.3512	0.1328	0.0272	0.9664	0.1719	-0.1909	77	247	101	2	1	0.0021	0.5417	0	0.0077
0.0074	0.037	-0.2765	0.1491	0.0167	0.9582	0.2398	-0.1562	246	248	101	2	2	0.0009	0.2917	0	0.0081
0.0074	0.024	-0.2444	0.1635	0.0081	0.8482	0.5293	0.02	247	249	101	2	3	0.01	0.05	0	0.01
0.0074	0.0012	-0.2223	0.166	0.0137	0.9523	0.246	0.1807	248	0	101	2	4	0.01	0.05	0	0.01
0.0082	0.029	-0.3587	0.2537	-0.0042	0.0107	0.9898	-0.142	85	251	109	2	1	0.01	0.05	1	0.01
0.0082	0.0269	-0.3584	0.2824	-0.0083	0.0104	0.9918	-0.1275	250	252	109	2	2	0.01	0.05	0	0.01
0.0082	0.0442	-0.3626	0.3147	-0.0142	0.7184	0.663	0.2106	251	253	109	2	3	0.0008	0.3333	0	0.009
0.0082	0.0521	-0.3327	0.3464	-0.0051	0.7925	0.5969	-0.1251	252	254	109	2	4	0.0009	0.4167	0	0.0082
0.0082	0.0399	-0.2872	0.3712	-0.0154	0.8123	0.5785	-0.0744	253	255	109	2	5	0.01	0.05	0	0.01
0.0082	0.0262	-0.2822	0.4035	-0.0235	0.3462	0.9204	-0.1819	254	256	109	2	6	0.0013	0.25	0	0.0082
0.0082	0.0276	-0.263	0.4092	-0.0211	0.8871	0.4516	-0.0956	255	0	109	2	7	0.01	0.05	0	0.01
0.0093	0.0446	0.1972	-0.1722	0.009	0.9396	-0.0055	-0.3422	97	258	124	2	1	0.0009	0.3333	0	0.0115
0.0093	0.0396	0.2396	-0.1736	-0.0026	-0.9603	0.1797	0.2133	257	259	124	2	2	0.001	0.25	0	0.0107
0.0093	0.0393	0.2035	-0.159	0.0088	-0.9468	0.131	0.2939	258	260	124	2	3	0.01	0.05	0	0.01
0.0093	0.0463	0.182	-0.1485	-0.0028	0.8336	-0.0749	0.5473	259	261	124	2	4	0.001	0.2917	0	0.0104
0.0093	0.0147	0.2265	-0.1513	0.0076	0.9106	-0.219	0.3505	260	262	124	2	5	0.0076	0.2813	0	0.0125
0.0093	0.0255	0.2385	-0.1397	0.0072	0.8957	-0.0755	-0.4382	261	263	124	2	6	0.0058	0.35	0	0.0092
0.0093	0.002	0.2592	-0.1341	0.005	0.5253	0.7111	-0.4673	262	264	124	2	7	0.0048	0.5417	0	0.0093
0.0093	0.0047	0.2546	-0.1309	0.0007	0.5514	0.2222	-0.8041	263	265	124	2	8	0.01	0.05	0	0.01
0.0093	0.0041	0.2559	-0.1393	-0.0114	-0.4383	0.6262	-0.6448	264	266	124	2	9	0.01	0.05	0	0.01
0.0093	0.0265	0.2541	-0.1367	-0.014	0.5461	0.5114	0.6635	265	0	124	2	10	0.01	0.05	0	0.01
0.0088	0.0433	0.1752	-0.0992	0.0096	0.7047	-0.4763	0.5259	100	268	34	2	1	0.0025	0.5	0	0.0091
0.0088	0.0342	0.2082	-0.1199	0.0349	0.6931	0.2628	-0.6712	267	269	34	2	2	0.0013	0.2917	0	0.01
0.0088	0.0262	0.2296	-0.1106	0.009	0.7172	0.4831	-0.5022	268	270	34	2	3	0.01	0.05	0	0.01
0.0088	0.0334	0.23	-0.0936	0.0059	0.0023	-0.917	0.3989	269	0	34	2	4	0.01	0.05	0	0.01
0.0083	0.0319	0.2418	-0.024	-0.0111	0.4494	-0.1701	0.877	108	272	70	2	1	0.0019	0.4583	0	0.0091
0.0081	0.0495	0.2527	-0.0319	0.0074	0.8875	-0.4086	-0.213	271	273	70	2	2	0.0015	0.4167	0	0.0081
0.0083	0.0008	0.2903	-0.0542	-0.0086	0.6819	-0.2134	-0.6996	272	274	70	2	3	0.01	0.05	0	0.01
0.0082	0.0386	0.2913	-0.0533	-0.0127	0.8225	0.5097	0.2525	273	275	70	2	4	0.0008	0.375	0	0.0082
0.0082	0.0328	0.3233	-0.0339	-0.0058	0.9791	0.1929	0.0646	274	276	70	2	5	0.0013	0.3333	0	0.0109
0.0079	0.0281	0.3548	-0.0271	-0.0019	0.9137	-0.2285	0.3361	275	277	70	2	6	0.0027	0.5417	0	0.0079
0.008	0.0221	0.3622	-0.0304	0.0094	0.1748	0.5364	0.8257	276	278	70	2	7	0.01	0.05	0	0.01
0.0081	0.0212	0.3729	-0.0394	-0.0008	0.876	-0.2634	0.4039	277	279	70	2	8	0.0038	0.225	0	0.0145
0.0079	0.0088	0.3889	-0.0438	-0.0003	0.5553	-0.7819	-0.2834	278	280	70	2	9	0.01	0.05	0	0.01
0.0079	0.0174	0.3938	-0.0507	-0.0028	0.0532	-0.7466	0.6632	279	281	70	2	10	0.01	0.05	0	0.01
0.0079	0.0141	0.394	-0.0629	0.0088	0.2802	0.2557	0.9253	280	0	70	2	11	0.01	0.05	0	0.01
0.0075	0.0205	0.2453	0.0103	-0.0037	-0.3525	0.9188	-0.1778	109	283	71	2	1	0.0009	0.5	1	0.0075
0.0075	0.0709	0.2381	0.0292	-0.0073	-0.6648	0.7467	-0.022	282	284	71	2	2	0.0009	0.5	0	0.0075
0.0083	0.0345	0.1907	0.081	-0.0135	-0.8537	0.5168	-0.0636	283	285	71	2	3	0.01	0.05	0	0.01
0.0083	0.0201	0.1906	0.0959	-0.0028	-0.1487	0.8359	0.5284	284	0	71	2	4	0.01	0.05	0	0.01
0.0096	0.074	0.2821	-0.2627	-0.0097	0.1064	0.2207	-0.9695	126	287	125	3	1	0.0039	0.4167	0	0.0096
0.0096	0.0227	0.2858	-0.2424	-0.0788	-0.0235	0.5318	-0.8465	286	288	125	3	2	0.01	0.05	0	0.01
0.0096	0.0045	0.2776	-0.2222	-0.091	-0.0293	0.6434	-0.765	287	0	125	3	3	0.0022	0.3333	0	0.0099
0.0106	0.0199	0.1056	-0.1281	0.0091	-0.5217	0.2109	0.8267	146	290	24	3	1	0.0024	0.4583	1	0.0106
0.0106	0.0601	0.0952	-0.1239	0.0256	0.0667	0.1665	-0.9838	289	291	24	3	2	0.0024	0.4583	0	0.0106
0.0106	0.0099	0.0985	-0.101	-0.0289	-0.3506	0.2948	-0.8889	290	0	24	3	3	0.01	0.05	0	0.01
0.0063	0.0368	0.0815	-0.0319	-0.0228	-0.7423	0.6699	0.0153	157	293	28	3	1	0.0014	0.5833	0	0.0102
0.0063	0.0247	0.0543	-0.0044	-0.0238	-0.8454	0.2944	0.4456	292	294	28	3	2	0.0046	0.5625	0	0.0063
0.0063	0.0284	0.0336	0.0023	-0.0128	-0.8516	-0.1711	0.4955	293	0	28	3	3	0.01	0.05	0	0.01
0.0073	0.0565	0.0963	-0.0477	-0.0238	-0.5077	-0.8441	0.1726	157	296	127	3	1	0.01	0.05	1	0.01
0.0073	0.0252	0.0676	-0.0954	-0.014	-0.535	-0.8192	-0.2067	295	297	127	3	2	0.01	0.05	0	0.01
0.0073	0.0285	0.0502	-0.1194	-0.0253	0.8192	-0.5186	-0.2448	296	298	127	3	3	0.0011	0.2917	0	0.0082
0.0073	0.0186	0.0732	-0.1367	-0.034	0.9636	-0.2128	0.162	297	0	127	3	4	0.01	0.05	0	0.01
0.0069	0.0554	0.1373	-0.0194	-0.0312	0.5887	-0.6835	-0.4316	159	300	45	3	1	0.0017	0.375	0	0.0093
0.0066	0.0181	0.174	-0.0469	-0.035	0.9763	-0.1935	-0.0974	299	301	45	3	2	0.01	0.05	0	0.01
0.0065	0.0408	0.1897	-0.0533	-0.0429	-0.7424	0.6657	-0.076	300	302	45	3	3	0.001	0.2917	0	0.0104
0.0058	0.0188	0.1601	-0.0236	-0.0363	-0.6118	0.7751	-0.1576	301	303	45	3	4	0.01	0.05	0	0.01
0.006	0.045	0.1655	-0.0125	-0.031	0.1758	-0.7276	-0.6631	302	304	45	3	5	0.0006	0.3333	0	0.0092
0.0045	0.0136	0.1692	-0.0387	-0.0615	0.6456	0.4727	0.5997	303	305	45	3	6	0.0011	0.125	0	0.01
0.0035	0.0339	0.1794	-0.0339	-0.0559	0.6027	-0.4766	0.64	304	0	45	3	7	0.0013	0.15	0	0.01
0.0117	0.0393	0.1356	0.0025	-0.0318	0.2004	0.8851	0.4201	160	307	46	3	1	0.0027	0.4167	1	0.0117
0.0117	0.0358	0.1435	0.0373	-0.0153	-0.2746	0.8826	-0.3816	306	308	46	3	2	0.0027	0.4167	0	0.0117
0.0117	0.0085	0.1343	0.0611	-0.0287	-0.0684	-0.0416	-0.9968	307	309	46	3	3	0.01	0.05	0	0.01
0.0117	0.013	0.139	0.0693	-0.0405	-0.7698	0.2478	-0.5882	308	310	46	3	4	0.01	0.05	0	0.01
0.0117	0.0148	0.1288	0.0718	-0.0493	-0.9064	0.3995	-0.1373	309	311	46	3	5	0.01	0.05	0	0.01
0.0117	0.0028	0.1142	0.0785	-0.0512	-0.4305	-0.5121	-0.7432	310	0	46	3	6	0.01	0.05	0	0.01
0.0061	0.0917	0.1494	0.1939	-0.0018	-0.9755	-0.0355	-0.2172	170	313	78	3	1	0.0006	0.3333	0	0.0061
0.0068	0.0202	0.0608	0.1929	-0.0192	-0.8338	0.515	-0.1989	312	314	78	3	2	0.01	0.05	0	0.01
0.0066	0.039	0.0578	0.1986	-0.016	-0.1235	-0.9233	-0.3637	313	315	78	3	3	0.0008	0.2917	0	0.0068
0.0061	0.0044	0.0483	0.1638	-0.0289	-0.3514	-0.7753	-0.5248	314	316	78	3	4	0.01	0.05	0	0.01
0.0062	0.0348	0.0499	0.1627	-0.0311	0.5737	-0.8035	0.159	315	317	78	3	5	0.0009	0.2917	0	0.0076
0.0061	0.0308	0.0672	0.1421	-0.0224	-0.7891	-0.0167	-0.614	316	318	78	3	6	0.0009	0.375	0	0.0078
0.0043	0.0343	0.0403	0.1394	-0.0384	-0.7991	0.2056	-0.5649	317	319	78	3	7	0.01	0.05	0	0.01
0.0036	0.023	0.0106	0.1494	-0.0498	-0.8859	0.2962	-0.357	318	0	78	3	8	0.01	0.05	0	0.01
0.0152	0.0741	0.134	0.2382	0.0007	0.1654	0.9841	-0.065	174	321	82	3	1	0.0025	0.4167	0	0.0152
0.0152	0.021	0.1326	0.2964	0.0002	-0.6891	0.4808	-0.5422	320	322	82	3	2	0.0017	0.375	0	0.0178
0.0152	0.036	0.1195	0.2974	0.0079	-0.9525	-0.2959	-0.0719	321	323	82	3	3	0.0032	0.2	0	0.0092
0.0152	0.0012	0.086	0.3023	-0.0023	-0.9744	-0.0546	-0.2179	322	324	82	3	4	0.01	0.05	0	0.01
0.0152	0.0301	0.0931	0.3139	-0.0034	-0.7983	0.5738	0.1829	323	325	82	3	5	0.0007	0.125	0	0.01
0.0152	0.0097	0.0574	0.3392	-0.0005	0.5897	0.7922	-0.1571	324	0	82	3	6	0.0015	0.1	0	0.01
0.0072	0.059	0.1525	0.1738	-0.0159	0.0012	-0.9446	-0.3282	170	327	86	3	1	0.0018	0.4583	0	0.0075
0.0072	0.034	0.1654	0.1386	-0.0179	0.6353	-0.6895	0.3478	326	328	86	3	2	0.0083	0.3333	0	0.0078
0.0072	0.0293	0.1784	0.1155	0.0008	0.6228	-0.0209	0.7821	327	329	86	3	3	0.01	0.05	0	0.01
0.0072	0.0239	0.1952	0.1346	-0.0043	0.8073	0.5019	0.3104	328	0	86	3	4	0.01	0.05	0	0.01
0.0072	0.0923	0.1904	0.2183	0.0003	0.5669	0.7799	-0.2652	172	331	87	3	1	0.0016	0.2917	0	0.0183
0.0072	0.0267	0.2412	0.2766	-0.0146	0.8488	0.2377	0.4722	330	332	87	3	2	0.0015	0.25	0	0.0122
0.0072	0.0059	0.26	0.2856	-0.013	0.6315	-0.671	-0.3886	331	333	87	3	3	0.01	0.05	0	0.01
0.0072	0.022	0.2637	0.2817	-0.0153	0.6777	-0.6366	-0.3679	332	0	87	3	4	0.01	0.05	0	0.01
0.0069	0.0724	0.0194	0.2361	-0.0278	-0.5994	0.783	0.1661	180	335	110	3	1	0.002	0.4583	0	0.0069
0.0071	0.0472	-0.0196	0.2964	-0.0168	-0.5883	0.7703	0.246	334	336	110	3	2	0.0006	0.3333	0	0.0112
0.007	0.0006	-0.0437	0.3297	-0.016	-0.8171	0.4125	-0.4028	335	337	110	3	3	0.01	0.05	0	0.01
0.007	0.0661	-0.0524	0.3294	-0.0166	-0.0744	0.9808	0.18	336	338	110	3	4	0.0035	0.275	0	0.0166
0.0069	0.0353	-0.062	0.3943	-0.006	-0.0592	0.9704	0.2341	337	339	110	3	5	0.01	0.05	0	0.01
0.0069	0.013	-0.051	0.3902	-0.0018	0.8557	0.2428	0.4569	338	0	110	3	6	0.01	0.05	0	0.01
0.007	0.0509	-0.1361	0.3199	-0.0364	-0.2092	-0.9688	-0.1325	191	341	118	3	1	0.01	0.05	1	0.01
0.007	0.0287	-0.1467	0.2705	-0.0432	-0.0802	-0.9149	0.3956	340	342	118	3	2	0.01	0.05	0	0.01
0.007	0.0197	-0.1491	0.2443	-0.0318	0.8934	0.4162	-0.1692	341	343	118	3	3	0.01	0.05	0	0.01
0.007	0.0179	-0.1315	0.2525	-0.0352	0.1059	0.1559	0.9821	342	0	118	3	4	0.01	0.05	0	0.01
0.011	0.0385	-0.1153	0.334	-0.0308	0.9174	0.021	0.3975	190	345	119	3	1	0.0026	0.4583	0	0.011
0.011	0.0033	-0.0767	0.3384	-0.0235	0.8924	0.1487	0.4261	344	346	119	3	2	0.01	0.05	0	0.01
0.011	0.0233	-0.0738	0.3389	-0.0221	0.7863	-0.4034	0.468	345	0	119	3	3	0.01	0.05	0	0.01
0.0086	0.0557	0.0518	-0.1955	-0.0183	-0.5806	0.4043	0.7067	199	348	38	3	1	0.01	0.05	1	0.01
0.0077	0.0247	0.0194	-0.173	0.0211	-0.6559	0.6483	0.3866	347	349	38	3	2	0.01	0.05	0	0.01
0.0071	0.0103	0.0039	-0.1577	0.0263	-0.7365	0.6353	-0.2321	348	350	38	3	3	0.01	0.05	0	0.01
0.0058	0.0438	-0.0036	-0.1511	0.0239	0.727	0.5649	0.3904	349	351	38	3	4	0.01	0.05	0	0.01
0.0036	0.0235	0.0292	-0.1295	0.0424	0.9536	0.301	0.0116	350	0	38	3	5	0.0023	0.2	0	0.01
0.0086	0.0149	-0.049	-0.17	-0.017	-0.3034	0.728	0.6148	202	353	56	3	1	0.002	0.4583	0	0.0117
0.0086	0.0438	-0.0502	-0.1627	-0.0063	-0.4151	-0.652	-0.6345	352	354	56	3	2	0.0013	0.5	0	0.0099
0.0086	0.0046	-0.0706	-0.1923	-0.0252	-0.9313	-0.2501	-0.265	353	355	56	3	3	0.01	0.05	0	0.01
0.0086	0.0154	-0.0749	-0.1935	-0.0264	-0.1489	0.4672	-0.8715	354	0	56	3	4	0.01	0.05	0	0.01
0.0122	0.0401	-0.0523	0.0003	-0.0329	0.6726	-0.4409	-0.5944	207	357	129	3	1	0.0025	0.5	0	0.0122
0.0122	0.0349	-0.0381	-0.0067	-0.0437	0.7108	0.6906	0.1333	356	358	129	3	2	0.0011	0.2083	0	0.0095
0.0122	0.0284	-0.0142	0.0147	-0.0475	0.7626	0.5899	-0.2653	357	0	129	3	3	0.01	0.05	0	0.01
0.0072	0.0293	-0.0619	0.0302	-0.0315	0.6467	0.6628	-0.3773	207	360	53	3	1	0.0025	0.375	1	0.0143
0.007	0.0599	-0.0451	0.0484	-0.0394	-0.2479	0.9527	0.1756	359	361	53	3	2	0.0053	0.225	0	0.0143
0.0056	0.0036	-0.0457	0.0911	-0.0266	0.7102	0.704	-0	360	362	53	3	3	0.01	0.05	0	0.01
0.0058	0.0296	-0.0524	0.0928	-0.0335	-0.2167	0.961	0.1715	361	363	53	3	4	0.0055	0.275	0	0.0111
0.0036	0.0083	-0.0684	0.1206	-0.0335	-0.2328	0.9164	0.3255	362	0	53	3	5	0.0016	0.175	0	0.01
0.012	0.028	-0.1152	0.0892	-0.0385	-0.7878	-0.2261	0.5729	209	365	61	3	1	0.0024	0.4167	0	0.012
0.012	0.0237	-0.1439	0.0836	-0.0284	-0.5018	0.5788	0.6428	364	366	61	3	2	0.01	0.05	0	0.01
0.012	0.0039	-0.148	0.0729	-0.0263	-0.6455	-0.5093	0.5692	365	0	61	3	3	0.01	0.05	0	0.01
0.007	0.0134	-0.158	0.1628	-0.0168	0.0708	-0.4332	0.8985	211	368	74	3	1	0.0012	0.2917	1	0.009
0.007	0.0403	-0.157	0.157	-0.0048	-0.7467	-0.573	-0.3377	367	369	74	3	2	0.0012	0.2917	0	0.009
0.007	0.0575	-0.1899	0.1294	-0.0231	-0.8865	0.0777	0.4561	368	370	74	3	3	0.0012	0.25	0	0.0115
0.007	0.0114	-0.24	0.134	0.0039	-0.4317	-0.5932	0.6795	369	0	74	3	4	0.0043	0.125	0	0.0124
0.0081	0.0327	-0.399	0.0989	0.0278	-0.0395	-0.9989	0.0256	238	372	92	3	1	0.0029	0.5417	1	0.0093
0.0081	0.0522	-0.4002	0.0662	0.0286	0.0783	-0.9513	0.2982	371	373	92	3	2	0.0029	0.5417	0	0.0093
0.0081	0.0286	-0.3859	0.0204	0.0364	0.5629	-0.7381	0.372	372	374	92	3	3	0.0025	0.225	0	0.0145
0.0081	0.025	-0.375	-0.0064	0.0488	0.6019	-0.6834	-0.4131	373	375	92	3	4	0.0009	0.375	0	0.0097
0.0081	0.0286	-0.3635	-0.0221	0.0404	-0.288	-0.945	0.155	374	376	92	3	5	0.0007	0.375	0	0.0091
0.0081	0.0017	-0.371	-0.0427	0.0354	-0.4519	-0.7259	-0.5185	375	377	92	3	6	0.01	0.05	0	0.01
0.0081	0.0575	-0.3825	-0.0492	0.0303	0.2112	-0.8425	0.4955	376	378	92	3	7	0.0009	0.4583	0	0.0081
0.0081	0.0189	-0.3634	-0.0954	0.0563	0.4211	-0.6352	0.6475	377	379	92	3	8	0.0037	0.4583	0	0.0092
0.0081	0.0184	-0.359	-0.1051	0.0589	0.8754	-0.2888	-0.3877	378	380	92	3	9	0.01	0.05	0	0.01
0.0081	0.0071	-0.3568	-0.1002	0.0626	-0.1921	-0.8238	0.5333	379	0	92	3	10	0.01	0.05	0	0.01
0.0078	0.0189	-0.3996	0.1168	0.0353	0.2424	0.0655	0.968	238	382	131	3	1	0.0024	0.3333	1	0.0099
0.0078	0.0373	-0.395	0.1181	0.0537	-0.752	-0.3792	-0.5393	381	383	131	3	2	0.0024	0.3333	0	0.0099
0.0078	0.0236	-0.4223	0.1038	0.0382	-0.5762	0.8103	0.1067	382	384	131	3	3	0.01	0.05	0	0.01
0.0078	0.028	-0.4359	0.1229	0.0408	-0.1651	0.7986	-0.5787	383	0	131	3	4	0.01	0.05	0	0.01
0.0071	0.0519	-0.266	0.155	0.0015	-0.5004	0.8639	-0.0578	248	386	103	3	1	0.01	0.05	0	0.01
0.0071	0.0186	-0.2871	0.2045	-0.0021	-0.594	0.6652	0.4525	385	387	103	3	2	0.01	0.05	0	0.01
0.0071	0.0025	-0.3008	0.2154	0.0045	0.1101	0.6897	-0.7156	386	388	103	3	3	0.01	0.05	0	0.01
0.0071	0.01	-0.2986	0.2185	0.0038	-0.5518	0.8249	-0.1229	387	0	103	3	4	0.01	0.05	0	0.01
0.006	0.0443	-0.3337	0.3335	-0.0128	0.9214	-0.3601	-0.1461	252	390	114	3	1	0.0007	0.4583	0	0.0056
0.0078	0.0229	-0.2927	0.318	-0.0191	0.8503	-0.5243	0.0461	389	391	114	3	2	0.0011	0.4167	0	0.009
0.0078	0.0274	-0.2731	0.306	-0.0127	0.4812	-0.8766	-0.0062	390	392	114	3	3	0.01	0.05	0	0.01
0.0078	0.0205	-0.2569	0.2939	-0.0082	0.8613	-0.357	0.3615	391	0	114	3	4	0.01	0.05	0	0.01
0.0067	0.0508	-0.1796	0.1446	-0.0077	0.0792	-0.9928	-0.0902	368	394	76	4	1	0.0021	0.3333	0	0.01
0.0067	0.0287	-0.181	0.0926	-0.016	0.4516	-0.8367	-0.3098	393	395	76	4	2	0.0054	0.4167	0	0.0075
0.0067	0.0197	-0.1576	0.0746	-0.0129	0.3902	-0.913	0.1191	394	396	76	4	3	0.01	0.05	0	0.01
0.0067	0.0076	-0.1692	0.067	-0.0181	-0.2747	-0.8429	-0.4627	395	0	76	4	4	0.01	0.05	0	0.01
0.0077	0.0584	-0.3754	-0.0334	0.0429	-0.8928	0.4504	0.0091	375	398	96	4	1	0.0012	0.375	1	0.0107
0.0077	0.02	-0.4275	-0.0071	0.0435	0.7152	-0.5014	-0.487	397	399	96	4	2	0.0012	0.375	0	0.0107
0.0077	0.0113	-0.4189	-0.0261	0.0281	0.7756	-0.6053	0.1789	398	400	96	4	3	0.01	0.05	0	0.01
0.0077	0.0129	-0.4106	-0.0309	0.0409	-0.0152	-0.9822	0.1873	399	0	96	4	4	0.01	0.05	0	0.01
0.0077	0.0209	-0.3763	-0.037	0.0414	-0.3059	-0.3917	0.8678	375	402	143	4	1	0.0017	0.4583	0	0.0086
0.0077	0.0087	-0.3808	-0.0483	0.0522	-0.2257	-0.917	0.329	401	403	143	4	2	0.01	0.05	0	0.01
0.0077	0.01	-0.3832	-0.0578	0.0609	-0.8929	-0.4143	-0.1762	402	404	143	4	3	0.01	0.05	0	0.01
0.0077	0.0276	-0.3921	-0.0619	0.0591	0.2605	-0.825	0.5016	403	0	143	4	4	0.01	0.05	0	0.01
0.0133	0.0322	-0.279	0.1856	0.0053	0.3235	0.5602	0.7625	385	406	105	4	1	0.003	0.4583	1	0.0133
0.0133	0.0348	-0.2686	0.2036	0.0298	0.6902	-0.3491	-0.6338	405	407	105	4	2	0.003	0.4583	0	0.0133
0.0133	0.0227	-0.2661	0.1982	-0.0027	0.4145	-0.0812	-0.9064	406	408	105	4	3	0.01	0.05	0	0.01
0.0133	0.0283	-0.2678	0.192	-0.0075	-0.6706	-0.4407	-0.5967	407	409	105	4	4	0.01	0.05	0	0.01
0.0133	0.0141	-0.2856	0.1988	-0.0019	-0.9957	0.089	-0.0254	408	0	105	4	5	0.01	0.05	0	0.01
