radius (m)	length (m)	start_point	axis_direction	parent	extension	branch	branch_order	position_in_branch	mad	SurfCov	added	UnmodRadius (m)
0.0077	0.081	-0.3307	0.0618	-0.1008	0.8675	-0.1792	0.4641	0	2	1	0	1	0.0026	0.4583	0	0.0077
0.0089	0.0264	-0.2584	0.0465	-0.0652	0.5958	0.7542	0.276	1	3	1	0	2	0.001	0.4583	0	0.0089
0.0137	0.04	-0.239	0.0746	-0.0672	0.689	0.3835	0.615	2	4	1	0	3	0.0041	0.225	0	0.0191
0.0079	0.0486	-0.2148	0.0931	-0.0412	0.7077	0.6951	0.1267	3	5	1	0	4	0.0063	0.275	0	0.0079
0.0073	0.0711	-0.1874	0.1281	-0.033	0.2138	0.9627	0.1657	4	6	1	0	5	0.0012	0.2917	0	0.0069
0.0114	0.0158	-0.1496	0.1803	-0.0131	0.4739	0.819	0.3234	5	7	1	0	6	0.0071	0.2188	0	0.0151
0.0085	0.0333	-0.1429	0.2017	-0.0111	0.9443	0.1853	0.2721	6	8	1	0	7	0.001	0.3333	0	0.0085
0.0091	0.043	-0.111	0.2044	-0.0026	0.9775	0.0807	0.195	7	9	1	0	8	0.001	0.25	0	0.0091
0.0073	0.0128	-0.0864	0.1871	0.0061	0.7047	-0.5869	0.3988	8	10	1	0	9	0.0035	0.3333	0	0.0069
0.0073	0.0081	-0.0807	0.1808	0.0105	-0.349	-0.9371	0.005	9	11	1	0	10	0.0033	0.5833	0	0.0065
0.0117	0.0472	-0.0785	0.1782	0.0112	0.6989	-0.6767	-0.2315	10	12	1	0	11	0.0013	0.4167	0	0.0129
0.0078	0.0281	-0.0442	0.146	0.0098	0.8091	-0.5757	-0.1175	11	13	1	0	12	0.0009	0.3333	0	0.0078
0.0098	0.0413	-0.028	0.1217	-0.0001	0.8124	-0.5772	-0.083	12	14	1	0	13	0.0011	0.375	0	0.0099
0.0073	0.013	0.0143	0.1093	-0.0082	0.7215	-0.6458	-0.2498	13	15	1	0	14	0.0055	0.4583	0	0.0065
0.0097	0.0222	0.0172	0.1032	0.0011	0.7597	0.5854	0.2831	14	16	1	0	15	0.01	0.05	0	0.01
0.0073	0.046	0.0196	0.11	-0.0089	0.2261	-0.9603	0.1633	15	17	1	0	16	0.0011	0.25	0	0.006
0.0096	0.0384	0.0302	0.0652	-0.0113	0.3835	-0.9205	0.0749	16	18	1	0	17	0.0009	0.375	0	0.0096
0.0073	0.0329	0.0465	0.0298	-0.0009	0.4648	-0.8802	-0.0957	17	19	1	0	18	0.005	0.375	0	0.0062
0.0073	0.0403	0.0567	0.0011	-0.0017	0.1313	-0.9021	0.4111	18	20	1	0	19	0.0048	0.4375	0	0.0063
0.0097	0.0243	0.0661	-0.0361	0.0001	0.0372	-0.997	0.0672	19	21	1	0	20	0.01	0.05	0	0.01
0.0099	0.0484	0.0426	-0.0479	0.0039	-0.434	-0.8828	0.1798	20	22	1	0	21	0.0016	0.2917	0	0.0103
0.0156	0.062	0.0188	-0.0621	0.0163	0.9854	0.074	0.1531	21	23	1	0	22	0.0028	0.2	0	0.0285
0.0097	0.0307	0.066	-0.0799	0.0297	0.7138	-0.3354	0.6148	22	24	1	0	23	0.01	0.05	0	0.01
0.0122	0.0453	0.0831	-0.0606	0.0265	0.9819	0.0204	-0.1884	23	25	1	0	24	0.0006	0.2917	0	0.0158
0.0096	0.0216	0.1269	-0.0467	0.0137	0.9872	0.0945	0.1287	24	26	1	0	25	0.01	0.05	0	0.01
0.0096	0.0215	0.1361	-0.0327	0.0171	0.6945	0.6926	0.1947	25	27	1	0	26	0.01	0.05	0	0.01
0.0096	0.0448	0.1441	-0.0384	0.0183	-0.9277	0.3347	-0.1655	26	0	1	0	27	0.01	0.05	0	0.01
0.013	0.0534	-0.2238	0.0694	-0.0672	0.3113	-0.9111	0.2703	3	29	3	1	1	0.0027	0.375	0	0.0136
0.0113	0.0103	-0.2125	0.0283	-0.0477	-0.8357	-0.2695	-0.4786	28	30	3	1	2	0.01	0.05	0	0.01
0.0107	0.0205	-0.221	0.0255	-0.0527	-0.5527	-0.8303	-0.0722	29	31	3	1	3	0.01	0.05	0	0.01
0.01	0.0228	-0.2324	0.0085	-0.0541	0.5728	-0.8182	-0.0494	30	0	3	1	4	0.01	0.05	0	0.01
0.0091	0.0886	-0.1826	0.1773	-0.0204	-0.8899	-0.1284	-0.4377	5	33	4	1	1	0.003	0.4167	0	0.0091
0.0091	0.0356	-0.2578	0.1806	-0.0411	-0.6472	0.6506	-0.3974	32	34	4	1	2	0.0013	0.2083	0	0.0097
0.0091	0.0281	-0.2847	0.2007	-0.0586	-0.4516	0.8494	-0.2729	33	35	4	1	3	0.01	0.05	0	0.01
0.0091	0.0044	-0.2926	0.1986	-0.0625	-0.8922	-0.2221	-0.3932	34	36	4	1	4	0.01	0.05	0	0.01
0.0091	0.0194	-0.2965	0.1977	-0.0642	-0.9238	-0.1342	-0.3587	35	37	4	1	5	0.01	0.05	0	0.01
0.0091	0.0051	-0.3156	0.1954	-0.0687	-0.4055	-0.9095	-0.0911	36	0	4	1	6	0.01	0.05	0	0.01
0.0093	0.0146	-0.1518	0.2085	-0.0131	-0.8594	0.466	-0.2105	7	39	5	1	1	0.0021	0.4583	1	0.0093
0.0093	0.0299	-0.1643	0.2153	-0.0162	-0.9715	0.2194	0.0901	38	40	5	1	2	0.0021	0.4583	0	0.0093
0.0093	0.0551	-0.1908	0.2258	-0.0283	-0.436	0.8854	0.161	39	41	5	1	3	0.0008	0.3333	0	0.0074
0.0093	0.0248	-0.2146	0.2747	-0.0203	-0.5342	0.8445	-0.0389	40	42	5	1	4	0.01	0.05	0	0.01
0.0093	0.0174	-0.2164	0.2884	-0.0092	-0.2378	0.7141	0.6585	41	43	5	1	5	0.0007	0.4167	0	0.0095
0.0093	0.0281	-0.22	0.3039	-0.0032	0.2389	0.8369	0.4924	42	44	5	1	6	0.0008	0.3333	0	0.007
0.0093	0.0566	-0.2113	0.3266	0.0118	0.3023	0.9381	0.169	43	45	5	1	7	0.0007	0.3333	0	0.009
0.0093	0.0528	-0.1955	0.3763	0.0095	0.4202	0.8589	-0.2927	44	46	5	1	8	0.0042	0.3	0	0.0092
0.0093	0.0411	-0.1613	0.4096	0.0055	0.8092	0.4713	-0.3509	45	47	5	1	9	0.0081	0.275	0	0.0064
0.0093	0.033	-0.1283	0.4273	-0.0137	0.9715	0.2052	-0.119	46	48	5	1	10	0.01	0.05	0	0.01
0.0093	0.0359	-0.0976	0.4351	-0.0049	0.9707	0.226	0.0817	47	0	5	1	11	0.01	0.05	0	0.01
0.0078	0.0412	-0.0689	0.199	0.0078	0.4237	-0.9048	0.0414	8	50	6	1	1	0.0019	0.25	0	0.0078
0.006	0.0499	-0.0489	0.1595	0.0085	0.5712	0.7819	-0.2499	49	51	6	1	2	0.0007	0.4583	0	0.006
0.008	0.0235	-0.0324	0.2018	0.0014	0.3769	0.8754	0.3028	50	52	6	1	3	0.0008	0.3333	0	0.0128
0.0072	0.0046	-0.0275	0.2194	-0.0035	-0.8368	0.5271	0.1478	51	53	6	1	4	0.01	0.05	0	0.01
0.0072	0.0209	-0.0346	0.2227	0.0004	-0.1455	0.9094	-0.3896	52	0	6	1	5	0.0015	0.3333	0	0.0078
0.0096	0.0845	-0.0509	0.1413	0.0098	-0.6133	-0.7798	-0.1255	11	55	8	1	1	0.0023	0.5417	0	0.0096
0.01	0.0159	-0.096	0.0766	-0.0084	-0.0857	-0.9702	-0.2266	54	56	8	1	2	0.01	0.05	0	0.01
0.0096	0.0397	-0.093	0.0622	-0.0066	0.3219	-0.9439	-0.0742	55	57	8	1	3	0.0005	0.3333	0	0.0071
0.01	0.0368	-0.0822	0.0243	-0.0154	0.3495	-0.9362	-0.0384	56	58	8	1	4	0.01	0.05	0	0.01
0.0107	0.0305	-0.0786	0.0122	-0.0268	-0.7899	-0.0552	0.6107	57	59	8	1	5	0.0011	0.25	0	0.0154
0.0096	0.0523	-0.1015	0.0059	-0.0185	-0.994	-0.0632	-0.0893	58	60	8	1	6	0.0009	0.3333	0	0.0086
0.0096	0.0416	-0.1506	-0.0019	-0.0275	-0.9059	-0.3065	-0.2923	59	61	8	1	7	0.0009	0.2917	0	0.0074
0.0107	0.0279	-0.1752	-0.0267	-0.0352	-0.6259	-0.7515	-0.2087	60	62	8	1	8	0.0046	0.4063	0	0.0122
0.01	0.0312	-0.1859	-0.0451	-0.0342	0.1188	-0.961	0.2496	61	63	8	1	9	0.01	0.05	0	0.01
0.01	0.0345	-0.1854	-0.041	-0.0342	-0.6734	-0.225	-0.7042	62	64	8	1	10	0.01	0.05	0	0.01
0.0099	0.0398	-0.2086	-0.0488	-0.0585	-0.2918	-0.7149	-0.6354	63	0	8	1	11	0.01	0.05	0	0.01
0.006	0.0656	0.0329	0.0351	-0.0062	-0.9932	-0.0906	0.0725	17	66	19	1	1	0.0018	0.4167	0	0.006
0.007	0.0498	-0.0259	0.024	-0.0079	-0.5636	-0.8196	0.1031	65	67	19	1	2	0.0008	0.2917	0	0.007
0.0074	0.0308	-0.0471	-0.0171	0.0015	-0.2526	-0.895	0.3677	66	68	19	1	3	0.01	0.05	0	0.01
0.0081	0.0268	-0.0628	-0.0266	0.0004	-0.6203	-0.6086	-0.4947	67	69	19	1	4	0.0007	0.3333	0	0.0095
0.0071	0.0051	-0.079	-0.0416	-0.0145	-0.9735	0.2268	-0.0284	68	70	19	1	5	0.01	0.05	0	0.01
0.007	0.0221	-0.084	-0.0404	-0.0147	-0.1439	0.9895	-0.0168	69	0	19	1	6	0.01	0.05	0	0.01
0.0092	0.0622	0.0744	-0.0158	-0.0047	0.9385	0.326	-0.1142	20	72	22	1	1	0.0006	0.375	0	0.0119
0.009	0.0855	0.1387	0.001	-0.0063	0.6678	0.6807	-0.3011	71	73	22	1	2	0.0014	0.3333	0	0.0195
0.0082	0.0365	0.1996	0.0557	-0.0199	0.9565	0.1515	-0.2493	72	74	22	1	3	0.001	0.2917	0	0.0084
0.0083	0.0129	0.229	0.0821	-0.027	0.9185	0.2712	-0.2877	73	75	22	1	4	0.007	0.375	0	0.0133
0.0064	0.0428	0.2459	0.0805	-0.0353	0.28	0.7797	-0.5601	74	76	22	1	5	0.0009	0.2917	0	0.0066
0.0056	0.0318	0.2537	0.1187	-0.0517	0.3163	0.8689	-0.3807	75	77	22	1	6	0.01	0.05	0	0.01
0.0048	0.0077	0.2606	0.1113	-0.0542	0.8573	-0.206	-0.4718	76	78	22	1	7	0.01	0.05	0	0.01
0.0038	0.0193	0.2672	0.1097	-0.0579	0.8714	0.4708	0.1377	77	0	22	1	8	0.01	0.05	0	0.01
0.0074	0.0665	0.0347	-0.0727	0.0083	0.144	-0.9571	0.2514	22	80	25	1	1	0.0027	0.4583	0	0.0071
0.0099	0.027	0.0424	-0.1357	0.0175	0.1531	-0.9805	-0.1233	79	81	25	1	2	0.01	0.05	0	0.01
0.0087	0.0123	0.0367	-0.1615	0.02	-0.1869	-0.9591	-0.2127	80	82	25	1	3	0.001	0.2917	0	0.0087
0.0087	0.0287	0.0293	-0.1709	0.0227	-0.484	-0.8728	-0.0636	81	83	25	1	4	0.001	0.3333	0	0.0087
0.0108	0.0442	0.0222	-0.1958	0.011	0.2982	-0.9355	0.1896	82	84	25	1	5	0.0008	0.3333	0	0.0118
0.0074	0.0332	0.0389	-0.2286	0.0285	0.7204	-0.6233	0.3042	83	85	25	1	6	0.0036	0.375	0	0.0049
0.0081	0.0568	0.0593	-0.2562	0.0373	0.8365	-0.4719	0.2786	84	86	25	1	7	0.0039	0.3	0	0.0081
0.0103	0.0243	0.1214	-0.2589	0.0507	0.838	-0.4811	0.2575	85	87	25	1	8	0.0082	0.275	0	0.0112
0.0109	0.0536	0.1416	-0.2831	0.0472	0.9031	-0.2682	0.3352	86	88	25	1	9	0.0035	0.2143	0	0.0136
0.0096	0.0532	0.189	-0.2965	0.0711	0.9046	-0.3698	0.2121	87	89	25	1	10	0.01	0.05	0	0.01
0.011	0.0479	0.2389	-0.3075	0.0721	0.9681	-0.2461	-0.0465	88	90	25	1	11	0.0004	0.375	0	0.0122
0.0077	0.0441	0.2824	-0.2901	0.0642	0.9941	0.1041	0.0302	89	91	25	1	12	0.001	0.2917	0	0.0077
0.0095	0.0176	0.299	-0.2785	0.0232	0.8389	0.1965	-0.5076	90	92	25	1	13	0.01	0.05	0	0.01
0.0114	0.0056	0.2878	-0.2697	0.0638	0.7608	0.5538	0.3383	91	93	25	1	14	0.0014	0.375	0	0.0131
0.0094	0.0369	0.2873	-0.2634	0.0541	0.8761	0.4118	-0.2505	92	94	25	1	15	0.01	0.05	0	0.01
0.0094	0.0296	0.2982	-0.2749	0.0557	0.7749	-0.6318	-0.0219	93	95	25	1	16	0.01	0.05	0	0.01
0.0093	0.0008	0.3153	-0.2979	0.0546	0.597	-0.8014	-0.0364	94	0	25	1	17	0.01	0.05	0	0.01
0.0088	0.0624	-0.2029	0.2707	-0.0232	0.8628	-0.2405	0.4448	40	97	44	2	1	0.0021	0.5417	0	0.0098
0.0085	0.0456	-0.151	0.2639	0.0012	0.9747	0.223	-0.017	96	98	44	2	2	0.0009	0.5	0	0.0085
0.0088	0.0384	-0.1066	0.2728	0.0036	0.9962	0.0821	0.0287	97	99	44	2	3	0.0008	0.4167	0	0.0097
0.0088	0.0261	-0.0913	0.2953	0.0009	0.646	0.7632	-0.0121	98	100	44	2	4	0.007	0.125	0	0.0141
0.0087	0.0376	-0.0642	0.3168	-0.0043	-0.0851	0.9881	0.1285	99	101	44	2	5	0.0066	0.15	0	0.0091
0.0086	0.0218	-0.0872	0.3539	0.0046	-0.0194	0.996	-0.0868	100	102	44	2	6	0.01	0.05	0	0.01
0.0087	0.0419	-0.065	0.3428	-0.0035	0.7938	0.5816	-0.1776	101	103	44	2	7	0.0032	0.25	0	0.0149
0.0085	0.0147	-0.0368	0.3569	-0.0142	0.8672	-0.3038	-0.3945	102	104	44	2	8	0.01	0.05	0	0.01
0.0085	0.02	-0.0241	0.3524	-0.02	0.9536	0.0746	0.2918	103	0	44	2	9	0.01	0.05	0	0.01
0.0085	0.023	-0.1731	-0.0407	-0.0354	-0.1395	-0.9183	-0.3706	61	106	17	2	1	0.0022	0.5	0	0.0084
0.0088	0.014	-0.1716	-0.0608	-0.0483	-0.2717	-0.8316	-0.4844	105	107	17	2	2	0.01	0.05	0	0.01
0.0086	0.0196	-0.1754	-0.0725	-0.0551	0.5584	-0.8288	0.0347	106	108	17	2	3	0.01	0.05	0	0.01
0.0085	0.0075	-0.1658	-0.0875	-0.0546	0.189	0.0542	-0.9805	107	0	17	2	4	0.01	0.05	0	0.01
0.0025	0.0657	0.1491	0.0237	-0.0124	0.446	0.8882	-0.1103	72	110	24	2	1	0.006	0.225	1	0.01
0.0025	0.0247	0.1795	0.0821	-0.0164	0.6583	0.7105	-0.2488	109	111	24	2	2	0.01	0.05	0	0.01
0.0025	0.0235	0.1945	0.0993	-0.0231	-0.3369	0.9256	0.1722	110	0	24	2	3	0.0019	0.2	0	0.01
0.0085	0.0693	0.1611	0.0282	-0.0086	-0.3387	0.9299	0.1431	72	113	27	2	1	0.0039	0.225	0	0.0149
0.0079	0.0387	0.1176	0.0763	0.0065	-0.6528	0.7231	-0.2258	112	114	27	2	2	0.0077	0.4167	0	0.0078
0.0085	0.0258	0.097	0.1087	-0.0122	-0.9165	0.2423	-0.3184	113	115	27	2	3	0.01	0.05	0	0.01
0.0085	0.0319	0.0767	0.1005	0.0009	-0.9914	-0.0521	0.1202	114	0	27	2	4	0.01	0.05	0	0.01
0.0084	0.0418	0.0348	-0.1493	0.0135	-0.8296	0.5473	-0.1106	80	117	28	2	1	0.0008	0.2917	1	0.0086
0.0084	0.0264	0.0001	-0.1264	0.0088	-0.7641	0.5874	-0.2668	116	118	28	2	2	0.0008	0.2917	0	0.0086
0.008	0.033	-0.0262	-0.115	0.007	-0.6581	0.7265	-0.1978	117	119	28	2	3	0.0036	0.5	0	0.008
0.0064	0.0327	-0.0456	-0.1145	0.0034	-0.9217	-0.1343	-0.3638	118	120	28	2	4	0.0068	0.2813	0	0.0064
0.0057	0.0152	-0.0806	-0.1088	-0.009	-0.8723	-0.4262	-0.2396	119	121	28	2	5	0.0054	0.5	0	0.0051
0.008	0.0446	-0.0831	-0.1335	-0.0125	-0.7673	-0.4544	-0.4526	120	122	28	2	6	0.0049	0.375	0	0.0088
0.0068	0.0255	-0.1082	-0.1614	-0.0234	-0.431	-0.8562	-0.2848	121	123	28	2	7	0.004	0.2	0	0.0078
0.006	0.0217	-0.1235	-0.1809	-0.0269	-0.4437	-0.895	0.0451	122	0	28	2	8	0.01	0.05	0	0.01
0.0072	0.0451	0.0439	-0.0955	0.0097	0.7547	-0.1072	0.6472	79	125	29	2	1	0.0018	0.375	0	0.0099
0.0072	0.0628	0.0778	-0.0985	0.0363	0.9779	0.1851	0.097	124	126	29	2	2	0.001	0.4167	0	0.008
0.0072	0.042	0.1389	-0.087	0.04	0.9779	0.0897	-0.189	125	127	29	2	3	0.0009	0.25	0	0.0077
0.0072	0.0539	0.1808	-0.091	0.0344	0.9888	0.0805	-0.1257	126	128	29	2	4	0.0036	0.4	0	0.0072
0.0072	0.0641	0.2314	-0.0828	0.0179	0.9639	-0.0058	-0.2662	127	129	29	2	5	0.0024	0.3542	0	0.0071
0.0072	0.0296	0.2857	-0.0829	-0.0099	0.8199	0.0146	-0.5723	128	130	29	2	6	0.01	0.05	0	0.01
0.0072	0.0575	0.3164	-0.0828	-0.0072	0.9505	0.0105	-0.3105	129	0	29	2	7	0.01	0.05	0	0.01
0.007	0.0256	0.055	-0.233	0.0349	0.5547	0.8109	0.1866	84	132	30	2	1	0.01	0.05	1	0.01
0.0067	0.0173	0.0692	-0.2122	0.0397	0.6328	0.5961	-0.4943	131	133	30	2	2	0.01	0.05	0	0.01
0.0061	0.0156	0.0794	-0.2024	0.0339	-0.6994	0.7135	-0.0416	132	134	30	2	3	0.01	0.05	0	0.01
0.0048	0.0255	0.0701	-0.1934	0.0326	0.7857	0.6154	0.0631	133	135	30	2	4	0.002	0.175	0	0.01
0.0033	0.0114	0.0896	-0.1774	0.0352	-0.0234	0.9588	-0.2832	134	0	30	2	5	0.0029	0.15	0	0.01
0.0077	0.0321	0.0693	-0.27	0.0379	-0.6894	-0.4973	-0.5267	85	137	33	2	1	0.01	0.05	1	0.01
0.0076	0.0181	0.0472	-0.286	0.021	-0.8788	-0.4644	-0.1092	136	138	33	2	2	0.01	0.05	0	0.01
0.0066	0.1178	0.0282	-0.2886	0.0144	-0.5016	-0.6858	-0.5274	137	139	33	2	3	0.0008	0.2188	0	0.0066
0.0062	0.0625	-0.0484	-0.3453	-0.0454	-0.6748	-0.4307	-0.5993	138	140	33	2	4	0.0112	0.1786	0	0.0095
0.0044	0.0327	-0.0827	-0.3688	-0.0918	-0.7713	0.1743	-0.6122	139	141	33	2	5	0.001	0.175	0	0.01
0.0035	0.0433	-0.1155	-0.3717	-0.0945	-0.9164	-0.0072	-0.4001	140	0	33	2	6	0.003	0.225	0	0.01
0.0072	0.1111	0.1721	-0.2814	0.0726	-0.2051	0.9705	-0.1268	88	143	34	2	1	0.0059	0.3438	0	0.0076
0.0051	0.0262	0.1594	-0.1814	0.0558	0.635	0.7446	0.206	142	144	34	2	2	0.0039	0.4063	0	0.0041
0.007	0.0467	0.1778	-0.1777	0.0538	0.9917	0.1257	-0.0286	143	145	34	2	3	0.0049	0.325	0	0.0074
0.0054	0.0612	0.2231	-0.1693	0.0475	0.974	-0.041	-0.2228	144	146	34	2	4	0.0031	0.3036	0	0.0054
0.0063	0.0273	0.2824	-0.1801	0.0401	0.9781	-0.1541	-0.14	145	147	34	2	5	0.01	0.05	0	0.01
0.0066	0.0613	0.3087	-0.1767	0.0337	0.9775	-0.0303	-0.2089	146	148	34	2	6	0.0007	0.2917	0	0.0077
0.0067	0.0384	0.3681	-0.1862	0.0169	0.9618	0.0641	-0.266	147	149	34	2	7	0.0008	0.2917	0	0.008
0.0058	0.0217	0.3713	-0.2236	0.0153	0.7027	-0.6533	-0.282	148	0	34	2	8	0.01	0.05	0	0.01
0.0091	0.0197	0.1887	-0.3054	0.0766	-0.613	-0.6686	0.421	88	151	38	2	1	0.003	0.3333	1	0.026
0.009	0.0528	0.1904	-0.3192	0.0709	-0.5743	-0.6162	-0.539	150	152	38	2	2	0.0063	0.25	0	0.026
0.0084	0.0717	0.1606	-0.3454	0.0451	-0.9718	0.1551	-0.1776	151	153	38	2	3	0.0009	0.2917	0	0.0114
0.0068	0.0323	0.0913	-0.3402	0.0242	-0.9838	0.1144	-0.138	152	154	38	2	4	0.01	0.05	0	0.01
0.0056	0.031	0.0827	-0.3199	0.0249	-0.583	0.8124	-0.0068	153	155	38	2	5	0.01	0.05	0	0.01
0.004	0.038	0.0855	-0.3166	0.0247	-0.6927	-0.6639	-0.2817	154	0	38	2	6	0.0036	0.2	0	0.01
0.0091	0.048	-0.0917	0.3071	-0.0032	-0.7822	0.1768	0.5974	99	157	7	3	1	0.0023	0.4583	0	0.0091
0.0091	0.0403	-0.1293	0.3175	0.0125	-0.9672	-0.2513	-0.0368	156	158	7	3	2	0.0011	0.25	0	0.0093
0.0091	0.0125	-0.1698	0.3089	0.0114	-0.6977	-0.6594	-0.28	157	0	7	3	3	0.01	0.05	0	0.01
0.0085	0.0373	0.2456	0.04	-0.0322	0.7531	-0.5588	0.3473	0	160	32	0	1	0.0027	0.3333	0	0.0087
0.0067	0.0419	0.2755	0.0161	-0.0231	-0.9366	-0.2007	-0.2871	159	161	32	0	2	0.0012	0.2917	0	0.0086
0.0025	0.0059	0.2367	0.0094	-0.0321	-0.8958	0.4241	-0.1332	160	0	32	0	3	0.0023	0.2	0	0.01
0.0109	0.0228	0.0753	-0.107	0.0398	-0.7026	-0.6678	-0.2456	124	163	45	3	1	0.0025	0.5833	1	0.0109
0.0109	0.0822	0.0593	-0.1222	0.0342	0.9753	-0.0543	0.214	162	164	45	3	2	0.0025	0.5833	0	0.0109
0.0109	0.0058	0.1335	-0.1325	0.0441	0.7624	-0.6399	-0.0966	163	165	45	3	3	0.01	0.05	0	0.01
0.0109	0.0316	0.138	-0.1362	0.0435	0.58	-0.3651	0.7282	164	166	45	3	4	0.01	0.05	0	0.01
0.0109	0.0288	0.1563	-0.1478	0.0666	0.8042	0.591	-0.0627	165	0	45	3	5	0.01	0.05	0	0.01
0.0063	0.0232	0.0283	-0.2774	0.0216	-0.9714	-0.0829	-0.2224	138	168	37	3	1	0.0018	0.3333	1	0.0164
0.0061	0.0842	-0.0003	-0.2754	0.0209	-0.6405	-0.1552	-0.7521	167	169	37	3	2	0.0054	0.22	0	0.0164
0.0049	0.0421	-0.0554	-0.2963	-0.0381	-0.5747	-0.3342	-0.747	168	170	37	3	3	0.0018	0.15	0	0.01
0.0041	0.0263	-0.0852	-0.3173	-0.0571	-0.6537	-0.4946	-0.5728	169	171	37	3	4	0.0019	0.125	0	0.01
0.0033	0.0311	-0.1047	-0.3214	-0.0738	-0.7375	-0.3021	-0.604	170	0	37	3	5	0.0011	0.125	0	0.01
