radius (m)	length (m)	start_point	axis_direction	parent	extension	branch	branch_order	position_in_branch	mad	SurfCov	added	UnmodRadius (m)
0.0225	0.0825	-0.2495	-0.0663	-0.0852	0.6446	-0.5946	0.4805	0	2	1	0	1	0.0031	0.6667	0	0.0226
0.0187	0.0712	-0.1826	-0.1046	-0.0296	0.3734	-0.8859	0.2752	1	3	1	0	2	0.0026	0.8333	0	0.0187
0.0181	0.0935	-0.157	-0.1971	-0.0064	0.9522	0.0027	0.3055	2	4	1	0	3	0.0078	0.74	0	0.0248
0.0175	0.1103	-0.0642	-0.1935	0.0366	0.9673	-0.0541	-0.2476	3	5	1	0	4	0.0026	0.75	0	0.0175
0.0133	0.0473	0.0562	-0.2067	0.0047	0.3043	0.85	-0.43	4	0	1	0	5	0.0038	0.7188	0	0.0133
0.0251	0.1186	-0.1924	-0.0939	-0.0371	0.6955	0.7184	0.0149	1	7	2	1	1	0.0057	0.7083	0	0.0251
0.018	0.0792	-0.1148	0.0032	-0.0391	0.9103	0.403	0.0943	6	8	2	1	2	0.0026	0.8333	0	0.018
0.0169	0.0732	-0.008	0.0218	-0.0188	0.3292	0.9402	0.0877	7	9	2	1	3	0.0024	0.8333	0	0.0169
0.0197	0.0423	0.0005	0.1327	-0.0027	0.876	0.2253	0.4265	8	10	2	1	4	0.0029	0.75	0	0.0197
0.0137	0.0462	0.039	0.1612	0.0115	0.9107	0.014	0.4129	9	11	2	1	5	0.0022	0.7083	0	0.0137
0.019	0.0869	0.0771	0.1688	0.0265	0.4464	0.6258	0.6396	10	12	2	1	6	0.004	0.625	0	0.0191
0.0137	0.0381	0.1214	0.2258	0.0865	-0.4594	0.8875	0.0361	11	13	2	1	7	0.0015	0.625	0	0.0127
0.0174	0.0641	0.1042	0.2584	0.0781	-0.4397	0.8892	-0.1266	12	14	2	1	8	0.0029	0.8333	0	0.0174
0.0161	0.0449	0.0716	0.315	0.0687	-0.1015	0.9936	0.0487	13	15	2	1	9	0.0022	0.75	0	0.0161
0.0161	0.0408	0.0671	0.3601	0.0662	0.3082	0.946	0.1007	14	0	2	1	10	0.0026	0.5	0	0.0165
0.0181	0.203	-0.0892	-0.1997	0.0267	-0.906	-0.2245	-0.3589	4	17	3	1	1	0.006	0.4792	1	0.0181
0.0181	0.1629	-0.2731	-0.2453	-0.0462	-0.9929	0.0907	-0.0767	16	0	3	1	2	0.006	0.4792	0	0.0181
0.0138	0.1748	-0.1866	-0.139	-0.0287	-0.1168	-0.9929	0.0245	2	19	4	1	1	0.005	0.6667	1	0.0138
0.0138	0.0634	-0.207	-0.3126	-0.0244	0.0566	-0.9041	-0.4236	18	0	4	1	2	0.005	0.6667	0	0.0138
0.0172	0.1945	-0.0904	-0.179	0.0176	0.8791	-0.4749	-0.0409	3	21	17	1	1	0.0262	0.2273	1	0.054
0.0166	0.0153	0.1159	-0.2911	-0.0049	0.5404	0.8159	0.2056	20	22	17	1	2	0.0173	0.3	0	0.054
0.0171	0.2556	0.1247	-0.2793	-0.0078	0.6266	0.7787	-0.0318	21	23	17	1	3	0.002	0.6667	0	0.0208
0.0168	0.0884	0.2962	-0.0608	0.0114	-0.272	0.8335	-0.4809	22	24	17	1	4	0.0104	0.62	0	0.0251
0.0167	0.0503	0.2845	0.0123	-0.0386	-0.0714	0.9797	-0.1875	23	25	17	1	5	0.0022	0.5833	0	0.0186
0.0164	0.032	0.2753	0.0651	-0.0424	0.2662	0.9118	-0.3126	24	26	17	1	6	0.0024	0.5417	0	0.0189
0.0138	0.0505	0.2869	0.0953	-0.0515	-0.2358	0.946	-0.2225	25	0	17	1	7	0.0018	0.4583	0	0.0138
0.0132	0.2027	-0.1244	0.012	-0.0275	-0.0567	0.9977	0.0368	7	28	7	2	1	0.0077	0.1545	0	0.0185
0.011	0.2184	-0.1632	0.21	-0.0309	-0.1597	0.987	0.0158	27	29	7	2	2	0.0051	0.2727	0	0.0165
0.011	0.025	-0.1972	0.4322	-0.0276	-0.9854	0.1239	0.1167	28	0	7	2	3	0.0064	0.85	0	0.011
0.0157	0.209	-0.1602	-0.0955	-0.0302	0.9771	-0.0471	0.2077	6	31	8	2	1	0.0062	0.4063	1	0.0157
0.0157	0.1037	0.0441	-0.1053	0.0132	0.1545	0.9245	0.3485	30	0	8	2	2	0.0062	0.4063	0	0.0157
0.0076	0.1006	0.0277	0.0786	-0.0209	0.7096	-0.5276	-0.4671	8	33	9	2	1	0.0021	0.375	1	0.0142
0.0076	0.0554	0.1019	0.0241	-0.0671	-0.0533	0.4089	0.911	32	34	9	2	2	0.0059	0.325	0	0.0142
0.0038	0.0505	0.1008	0.0559	-0.013	-0.1836	-0.3252	0.9276	33	0	9	2	3	0.0098	0.25	0	0.0164
0.0154	0.0722	0.0312	0.1448	-0.0085	0.9153	0.3633	-0.1738	9	36	11	2	1	0.0044	0.5	1	0.0154
0.0154	0.0761	0.0973	0.1711	-0.0211	0.6875	-0.5415	0.4838	35	37	11	2	2	0.0044	0.5	0	0.0154
0.0154	0.0606	0.1606	0.128	0.0269	0.7156	0.1312	-0.6861	36	0	11	2	3	0.0042	0.3333	0	0.0137
0.0154	0.0807	0.1121	0.187	0.064	0.6424	0.334	0.6897	11	39	12	2	1	0.0056	0.5833	1	0.0154
0.0154	0.0782	0.1639	0.2139	0.1197	0.2156	0.8828	-0.4174	38	0	12	2	2	0.0056	0.5833	0	0.0154
0.0157	0.1175	0.0189	-0.2337	0.0293	0.6139	0.7599	0.214	20	41	5	2	1	0.003	0.625	0	0.0157
0.0142	0.0494	0.1048	-0.152	0.0536	0.4763	0.8724	-0.1096	40	42	5	2	2	0.0017	0.8333	0	0.0142
0.0163	0.065	0.1312	-0.1069	0.0578	0.6699	0.6583	-0.3434	41	43	5	2	3	0.0033	0.875	0	0.0212
0.0162	0.0559	0.1758	-0.0566	0.0233	-0.2889	0.8256	0.4846	42	44	5	2	4	0.0068	0.525	0	0.0214
0.0162	0.0606	0.1729	-0.0067	0.0343	-0.0717	0.9822	0.1738	43	45	5	2	5	0.0054	0.55	0	0.0222
0.0163	0.059	0.1697	0.0546	0.0549	-0.026	0.9859	-0.1654	44	46	5	2	6	0.0038	0.8333	0	0.02
0.016	0.0356	0.1831	0.1174	0.0423	-0.0849	0.7037	0.7054	45	0	5	2	7	0.0065	0.45	0	0.0344
0.0211	0.133	0.2739	0.0996	-0.0608	-0.9505	-0.2501	0.1844	26	48	6	2	1	0.004	0.5	0	0.0211
0.0211	0.0752	0.1604	0.0836	-0.0648	-0.6776	0.7235	0.132	47	49	6	2	2	0.005	0.35	0	0.0341
0.0211	0.0425	0.0923	0.1433	-0.0247	-0.7951	0.329	-0.5094	48	0	6	2	3	0.0065	0.175	0	0.01
0.0113	0.1513	0.3298	-0.1151	0.0369	0.1396	0.8882	-0.4377	23	0	16	2	1	0.0045	0.5	0	0.0113
0.0104	0.0741	-0.204	0.3939	-0.0284	-0.8628	-0.3916	-0.3199	28	52	19	3	1	0.0086	0.575	0	0.02
0.0104	0.0925	-0.2759	0.3633	-0.0379	0.4082	-0.9039	0.1281	51	53	19	3	2	0.0021	0.8333	0	0.014
0.0104	0.0291	-0.222	0.2786	-0.023	-0.0537	-0.9949	-0.0856	52	54	19	3	3	0.0041	0.4	0	0.0155
0.0104	0.0337	-0.2247	0.2502	-0.0266	-0.1928	-0.943	-0.2713	53	0	19	3	4	0.0022	0.3333	0	0.0151
