radius (m)	length (m)	start_point	axis_direction	parent	extension	branch	branch_order	position_in_branch	mad	SurfCov	added	UnmodRadius (m)
0.053	0.2892	0.7882	2.1014	-0.6897	0.0179	0.3178	0.948	0	0	1	0	1	0.0683	0.4037	0	0.053
0.0363	0.5781	0.7395	2.108	-0.6146	0.4691	-0.7298	0.4974	1	3	39	1	1	0.0695	0.2734	0	0.1197
0.0378	0.6064	1.0358	1.6477	-0.4077	-0.2622	-0.9006	0.3467	2	4	39	1	2	0.0422	0.4369	0	0.1406
0.0392	0.4571	0.965	1.0244	-0.2458	-0.6683	-0.7431	-0.0336	3	5	39	1	3	0.0701	0.4749	0	0.1534
0.0431	0.3199	0.6644	0.6786	-0.2584	-0.7311	-0.6574	-0.1826	4	6	39	1	4	0.0428	0.6933	0	0.1449
0.041	0.3186	0.5049	0.4143	-0.305	-0.5506	-0.8058	-0.2179	5	7	39	1	5	0.0458	0.7115	0	0.1571
0.0368	0.2376	0.2838	0.1619	-0.3501	-0.1881	-0.9651	-0.182	6	8	39	1	6	0.0175	0.5064	0	0.0433
0.0311	0.3269	0.1803	-0.0248	-0.375	-0.5377	-0.8223	0.1863	7	9	39	1	7	0.0053	0.6477	0	0.0312
0.0343	0.0198	0.0072	-0.2616	-0.2621	-0.3197	-0.8002	0.5074	8	10	39	1	8	0.0347	0.6667	0	0.0345
0.0371	0.242	-0.0092	-0.269	-0.2802	-0.7215	-0.6908	0.0478	9	11	39	1	9	0.0312	0.3403	0	0.0954
0.0185	0.0841	-0.2351	-0.3909	-0.2667	-0.652	-0.7456	0.138	10	12	39	1	10	0.002	0.7917	0	0.0185
0.018	0.1568	-0.2938	-0.4504	-0.2574	-0.6353	-0.7722	-0.0111	11	13	39	1	11	0.0021	0.7292	0	0.018
0.0212	0.091	-0.3899	-0.5751	-0.2599	-0.7237	-0.6778	-0.1294	12	14	39	1	12	0.0057	0.52	0	0.0162
0.0166	0.0858	-0.4601	-0.635	-0.2536	-0.6879	-0.7191	-0.0981	13	15	39	1	13	0.0021	0.7083	0	0.0166
0.0209	0.2272	-0.5346	-0.6798	-0.2701	-0.7236	-0.6882	-0.0529	14	16	39	1	14	0.0063	0.45	0	0.0154
0.023	0.1749	-0.6715	-0.8581	-0.2951	-0.6027	-0.7954	0.0634	15	17	39	1	15	0.0028	0.7083	0	0.023
0.0203	0.1802	-0.7783	-0.9965	-0.2778	-0.61	-0.791	-0.0465	16	18	39	1	16	0.003	0.625	0	0.0229
0.0132	0.1312	-0.8878	-1.1416	-0.2681	-0.7014	-0.7076	-0.0856	17	19	39	1	17	0.0021	0.775	0	0.0132
0.0179	0.0809	-0.967	-1.2499	-0.2755	-0.7679	-0.6405	-0.0093	18	20	39	1	18	0.0021	0.875	0	0.0179
0.0198	0.0725	-1.0341	-1.2966	-0.2859	-0.7146	-0.6995	-0.0076	19	21	39	1	19	0.0022	0.6667	0	0.0171
0.0167	0.0887	-1.0836	-1.3471	-0.2788	-0.6902	-0.6876	0.2254	20	22	39	1	20	0.0022	0.7083	0	0.0167
0.0188	0.1747	-1.1487	-1.411	-0.2919	-0.7844	-0.6031	0.1448	21	23	39	1	21	0.0028	0.7292	0	0.0188
0.0282	0.0865	-1.2926	-1.5098	-0.267	-0.669	-0.6821	0.2953	22	24	39	1	22	0.0037	0.7917	0	0.0282
0.035	0.1321	-1.3452	-1.5735	-0.2421	-0.6498	-0.7437	0.1572	23	25	39	1	23	0.0052	0.55	0	0.0377
0.0229	0.1063	-1.4322	-1.6696	-0.2415	-0.7291	-0.6838	-0.0276	24	26	39	1	24	0.0031	0.5	0	0.0229
0.0151	0.1469	-1.4998	-1.7502	-0.2554	-0.711	-0.687	-0.1498	25	27	39	1	25	0.0024	0.725	0	0.0151
0.0156	0.1197	-1.6217	-1.8461	-0.28	-0.2839	-0.9576	0.0503	26	28	39	1	26	0.0022	0.9688	0	0.0156
0.0239	0.0744	-1.6723	-1.9605	-0.2722	0.0048	-0.9848	0.1739	27	29	39	1	27	0.0035	0.875	0	0.0239
0.0316	0.1807	-1.6823	-2.0366	-0.2537	0.3236	-0.9375	0.1281	28	30	39	1	28	0.0047	0.625	0	0.0325
0.0406	0.1064	-1.6475	-2.2134	-0.2206	0.3821	-0.8908	0.246	29	31	39	1	29	0.0122	0.5	0	0.0486
0.0288	0.1384	-1.5899	-2.3027	-0.1922	0.2776	-0.9391	0.2025	30	32	39	1	30	0.0085	0.4143	0	0.1006
0.0158	0.1285	-1.5147	-2.4114	-0.143	0.1452	-0.8137	0.5629	31	33	39	1	31	0.0021	0.9375	0	0.0158
0.0134	0.113	-1.497	-2.5145	-0.0688	0.1091	-0.7681	0.631	32	34	39	1	32	0.0017	0.9688	0	0.0134
0.0134	0.1739	-1.4799	-2.6026	0.001	0.006	-0.751	0.6603	33	35	39	1	33	0.0019	0.9583	0	0.0134
0.0141	0.0833	-1.4834	-2.739	0.113	0.1123	-0.505	0.8558	34	36	39	1	34	0.0018	0.8333	0	0.0141
0.0145	0.0715	-1.4739	-2.7938	0.1677	-0.1728	-0.7831	0.5974	35	37	39	1	35	0.0017	0.9167	0	0.0145
0.0158	0.1096	-1.484	-2.8621	0.2371	-0.3197	-0.8697	-0.3761	36	38	39	1	36	0.002	0.9063	0	0.0158
0.0324	0.0841	-1.5255	-2.9557	0.206	-0.6452	-0.7068	-0.29	37	39	39	1	37	0.0039	0.7083	0	0.0371
0.0201	0.0859	-1.5606	-3.0516	0.1552	-0.8558	-0.5105	0.0838	38	40	39	1	38	0.0031	0.8333	0	0.0201
0.0226	0.1279	-1.625	-3.1127	0.158	-0.8833	-0.3994	-0.2454	39	41	39	1	39	0.0027	0.675	0	0.0227
0.0316	0.116	-1.7541	-3.1747	0.1647	-0.7911	-0.4125	-0.4517	40	42	39	1	40	0.0032	0.625	0	0.033
0.0231	0.1004	-1.8431	-3.2268	0.0998	-0.9786	-0.0619	-0.1965	41	43	39	1	41	0.0029	0.7813	0	0.0231
0.0212	0.0873	-1.9445	-3.2581	0.0766	-0.9578	0.1546	-0.2424	42	44	39	1	42	0.0031	0.75	0	0.0212
0.0176	0.0769	-2.0314	-3.246	0.0642	-0.9343	0.1449	-0.3257	43	45	39	1	43	0.003	0.8333	0	0.0176
0.0236	0.1096	-2.1086	-3.2457	0.0514	-0.8092	-0.2145	-0.5469	44	46	39	1	44	0.0033	0.75	0	0.0236
0.0247	0.3267	-2.2084	-3.2568	-0.0016	-0.7772	-0.6096	-0.1559	45	47	39	1	45	0.0044	0.5909	0	0.0259
0.0149	0.0335	-2.481	-3.4351	-0.0446	-0.7538	-0.6544	-0.0604	46	48	39	1	46	0.0016	0.6667	0	0.0149
0.0196	0.127	-2.505	-3.4585	-0.0489	-0.8085	-0.5858	-0.0567	47	0	39	1	47	0.0037	0.65	0	0.0198
0.0169	0.6491	1.0561	1.6028	-0.3725	0.3356	-0.742	0.5804	3	50	2	2	1	0.0026	0.85	1	0.0169
0.0169	0.1371	1.274	1.1212	0.0042	-0.3004	-0.9433	0.1413	49	51	2	2	2	0.0026	0.85	0	0.0169
0.018	0.1297	1.2126	0.9969	0.0494	-0.2265	-0.9739	0.0124	50	52	2	2	3	0.0028	0.75	0	0.018
0.0309	0.0687	1.1799	0.8621	0.0193	-0.3732	-0.8861	0.2748	51	53	2	2	4	0.0041	0.5833	0	0.0336
0.0328	0.085	1.164	0.7961	0.0339	-0.3273	-0.8869	0.326	52	54	2	2	5	0.0034	0.5833	0	0.0363
0.0259	0.089	1.1326	0.7221	0.0604	-0.424	-0.8296	0.3633	53	55	2	2	6	0.003	0.6667	0	0.0263
0.0144	0.0882	1.0773	0.6542	0.0959	-0.3195	-0.947	0.0328	54	56	2	2	7	0.0022	0.875	0	0.0144
0.0126	0.0908	1.0504	0.5686	0.105	-0.4529	-0.8699	-0.1954	55	57	2	2	8	0.0017	0.9167	0	0.0126
0.014	0.0783	1.0173	0.4842	0.0914	-0.5315	-0.8438	-0.074	56	58	2	2	9	0.0018	0.9583	0	0.014
0.0163	0.124	0.9728	0.4189	0.0699	-0.4643	-0.8847	0.0416	57	59	2	2	10	0.002	0.875	0	0.0163
0.014	0.0789	0.9121	0.309	0.0859	-0.4521	-0.88	-0.1457	58	60	2	2	11	0.0019	0.9583	0	0.014
0.0131	0.0808	0.8753	0.2394	0.0768	-0.5096	-0.8062	-0.3007	59	61	2	2	12	0.0018	0.75	0	0.0131
0.014	0.0752	0.8382	0.1685	0.0575	-0.5929	-0.7239	-0.3527	60	62	2	2	13	0.0018	0.9167	0	0.014
0.0143	0.0786	0.7969	0.1108	0.0316	-0.6044	-0.7185	-0.3442	61	63	2	2	14	0.0019	0.9167	0	0.0143
0.0136	0.1425	0.7503	0.0539	0.0032	-0.6376	-0.7495	-0.1781	62	64	2	2	15	0.002	0.95	0	0.0136
0.0141	0.0846	0.6603	-0.053	-0.0273	-0.6147	-0.783	-0.0958	63	65	2	2	16	0.0016	1	0	0.0141
0.014	0.0731	0.6087	-0.1191	-0.0375	-0.6225	-0.7629	-0.1743	64	66	2	2	17	0.0017	0.875	0	0.014
0.0154	0.071	0.565	-0.1779	-0.0464	-0.6054	-0.735	-0.3055	65	67	2	2	18	0.0019	0.9583	0	0.0154
0.0125	0.1095	0.5184	-0.23	-0.0607	-0.6453	-0.6995	-0.3071	66	68	2	2	19	0.0017	0.8438	0	0.0125
0.014	0.0832	0.4504	-0.3073	-0.1027	-0.6536	-0.7444	-0.1368	67	69	2	2	20	0.0019	0.875	0	0.014
0.0159	0.067	0.3902	-0.3679	-0.125	-0.4439	-0.8866	0.1301	68	70	2	2	21	0.002	0.7917	0	0.0159
0.0171	0.1642	0.3352	-0.4116	-0.1235	-0.5468	-0.831	0.102	69	71	2	2	22	0.0033	0.5	0	0.0218
0.0183	0.0567	0.2621	-0.5725	-0.1071	-0.8175	-0.5595	0.1366	70	72	2	2	23	0.0022	0.75	0	0.0183
0.0163	0.1177	0.2176	-0.6086	-0.1071	-0.8051	-0.5793	0.1272	71	73	2	2	24	0.0026	0.6563	0	0.0213
0.0144	0.1144	0.1207	-0.6773	-0.0815	-0.6264	-0.7625	-0.1619	72	74	2	2	25	0.0023	0.875	0	0.0144
0.0164	0.1052	0.0461	-0.7603	-0.1091	-0.4493	-0.8563	-0.2546	73	75	2	2	26	0.0027	0.75	0	0.0164
0.0184	0.0827	-0.0157	-0.8425	-0.1252	-0.6071	-0.7442	-0.2785	74	76	2	2	27	0.0028	0.9167	0	0.0184
0.0254	0.129	-0.0475	-0.924	-0.1616	-0.6682	-0.7262	0.1615	75	77	2	2	28	0.0033	0.8	0	0.0276
0.0201	0.1218	-0.1669	-1.0004	-0.1386	-0.4416	-0.8741	0.2021	76	78	2	2	29	0.0031	0.75	0	0.0201
0.0195	0.1158	-0.2276	-1.1049	-0.1229	-0.2919	-0.9563	0.0147	77	79	2	2	30	0.0028	0.75	0	0.0195
0.0175	0.1288	-0.2749	-1.2156	-0.1041	-0.2263	-0.9583	-0.1746	78	80	2	2	31	0.0027	0.75	0	0.0175
0.0224	0.151	-0.3224	-1.33	-0.1295	-0.4455	-0.8935	0.0569	79	81	2	2	32	0.0034	0.85	0	0.0234
0.0234	0.0767	-0.3818	-1.4758	-0.1353	-0.7816	-0.6221	0.0464	80	82	2	2	33	0.0031	0.875	0	0.0244
0.0203	0.1441	-0.4335	-1.549	-0.1182	-0.9268	-0.3594	-0.1088	81	83	2	2	34	0.0037	0.75	0	0.0217
0.0202	0.1481	-0.5609	-1.6053	-0.1408	-0.7211	-0.6622	-0.2036	82	84	2	2	35	0.0032	0.825	0	0.0202
0.0205	0.069	-0.7002	-1.6922	-0.1514	-0.5215	-0.7252	-0.4496	83	85	2	2	36	0.0026	0.5833	0	0.0214
0.0136	0.1255	-0.7255	-1.7483	-0.1868	-0.5539	-0.7854	-0.2762	84	0	2	2	37	0.002	0.675	0	0.0136
0.0359	0.2159	0.9957	1.6309	-0.3797	-0.8094	0.4246	0.4058	3	87	40	2	1	0.0085	0.3438	1	0.0536
0.0357	0.4536	0.8053	1.719	-0.3011	-0.5165	0.4636	0.7199	86	88	40	2	2	0.0167	0.4167	0	0.0536
0.0359	0.1594	0.565	1.9352	0.0257	-0.0295	-0.0753	0.9967	87	89	40	2	3	0.0157	0.8542	0	0.0491
0.0352	0.4431	0.5887	1.9002	0.1969	-0.3195	0.1073	0.9415	88	90	40	2	4	0.0207	0.8116	0	0.0539
0.0355	0.1192	0.4957	1.9226	0.617	-0.0861	-0.0513	0.995	89	91	40	2	5	0.0034	0.875	0	0.0355
0.0398	0.105	0.4909	1.9132	0.7362	-0.0932	0.0221	0.9954	90	92	40	2	6	0.0032	0.8889	0	0.0398
0.0404	0.0836	0.4769	1.9185	0.8413	0.0834	-0.0739	0.9938	91	93	40	2	7	0.0036	0.9259	0	0.0404
0.0266	0.166	0.4641	1.9234	0.9255	0.0102	-0.0861	0.9962	92	94	40	2	8	0.0039	0.9167	0	0.0266
0.0316	0.0842	0.4819	1.8878	1.0939	-0.0975	0.065	0.9931	93	95	40	2	9	0.0034	0.75	0	0.0316
0.0343	0.1555	0.4746	1.9005	1.1791	-0.0169	-0.2104	0.9775	94	0	40	2	10	0.0039	0.775	0	0.0343
0.029	0.3762	-0.0017	-0.3132	-0.2792	0.3356	-0.911	-0.2396	10	97	5	2	1	0.0064	0.5556	0	0.0296
0.0156	0.1244	0.1368	-0.6566	-0.362	0.0021	-0.9962	-0.0873	96	98	5	2	2	0.0023	0.9	0	0.0156
0.0194	0.1158	0.1289	-0.7823	-0.3842	0.0927	-0.9916	0.0905	97	99	5	2	3	0.003	0.8125	0	0.0194
0.0243	0.1063	0.1279	-0.8991	-0.3755	0.1652	-0.9862	0.0108	98	100	5	2	4	0.0033	0.75	0	0.0243
0.0303	0.1606	0.1588	-1.0051	-0.3781	-0.0595	-0.9948	0.0824	99	101	5	2	5	0.0058	0.5833	0	0.0311
0.0312	0.4319	0.1267	-1.1687	-0.358	0.1934	-0.9784	0.0735	100	102	5	2	6	0.0219	0.75	0	0.0995
0.0306	0.1835	0.2188	-1.5896	-0.3303	0.195	-0.9808	0.0007	101	103	5	2	7	0.0217	0.6889	0	0.1097
0.0168	0.1678	0.1811	-1.789	-0.3083	0.265	-0.9636	0.0357	102	104	5	2	8	0.0024	0.875	0	0.0168
0.033	0.2626	0.2326	-1.9588	-0.3007	-0.7575	-0.6444	0.1048	103	105	5	2	9	0.0165	0.6104	0	0.0421
0.0349	0.1254	0.0591	-2.2043	-0.2348	-0.9063	-0.0936	0.4122	104	106	5	2	10	0.0061	0.675	0	0.0357
0.0309	0.1451	-0.1029	-2.2782	-0.2144	-0.4539	-0.094	0.8861	105	107	5	2	11	0.0037	0.775	0	0.0309
0.0183	0.0829	-0.1811	-2.2529	-0.0486	-0.4898	-0.6784	0.5476	106	108	5	2	12	0.0024	0.8333	0	0.0183
0.0234	0.0654	-0.1964	-2.3344	0.0299	-0.8544	-0.3458	0.3879	107	109	5	2	13	0.0033	0.6667	0	0.0234
0.0261	0.1345	-0.2393	-2.3814	0.0671	-0.8565	-0.236	0.459	108	110	5	2	14	0.0043	0.575	0	0.0264
0.0192	0.1037	-0.358	-2.3907	0.1524	-0.4381	-0.6827	0.5848	109	111	5	2	15	0.0029	0.8125	0	0.0192
0.0303	0.1478	-0.4294	-2.4428	0.2164	-0.3111	-0.5676	0.7623	110	0	5	2	16	0.0091	0.4625	0	0.0437
0.0233	0.474	0.5753	0.6547	-0.2633	-0.9647	-0.2579	-0.0531	5	113	8	2	1	0.0132	0.3981	1	0.056
0.0233	0.256	0.1064	0.5439	-0.3049	-0.6628	-0.7474	-0.0457	112	0	8	2	2	0.0234	0.6077	0	0.056
0.0209	0.1128	-1.159	-1.4243	-0.271	0.7468	0.3817	0.5446	22	115	9	2	1	0.0047	0.3889	1	0.0393
0.0209	0.2897	-1.0794	-1.3881	-0.1908	0.9407	0.166	0.2959	114	116	9	2	2	0.0108	0.3933	0	0.0393
0.0209	0.1324	-0.8033	-1.339	-0.0699	0.8396	0.5337	-0.1013	115	0	9	2	3	0.0034	0.625	0	0.0209
0.0174	0.3824	-1.7025	-1.9338	-0.2388	0.0233	0.9707	-0.2392	29	118	25	2	1	0.0029	0.75	0	0.0174
0.0157	0.1406	-1.7129	-1.5641	-0.3399	-0.0315	0.9956	-0.0887	117	119	25	2	2	0.0022	0.9	0	0.0157
0.0191	0.0628	-1.6895	-1.4068	-0.3463	-0.5174	0.8539	-0.0566	118	120	25	2	3	0.0027	0.7083	0	0.0191
0.0197	0.2503	-1.7048	-1.3391	-0.3418	-0.6698	0.7242	0.164	119	121	25	2	4	0.0048	0.4861	0	0.0374
0.0203	0.0795	-1.8645	-1.1409	-0.3274	-0.1127	0.8538	0.5083	120	122	25	2	5	0.0022	0.875	0	0.0203
0.0274	0.1072	-1.8906	-1.0807	-0.3087	-0.7389	0.5484	0.3914	121	123	25	2	6	0.0033	0.4688	0	0.0348
0.0216	0.1837	-1.9619	-0.9775	-0.2201	-0.97	-0.0709	0.2325	122	124	25	2	7	0.0032	0.5833	0	0.0216
0.0167	0.0651	-2.1439	-1.0024	-0.2036	-0.9902	0.0978	0.1001	123	125	25	2	8	0.002	0.75	0	0.0167
0.0207	0.0645	-2.2144	-0.9898	-0.1779	-0.9491	0.0445	-0.312	124	126	25	2	9	0.0026	0.7083	0	0.0207
0.0254	0.0624	-2.277	-0.9792	-0.2098	-0.9915	0.0122	0.1292	125	127	25	2	10	0.0032	0.75	0	0.0254
0.0239	0.0794	-2.3432	-0.9814	-0.2152	-0.9314	-0.15	0.3318	126	128	25	2	11	0.0027	0.625	0	0.0241
0.0261	0.1127	-2.4269	-0.9646	-0.2066	-0.96	-0.2096	0.1859	127	129	25	2	12	0.0031	0.6875	0	0.0262
0.0216	0.1176	-2.5354	-0.9807	-0.1398	-0.9725	-0.2306	0.0312	128	130	25	2	13	0.0029	0.6875	0	0.0216
0.0263	0.1018	-2.6419	-1.0125	-0.157	-0.923	-0.2516	-0.2912	129	131	25	2	14	0.004	0.75	0	0.0263
0.0289	0.0909	-2.7645	-1.0388	-0.1561	-0.5754	-0.6033	-0.5522	130	132	25	2	15	0.0042	0.875	0	0.0289
0.0294	0.0967	-2.8216	-1.0826	-0.2215	-0.8253	-0.5479	-0.1365	131	133	25	2	16	0.005	0.6458	0	0.0559
0.0252	0.0786	-2.8956	-1.1866	-0.2358	-0.8027	-0.1059	0.5869	132	134	25	2	17	0.0035	0.6667	0	0.0253
0.0234	0.1241	-2.9643	-1.2118	-0.1917	-0.6992	0.1476	0.6995	133	135	25	2	18	0.003	0.625	0	0.0236
0.0173	0.0997	-3.0844	-1.2018	-0.1272	-0.5818	0.2336	0.779	134	136	25	2	19	0.0025	0.625	0	0.0173
0.0183	0.1059	-3.1344	-1.1792	-0.0368	-0.7612	0.4125	0.5004	135	0	25	2	20	0.0028	0.6563	0	0.0183
0.0184	0.3072	-1.7087	-2.0561	-0.2569	-0.9246	-0.3183	-0.2094	29	138	26	2	1	0.0033	0.625	0	0.0186
0.0167	0.0991	-2.0044	-2.1376	-0.3115	-0.8321	-0.5496	-0.0754	137	139	26	2	2	0.0027	0.7188	0	0.0167
0.0203	0.1869	-2.0916	-2.199	-0.3416	-0.9354	-0.2302	0.2685	138	0	26	2	3	0.0038	0.5893	0	0.0241
0.0171	0.2609	-1.5595	-3.05	0.1752	0.8502	0.5084	0.1364	39	0	27	2	1	0.0048	0.4688	0	0.0171
0.029	0.0842	-1.9396	-3.2742	0.0632	0.7791	-0.5807	-0.2363	43	142	29	2	1	0.0092	0.4531	1	0.029
0.029	0.2139	-1.874	-3.3231	0.0433	0.9252	-0.2195	-0.3095	141	0	29	2	2	0.0092	0.4531	0	0.029
0.0189	0.2051	-2.2487	-3.2782	0.0149	-0.7201	-0.2351	0.6528	46	144	30	2	1	0.0028	0.825	1	0.0189
0.0189	0.1259	-2.3964	-3.3264	0.1488	-0.5771	-0.4595	0.6751	143	145	30	2	2	0.0028	0.825	0	0.0189
0.0234	0.0764	-2.4661	-3.3911	0.1906	-0.9712	0.2165	-0.0998	144	146	30	2	3	0.0105	0.8	0	0.0357
0.022	0.2986	-2.5546	-3.3648	0.2247	-0.908	0.2136	-0.3603	145	147	30	2	4	0.0286	0.3857	0	0.0566
0.0204	0.1824	-2.8108	-3.2537	0.1186	-0.8926	0.2917	-0.3439	146	0	30	2	5	0.0033	0.6042	0	0.0204
0.0084	0.4022	1.1848	1.3573	-0.1819	0.8156	0.4135	-0.4046	49	149	6	3	1	0.0083	0.3667	1	0.0219
0.0084	0.4314	1.5113	1.525	-0.345	-0.6608	-0.7501	-0.0262	148	0	6	3	2	0.014	0.4	0	0.0219
0.0151	0.2097	1.2543	1.1101	0.0136	-0.8039	-0.4527	0.3857	50	151	7	3	1	0.0019	0.7083	1	0.0151
0.0151	0.0612	1.0857	1.0152	0.0945	-0.7288	-0.6373	0.2505	150	152	7	3	2	0.0019	0.7083	0	0.0151
0.015	0.0836	1.0408	0.9766	0.1098	-0.7852	-0.5652	0.2529	151	153	7	3	3	0.0021	0.8333	0	0.015
0.0153	0.068	0.9793	0.9228	0.13	-0.7724	-0.5347	0.3427	152	154	7	3	4	0.0021	0.8333	0	0.0153
0.0153	0.0868	0.9201	0.8909	0.1496	-0.6373	-0.7184	0.2788	153	155	7	3	5	0.0024	0.6667	0	0.0158
0.0152	0.0813	0.8474	0.8414	0.1737	-0.5455	-0.7325	0.4072	154	156	7	3	6	0.0021	0.7083	0	0.0152
0.0157	0.0813	0.7959	0.7797	0.2017	-0.1503	-0.8222	0.5491	155	157	7	3	7	0.0023	0.625	0	0.0175
0.0161	0.0821	0.7698	0.7073	0.2448	0.2018	-0.6986	0.6865	156	158	7	3	8	0.0091	0.725	0	0.0229
0.0161	0.0774	0.7761	0.6433	0.301	0.3265	-0.515	0.7926	157	159	7	3	9	0.0025	0.7917	0	0.0206
0.0161	0.0695	0.8056	0.5904	0.3614	0.106	-0.0345	0.9938	158	160	7	3	10	0.0082	0.75	0	0.0217
0.0172	0.0802	0.8292	0.5668	0.4363	-0.0905	0.1991	0.9758	159	161	7	3	11	0.0022	0.7917	0	0.0172
0.016	0.0667	0.8337	0.5834	0.5186	-0.3244	0.2997	0.8972	160	162	7	3	12	0.0026	0.4167	0	0.0205
0.0161	0.079	0.8203	0.6086	0.5878	-0.7819	0.1562	0.6035	161	163	7	3	13	0.0107	0.6	0	0.0308
0.016	0.2181	0.7757	0.625	0.6548	-0.752	0.0383	0.658	162	164	7	3	14	0.0033	0.5625	0	0.0199
0.0161	0.137	0.6192	0.6217	0.8214	-0.869	0.2649	0.418	163	0	7	3	15	0.0028	0.65	0	0.0193
0.0134	0.1047	1.177	0.8133	0.0052	0.12	-0.8425	-0.5252	52	166	41	3	1	0.0027	0.725	1	0.0134
0.0134	0.1348	1.1896	0.7251	-0.0498	-0.2955	-0.7517	-0.5897	165	167	41	3	2	0.0027	0.725	0	0.0134
0.0139	0.0782	1.1543	0.625	-0.1338	-0.2721	-0.8181	-0.5067	166	168	41	3	3	0.002	0.8333	0	0.0139
0.0155	0.09	1.1381	0.5613	-0.1759	-0.2201	-0.8293	-0.5137	167	169	41	3	4	0.0021	0.75	0	0.0155
0.0172	0.0746	1.117	0.4888	-0.2251	-0.2446	-0.8165	-0.5229	168	170	41	3	5	0.0019	0.75	0	0.0172
0.0166	0.0743	1.0995	0.4303	-0.27	-0.3388	-0.8593	-0.3832	169	171	41	3	6	0.0021	0.7083	0	0.0166
0.0159	0.0684	1.0765	0.3661	-0.3062	-0.6454	-0.7483	-0.1534	170	172	41	3	7	0.0022	0.6667	0	0.016
0.0134	0.0996	1.0416	0.3123	-0.3293	-0.6067	-0.7409	-0.2881	171	0	41	3	8	0.002	0.6563	0	0.0131
0.0164	0.1557	-0.1166	-0.9629	-0.1427	-0.873	0.3905	0.2922	76	174	20	3	1	0.0101	0.5313	1	0.0164
0.0164	0.0649	-0.2525	-0.9021	-0.0972	-0.7846	-0.5631	-0.2595	173	0	20	3	2	0.0101	0.5313	0	0.0164
0.0626	0.5086	1.0052	1.6408	-0.3448	0.2529	0.2627	0.9311	86	176	3	3	1	0.006	0.6848	1	0.0715
0.0626	0.3116	1.1329	1.7713	0.1287	-0.2011	0.0265	0.9792	175	177	3	3	2	0.0144	0.6406	0	0.0715
0.0341	0.1155	1.0664	1.7716	0.4326	-0.2158	-0.0441	0.9754	176	178	3	3	3	0.0341	1	0	0.0705
0.0341	0.1083	1.0343	1.769	0.5438	-0.2198	-0.0659	0.9733	177	179	3	3	4	0.0317	0.9697	0	0.0692
0.0341	0.1136	1.0147	1.7657	0.6504	-0.2135	-0.0653	0.9748	178	180	3	3	5	0.0306	1	0	0.067
0.0341	0.1015	0.9857	1.7546	0.7598	-0.2416	-0.0548	0.9688	179	181	3	3	6	0.0305	0.9394	0	0.0679
0.0341	0.1968	0.9628	1.7399	0.8574	-0.2165	-0.1167	0.9693	180	182	3	3	7	0.0312	0.9364	0	0.0681
0.0341	0.1739	0.9151	1.7278	1.0492	-0.1608	-0.1676	0.9727	181	183	3	3	8	0.0292	0.9798	0	0.0654
0.0341	0.1371	0.8762	1.692	1.2166	0.0679	-0.3552	0.9323	182	0	3	3	9	0.0209	0.8182	0	0.0626
0.0203	0.8373	0.874	1.6102	-0.4206	-0.1765	-0.0237	0.984	87	185	4	3	1	0.0032	0.6786	0	0.0203
0.0242	0.1972	0.7496	1.5852	0.418	-0.5538	-0.1836	0.8122	184	0	4	3	2	0.0053	0.5	0	0.0344
0.0215	0.1235	0.0129	-0.4291	-0.2949	-0.4454	-0.8784	0.1733	96	187	10	3	1	0.0054	0.5156	1	0.0216
0.0213	0.2308	-0.0421	-0.5376	-0.2735	-0.5064	-0.8565	-0.0997	186	188	10	3	2	0.0054	0.5156	0	0.0216
0.0179	0.1032	-0.1605	-0.7356	-0.308	-0.4255	-0.902	0.0729	187	189	10	3	3	0.0029	0.6875	0	0.0179
0.0148	0.1134	-0.2046	-0.8295	-0.2958	-0.4717	-0.8621	-0.1851	188	190	10	3	4	0.0018	0.6563	0	0.0137
0.0148	0.1173	-0.2577	-0.9304	-0.3101	-0.5114	-0.7901	-0.3379	189	191	10	3	5	0.002	0.8125	0	0.0148
0.0185	0.0688	-0.3134	-1.0263	-0.3497	-0.58	-0.7726	-0.2582	190	0	10	3	6	0.0023	0.5417	0	0.0193
0.0228	0.2442	0.1604	-1.4815	-0.3205	-0.5356	-0.7455	0.3967	101	193	11	3	1	0.004	0.5833	1	0.0274
0.0228	0.0695	0.0296	-1.6636	-0.2236	-0.5804	-0.772	0.2592	192	194	11	3	2	0.004	0.5833	0	0.0274
0.0202	0.2419	0.0061	-1.7593	-0.1804	-0.9106	-0.1288	0.3928	193	0	11	3	3	0.0024	0.6667	0	0.0202
0.0203	0.4237	0.2574	-1.6303	-0.3363	0.6849	-0.7209	-0.1061	102	196	12	3	1	0.0062	0.4583	1	0.0203
0.0203	0.1707	0.5476	-1.9357	-0.3812	-0.5248	-0.6654	-0.5309	195	0	12	3	2	0.0062	0.4583	0	0.0203
0.0241	0.3106	0.2407	-1.9939	-0.307	0.2197	-0.96	-0.1735	104	198	13	3	1	0.011	0.5833	1	0.0241
0.0241	0.175	0.3089	-2.2921	-0.3609	-0.8906	-0.4373	-0.1247	197	0	13	3	2	0.011	0.5833	0	0.0241
0.021	0.1473	-0.1189	-2.2563	-0.2329	-0.8155	0.5537	0.1684	106	200	14	3	1	0.0072	0.6667	1	0.021
0.021	0.074	-0.239	-2.1747	-0.2081	-0.6574	0.6993	0.2808	199	0	14	3	2	0.0072	0.6667	0	0.021
0.0204	0.2469	0.0103	-2.2247	-0.2463	-0.9013	-0.3767	-0.2142	105	202	15	3	1	0.006	0.5313	1	0.0204
0.0204	0.097	-0.2122	-2.3177	-0.2992	-0.4156	-0.8104	0.413	201	0	15	3	2	0.006	0.5313	0	0.0204
0.0247	0.2398	-0.1542	-2.2573	-0.1232	-0.0888	0.9899	-0.1104	106	204	42	3	1	0.005	0.6429	1	0.0261
0.0247	0.1976	-0.1755	-2.0199	-0.1496	0.2487	-0.0729	0.9658	203	205	42	3	2	0.005	0.6429	0	0.0261
0.0247	0.1607	-0.1295	-2.0301	0.0442	0.5243	-0.1961	0.8286	204	0	42	3	3	0.0042	0.5208	0	0.0247
0.021	0.0953	-0.365	-2.368	0.1494	-0.1867	0.9596	-0.2107	110	207	23	3	1	0.0083	0.75	1	0.021
0.021	0.1397	-0.3828	-2.2766	0.1293	-0.2606	0.8023	-0.537	206	0	23	3	2	0.0083	0.75	0	0.021
0.0193	0.0635	-1.8884	-1.1008	-0.3119	-0.9185	0.0417	-0.3932	121	209	31	3	1	0.0048	0.6875	1	0.0246
0.0193	0.1527	-1.9472	-1.0957	-0.336	-0.9566	-0.273	0.1019	208	210	31	3	2	0.0101	0.65	0	0.0246
0.019	0.1105	-2.0991	-1.1148	-0.3008	-0.9533	-0.2964	0.058	209	211	31	3	3	0.0033	0.5625	0	0.0191
0.0133	0.0745	-2.2039	-1.1534	-0.2942	-0.9932	-0.0906	0.0733	210	212	31	3	4	0.0017	0.9167	0	0.0133
0.0148	0.082	-2.2785	-1.159	-0.2911	-0.9811	-0.1315	0.1416	211	213	31	3	5	0.0024	0.7917	0	0.0148
0.0191	0.08	-2.3635	-1.1541	-0.2854	-0.9636	-0.2624	0.0506	212	214	31	3	6	0.0053	0.5	0	0.0241
0.0183	0.1058	-2.4426	-1.1699	-0.2743	-0.9426	-0.3329	-0.0256	213	215	31	3	7	0.0023	0.5938	0	0.0184
0.0187	0.0935	-2.5435	-1.2018	-0.28	-0.88	-0.4505	-0.1503	214	216	31	3	8	0.0087	0.52	0	0.0285
0.0188	0.1532	-2.6234	-1.2434	-0.2984	-0.5289	-0.7568	-0.3841	215	0	31	3	9	0.0027	0.575	0	0.0193
0.0163	0.1159	-2.2039	-0.9984	-0.181	-0.4118	-0.064	0.909	124	218	33	3	1	0.0029	0.575	1	0.021
0.0163	0.1352	-2.2516	-1.0059	-0.0756	-0.6035	-0.5403	0.5864	217	219	33	3	2	0.0029	0.575	0	0.021
0.0163	0.131	-2.3307	-1.0746	0.0153	-0.8643	-0.3795	0.3302	218	220	33	3	3	0.0027	0.65	0	0.0191
0.0163	0.1516	-2.4459	-1.1212	0.0631	-0.5966	-0.7639	0.2461	219	221	33	3	4	0.0132	0.5375	0	0.0484
0.0163	0.4919	-2.5644	-1.2202	0.1143	-0.5549	-0.8227	-0.1233	220	222	33	3	5	0.022	0.3733	0	0.0406
0.0163	0.2281	-2.8209	-1.6208	0.0205	-0.4732	-0.8146	-0.3353	221	223	33	3	6	0.0083	0.8229	0	0.0163
0.0158	0.1065	-2.907	-1.8145	-0.0615	-0.3969	-0.8432	-0.3625	222	0	33	3	7	0.0035	0.7813	0	0.0196
0.0329	0.1487	-2.6689	-0.994	-0.1549	-0.785	0.613	0.0898	130	225	34	3	1	0.0125	0.575	1	0.0329
0.0329	0.1319	-2.7856	-0.9029	-0.1416	-0.9196	-0.0458	0.3902	224	0	34	3	2	0.0125	0.575	0	0.0329
0.024	0.3127	-2.7866	-3.2691	0.1492	0.5784	-0.366	0.7291	147	227	43	3	1	0.0102	0.5987	1	0.024
0.024	0.5436	-2.6057	-3.3835	0.3772	0.9921	-0.0927	0.0845	226	0	43	3	2	0.0102	0.5987	0	0.024
0.0161	0.3585	0.9546	0.9231	0.1314	-0.9724	-0.2314	0.0301	153	229	17	4	1	0.0039	0.5357	0	0.0179
0.0161	0.0771	0.6014	0.8465	0.1512	-0.9231	-0.1844	-0.3374	228	0	17	4	2	0.0027	0.5833	0	0.0161
0.0194	0.2314	0.8119	0.6209	0.6111	0.3122	-0.3423	0.8862	162	0	18	4	1	0.0072	0.6875	0	0.0194
0.0193	0.0726	-0.1496	-2.0023	-0.0948	0.4161	0.8854	-0.2072	204	232	16	4	1	0.0069	0.625	1	0.0193
0.0193	0.1332	-0.1194	-1.9381	-0.1098	0.8595	0.1883	-0.4751	231	0	16	4	2	0.0069	0.625	0	0.0193
0.0237	0.1614	-2.6562	-1.3334	0.0862	-0.5551	0.5806	-0.5956	221	234	37	4	1	0.0064	0.5313	1	0.0237
0.0237	0.1101	-2.7458	-1.2397	-0.0099	-0.3719	0.4906	-0.7881	233	0	37	4	2	0.0064	0.5313	0	0.0237
