radius (m)	length (m)	start_point	axis_direction	parent	extension	branch	branch_order	position_in_branch	mad	SurfCov	added	UnmodRadius (m)
0.0157	0.0824	0.1279	-0.0538	-0.1232	0.6888	0.2528	0.6794	0	2	1	0	1	0.0032	0.4583	0	0.0159
0.0161	0.0562	0.1778	-0.0265	-0.0682	-0.5555	-0.6607	-0.5049	1	3	1	0	2	0.0011	0.375	0	0.017
0.0131	0.0038	0.1468	-0.0666	-0.0887	-0.7625	-0.613	-0.2071	2	4	1	0	3	0.0037	0.45	0	0.0131
0.0155	0.0699	0.1378	-0.0748	-0.0914	-0.1965	-0.1194	0.9732	3	5	1	0	4	0.0013	0.4167	0	0.016
0.0134	0.0323	0.1263	-0.0677	-0.0291	-0.5126	0.3622	0.7785	4	6	1	0	5	0.0067	0.4688	0	0.0134
0.0105	0.0284	0.1164	-0.0561	-0.0056	0.1811	0.6833	0.7073	5	7	1	0	6	0.0035	0.4375	0	0.0094
0.0102	0.0356	0.122	-0.0356	0.0119	0.2906	0.8656	0.4077	6	8	1	0	7	0.01	0.05	0	0.01
0.0101	0.0033	0.1091	-0.0177	0.0091	-0.4134	0.9027	-0.1194	7	9	1	0	8	0.0009	0.3333	0	0.0086
0.0099	0.0412	0.1078	-0.0128	0.008	-0.6794	-0.2111	-0.7027	8	10	1	0	9	0.0009	0.375	0	0.0096
0.0141	0.0339	0.0689	-0.0213	-0.0076	-0.7718	0.0612	-0.6329	9	11	1	0	10	0.0016	0.2917	0	0.0159
0.0125	0.0445	0.047	-0.0093	-0.0302	-0.7268	0.379	0.5728	10	12	1	0	11	0.0016	0.25	0	0.0126
0.01	0.0218	0.0203	0.008	-0.0009	-0.4418	0.6799	0.5853	11	13	1	0	12	0.01	0.05	0	0.01
0.0118	0.0429	0.0111	0.0227	-0.0062	-0.7912	0.611	-0.0259	12	14	1	0	13	0.0016	0.375	0	0.0118
0.01	0.0002	-0.0248	0.0471	-0.0077	-0.531	0.6563	-0.536	13	15	1	0	14	0.01	0.05	0	0.01
0.0118	0.0394	-0.0196	0.0606	-0.0052	-0.7625	0.1859	0.6197	14	16	1	0	15	0.0019	0.3333	0	0.0128
0.01	0.0307	-0.0381	0.0724	0.0265	-0.4676	-0.2081	0.8591	15	17	1	0	16	0.01	0.05	0	0.01
0.01	0.0192	-0.0487	0.0586	0.0284	-0.6094	-0.7797	0.1438	16	0	1	0	17	0.01	0.05	0	0.01
0.0147	0.0615	0.1597	-0.0351	-0.0628	0.0545	-0.4813	0.8748	2	19	3	1	1	0.0024	0.3333	0	0.0153
0.0102	0.0126	0.1526	-0.0573	-0.0107	0.4161	0.7144	0.5626	18	20	3	1	2	0.01	0.05	0	0.01
0.0095	0.0575	0.162	-0.0499	0.0008	-0.7375	-0.3614	0.5705	19	21	3	1	3	0.0007	0.375	0	0.0075
0.0119	0.0737	0.1276	-0.0753	0.0232	-0.6167	-0.7762	-0.1309	20	22	3	1	4	0.0014	0.375	0	0.0134
0.0072	0.0024	0.082	-0.1332	0.0159	-0.831	-0.5092	-0.2239	21	23	3	1	5	0.01	0.05	0	0.01
0.0046	0.0233	0.0799	-0.1349	0.0159	-0.3269	-0.6295	-0.7049	22	0	3	1	6	0.0003	0.075	0	0.01
0.0115	0.0445	0.1834	-0.0442	-0.0697	0.4524	-0.5719	0.6843	2	25	5	1	1	0.0014	0.3333	0	0.0074
0.0151	0.0189	0.2072	-0.0872	-0.0237	-0.8915	-0.3904	-0.2299	24	26	5	1	2	0.0042	0.2	0	0.0227
0.0105	0.0338	0.1947	-0.1035	-0.0159	-0.6016	-0.7301	-0.3241	25	27	5	1	3	0.01	0.05	0	0.01
0.0142	0.0019	0.2123	-0.1268	-0.038	-0.2094	-0.5854	-0.7833	26	28	5	1	4	0.001	0.375	0	0.019
0.0133	0.0435	0.2107	-0.1152	-0.0355	0.4814	-0.2205	0.8483	27	29	5	1	5	0.0014	0.3333	0	0.0182
0.0114	0.0414	0.248	-0.1242	-0.0241	0.5009	-0.8105	0.3035	28	30	5	1	6	0.0011	0.25	0	0.0146
0.0078	0.0288	0.261	-0.1551	0.0016	0.4123	-0.8177	0.4017	29	31	5	1	7	0.01	0.05	0	0.01
0.0058	0.0027	0.27	-0.181	0.0035	0.3432	-0.9307	0.1265	30	0	5	1	8	0.01	0.05	0	0.01
0.0025	0.0355	0.1232	-0.0122	0.0131	-0.8021	0.596	-0.0379	7	33	21	1	1	0.0132	0.175	1	0.01
0.0025	0.0275	0.0964	0.0088	0.0111	-0.0659	0.8826	-0.4655	32	34	21	1	2	0.0093	0.175	0	0.01
0.0025	0.0303	0.0948	0.0326	-0.0015	-0.8019	-0.0245	0.597	33	0	21	1	3	0.0061	0.225	0	0.01
0.0098	0.058	0.0877	-0.0088	-0.0119	-0.2298	-0.8185	-0.5266	9	36	22	1	1	0.0084	0.175	0	0.0186
0.0098	0.0428	0.075	-0.0537	-0.0358	-0.8246	-0.4975	0.2694	35	37	22	1	2	0.0015	0.375	0	0.0143
0.0098	0.0004	0.0479	-0.0824	-0.0342	-0.8285	-0.4236	-0.3663	36	38	22	1	3	0.01	0.05	0	0.01
0.0098	0.078	0.051	-0.0683	-0.0269	-0.8713	0.3711	-0.3211	37	39	22	1	4	0.0014	0.4167	0	0.0135
0.0098	0.0341	-0.0199	-0.0397	-0.0389	-0.7322	0.6655	-0.1449	38	40	22	1	5	0.0055	0.4375	0	0.0098
0.0098	0.0351	-0.0458	-0.0229	-0.0378	-0.9148	0.3487	0.2037	39	41	22	1	6	0.0046	0.4375	0	0.01
0.0098	0.0283	-0.0735	-0.0124	-0.0237	-0.8222	0.111	0.5582	40	42	22	1	7	0.01	0.05	0	0.01
0.0098	0.0249	-0.0917	-0.004	-0.0361	-0.9449	0.308	-0.1111	41	43	22	1	8	0.01	0.05	0	0.01
0.0098	0.0091	-0.0865	0.0101	-0.0284	-0.3153	0.8947	0.3163	42	0	22	1	9	0.01	0.05	0	0.01
0.0095	0.0162	-0.0602	0.0524	0.0216	-0.3654	0.3688	-0.8546	17	45	33	1	1	0.0022	0.375	1	0.0095
0.0095	0.0511	-0.0661	0.0584	0.0077	-0.5856	0.7908	-0.1783	44	46	33	1	2	0.0022	0.375	0	0.0095
0.0094	0.0379	-0.0972	0.0848	0.012	-0.9964	0.085	0.002	45	47	33	1	3	0.003	0.225	0	0.0206
0.0092	0.0069	-0.1257	0.0837	0.0068	-0.4599	-0.8851	-0.0712	46	48	33	1	4	0.01	0.05	0	0.01
0.0089	0.0404	-0.1292	0.0809	0.0151	-0.903	-0.413	0.1187	47	49	33	1	5	0.0011	0.2917	0	0.0089
0.0088	0.01	-0.1646	0.0655	0.0214	-0.6604	0.7383	-0.1371	48	50	33	1	6	0.01	0.05	0	0.01
0.009	0.0209	-0.1745	0.0776	0.0266	-0.8532	0.1101	-0.5098	49	51	33	1	7	0.001	0.3333	0	0.0106
0.009	0.0223	-0.1918	0.0808	0.0184	-0.3369	-0.8619	0.379	50	52	33	1	8	0.0014	0.375	0	0.0108
0.0086	0.0638	-0.2008	0.0635	0.0265	-0.5053	-0.2522	0.8253	51	53	33	1	9	0.0032	0.275	0	0.0211
0.0081	0.043	-0.2314	0.062	0.0728	-0.3778	0.4058	0.8322	52	54	33	1	10	0.0012	0.2083	0	0.0102
0.006	0.0412	-0.248	0.0843	0.1032	-0.2439	0.7217	0.6478	53	55	33	1	11	0.0045	0.35	0	0.006
0.006	0.0174	-0.263	0.1098	0.1094	-0.4553	0.8876	-0.0704	54	56	33	1	12	0.01	0.05	0	0.01
0.0067	0.0285	-0.2586	0.1161	0.1288	-0.1722	0.8572	0.4853	55	57	33	1	13	0.0038	0.25	0	0.0264
0.0049	0.0072	-0.2661	0.1398	0.1382	-0.6584	0.708	0.2554	56	58	33	1	14	0.004	0.125	0	0.01
0.0043	0.0357	-0.27	0.1447	0.1348	-0.9208	-0.3635	-0.1415	57	0	33	1	15	0.0038	0.15	0	0.01
0.0097	0.0516	0.1544	-0.0701	-0.0248	0.4958	-0.8425	-0.2108	18	60	7	2	1	0.0032	0.5	0	0.0096
0.0097	0.0022	0.178	-0.1104	-0.0422	0.5111	-0.699	-0.5002	59	61	7	2	2	0.01	0.05	0	0.01
0.0097	0.0275	0.1789	-0.1153	-0.0424	0.5316	-0.2195	-0.818	60	62	7	2	3	0.01	0.05	0	0.01
0.0097	0.013	0.1839	-0.1208	-0.0628	0.0838	-0.7947	0.6012	61	0	7	2	4	0.01	0.05	0	0.01
0.009	0.0148	-0.0939	0.0887	-0.0082	-0.1542	-0.543	-0.8254	45	64	36	2	1	0.0029	0.375	1	0.0092
0.0088	0.0595	-0.0962	0.0807	-0.0204	0.544	0.7921	0.2769	63	65	36	2	2	0.0029	0.375	0	0.0092
0.0073	0.009	-0.0619	0.1248	-0.0008	0.8702	0.4867	-0.0766	64	66	36	2	3	0.01	0.05	0	0.01
0.0058	0.0352	-0.054	0.1292	-0.0015	0.9977	0.0569	0.0363	65	67	36	2	4	0.01	0.05	0	0.01
0.0039	0.0234	-0.0189	0.1312	-0.0002	0.0895	0.9244	0.3707	66	0	36	2	5	0.0024	0.1	0	0.01
0.0063	0.0599	-0.1004	0.0763	-0.0006	-0.1444	-0.8082	-0.571	0	69	41	0	1	0.0054	0.225	0	0.0151
0.0054	0.0623	-0.108	0.0379	-0.0346	0.5386	-0.0696	0.8397	68	70	41	0	2	0.0035	0.225	0	0.0153
0.0058	0.0298	-0.0759	0.0277	0.0153	0.0345	-0.3898	0.9203	69	0	41	0	3	0.01	0.05	0	0.01
0.0162	0.0307	-0.1119	0.0433	-0.0283	-0.8417	-0.4885	0.2302	68	72	43	1	1	0.0043	0.4167	0	0.0162
0.0162	0.0154	-0.1229	0.0428	-0.0183	0.2326	-0.4106	0.8817	71	73	43	1	2	0.0046	0.15	0	0.01
0.0162	0.0364	-0.1293	0.047	-0.0084	-0.6939	-0.7073	-0.1351	72	0	43	1	3	0.0033	0.125	0	0.01
