radius (m)	length (m)	start_point	axis_direction	parent	extension	branch	branch_order	position_in_branch	mad	SurfCov	added	UnmodRadius (m)
0.0206	0.0625	0.2433	-1.5776	-1.1919	0.1331	0.3062	0.9426	0	2	1	0	1	0.0036	0.7083	0	0.0206
0.0201	0.0725	0.2362	-1.5482	-1.1255	0.3598	-0.1363	0.923	1	3	1	0	2	0.0028	0.9167	0	0.0201
0.0211	0.0719	0.2589	-1.5544	-1.0549	0.5374	-0.2991	0.7885	2	4	1	0	3	0.0032	0.6667	0	0.0211
0.0153	0.0412	0.3106	-1.5737	-0.9912	-0.4787	0.028	0.8775	3	5	1	0	4	0.0018	0.5417	0	0.0149
0.0148	0.0829	0.281	-1.5671	-0.9514	0.3157	-0.0739	0.946	4	6	1	0	5	0.0021	0.75	0	0.0148
0.0181	0.0704	0.3164	-1.5755	-0.875	0.2167	-0.0005	0.9762	5	7	1	0	6	0.0024	0.7083	0	0.0181
0.0232	0.0571	0.335	-1.5819	-0.8077	0.2604	-0.0758	0.9625	6	8	1	0	7	0.0023	0.7083	0	0.0232
0.0182	0.0841	0.3304	-1.5799	-0.7492	0.2066	0.0949	0.9738	7	9	1	0	8	0.0029	0.8333	0	0.0182
0.0226	0.1075	0.3622	-1.5947	-0.6706	0.4178	0.1409	0.8975	8	10	1	0	9	0.0032	0.7188	0	0.0226
0.0147	0.0629	0.3947	-1.5616	-0.5702	0.338	0.0294	0.9407	9	11	1	0	10	0.0024	0.75	0	0.0147
0.0181	0.0731	0.4222	-1.5721	-0.5139	0.353	-0.0448	0.9345	10	12	1	0	11	0.0024	0.7083	0	0.0181
0.0153	0.0606	0.427	-1.5716	-0.4325	0.5202	-0.0667	0.8514	11	13	1	0	12	0.0025	0.875	0	0.0153
0.0177	0.0622	0.4693	-1.5725	-0.3828	0.1955	-0.082	0.9773	12	14	1	0	13	0.0025	0.875	0	0.0177
0.0196	0.057	0.4785	-1.5796	-0.3202	0.5192	0.0045	0.8546	13	15	1	0	14	0.0025	0.75	0	0.0196
0.0143	0.0607	0.4959	-1.5729	-0.2682	0.3105	0.1031	0.945	14	16	1	0	15	0.0021	0.7917	0	0.0143
0.0142	0.0508	0.5241	-1.5635	-0.2126	0.1869	0.01	0.9823	15	17	1	0	16	0.002	0.8333	0	0.0142
0.0181	0.0803	0.5303	-1.5787	-0.1603	0.2896	0.0858	0.9533	16	18	1	0	17	0.0023	0.75	0	0.0181
0.0127	0.0473	0.5519	-1.5567	-0.0857	0.1542	0.1444	0.9774	17	19	1	0	18	0.0018	0.7083	0	0.0127
0.0155	0.0397	0.5677	-1.5623	-0.0432	0.1401	-0.1893	0.9719	18	20	1	0	19	0.0022	0.7083	0	0.0155
0.0153	0.0394	0.5749	-1.559	-0.0023	0.3438	-0.2461	0.9062	19	21	1	0	20	0.002	0.7917	0	0.0153
0.0185	0.063	0.5988	-1.5748	0.0315	0.1916	0.0217	0.9812	20	22	1	0	21	0.0021	0.7917	0	0.0185
0.0134	0.0443	0.6095	-1.5585	0.0945	0.0813	-0.0718	0.9941	21	23	1	0	22	0.0019	0.75	0	0.0134
0.0187	0.0626	0.6121	-1.5699	0.1379	0.3642	-0.1205	0.9235	22	24	1	0	23	0.0024	0.7083	0	0.0205
0.0176	0.0546	0.632	-1.5713	0.1915	-0.0625	0.5405	0.839	23	25	1	0	24	0.0023	0.7917	0	0.0176
0.014	0.0841	0.6381	-1.5402	0.2334	0.4059	-0.386	0.8284	24	26	1	0	25	0.002	0.75	0	0.014
0.0112	0.0733	0.6763	-1.5684	0.302	0.2548	0.0154	0.9669	25	27	1	0	26	0.0013	0.7083	0	0.0112
0.0096	0.0273	0.6734	-1.5745	0.3784	0.2723	-0.0718	0.9595	26	28	1	0	27	0.0016	0.5	0	0.0145
0.0081	0.0004	0.6833	-1.5714	0.4073	-0.5439	-0.1673	0.8223	27	29	1	0	28	0.0026	0.7083	0	0.0081
0.0096	0.0344	0.6828	-1.5711	0.4076	-0.6709	-0.5199	-0.5288	28	0	1	0	29	0.0013	0.375	0	0.0096
0.0157	0.1084	0.2487	-1.5343	-1.0837	-0.3461	0.7431	-0.5727	2	31	2	1	1	0.0019	0.4167	1	0.0157
0.0157	0.0347	0.2112	-1.4537	-1.1458	-0.5644	0.6331	-0.5298	30	32	2	1	2	0.0019	0.4167	0	0.0157
0.0157	0.0509	0.2012	-1.437	-1.1777	-0.1296	-0.95	0.2842	31	0	2	1	3	0.0024	0.125	0	0.01
0.0106	0.1065	0.6842	-1.5675	0.3757	0.2885	-0.0603	0.9556	26	34	3	1	1	0.0023	0.625	0	0.0114
0.0095	0.0351	0.7171	-1.568	0.471	0.9442	0.0128	0.3293	33	35	3	1	2	0.0013	0.5833	0	0.0095
0.0089	0.0361	0.7509	-1.5668	0.4852	0.749	-0.6623	-0.0174	34	36	3	1	3	0.0011	0.4167	0	0.0088
0.0088	0.0242	0.7858	-1.5912	0.4853	-0.1059	-0.8948	0.4338	35	0	3	1	4	0.01	0.05	0	0.01
0.009	0.0511	0.2996	-1.5951	-1.0069	-0.7881	0.6113	-0.0722	3	38	4	1	1	0.0115	0.2	0	0.0169
0.0114	0.0825	0.2649	-1.5469	-0.994	-0.8823	0.4433	-0.1582	37	39	4	1	2	0.0019	0.3333	0	0.0128
0.0106	0.0214	0.1928	-1.5058	-1.0037	-0.3122	0.6034	-0.7337	38	0	4	1	3	0.0036	0.3333	0	0.0124
0.0166	0.1392	0.2777	-1.5823	-1.0402	-0.4124	0.869	0.2735	3	41	347	1	1	0.0148	0.1909	0	0.032
0.015	0.0301	0.2685	-1.4485	-1.012	0.0986	0.3455	0.9332	40	42	347	1	2	0.0019	0.5417	0	0.0151
0.0146	0.0351	0.258	-1.4512	-0.9595	0.6942	0.3998	0.5986	41	43	347	1	3	0.0019	0.5833	0	0.0147
0.0139	0.0398	0.2894	-1.4278	-0.941	0.1912	0.1108	0.9753	42	44	347	1	4	0.002	0.7917	0	0.0139
0.0135	0.0612	0.31	-1.4236	-0.9036	0.109	0.1747	0.9786	43	45	347	1	5	0.0021	0.6667	0	0.0133
0.013	0.055	0.3238	-1.415	-0.844	0.1435	0.322	0.9358	44	46	347	1	6	0.0023	0.7083	0	0.013
0.0132	0.0561	0.3276	-1.4018	-0.7897	0.256	0.343	0.9038	45	47	347	1	7	0.0021	0.5833	0	0.0132
0.0121	0.0419	0.346	-1.3801	-0.7407	0.0751	0.4669	0.8811	46	48	347	1	8	0.0018	0.5417	0	0.0121
0.0152	0.0359	0.3592	-1.3542	-0.7046	-0.0952	0.2693	0.9583	47	49	347	1	9	0.0015	0.5417	0	0.0155
0.0126	0.0517	0.3562	-1.3502	-0.6699	0.3171	0.0833	0.9447	48	50	347	1	10	0.0017	0.7083	0	0.0126
0.0128	0.0424	0.3755	-1.347	-0.6217	0.3142	0.2799	0.9072	49	51	347	1	11	0.0018	0.6667	0	0.0137
0.0129	0.0437	0.3851	-1.3362	-0.5816	0.2167	0.4723	0.8544	50	52	347	1	12	0.0021	0.7083	0	0.0129
0.0156	0.0539	0.4018	-1.3128	-0.5456	0.2022	-0.045	0.9783	51	53	347	1	13	0.0023	0.5417	0	0.0161
0.0133	0.0542	0.4076	-1.2902	-0.4943	0.4244	0.1378	0.8949	52	54	347	1	14	0.002	0.5417	0	0.0133
0.0118	0.0284	0.425	-1.288	-0.4428	0.3808	0.1195	0.9169	53	55	347	1	15	0.0013	0.5833	0	0.0118
0.0109	0.0419	0.4349	-1.2861	-0.4149	0.2727	0.6763	0.6843	54	56	347	1	16	0.0017	0.625	0	0.0109
0.0119	0.0302	0.4494	-1.2641	-0.3839	0.0782	0.3911	0.917	55	57	347	1	17	0.0018	0.625	0	0.0119
0.0121	0.0408	0.4484	-1.2504	-0.3558	0.2784	0.312	0.9084	56	58	347	1	18	0.0018	0.625	0	0.0121
0.0133	0.0402	0.4647	-1.2407	-0.3188	0.279	0.4469	0.85	57	59	347	1	19	0.0018	0.6667	0	0.0133
0.0136	0.0333	0.4695	-1.2175	-0.2817	0.5191	0.1633	0.8389	58	60	347	1	20	0.0018	0.5833	0	0.0136
0.0115	0.0323	0.4911	-1.2163	-0.2523	0.1514	0.4598	0.875	59	61	347	1	21	0.0015	0.5833	0	0.0115
0.0101	0.0291	0.4882	-1.2027	-0.2194	0.4496	0.3245	0.8322	60	62	347	1	22	0.0014	0.5417	0	0.0101
0.0139	0.0416	0.5067	-1.197	-0.1964	0.3305	0.1574	0.9306	61	63	347	1	23	0.0019	0.6667	0	0.0139
0.0117	0.0484	0.5165	-1.1855	-0.158	0.3527	0.3242	0.8778	62	64	347	1	24	0.0016	0.6667	0	0.0117
0.0126	0.0411	0.5349	-1.1641	-0.1167	0.0525	0.2033	0.9777	63	65	347	1	25	0.0019	0.625	0	0.0126
0.0133	0.0413	0.546	-1.1604	-0.0778	0.1835	0.0878	0.9791	64	66	347	1	26	0.0017	0.5833	0	0.0134
0.0117	0.0386	0.5494	-1.151	-0.0403	0.2314	0.5765	0.7837	65	67	347	1	27	0.0016	0.7083	0	0.0117
0.0118	0.0489	0.5594	-1.1393	-0.006	0.4056	0.3757	0.8333	66	68	347	1	28	0.0016	0.5417	0	0.0117
0.0119	0.0582	0.587	-1.1097	0.0331	0.0352	0.1321	0.9906	67	69	347	1	29	0.0016	0.75	0	0.0119
0.0108	0.0333	0.587	-1.1048	0.0911	-0.0397	0.1697	0.9847	68	70	347	1	30	0.0013	0.3333	0	0.0108
0.0101	0.0502	0.5934	-1.1027	0.1198	0.5608	0.3051	0.7697	69	71	347	1	31	0.0011	0.4583	0	0.0101
0.0102	0.0677	0.6124	-1.0903	0.1632	0.4631	0.0088	0.8863	70	72	347	1	32	0.0015	0.4583	0	0.0102
0.0114	0.0274	0.6424	-1.0672	0.2164	0.0298	0.2909	0.9563	71	73	347	1	33	0.0013	0.5417	0	0.0114
0.0095	0.0351	0.6499	-1.0624	0.2429	0.2445	0.5879	0.7711	72	74	347	1	34	0.0011	0.375	0	0.0095
0.0112	0.0468	0.6492	-1.0499	0.2747	0.298	0.2054	0.9322	73	75	347	1	35	0.0012	0.5417	0	0.0112
0.0114	0.048	0.6652	-1.0291	0.3136	0.3383	0.3214	0.8844	74	76	347	1	36	0.0017	0.5833	0	0.0115
0.0111	0.0321	0.6841	-1.0168	0.3566	0.3558	0.4342	0.8276	75	77	347	1	37	0.0011	0.3333	0	0.0116
0.0086	0.064	0.6864	-1.0066	0.3863	0.1743	0.3574	0.9175	76	78	347	1	38	0.001	0.3333	0	0.0086
0.0087	0.0242	0.7027	-0.9855	0.4443	0.2626	0.3947	0.8805	77	79	347	1	39	0.0011	0.2917	0	0.0087
0.013	0.0344	0.7123	-0.9884	0.472	0.3589	0.4987	0.7889	78	80	347	1	40	0.0014	0.4583	0	0.0145
0.0082	0.0162	0.7304	-0.9853	0.4943	0.4504	-0.1181	0.885	79	81	347	1	41	0.0075	0.7083	0	0.0082
0.0097	0.0127	0.7359	-0.9868	0.499	0.6835	-0.7127	-0.1578	80	0	347	1	42	0.0026	0.5417	0	0.0098
0.014	0.0541	0.3237	-1.5576	-0.8563	-0.5513	0.8318	0.0649	6	83	6	1	1	0.0066	0.15	0	0.0461
0.0136	0.1595	0.2786	-1.5376	-0.8355	-0.5793	0.6717	0.4619	82	84	6	1	2	0.0061	0.1143	0	0.0407
0.0113	0.0425	0.2016	-1.4257	-0.7601	-0.2408	0.4558	0.8569	83	85	6	1	3	0.0016	0.3333	0	0.0113
0.0117	0.0493	0.1833	-1.4105	-0.7186	0.1379	0.6492	0.7481	84	86	6	1	4	0.0013	0.5417	0	0.0117
0.0106	0.0575	0.1889	-1.3803	-0.6803	0.0094	0.5984	0.8012	85	87	6	1	5	0.0012	0.6667	0	0.0106
0.0131	0.0406	0.1884	-1.3518	-0.6315	0.1581	0.3964	0.9044	86	88	6	1	6	0.0018	0.625	0	0.0132
0.0114	0.0409	0.1914	-1.3235	-0.599	-0.1731	0.2841	0.943	87	89	6	1	7	0.0016	0.4167	0	0.0114
0.0103	0.0543	0.1881	-1.3143	-0.5589	0.0873	0.6215	0.7786	88	90	6	1	8	0.0013	0.5417	0	0.0103
0.0099	0.0386	0.1908	-1.2828	-0.5146	0.2851	0.4983	0.8188	89	91	6	1	9	0.0013	0.625	0	0.0099
0.0101	0.0564	0.1945	-1.2537	-0.4869	0.1355	0.4487	0.8834	90	92	6	1	10	0.0011	0.5833	0	0.0101
0.0107	0.0532	0.2034	-1.2329	-0.4341	0.0754	0.5616	0.824	91	93	6	1	11	0.0016	0.6667	0	0.0107
0.0121	0.0454	0.2071	-1.1906	-0.3966	0.1252	0.4581	0.88	92	94	6	1	12	0.0017	0.5833	0	0.0121
0.0103	0.0388	0.2164	-1.1759	-0.3531	0.1926	0.5831	0.7892	93	95	6	1	13	0.0014	0.625	0	0.0103
0.0103	0.0295	0.2226	-1.1504	-0.3238	0.154	0.4533	0.8779	94	96	6	1	14	0.0012	0.5417	0	0.0103
0.0102	0.0471	0.2239	-1.1371	-0.2976	0.0798	0.5672	0.8197	95	97	6	1	15	0.0015	0.5417	0	0.0102
0.0134	0.0366	0.2241	-1.1062	-0.2604	0.0141	0.3179	0.948	96	98	6	1	16	0.0018	0.5417	0	0.0136
0.0138	0.0352	0.2354	-1.0928	-0.2248	-0.1646	0.6743	0.7198	97	99	6	1	17	0.0024	0.6667	0	0.0139
0.0121	0.0356	0.2297	-1.0636	-0.2033	0.4963	0.4952	0.7131	98	100	6	1	18	0.0017	0.625	0	0.0121
0.013	0.032	0.2426	-1.0446	-0.1764	0.3977	0.6231	0.6735	99	101	6	1	19	0.002	0.625	0	0.013
0.0129	0.0352	0.2515	-1.033	-0.1462	-0.2635	0.7481	0.609	100	102	6	1	20	0.0017	0.5417	0	0.013
0.0108	0.031	0.2495	-1.0014	-0.1296	0.2728	0.4185	0.8662	101	103	6	1	21	0.0011	0.5417	0	0.0108
0.011	0.053	0.252	-0.9974	-0.0925	0.3205	0.6108	0.724	102	104	6	1	22	0.0014	0.5833	0	0.011
0.0129	0.0459	0.2597	-0.9585	-0.057	0.3931	0.7733	0.4974	103	105	6	1	23	0.0017	0.6667	0	0.0129
0.0142	0.0484	0.2837	-0.926	-0.0334	0.1196	0.4731	0.8729	104	106	6	1	24	0.0022	0.6667	0	0.0143
0.012	0.0415	0.2895	-0.9019	0.0071	0.1039	0.8302	0.5476	105	107	6	1	25	0.0014	0.625	0	0.012
0.0105	0.0384	0.2937	-0.869	0.0317	0.2044	0.7381	0.643	106	108	6	1	26	0.0013	0.5417	0	0.0105
0.0149	0.0589	0.2925	-0.8164	0.0451	0.4848	0.5107	0.7101	107	109	6	1	27	0.0018	0.4167	0	0.0164
0.0132	0.0353	0.311	-0.7901	0.0997	0.2006	0.8848	0.4205	108	110	6	1	28	0.0014	0.7083	0	0.0132
0.0139	0.0512	0.3098	-0.7691	0.1269	0.169	0.703	0.6909	109	111	6	1	29	0.0015	0.4583	0	0.0146
0.0132	0.0221	0.3277	-0.7328	0.1607	0.0818	0.7529	0.653	110	112	6	1	30	0.0017	0.4583	0	0.0136
0.0103	0.0358	0.3318	-0.7165	0.1742	0.3599	0.6535	0.6659	111	113	6	1	31	0.0012	0.4167	0	0.0103
0.0145	0.0502	0.3367	-0.6926	0.196	-0.0164	0.9543	0.2985	112	114	6	1	32	0.0015	0.5417	0	0.0151
0.0128	0.0431	0.3324	-0.6488	0.2146	-0.4202	0.777	0.4687	113	115	6	1	33	0.0015	0.4167	0	0.013
0.0118	0.0507	0.3128	-0.6113	0.2304	-0.5019	0.5485	0.6687	114	116	6	1	34	0.0014	0.375	0	0.0118
0.0112	0.0034	0.2973	-0.5789	0.2619	-0.2096	0.7602	0.615	115	117	6	1	35	0.0052	0.5625	0	0.0112
0.0128	0.0544	0.2933	-0.5831	0.2792	-0.6606	0.7283	0.1821	116	118	6	1	36	0.0016	0.5	0	0.0129
0.0112	0.0662	0.2516	-0.5497	0.2904	-0.5295	0.6078	0.5918	117	119	6	1	37	0.0019	0.5	0	0.0112
0.012	0.0332	0.2225	-0.4993	0.3231	-0.6926	0.6242	0.3615	118	120	6	1	38	0.0011	0.2917	0	0.012
0.0116	0.0531	0.1994	-0.479	0.3372	-0.2916	0.9374	0.1903	119	121	6	1	39	0.0014	0.4167	0	0.0116
0.0137	0.0208	0.1712	-0.4384	0.3529	-0.4049	0.8112	0.4219	120	122	6	1	40	0.0013	0.3333	0	0.0151
0.0132	0.0287	0.1637	-0.4223	0.3631	-0.6664	0.4065	0.625	121	123	6	1	41	0.0014	0.4583	0	0.0136
0.0123	0.0276	0.1419	-0.412	0.3788	-0.6926	0.4258	0.5822	122	124	6	1	42	0.0015	0.4583	0	0.0123
0.0125	0.0378	0.1297	-0.3934	0.4003	-0.7825	0.4778	0.3993	123	125	6	1	43	0.0011	0.5417	0	0.0126
0.0136	0.0444	0.114	-0.3676	0.4062	-0.3323	0.9057	0.2633	124	126	6	1	44	0.002	0.2917	0	0.0154
0.0128	0.0312	0.0851	-0.333	0.4273	-0.2766	0.9495	0.1478	125	127	6	1	45	0.0013	0.5	0	0.0129
0.0099	0.0419	0.0771	-0.3076	0.4372	-0.4651	0.6597	0.5903	126	128	6	1	46	0.0011	0.375	0	0.0099
0.01	0.0528	0.0512	-0.2805	0.4552	-0.5317	0.7081	0.4646	127	129	6	1	47	0.0033	0.425	0	0.01
0.0094	0.0261	0.0236	-0.2452	0.4564	-0.8082	0.5848	-0.069	128	130	6	1	48	0.0069	0.3438	0	0.0094
0.0107	0.0383	0.0105	-0.2309	0.4764	-0.4386	0.8767	0.1977	129	131	6	1	49	0.0043	0.4063	0	0.0107
0.0091	0.0185	-0.0103	-0.1981	0.4812	-0.4697	0.7486	0.4679	130	132	6	1	50	0.0051	0.4688	0	0.009
0.0102	0.0244	-0.0128	-0.1809	0.4902	-0.4105	0.7102	0.572	131	133	6	1	51	0.0011	0.3333	0	0.0102
0.0146	0.056	-0.0189	-0.1607	0.4913	-0.4361	0.8973	0.0677	132	134	6	1	52	0.0015	0.375	0	0.0168
0.0091	0.0038	-0.0541	-0.1188	0.5054	-0.702	0.688	-0.1838	133	135	6	1	53	0.0046	0.5833	0	0.0063
0.0091	0.0864	-0.0648	-0.1179	0.5076	-0.2433	0.9635	-0.1113	134	136	6	1	54	0.0011	0.5	0	0.0075
0.009	0.0261	-0.0858	-0.0347	0.4971	-0.0496	0.9838	-0.1723	135	137	6	1	55	0.0009	0.4583	0	0.0086
0.0098	0.0331	-0.0873	-0.0091	0.4926	-0.2281	0.9594	-0.1656	136	138	6	1	56	0.0009	0.375	0	0.0098
0.0102	0.0207	-0.0968	0.0189	0.4814	-0.5254	0.7795	-0.3411	137	139	6	1	57	0.001	0.3333	0	0.0102
0.0144	0.0322	-0.105	0.0389	0.4806	-0.658	0.7329	-0.1729	138	140	6	1	58	0.0014	0.3333	0	0.0171
0.012	0.0598	-0.117	0.0594	0.4596	-0.1116	0.9599	-0.2573	139	141	6	1	59	0.0011	0.2917	0	0.012
0.0116	0.0409	-0.132	0.1125	0.4553	-0.4704	0.8824	-0.0071	140	142	6	1	60	0.0014	0.25	0	0.0116
0.012	0.0422	-0.1438	0.1492	0.4458	-0.1084	0.994	-0.0117	141	143	6	1	61	0.0012	0.2917	0	0.012
0.0111	0.0233	-0.1541	0.1907	0.4449	-0.0599	0.955	-0.2904	142	144	6	1	62	0.0013	0.5833	0	0.0111
0.0099	0.0359	-0.1568	0.2093	0.4353	-0.5906	0.6164	-0.5209	143	145	6	1	63	0.0009	0.4583	0	0.0099
0.0119	0.0511	-0.1818	0.2301	0.4205	-0.6789	0.5553	-0.4803	144	146	6	1	64	0.001	0.375	0	0.0119
0.0097	0.0011	-0.2148	0.2561	0.3906	-0.7767	0.4478	-0.443	145	147	6	1	65	0.0034	0.5833	0	0.0097
0.0115	0.0747	-0.2252	0.2638	0.3919	0.4211	0.7024	-0.5738	146	148	6	1	66	0.0013	0.5	0	0.0115
0.0131	0.0519	-0.2099	0.3202	0.3502	0.2093	0.9314	-0.2978	147	149	6	1	67	0.0015	0.5833	0	0.0134
0.0147	0.039	-0.2028	0.3629	0.3473	-0.6365	0.7565	0.1506	148	150	6	1	68	0.0055	0.275	0	0.0232
0.0131	0.0198	-0.2313	0.3911	0.3371	-0.7989	0.5864	0.1337	149	151	6	1	69	0.0013	0.4583	0	0.0138
0.0131	0.0315	-0.2287	0.4123	0.3482	0.0481	0.6073	-0.7931	150	152	6	1	70	0.0012	0.3333	0	0.0147
0.0117	0.0279	-0.2307	0.4306	0.3209	-0.0808	0.9687	-0.2346	151	153	6	1	71	0.0012	0.375	0	0.0117
0.0136	0.0168	-0.238	0.4445	0.3126	-0.4777	0.2995	-0.8259	152	154	6	1	72	0.0013	0.3333	0	0.0158
0.0125	0.0518	-0.2586	0.4473	0.3097	0.3235	0.7828	0.5315	153	155	6	1	73	0.0014	0.375	0	0.0133
0.01	0.0225	-0.2503	0.4873	0.3441	0.5137	0.53	0.6747	154	156	6	1	74	0.01	0.05	0	0.01
0.01	0.0253	-0.2387	0.4992	0.3593	0.8182	0.2794	0.5025	155	0	6	1	75	0.01	0.05	0	0.01
0.0148	0.1935	0.3253	-1.5921	-0.7585	-0.1892	-0.1985	0.9617	7	158	8	1	1	0.0018	0.5417	1	0.0148
0.0148	0.0527	0.2887	-1.6305	-0.5724	0.2709	0.2989	0.915	157	159	8	1	2	0.0018	0.5417	0	0.0148
0.0163	0.0419	0.3009	-1.6285	-0.5193	-0.2253	0.3559	0.907	158	160	8	1	3	0.0018	0.625	0	0.0165
0.0128	0.0381	0.2942	-1.6113	-0.4805	-0.3062	0.0127	0.9519	159	161	8	1	4	0.0017	0.5417	0	0.0128
0.015	0.0419	0.2838	-1.6165	-0.4442	0.0955	0.0253	0.9951	160	162	8	1	5	0.0019	0.5417	0	0.015
0.0117	0.0432	0.2944	-1.6119	-0.4013	-0.2197	0.0982	0.9706	161	163	8	1	6	0.0015	0.6667	0	0.0117
0.013	0.0564	0.2852	-1.6098	-0.3592	0.132	0.106	0.9856	162	164	8	1	7	0.0015	0.5417	0	0.013
0.0132	0.0471	0.2941	-1.6106	-0.305	0.1847	-0.1469	0.9718	163	165	8	1	8	0.0013	0.5417	0	0.0132
0.015	0.0435	0.3041	-1.6118	-0.258	-0.0546	-0.1841	0.9814	164	166	8	1	9	0.0018	0.625	0	0.015
0.0158	0.0578	0.2946	-1.6228	-0.214	0.1115	0.1557	0.9815	165	167	8	1	10	0.0019	0.5833	0	0.0161
0.0156	0.0523	0.3143	-1.6141	-0.1608	0.2527	0.238	0.9378	166	168	8	1	11	0.0025	0.6667	0	0.0157
0.014	0.0449	0.3115	-1.6048	-0.1047	0.4168	-0.1297	0.8997	167	169	8	1	12	0.002	0.5417	0	0.014
0.0117	0.067	0.3473	-1.595	-0.0604	-0.151	-0.0846	0.9849	168	170	8	1	13	0.0013	0.7083	0	0.0117
0.013	0.0512	0.3245	-1.6023	0.0106	0.3469	0.1054	0.932	169	171	8	1	14	0.0017	0.5833	0	0.013
0.0145	0.0383	0.3409	-1.6096	0.0605	0.167	0.155	0.9737	170	172	8	1	15	0.0015	0.5417	0	0.0147
0.0119	0.0516	0.3457	-1.5942	0.0969	0.2284	0.1314	0.9647	171	173	8	1	16	0.0015	0.5833	0	0.0119
0.0119	0.0481	0.3662	-1.5908	0.1465	0.0824	0.1706	0.9819	172	174	8	1	17	0.0019	0.5417	0	0.0119
0.0153	0.0669	0.3944	-1.5884	0.193	0.0346	0.0096	0.9994	173	175	8	1	18	0.0017	0.4583	0	0.0163
0.0117	0.0687	0.39	-1.5908	0.2616	0.1833	0.1514	0.9713	174	176	8	1	19	0.0016	0.4583	0	0.0096
0.0125	0.0581	0.408	-1.577	0.3297	-0.1067	-0.2067	0.9726	175	177	8	1	20	0.0018	0.4583	0	0.0125
0.0117	0.0215	0.4222	-1.5811	0.3822	0.2241	-0.094	0.97	176	178	8	1	21	0.0013	0.2083	0	0.0113
0.0123	0.0626	0.4126	-1.5776	0.4054	0.283	0.3543	0.8913	177	179	8	1	22	0.0017	0.4167	0	0.0123
0.0117	0.032	0.4353	-1.5759	0.4667	-0.0071	0.2557	0.9667	178	180	8	1	23	0.0014	0.5	0	0.0106
0.0117	0.0214	0.426	-1.5663	0.4989	0.0978	-0.1826	0.9783	179	181	8	1	24	0.0052	0.5938	0	0.0112
0.0117	0.0302	0.4228	-1.574	0.5135	-0.5824	-0.3808	0.7182	180	0	8	1	25	0.01	0.05	0	0.01
0.0038	0.0386	0.686	-1.567	0.3995	0.9889	0.1233	0.0823	29	183	9	1	1	0.0059	0.35	1	0.0141
0.0038	0.0457	0.7209	-1.5742	0.4208	-0.1901	-0.802	-0.5663	182	0	9	1	2	0.0073	0.25	0	0.0141
0.0095	0.0252	0.7115	-1.5662	0.4343	0.9337	0.0113	0.3578	33	185	10	2	1	0.0016	0.5417	0	0.0095
0.0095	0.0118	0.7352	-1.5659	0.4434	-0.5218	0.6924	0.4983	184	0	10	2	2	0.01	0.05	0	0.01
0.0119	0.0631	0.215	-1.4708	-0.9893	-0.4111	-0.3666	0.8346	40	187	5	2	1	0.0012	0.5833	1	0.0116
0.0119	0.0363	0.1891	-1.4939	-0.9366	0.5396	0.4244	0.7271	186	188	5	2	2	0.0012	0.5833	0	0.0116
0.0121	0.0418	0.2019	-1.4883	-0.9038	0.3024	0.3675	0.8795	187	189	5	2	3	0.0019	0.5833	0	0.0121
0.0131	0.0541	0.2133	-1.476	-0.8676	0.1484	-0.2333	0.961	188	190	5	2	4	0.0018	0.5833	0	0.0131
0.0119	0.0795	0.226	-1.4832	-0.8141	-0.0959	-0.195	0.9761	189	191	5	2	5	0.0016	0.5	0	0.0119
0.0149	0.0412	0.2194	-1.5008	-0.7371	0.0409	-0.2341	0.9714	190	192	5	2	6	0.0019	0.75	0	0.0149
0.0154	0.0385	0.2121	-1.5004	-0.695	0.164	-0.0574	0.9848	191	193	5	2	7	0.0018	0.5417	0	0.0143
0.0163	0.0471	0.2192	-1.5235	-0.6582	0.0674	-0.0506	0.9964	192	194	5	2	8	0.0019	0.75	0	0.0163
0.0167	0.0606	0.2301	-1.5314	-0.6106	-0.1295	-0.0776	0.9885	193	195	5	2	9	0.0018	0.8333	0	0.0167
0.0132	0.0548	0.2196	-1.536	-0.5511	-0.1195	-0.0357	0.9922	194	196	5	2	10	0.0018	0.7917	0	0.0132
0.0151	0.049	0.2196	-1.5454	-0.497	-0.0183	-0.0591	0.9981	195	197	5	2	11	0.0018	0.75	0	0.0151
0.0135	0.0487	0.2127	-1.5521	-0.4476	0.0553	0.048	0.9973	196	198	5	2	12	0.0017	0.75	0	0.0135
0.0134	0.0546	0.2185	-1.5483	-0.398	-0.1994	-0.2484	0.9479	197	199	5	2	13	0.0019	0.75	0	0.0134
0.0143	0.027	0.2092	-1.5581	-0.3444	-0.1166	-0.4064	0.9062	198	200	5	2	14	0.0019	0.625	0	0.0147
0.0151	0.0475	0.1965	-1.5649	-0.3186	0.0771	-0.1361	0.9877	199	201	5	2	15	0.0022	0.75	0	0.0151
0.0135	0.0531	0.1948	-1.5818	-0.272	-0.1109	0.0201	0.9936	200	202	5	2	16	0.002	0.6667	0	0.0149
0.0119	0.0453	0.1935	-1.5704	-0.2167	-0.2693	-0.1171	0.9559	201	203	5	2	17	0.0017	0.75	0	0.0119
0.0128	0.0423	0.1747	-1.5804	-0.1737	-0.0292	-0.0355	0.9989	202	204	5	2	18	0.0019	0.7083	0	0.0128
0.0131	0.0547	0.1729	-1.5808	-0.1314	0.0474	-0.0447	0.9979	203	205	5	2	19	0.0015	0.7083	0	0.0131
0.0155	0.0389	0.1831	-1.6048	-0.0656	-0.4103	0.3012	0.8608	204	206	5	2	20	0.0016	0.5833	0	0.0169
0.0122	0.0421	0.1528	-1.5973	-0.0315	0.1449	-0.3468	0.9267	205	207	5	2	21	0.0013	0.625	0	0.0122
0.0138	0.0427	0.1608	-1.6115	0.0076	-0.0011	0.0074	1	206	208	5	2	22	0.0017	0.7917	0	0.0138
0.0155	0.0377	0.1576	-1.6133	0.0494	-0.1577	-0.1423	0.9772	207	209	5	2	23	0.0022	0.7083	0	0.0155
0.0142	0.0365	0.1462	-1.6228	0.0875	0.0823	0.187	0.9789	208	210	5	2	24	0.0021	0.625	0	0.0143
0.0122	0.0482	0.1571	-1.6194	0.126	-0.4287	-0.2983	0.8528	209	211	5	2	25	0.0016	0.6667	0	0.0122
0.0121	0.0378	0.1356	-1.632	0.1674	0.0881	-0.1343	0.987	210	212	5	2	26	0.0015	0.6667	0	0.0121
0.0141	0.0241	0.1411	-1.6389	0.2073	-0.4258	0.5387	0.7269	211	213	5	2	27	0.0015	0.6667	0	0.0142
0.013	0.041	0.144	-1.6369	0.2336	-0.0374	0.5965	0.8017	212	214	5	2	28	0.0015	0.4583	0	0.013
0.0145	0.0578	0.1394	-1.6044	0.2755	-0.5184	-0.7192	0.4625	213	215	5	2	29	0.0014	0.5417	0	0.0147
0.0131	0.0298	0.1257	-1.6387	0.3138	-0.2043	-0.6747	0.7093	214	216	5	2	30	0.0017	0.2917	0	0.0131
0.0119	0.0389	0.1067	-1.6519	0.3348	-0.1592	-0.2649	0.951	215	217	5	2	31	0.0013	0.375	0	0.0088
0.0133	0.0519	0.1134	-1.6683	0.3714	-0.1166	-0.2969	0.9478	216	218	5	2	32	0.0008	0.3333	0	0.0133
0.0119	0.0738	0.0986	-1.675	0.4171	-0.361	0.011	0.9325	217	219	5	2	33	0.0017	0.375	0	0.0092
0.0119	0.0163	0.0764	-1.6812	0.4881	-0.5291	-0.0694	0.8457	218	220	5	2	34	0.0036	0.4375	0	0.0069
0.0119	0.0304	0.0617	-1.6858	0.4935	-0.3428	-0.7526	0.5622	219	221	5	2	35	0.0045	0.5	0	0.008
0.0119	0.0287	0.0509	-1.7044	0.504	-0.869	-0.4368	-0.2325	220	222	5	2	36	0.01	0.05	0	0.01
0.0119	0.035	0.0408	-1.7181	0.5162	-0.6381	-0.6136	0.4652	221	0	5	2	37	0.01	0.05	0	0.01
0.0101	0.0691	0.626	-1.1002	0.1916	0.5107	-0.676	0.5312	71	224	12	2	1	0.0036	0.4583	0	0.0101
0.0101	0.0064	0.6642	-1.1436	0.2243	0.8293	-0.0483	0.5567	223	0	12	2	2	0.01	0.05	0	0.01
0.0114	0.0877	0.2911	-0.8791	0.0078	-0.057	-0.8467	0.529	106	226	21	2	1	0.0121	0.24	0	0.0261
0.0113	0.0534	0.2915	-0.9429	0.0723	0.7964	-0.5946	0.1101	225	227	21	2	2	0.0052	0.425	0	0.0152
0.0113	0.0343	0.3361	-0.9727	0.0715	0.9443	0.088	0.3171	226	228	21	2	3	0.005	0.5313	0	0.0123
0.0107	0.0178	0.3652	-0.9761	0.0846	0.887	-0.3592	0.2901	227	229	21	2	4	0.0041	0.4688	0	0.0107
0.0107	0.0053	0.3734	-0.9728	0.0838	0.8179	0.5632	-0.118	228	230	21	2	5	0.01	0.05	0	0.01
0.0107	0.0177	0.3747	-0.9708	0.0848	0.4737	-0.8071	0.3524	229	0	21	2	6	0.01	0.05	0	0.01
0.0119	0.0503	0.2648	-0.9232	-0.0445	-0.9943	-0.0717	-0.0789	104	232	26	2	1	0.0022	0.4167	0	0.0119
0.0119	0.0187	0.2101	-0.9245	-0.0505	-0.5538	-0.6533	0.5162	231	0	26	2	2	0.01	0.05	0	0.01
0.0122	0.0439	0.3335	-0.6239	0.2268	0.8661	0.1284	0.483	114	234	27	2	1	0.0025	0.625	0	0.0146
0.0118	0.0348	0.374	-0.6199	0.2488	0.3121	0.7388	0.5972	233	235	27	2	2	0.0014	0.625	0	0.0118
0.0121	0.0459	0.3808	-0.5846	0.2793	0.9161	0.4007	-0.0162	234	236	27	2	3	0.0015	0.5417	0	0.0124
0.0121	0.0737	0.4153	-0.5639	0.278	0.1765	0.723	0.6679	235	237	27	2	4	0.0017	0.5	0	0.0157
0.0114	0.0301	0.4242	-0.5077	0.3193	0.0323	0.9456	0.3238	236	238	27	2	5	0.0013	0.4583	0	0.0114
0.0092	0.0372	0.4255	-0.4788	0.3266	0.2619	0.9357	0.2362	237	239	27	2	6	0.0039	0.5313	0	0.0092
0.0081	0.0408	0.4245	-0.4449	0.346	0.4598	0.7109	0.5321	238	240	27	2	7	0.0046	0.35	0	0.0081
0.0082	0.0279	0.4374	-0.4101	0.3607	0.0524	0.7909	0.6097	239	241	27	2	8	0.0041	0.4375	0	0.0082
0.0073	0.0224	0.446	-0.3875	0.3659	0.426	0.8542	0.2981	240	242	27	2	9	0.0049	0.5	0	0.0073
0.0099	0.0342	0.4481	-0.3687	0.3773	0.306	0.7829	0.5417	241	243	27	2	10	0.004	0.4375	0	0.0106
0.0082	0.0539	0.4586	-0.3419	0.3959	0.1277	0.7185	0.6837	242	244	27	2	11	0.01	0.05	0	0.01
0.0076	0.0135	0.4582	-0.3348	0.3873	-0.6075	0.6941	-0.3863	243	0	27	2	12	0.01	0.05	0	0.01
0.0116	0.0318	0.3202	-0.7543	0.1599	0.6511	-0.3369	0.6801	110	0	33	2	1	0.0055	0.4167	0	0.0116
0.0095	0.0634	0.3322	-0.6498	0.2287	0.83	0.0362	-0.5566	114	0	35	2	1	0.0025	0.5	0	0.0095
0.0085	0.0529	0.0954	-0.387	0.4168	-0.5357	-0.8217	0.1943	124	248	36	2	1	0.001	0.4583	1	0.0085
0.0085	0.0594	0.0671	-0.4305	0.4271	-0.4388	-0.8139	0.3808	247	249	36	2	2	0.001	0.4583	0	0.0085
0.0068	0.0194	0.0348	-0.4764	0.4487	-0.3777	-0.7408	0.5556	248	250	36	2	3	0.0049	0.5417	0	0.0068
0.0078	0.0237	0.0275	-0.4908	0.4594	-0.5971	-0.8021	0.0113	249	251	36	2	4	0.01	0.05	0	0.01
0.0074	0.0151	0.0268	-0.4947	0.4646	-0.1593	-0.1725	0.9721	250	0	36	2	5	0.01	0.05	0	0.01
0.0086	0.058	-0.0707	-0.06	0.4993	0.3988	0.4054	-0.8226	135	253	71	2	1	0.0076	0.325	1	0.0194
0.0086	0.0607	-0.0423	-0.0359	0.4493	-0.4128	0.3971	-0.8197	252	254	71	2	2	0.0052	0.4	0	0.0194
0.0086	0.0341	-0.0502	-0.0114	0.4006	0.0495	0.2484	-0.9674	253	255	71	2	3	0.0013	0.4583	0	0.0105
0.0086	0.0404	-0.057	-0.0049	0.3666	-0.0862	0.7215	-0.687	254	256	71	2	4	0.0016	0.2917	0	0.0099
0.0086	0.0543	-0.0471	0.0199	0.3353	-0.0727	0.4794	-0.8746	255	257	71	2	5	0.0011	0.375	0	0.0124
0.0086	0.0484	-0.0565	0.0581	0.2975	0.2722	0.6752	-0.6856	256	258	71	2	6	0.0009	0.375	0	0.0105
0.0086	0.0351	-0.0538	0.0883	0.2589	0.2218	0.6576	-0.72	257	259	71	2	7	0.0011	0.375	0	0.0096
0.0086	0.0384	-0.038	0.1153	0.2368	-0.0043	0.6464	-0.763	258	260	71	2	8	0.0012	0.5417	0	0.0094
0.0086	0.0326	-0.0383	0.1386	0.2058	0.0103	0.7297	-0.6837	259	261	71	2	9	0.0014	0.5417	0	0.0107
0.0086	0.0283	-0.0372	0.1638	0.1855	0.3113	0.6928	-0.6505	260	262	71	2	10	0.0012	0.5417	0	0.01
0.0086	0.0416	-0.0288	0.1783	0.1597	0.588	0.642	-0.4921	261	263	71	2	11	0.0016	0.5833	0	0.0123
0.0086	0.0389	-0.0067	0.205	0.1389	0.1467	0.6261	-0.7658	262	264	71	2	12	0.0017	0.5833	0	0.0104
0.0086	0.0738	0.0004	0.2353	0.1122	0.2789	0.3842	-0.8801	263	265	71	2	13	0.0034	0.525	0	0.0159
0.0086	0.0516	0.0362	0.2601	0.0572	0.5398	0.5799	-0.6102	264	266	71	2	14	0.0016	0.5	0	0.0124
0.0086	0.0443	0.0644	0.293	0.0312	0.6065	0.6788	-0.414	265	267	71	2	15	0.0011	0.4167	0	0.0102
0.0086	0.0377	0.0929	0.3154	0.0071	0.5244	0.5805	-0.6229	266	268	71	2	16	0.004	0.3	0	0.0148
0.0085	0.0251	0.1116	0.333	-0.0189	0.6344	0.2811	-0.7201	267	269	71	2	17	0.0014	0.2917	0	0.0125
0.0085	0.0165	0.128	0.3488	-0.027	0.7433	0.4901	-0.4554	268	270	71	2	18	0.0008	0.3333	0	0.0097
0.0086	0.0453	0.1456	0.363	-0.047	0.8026	0.3191	0.504	269	271	71	2	19	0.0063	0.35	0	0.0189
0.0085	0.042	0.1766	0.3771	-0.0408	0.8439	0.4557	-0.2832	270	272	71	2	20	0.0017	0.375	0	0.0111
0.0086	0.046	0.2131	0.4009	-0.0484	0.6417	0.439	-0.6289	271	273	71	2	21	0.0011	0.5	0	0.0089
0.0085	0.0486	0.2438	0.4173	-0.0778	0.7018	0.3241	-0.6344	272	274	71	2	22	0.0011	0.4583	0	0.0087
0.0085	0.0365	0.2715	0.4432	-0.1098	0.7876	0.4477	-0.4234	273	275	71	2	23	0.0011	0.2917	0	0.0126
0.0085	0.0322	0.2984	0.4499	-0.1334	0.5204	0.4927	-0.6974	274	276	71	2	24	0.0009	0.4583	0	0.0101
0.0079	0.0326	0.3135	0.4703	-0.1547	0.7303	0.4124	-0.5446	275	277	71	2	25	0.0037	0.5833	0	0.0079
0.0084	0.0374	0.3313	0.4783	-0.1705	0.2744	-0.5754	-0.7705	276	278	71	2	26	0.0012	0.2083	0	0.0087
0.0086	0.023	0.3498	0.4623	-0.1943	0.6154	-0.2338	-0.7528	277	279	71	2	27	0.0041	0.5833	0	0.0097
0.0085	0.0414	0.3684	0.4606	-0.2071	0.7849	-0.3173	-0.5323	278	280	71	2	28	0.0064	0.4375	0	0.01
0.0085	0.0193	0.3975	0.4462	-0.2329	0.7096	0.1224	-0.6939	279	281	71	2	29	0.0047	0.4688	0	0.0097
0.0084	0.0382	0.4128	0.4501	-0.244	0.8118	0.0405	-0.5825	280	282	71	2	30	0.0012	0.3333	0	0.0098
0.0084	0.0287	0.4368	0.4514	-0.2719	0.629	-0.0369	-0.7765	281	283	71	2	31	0.0015	0.2917	0	0.0104
0.0084	0.0337	0.462	0.4464	-0.2871	0.7037	-0.0056	-0.7104	282	284	71	2	32	0.0011	0.375	0	0.0085
0.0082	0.0284	0.4792	0.4436	-0.315	0.5916	-0.4348	-0.679	283	285	71	2	33	0.0039	0.5	0	0.0082
0.0082	0.0017	0.4875	0.4337	-0.3288	-0.5491	-0.5895	-0.5924	284	0	71	2	34	0.0018	0.2917	0	0.0084
0.0025	0.0666	-0.0802	-0.0729	0.5105	0.5252	0.7109	-0.4677	135	287	72	2	1	0.0054	0.375	1	0.01
0.0025	0.0157	-0.0408	-0.0319	0.4744	0.5843	0.7137	-0.3863	286	288	72	2	2	0.0024	0.175	0	0.01
0.0025	0.0338	-0.0336	-0.0201	0.4686	0.0177	0.464	-0.8856	287	0	72	2	3	0.0034	0.2	0	0.01
0.0095	0.0523	-0.1541	0.2197	0.4273	0.8368	0.4726	-0.2765	144	290	84	2	1	0.0027	0.5417	0	0.0095
0.0095	0.0243	-0.1044	0.232	0.4051	-0.1856	0.4559	-0.8705	289	0	84	2	2	0.01	0.05	0	0.01
0.0025	0.0432	-0.1794	0.2431	0.4215	0.5849	0.8043	0.1049	145	292	85	2	1	0.0114	0.275	1	0.01
0.0025	0.0248	-0.1627	0.2897	0.4172	0.5052	-0.2472	-0.8269	291	0	85	2	2	0.0067	0.15	0	0.01
0.0135	0.055	-0.2223	0.2492	0.3913	-0.7762	-0.3252	0.5401	145	294	86	2	1	0.0027	0.5	0	0.0135
0.0135	0.0358	-0.2642	0.2339	0.4202	-0.0082	0.2954	0.9553	293	0	86	2	2	0.0044	0.2083	0	0.0124
0.0025	0.0234	-0.2014	0.2503	0.3921	-0.1438	-0.5303	-0.8355	145	296	87	2	1	0.0081	0.175	1	0.01
0.0025	0.035	-0.204	0.229	0.3727	0.1157	-0.0084	-0.9932	295	0	87	2	2	0.0101	0.2	0	0.01
0.0025	0.0343	-0.2179	0.2599	0.3819	0.1252	-0.3706	-0.9203	147	298	88	2	1	0.0075	0.275	1	0.01
0.0025	0.0261	-0.2146	0.2595	0.3453	0.7373	-0.2061	-0.6434	297	299	88	2	2	0.0087	0.175	0	0.01
0.0025	0.0103	-0.1944	0.2576	0.3295	0.7404	-0.011	-0.6721	298	0	88	2	3	0.016	0.175	0	0.01
0.0102	0.0609	-0.2281	0.2718	0.3996	-0.9397	-0.0091	0.3418	147	301	89	2	1	0.0017	0.5	0	0.0102
0.0102	0.0285	-0.2803	0.2676	0.4267	-0.8037	-0.437	0.4038	300	302	89	2	2	0.0011	0.3333	0	0.012
0.0102	0.0207	-0.3079	0.2556	0.4351	-0.5227	-0.4244	0.7394	301	0	89	2	3	0.01	0.05	0	0.01
0.0124	0.082	-0.2244	0.4071	0.3345	0.2755	-0.9101	-0.3095	151	304	95	2	1	0.0023	0.375	1	0.0279
0.0122	0.0505	-0.2092	0.3355	0.312	-0.4346	-0.8784	-0.1989	303	305	95	2	2	0.0138	0.25	0	0.0279
0.0095	0.0442	-0.2387	0.3003	0.2802	0.1128	-0.9003	-0.4205	304	306	95	2	3	0.0014	0.4583	0	0.0095
0.0085	0.0068	-0.2325	0.2625	0.2571	-0.1642	-0.8873	-0.431	305	307	95	2	4	0.0055	0.625	0	0.0085
0.0112	0.0292	-0.24	0.2515	0.2504	0.4972	0.0246	-0.8673	306	308	95	2	5	0.001	0.3333	0	0.014
0.0096	0.0141	-0.218	0.2471	0.2376	-0.832	-0.4657	0.3016	307	309	95	2	6	0.01	0.05	0	0.01
0.0091	0.0058	-0.2282	0.2342	0.2378	0.4813	-0.3872	0.7864	308	0	95	2	7	0.01	0.05	0	0.01
0.0025	0.0608	-0.1936	0.352	0.3394	0.8119	0.3144	-0.4918	148	311	97	2	1	0.006	0.275	1	0.01
0.0025	0.0377	-0.1401	0.3632	0.3048	0.219	0.5754	-0.788	310	312	97	2	2	0.003	0.175	0	0.01
0.0053	0.0647	-0.1307	0.3828	0.2763	0.8934	0.4117	-0.1797	311	0	97	2	3	0.0016	0.3333	0	0.0084
0.0139	0.0883	-0.192	0.3725	0.3495	0.2038	0.611	-0.7649	149	314	98	2	1	0.003	0.4167	0	0.0148
0.0139	0.0338	-0.1754	0.4351	0.2886	0.1504	0.621	-0.7693	313	315	98	2	2	0.01	0.05	0	0.01
0.0139	0.0103	-0.1708	0.4279	0.2701	0.2272	-0.2541	-0.9401	314	316	98	2	3	0.01	0.05	0	0.01
0.0139	0.0232	-0.1685	0.4252	0.2605	-0.169	-0.3246	-0.9306	315	0	98	2	4	0.01	0.05	0	0.01
0.0095	0.0453	-0.2423	0.4819	0.3415	0.7992	-0.5436	-0.2563	155	318	102	2	1	0.003	0.375	1	0.0244
0.0095	0.0422	-0.2001	0.4641	0.3129	0.8106	-0.5833	0.0512	317	319	102	2	2	0.0054	0.175	0	0.0244
0.0094	0.0583	-0.1633	0.4419	0.3213	0.7792	-0.6214	-0.0817	318	320	102	2	3	0.0011	0.5	0	0.0107
0.0092	0.0398	-0.1104	0.4204	0.3179	0.4307	-0.2939	0.8533	319	321	102	2	4	0.0026	0.225	0	0.0205
0.0072	0.004	-0.0853	0.407	0.3466	0.556	0.0108	0.8311	320	322	102	2	5	0.0038	0.6875	0	0.0072
0.0094	0.0161	-0.0874	0.4081	0.3429	0.5211	0.8327	-0.1871	321	323	102	2	6	0.0047	0.6667	0	0.0105
0.0086	0.042	-0.0808	0.4199	0.3373	0.869	-0.3198	-0.3776	322	0	102	2	7	0.0014	0.3333	0	0.0112
0.0114	0.0356	-0.2583	0.4604	0.3036	-0.1865	0.8633	-0.469	154	325	103	2	1	0.002	0.5833	0	0.0115
0.0109	0.0579	-0.2674	0.4914	0.284	0.1485	0.9887	-0.0223	324	326	103	2	2	0.0015	0.5833	0	0.0109
0.0113	0.0526	-0.2571	0.5567	0.2903	-0.0531	0.6882	-0.7236	325	327	103	2	3	0.0016	0.625	0	0.0113
0.0117	0.0391	-0.2542	0.6037	0.2559	-0.5398	0.5115	-0.6686	326	328	103	2	4	0.0014	0.5417	0	0.0146
0.0115	0.0132	-0.2568	0.6432	0.2316	-0.3133	0.3795	-0.8705	327	329	103	2	5	0.0019	0.4167	0	0.014
0.0115	0.0798	-0.2565	0.6575	0.2203	-0.7821	0.3823	-0.492	328	330	103	2	6	0.0013	0.625	0	0.0115
0.0082	0.0403	-0.3221	0.6868	0.1831	-0.5686	0.6804	-0.4623	329	331	103	2	7	0.0046	0.4688	0	0.0072
0.0093	0.0289	-0.3472	0.7086	0.1671	-0.9437	0.3191	-0.0868	330	332	103	2	8	0.0044	0.5625	0	0.0093
0.0082	0.027	-0.3743	0.7178	0.1609	-0.9767	0.2041	-0.0658	331	333	103	2	9	0.0048	0.5	0	0.006
0.0094	0.0123	-0.4033	0.7276	0.1702	-0.8918	0.3055	-0.3337	332	334	103	2	10	0.0051	0.4063	0	0.0094
0.0097	0.0449	-0.409	0.7305	0.1632	0.2841	0.9272	0.244	333	335	103	2	11	0.001	0.2917	0	0.0097
0.0086	0.0184	-0.3953	0.7679	0.168	0.5696	0.7126	-0.4097	334	336	103	2	12	0.0011	0.25	0	0.0086
0.0105	0.0411	-0.3798	0.7817	0.1613	0.1291	0.1854	-0.9741	335	337	103	2	13	0.001	0.4167	0	0.0105
0.0082	0.0512	-0.3828	0.8028	0.1271	0.3544	0.546	-0.7592	336	338	103	2	14	0.0059	0.4375	0	0.0056
0.011	0.0232	-0.3663	0.825	0.0843	-0.1495	0.5895	-0.7938	337	339	103	2	15	0.0011	0.3333	0	0.0111
0.0084	0.0072	-0.3811	0.836	0.066	-0.0892	0.3332	-0.9386	338	340	103	2	16	0.0049	0.6667	0	0.0084
0.0083	0.0246	-0.3819	0.8456	0.057	-0.9661	-0.0987	-0.2387	339	341	103	2	17	0.0036	0.625	0	0.0083
0.0117	0.0486	-0.4049	0.8401	0.0474	0.5183	0.7207	-0.4603	340	342	103	2	18	0.0013	0.5417	0	0.0121
0.0109	0.0422	-0.3785	0.873	0.0185	-0.1193	0.9354	-0.333	341	343	103	2	19	0.0013	0.5	0	0.0109
0.0107	0.0348	-0.3824	0.9133	0.0047	-0.5073	0.8025	-0.314	342	344	103	2	20	0.0012	0.5	0	0.0107
0.011	0.0428	-0.3975	0.9313	-0.0117	-0.0037	0.4842	-0.8749	343	345	103	2	21	0.0015	0.4167	0	0.0111
0.0107	0.0172	-0.3929	0.9545	-0.0471	0.2402	0.278	-0.93	344	346	103	2	22	0.0036	0.6563	0	0.0107
0.0106	0.0402	-0.3931	0.9639	-0.0577	0.2599	0.836	-0.4832	345	347	103	2	23	0.0013	0.4583	0	0.0106
0.0116	0.0418	-0.3984	0.9966	-0.0825	0.2206	0.6361	-0.7394	346	348	103	2	24	0.0045	0.5313	0	0.0149
0.0112	0.0368	-0.3815	1.0289	-0.1022	0.5069	0.5788	-0.6387	347	349	103	2	25	0.0033	0.275	0	0.0194
0.0103	0.0518	-0.3817	1.0508	-0.1259	0.0332	0.8511	-0.5239	348	350	103	2	26	0.001	0.3333	0	0.0103
0.0112	0.043	-0.3856	1.0978	-0.1446	0.1157	0.9596	-0.2563	349	351	103	2	27	0.0054	0.225	0	0.017
0.0095	0.0103	-0.3871	1.1373	-0.1508	-0.0455	0.9553	0.292	350	352	103	2	28	0.004	0.625	0	0.0095
0.0113	0.0532	-0.3652	1.158	-0.1396	0.4688	-0.8761	-0.1122	351	353	103	2	29	0.0113	0.225	0	0.0256
0.0116	0.069	-0.3424	1.1135	-0.147	0.701	0.7132	-0.0026	352	354	103	2	30	0.0019	0.5417	0	0.0118
0.0118	0.0316	-0.302	1.1672	-0.1628	0.7738	0.5917	-0.2261	353	355	103	2	31	0.0016	0.6667	0	0.0135
0.0115	0.1031	-0.2892	1.1798	-0.1725	-0.1838	0.6616	-0.727	354	356	103	2	32	0.0075	0.35	0	0.0177
0.0119	0.049	-0.2923	1.2556	-0.2356	-0.0657	0.8806	-0.4694	355	357	103	2	33	0.0066	0.575	0	0.0169
0.0115	0.0512	-0.2827	1.2947	-0.2524	0.375	0.9063	-0.1952	356	358	103	2	34	0.0017	0.4583	0	0.0135
0.0114	0.0491	-0.2679	1.3361	-0.2466	0.7045	0.595	0.387	357	359	103	2	35	0.0022	0.4167	0	0.0145
0.0117	0.0376	-0.2206	1.3592	-0.2416	0.7285	-0.0435	0.6836	358	360	103	2	36	0.0016	0.5833	0	0.014
0.0117	0.0255	-0.1962	1.3623	-0.2108	0.8257	-0.0831	0.558	359	361	103	2	37	0.0014	0.5833	0	0.0119
0.0113	0.0594	-0.1664	1.3747	-0.2133	0.9262	-0.1624	0.3402	360	362	103	2	38	0.0018	0.375	0	0.0125
0.0114	0.0294	-0.1118	1.3774	-0.1911	0.6994	0.1351	-0.7018	361	363	103	2	39	0.0013	0.4167	0	0.0156
0.0084	0.0582	-0.093	1.3908	-0.1979	-0.3181	0.767	-0.5572	362	364	103	2	40	0.0014	0.5833	0	0.0084
0.0109	0.0403	-0.118	1.4326	-0.2279	-0.4364	0.8885	-0.1418	363	365	103	2	41	0.0013	0.2083	0	0.012
0.01	0.0062	-0.1299	1.4713	-0.2397	-0.4557	0.8902	-0.0003	364	366	103	2	42	0.01	0.05	0	0.01
0.01	0.0126	-0.1293	1.473	-0.235	0.8609	0.2446	-0.446	365	0	103	2	43	0.01	0.05	0	0.01
0.0025	0.0475	-0.2557	0.4726	0.3372	0.2051	0.1746	0.963	154	368	104	2	1	0.0067	0.3	1	0.01
0.0025	0.0009	-0.2405	0.4801	0.383	0.0408	0.2993	0.9533	367	369	104	2	2	0.01	0.05	0	0.01
0.0064	0.0187	-0.2415	0.4866	0.3836	-0.8968	-0.1331	0.422	368	0	104	2	3	0.0045	0.175	0	0.0188
0.0119	0.0581	-0.2691	0.4496	0.3162	-0.4549	0.477	0.7521	154	371	105	2	1	0.0037	0.4167	0	0.013
0.0119	0.043	-0.298	0.4701	0.3539	-0.9557	0.0915	0.2797	370	372	105	2	2	0.0016	0.2917	0	0.0159
0.0119	0.0574	-0.3417	0.478	0.3555	-0.9202	-0.3828	0.0818	371	373	105	2	3	0.01	0.05	0	0.01
0.0119	0.0459	-0.3865	0.4715	0.3359	-0.9114	-0.1376	-0.3879	372	0	105	2	4	0.01	0.05	0	0.01
0.011	0.0922	0.3029	-1.5397	-0.8166	-0.7408	0.169	-0.6501	0	375	348	0	1	0.008	0.28	0	0.0224
0.014	0.0242	0.2377	-1.529	-0.8509	-0.808	0.5524	0.2048	374	0	348	0	2	0.0033	0.2917	0	0.0182
0.0099	0.0714	0.2873	-1.6171	-0.225	-0.8915	0.3899	0.2308	165	377	14	2	1	0.0029	0.625	0	0.0099
0.0099	0.0238	0.2285	-1.5835	-0.2127	0.3521	-0.7197	-0.5984	376	378	14	2	2	0.01	0.05	0	0.01
0.0099	0.0377	0.2369	-1.6006	-0.2269	-0.625	-0.7287	0.28	377	0	14	2	3	0.01	0.05	0	0.01
0.0107	0.0336	0.2131	-1.4869	-0.9082	0.839	0.1811	0.513	188	380	11	3	1	0.0026	0.4167	0	0.0107
0.0107	0.022	0.2516	-1.4906	-0.8828	-0.738	-0.6584	0.1477	379	381	11	3	2	0.0014	0.2917	0	0.0141
0.0107	0.0268	0.2467	-1.5146	-0.8884	-0.6885	-0.7168	-0.1102	380	0	11	3	3	0.01	0.05	0	0.01
0.009	0.0209	0.1437	-1.6196	0.0463	-0.7272	-0.5814	-0.3649	208	0	20	3	1	0.002	0.4583	0	0.009
0.0119	0.016	0.1177	-1.6131	0.2941	-0.5414	0.8362	0.0877	214	384	29	3	1	0.0034	0.5	0	0.0119
0.0115	0.0469	0.1077	-1.5991	0.2923	0.8369	0.4898	-0.2445	383	385	29	3	2	0.0013	0.4583	0	0.0115
0.0115	0.0359	0.1454	-1.5705	0.2793	0.9561	0.2134	-0.2007	384	386	29	3	3	0.01	0.05	0	0.01
0.0115	0.0215	0.1543	-1.5867	0.2906	0.7657	-0.537	0.3539	385	387	29	3	4	0.01	0.05	0	0.01
0.0115	0.0212	0.1719	-1.5924	0.3005	0.8289	-0.3365	0.4469	386	0	29	3	5	0.01	0.05	0	0.01
0.012	0.037	0.3517	-0.6335	0.234	-0.3753	-0.9089	0.1816	233	389	37	3	1	0.0023	0.5417	0	0.0139
0.012	0.0384	0.3577	-0.6562	0.2443	0.4437	-0.8758	0.19	388	390	37	3	2	0.0053	0.4583	0	0.012
0.012	0.0182	0.3694	-0.6911	0.249	0.4771	-0.4642	-0.7463	389	0	37	3	3	0.01	0.05	0	0.01
0.009	0.0646	0.3565	-0.6211	0.2535	0.5702	-0.4132	0.71	233	392	38	3	1	0.0029	0.4583	0	0.009
0.0115	0.0586	0.3798	-0.6405	0.2905	-0.5415	-0.8269	0.1518	391	393	38	3	2	0.0013	0.4583	0	0.0121
0.0114	0.0324	0.3487	-0.6831	0.3098	-0.455	-0.7655	0.455	392	394	38	3	3	0.0016	0.4583	0	0.0125
0.0101	0.0274	0.3395	-0.7081	0.3273	-0.3402	-0.6987	0.6293	393	395	38	3	4	0.001	0.375	0	0.0101
0.0114	0.0234	0.3483	-0.7239	0.3396	0.3121	-0.5562	0.7702	394	396	38	3	5	0.0046	0.5833	0	0.0116
0.0099	0.0174	0.3495	-0.7295	0.3474	0.8993	0.2382	-0.3669	395	0	38	3	6	0.01	0.05	0	0.01
0.0134	0.0742	0.3949	-0.5926	0.2637	0.8613	-0.5066	0.0385	234	398	41	3	1	0.0032	0.5417	0	0.0134
0.0134	0.0145	0.4555	-0.6257	0.2659	-0.1585	-0.2598	-0.9526	397	0	41	3	2	0.01	0.05	0	0.01
0.0092	0.0139	0.4211	-0.5244	0.2983	-0.1515	0.6806	-0.7168	236	400	48	3	1	0.0026	0.4167	1	0.0092
0.0092	0.032	0.419	-0.5149	0.2883	-0.9205	-0.0103	0.3905	399	401	48	3	2	0.0026	0.4167	0	0.0092
0.0108	0.0381	0.3961	-0.5167	0.2884	-0.6683	-0.693	-0.2705	400	402	48	3	3	0.0011	0.3333	0	0.0142
0.01	0.0167	0.3734	-0.547	0.288	-0.9081	-0.409	0.09	401	403	48	3	4	0.01	0.05	0	0.01
0.0097	0.0536	0.3582	-0.5538	0.2895	-0.9232	-0.0551	-0.3803	402	0	48	3	5	0.01	0.05	0	0.01
0.0065	0.0231	0.0298	-0.4716	0.4493	-0.5595	0.8267	-0.0591	249	405	63	3	1	0.002	0.5	1	0.0145
0.0065	0.0501	0.019	-0.4527	0.451	0.462	0.8554	-0.234	404	406	63	3	2	0.0071	0.325	0	0.0145
0.0065	0.0161	0.0381	-0.4106	0.4436	-0.7151	0.3383	-0.6117	405	407	63	3	3	0.01	0.05	0	0.01
0.0065	0.0206	0.0266	-0.4052	0.4338	0.7725	-0.4814	-0.4142	406	0	63	3	4	0.01	0.05	0	0.01
0.0133	0.0283	-0.0496	0.0757	0.2678	-0.599	-0.6424	-0.478	257	409	77	3	1	0.0015	0.5833	0	0.0133
0.0133	0.0203	-0.0759	0.0628	0.258	-0.5066	-0.8577	-0.0878	408	0	77	3	2	0.01	0.05	0	0.01
0.0025	0.0382	0.334	0.4739	-0.172	0.7254	0.6371	-0.2607	276	411	120	3	1	0.0074	0.2	1	0.01
0.0025	0.0502	0.358	0.5164	-0.1758	0.5023	0.3669	-0.783	410	412	120	3	2	0.01	0.05	0	0.01
0.0025	0.0208	0.3835	0.5362	-0.215	0.8189	-0.146	-0.5551	411	0	120	3	3	0.0038	0.125	0	0.01
0.0131	0.049	-0.2557	0.244	0.4171	0.0883	-0.4954	-0.8642	294	414	353	3	1	0.0014	0.4167	0	0.0131
0.0131	0.0173	-0.2538	0.2232	0.3857	-0.9638	-0.2237	-0.145	413	0	353	3	2	0.0038	0.1	0	0.0181
0.013	0.0531	-0.2025	0.2903	0.3759	0.9628	0.2665	0.0453	0	0	354	0	1	0.0032	0.4167	0	0.013
0.0025	0.0174	-0.1799	0.3588	0.3284	-0.0175	0.484	-0.8749	310	417	106	3	1	0.0025	0.5	1	0.01
0.0025	0.0558	-0.1767	0.3646	0.3106	0.056	0.7501	-0.6589	416	418	106	3	2	0.0068	0.325	0	0.01
0.0025	0.0052	-0.1693	0.4054	0.2794	0.7024	0.5684	-0.4284	417	419	106	3	3	0.01	0.05	0	0.01
0.0025	0.0418	-0.167	0.4078	0.2764	0.5541	-0.401	-0.7295	418	0	106	3	4	0.0031	0.175	0	0.01
0.0025	0.0673	-0.1356	0.373	0.2871	0.9977	-0.0436	0.0526	311	421	121	3	1	0.009	0.4	0	0.0117
0.0025	0.0028	-0.0692	0.3758	0.2899	0.8677	0.1834	0.462	420	422	121	3	2	0.0078	0.15	0	0.01
0.0025	0.029	-0.0723	0.375	0.2997	-0.0665	0.9917	0.1097	421	423	121	3	3	0.007	0.225	0	0.01
0.0025	0.0344	-0.0755	0.4044	0.2994	0.9399	0.045	-0.3384	422	0	121	3	4	0.0049	0.1	0	0.01
0.0108	0.0804	-0.2528	0.489	0.2888	0.8893	0.4573	0.0032	324	425	107	3	1	0.0023	0.4167	0	0.0121
0.0108	0.0388	-0.1834	0.5164	0.2896	0.9221	-0.1835	0.3406	424	426	107	3	2	0.001	0.2917	0	0.0095
0.0108	0.0068	-0.1534	0.515	0.3083	0.7672	0.6177	0.1728	425	427	107	3	3	0.01	0.05	0	0.01
0.0108	0.031	-0.1482	0.5192	0.3095	0.8363	-0.5221	-0.1676	426	0	107	3	4	0.01	0.05	0	0.01
0.0083	0.0697	-0.2749	0.4859	0.2922	-0.437	0.8419	-0.3165	324	429	108	3	1	0.0015	0.6667	0	0.0083
0.0096	0.0373	-0.3054	0.5493	0.2734	-0.1702	0.5466	-0.8199	428	430	108	3	2	0.0017	0.375	0	0.0103
0.0087	0.0124	-0.316	0.5694	0.2481	-0.0977	0.9951	-0.0134	429	431	108	3	3	0.01	0.05	0	0.01
0.0084	0.0301	-0.3133	0.5793	0.246	-0.4319	0.044	-0.9008	430	0	108	3	4	0.01	0.05	0	0.01
0.0107	0.1057	-0.2583	0.5879	0.2737	0.5543	0.7111	-0.4326	326	433	110	3	1	0.0031	0.625	0	0.0108
0.0096	0.0168	-0.1963	0.6616	0.2386	0.5608	0.8252	-0.0672	432	434	110	3	2	0.0047	0.7083	0	0.0096
0.0098	0.0462	-0.1834	0.6575	0.2118	0.988	0.1522	0.0263	433	435	110	3	3	0.0085	0.4167	0	0.0098
0.01	0.0287	-0.1351	0.6664	0.2219	0.9168	-0.3446	-0.2018	434	436	110	3	4	0.01	0.05	0	0.01
0.0098	0.0315	-0.1284	0.6514	0.1986	0.6486	-0.4946	-0.5785	435	437	110	3	5	0.01	0.05	0	0.01
0.0096	0.0039	-0.1359	0.6708	0.2125	0.7426	0.6652	-0.0774	436	0	110	3	6	0.01	0.05	0	0.01
0.0084	0.1418	-0.2968	0.6693	0.2071	0.1061	-0.9201	0.3771	329	439	356	3	1	0.0029	0.625	0	0.0084
0.0087	0.0287	-0.2815	0.5381	0.2578	0.9672	0.2472	0.0579	438	440	356	3	2	0.01	0.05	0	0.01
0.0086	0.0184	-0.2537	0.5452	0.2594	0.7714	-0.5948	-0.2262	439	441	356	3	3	0.01	0.05	0	0.01
0.0085	0.0252	-0.2367	0.5344	0.2563	0.2466	-0.7955	-0.5536	440	0	356	3	4	0.01	0.05	0	0.01
0.009	0.0267	-0.335	0.691	0.1814	-0.6737	-0.5139	0.5311	330	443	116	3	1	0.0023	0.4583	0	0.009
0.009	0.0111	-0.3514	0.6797	0.1952	0.8301	-0.5156	0.2125	442	444	116	3	2	0.01	0.05	0	0.01
0.009	0.0275	-0.3475	0.668	0.1999	0.1104	0.2789	0.954	443	0	116	3	3	0.01	0.05	0	0.01
0.0111	0.0841	-0.3897	0.7814	0.1807	-0.8335	-0.534	0.1421	336	446	122	3	1	0.0041	0.26	1	0.0184
0.0111	0.0587	-0.4622	0.7368	0.1846	0.0659	-0.9958	-0.0629	445	447	122	3	2	0.0032	0.25	0	0.0184
0.0111	0.014	-0.4544	0.6792	0.1862	0.2814	-0.9575	-0.0633	446	448	122	3	3	0.0038	0.5	0	0.0111
0.0111	0.0253	-0.4504	0.6659	0.1851	0.5396	-0.7577	-0.367	447	449	122	3	4	0.01	0.05	0	0.01
0.0111	0.0342	-0.4436	0.6701	0.1892	0.3107	-0.4011	0.8618	448	0	122	3	5	0.01	0.05	0	0.01
0.0132	0.0376	-0.396	0.714	0.1602	-0.9843	-0.1729	-0.0345	332	451	128	3	1	0.0011	0.4583	1	0.0132
0.0132	0.0513	-0.433	0.7075	0.1589	-0.4963	0.6061	-0.6216	450	452	128	3	2	0.0011	0.4583	0	0.0132
0.0132	0.0298	-0.4582	0.7333	0.1269	-0.7181	-0.0158	-0.6958	451	453	128	3	3	0.0012	0.3333	0	0.01
0.0132	0.0289	-0.4801	0.7314	0.1084	-0.8786	-0.2638	-0.398	452	454	128	3	4	0.0012	0.2917	0	0.0088
0.0132	0.0595	-0.5027	0.7301	0.0846	-0.9709	0.209	-0.1169	453	455	128	3	5	0.0034	0.08	0	0.0043
0.0132	0.0379	-0.5612	0.7365	0.0852	-0.9199	0.3478	0.1811	454	0	128	3	6	0.0026	0.2917	0	0.0075
0.0098	0.0159	-0.3757	1.066	-0.1249	0.5383	0.4488	0.7133	349	457	145	3	1	0.0027	0.5417	1	0.0106
0.0098	0.0432	-0.3672	1.0731	-0.1136	0.719	-0.6622	-0.2112	456	458	145	3	2	0.0027	0.5417	0	0.0106
0.0098	0.0337	-0.327	1.0476	-0.1013	0.9035	0.1419	-0.4044	457	459	145	3	3	0.0013	0.4167	0	0.0133
0.0092	0.0753	-0.2981	1.0487	-0.1054	0.933	0.2545	0.2544	458	460	145	3	4	0.0014	0.4583	0	0.0092
0.0087	0.0395	-0.2301	1.0664	-0.0823	0.8869	-0.0816	0.4546	459	461	145	3	5	0.0008	0.375	0	0.0068
0.0087	0.009	-0.1955	1.0659	-0.0631	0.8798	-0.0556	0.4721	460	462	145	3	6	0.0037	0.6667	0	0.0087
0.0087	0.0248	-0.1896	1.0642	-0.0588	0.3849	-0.6036	0.6982	461	0	145	3	7	0.01	0.05	0	0.01
0.0078	0.0434	-0.3731	0.8183	0.1172	0.6556	0.669	0.3502	337	464	147	3	1	0.0036	0.3	1	0.0203
0.0075	0.0531	-0.3474	0.8564	0.1293	0.8696	0.0866	-0.4861	463	465	147	3	2	0.0054	0.225	0	0.0203
0.0072	0.0542	-0.3017	0.8569	0.1072	-0.7501	0.4984	0.4348	464	466	147	3	3	0.0053	0.275	0	0.0141
0.0069	0.0381	-0.3422	0.8805	0.1254	-0.9201	0.3225	-0.2223	465	467	147	3	4	0.0014	0.375	0	0.0095
0.0064	0.0145	-0.36	0.9039	0.1213	-0.4005	0.8012	-0.4445	466	468	147	3	5	0.005	0.3333	0	0.0125
0.0046	0.0147	-0.3678	0.9141	0.1109	0.5099	0.7053	-0.4925	467	0	147	3	6	0.0017	0.25	0	0.0063
0.0105	0.0272	-0.3716	0.844	0.0765	-0.2098	0.6384	0.7406	338	470	148	3	1	0.0041	0.5417	1	0.0156
0.0105	0.0783	-0.3757	0.8577	0.0973	0.8039	0.2662	-0.5318	469	471	148	3	2	0.0052	0.375	0	0.0156
0.0104	0.0763	-0.3174	0.8707	0.0571	0.5782	-0.1977	0.7916	470	472	148	3	3	0.0081	0.34	0	0.0185
0.0104	0.0299	-0.3156	0.8564	0.1189	0.0213	-0.4526	0.8915	471	473	148	3	4	0.0142	0.4643	0	0.0143
0.0104	0.0163	-0.3048	0.8529	0.1701	-0.0403	-0.9185	0.3934	472	474	148	3	5	0.0045	0.425	0	0.0156
0.0103	0.038	-0.305	0.8486	0.1881	-0.0411	-0.7336	0.6783	473	475	148	3	6	0.0018	0.4167	0	0.0123
0.0102	0.042	-0.3036	0.8352	0.2045	0.4437	0.4181	0.7927	474	476	148	3	7	0.0016	0.3333	0	0.0123
0.0075	0.0127	-0.2888	0.8464	0.2447	0.1714	0.6725	0.72	475	477	148	3	8	0.0047	0.4583	0	0.0063
0.0102	0.0329	-0.2926	0.8531	0.2585	0.6339	-0.1408	0.7604	476	478	148	3	9	0.0031	0.225	0	0.016
0.0083	0.0449	-0.2753	0.851	0.2835	-0.0753	-0.1008	0.9921	477	479	148	3	10	0.0012	0.5833	0	0.0083
0.01	0.0459	-0.2763	0.856	0.3282	0.1569	-0.0562	0.986	478	480	148	3	11	0.0011	0.2917	0	0.0108
0.008	0.0418	-0.2627	0.8533	0.3708	0.3845	-0.0138	0.923	479	481	148	3	12	0.001	0.2917	0	0.008
0.0096	0.0459	-0.2512	0.8396	0.4093	0.3693	-0.1408	0.9186	480	482	148	3	13	0.0051	0.3	0	0.0099
0.0097	0.0344	-0.2355	0.8274	0.4388	-0.2293	-0.8772	0.4219	481	483	148	3	14	0.002	0.2	0	0.0175
0.0077	0.0343	-0.2389	0.797	0.4517	-0.078	-0.9943	-0.0724	482	484	148	3	15	0.0039	0.4	0	0.0077
0.0094	0.0486	-0.2341	0.7688	0.462	0.4796	-0.8685	0.1248	483	485	148	3	16	0.0013	0.25	0	0.0126
0.0095	0.0386	-0.2154	0.728	0.4691	-0.2221	-0.9389	0.263	484	486	148	3	17	0.0008	0.3333	0	0.0111
0.0094	0.037	-0.2111	0.6827	0.473	-0.3431	-0.8142	0.4684	485	487	148	3	18	0.0015	0.3333	0	0.0115
0.0089	0.0408	-0.2227	0.6532	0.4916	0.0614	-0.9122	0.4051	486	488	148	3	19	0.0009	0.375	0	0.0095
0.0084	0.0365	-0.2111	0.6156	0.5022	0.1608	-0.9408	0.2982	487	489	148	3	20	0.004	0.5	0	0.0086
0.008	0.0367	-0.2053	0.5811	0.5116	0.1584	-0.9802	0.1188	488	0	148	3	21	0.01	0.05	0	0.01
0.0118	0.029	-0.3837	0.8824	0.0332	-0.317	0.6624	0.6788	341	491	149	3	1	0.0053	0.5417	1	0.0172
0.0118	0.0485	-0.3922	0.8961	0.0512	-0.7469	0.1122	-0.6554	490	492	149	3	2	0.0062	0.45	0	0.0172
0.0118	0.0801	-0.4304	0.8966	0.0209	-0.761	0.4419	0.475	491	493	149	3	3	0.0021	0.5833	0	0.0166
0.0118	0.0317	-0.4917	0.9333	0.0545	-0.9976	-0.0535	0.0435	492	494	149	3	4	0.0013	0.6667	0	0.0118
0.0118	0.0346	-0.5111	0.9445	0.055	-0.7215	0.6722	-0.1659	493	495	149	3	5	0.0016	0.625	0	0.0134
0.0118	0.0315	-0.5403	0.9667	0.0464	-0.0796	0.9614	-0.2633	494	496	149	3	6	0.0015	0.5417	0	0.0136
0.0118	0.0333	-0.5448	0.997	0.038	0.0017	0.9956	0.0935	495	497	149	3	7	0.0015	0.5417	0	0.0145
0.0118	0.0508	-0.5435	1.0311	0.0359	-0.9723	0.0011	-0.2336	496	498	149	3	8	0.0019	0.5833	0	0.0145
0.0118	0.0384	-0.5835	1.0436	0.0159	-0.7524	0.1437	-0.6428	497	0	149	3	9	0.01	0.05	0	0.01
0.0098	0.0589	-0.3909	1.0811	-0.1439	-0.6252	0.5005	-0.5989	349	500	153	3	1	0.0024	0.5417	0	0.0111
0.0084	0.0227	-0.4267	1.1071	-0.162	-0.9151	-0.4024	-0.0268	499	501	153	3	2	0.01	0.5417	0	0.0084
0.0098	0.0183	-0.4601	1.0898	-0.1649	-0.1391	-0.0609	0.9884	500	502	153	3	3	0.0092	0.4167	0	0.0145
0.0097	0.0494	-0.4773	1.1099	-0.1498	-0.7414	-0.4386	0.5078	501	503	153	3	4	0.007	0.4375	0	0.0117
0.0097	0.0157	-0.5128	1.0734	-0.1443	-0.9481	-0.2774	0.1555	502	504	153	3	5	0.0069	0.375	0	0.0105
0.0086	0.024	-0.5347	1.0935	-0.1522	-0.8189	-0.407	-0.4047	503	505	153	3	6	0.0054	0.4375	0	0.0086
0.0094	0.0407	-0.5555	1.0829	-0.1561	-0.979	0.1062	-0.1742	504	506	153	3	7	0.001	0.2917	0	0.0107
0.0092	0.0272	-0.5893	1.0733	-0.1567	-0.9273	-0.3654	0.0814	505	507	153	3	8	0.0011	0.25	0	0.0129
0.0088	0.0102	-0.62	1.0729	-0.1591	-0.8843	-0.3747	0.2787	506	0	153	3	9	0.01	0.05	0	0.01
0.008	0.0821	-0.1002	1.388	-0.2018	-0.1964	-0.705	0.6815	363	509	167	3	1	0.004	0.4167	0	0.0108
0.008	0.0656	-0.1137	1.3334	-0.1506	0.7847	0.1955	0.5882	508	510	167	3	2	0.003	0.125	0	0.0133
0.008	0.0358	-0.0596	1.35	-0.1224	0.9258	0.2205	0.3069	509	511	167	3	3	0.01	0.05	0	0.01
0.008	0.04	-0.0311	1.3589	-0.1439	0.9579	0.2564	-0.1293	510	0	167	3	4	0.01	0.05	0	0.01
0.0064	0.0744	-0.3578	1.1379	-0.1529	0.3438	0.5048	-0.7918	352	513	178	3	1	0.0009	0.375	0	0.0068
0.0025	0.0166	-0.3383	1.1802	-0.2077	0.3883	0.8374	-0.3847	512	514	178	3	2	0.01	0.05	0	0.01
0.0025	0.0242	-0.3318	1.1913	-0.2089	0.2882	-0.848	-0.4448	513	0	178	3	3	0.01	0.05	0	0.01
0.0133	0.194	-0.3245	1.0839	-0.1604	-0.9229	0.3805	-0.0594	352	516	179	3	1	0.0013	0.375	0	0.0175
0.0133	0.0584	-0.5018	1.1523	-0.1707	-0.8913	-0.1882	0.4125	515	517	179	3	2	0.0017	0.25	0	0.0268
0.0107	0.0386	-0.552	1.1636	-0.1671	-0.9005	-0.2521	-0.3544	516	518	179	3	3	0.0016	0.8333	0	0.0133
0.0133	0.0329	-0.5836	1.1729	-0.1816	-0.7967	0.1077	-0.5947	517	519	179	3	4	0.0017	0.375	0	0.0145
0.0133	0.0644	-0.6008	1.1744	-0.2063	-0.2391	0.6902	-0.683	518	520	179	3	5	0.0013	0.4583	0	0.0132
0.0133	0.044	-0.6194	1.2096	-0.2532	-0.4269	0.4026	-0.8098	519	521	179	3	6	0.0015	0.3333	0	0.0099
0.0133	0.0299	-0.624	1.2415	-0.2853	-0.3449	0.5326	-0.7729	520	522	179	3	7	0.0013	0.3333	0	0.0161
0.0133	0.0138	-0.6399	1.2582	-0.3021	-0.2479	0.9164	-0.3144	521	523	179	3	8	0.0035	0.625	0	0.0074
0.0133	0.0137	-0.6437	1.2729	-0.3053	-0.38	0.3783	-0.8441	522	0	179	3	9	0.01	0.05	0	0.01
0.0102	0.0561	-0.3699	1.1429	-0.1415	-0.844	-0.5318	-0.069	352	525	180	3	1	0.0021	0.5	1	0.0102
0.0102	0.0561	-0.4172	1.1131	-0.1454	-0.3276	0.7785	-0.5353	524	526	180	3	2	0.0021	0.5	0	0.0102
0.0102	0.018	-0.4344	1.1478	-0.1781	-0.648	0.1388	-0.7489	525	0	180	3	3	0.01	0.05	0	0.01
0.0112	0.1085	-0.2991	1.1717	-0.152	0.466	0.4323	0.772	354	528	181	3	1	0.0036	0.5	0	0.0125
0.0112	0.0312	-0.2591	1.2094	-0.0663	-0.1032	0.3151	0.9434	527	529	181	3	2	0.002	0.5833	0	0.015
0.0112	0.0529	-0.2449	1.2111	-0.0547	0.5905	0.7756	0.2229	528	530	181	3	3	0.0114	0.325	0	0.0404
0.0112	0.0521	-0.2019	1.2088	-0.0566	0.9664	0.256	0.0239	529	531	181	3	4	0.0029	0.225	0	0.0163
0.0101	0.0368	-0.1736	1.2066	-0.0453	0.5662	-0.3156	0.7615	530	532	181	3	5	0.0091	0.5	0	0.0101
0.0109	0.022	-0.163	1.204	-0.0141	-0.1921	-0.5186	0.8332	531	533	181	3	6	0.0012	0.25	0	0.0109
0.0112	0.0363	-0.1508	1.1819	0.0019	-0.2151	-0.51	0.8328	532	534	181	3	7	0.0015	0.3333	0	0.0153
0.0104	0.0385	-0.1584	1.1735	0.0383	0.154	-0.5125	0.8447	533	535	181	3	8	0.0014	0.3333	0	0.0104
0.0084	0.0403	-0.1477	1.1566	0.0715	0.036	-0.2964	0.9544	534	536	181	3	9	0.0013	0.2083	0	0.0084
0.0112	0.0202	-0.1715	1.1479	0.0885	-0.6259	-0.3916	0.6745	535	537	181	3	10	0.0063	0.6667	0	0.0153
0.0111	0.0266	-0.1649	1.1545	0.1273	-0.7962	0.5224	0.3053	536	538	181	3	11	0.0025	0.075	0	0.0173
0.0095	0.0623	-0.1675	1.1658	0.1385	-0.0576	0.5615	0.8255	537	539	181	3	12	0.0044	0.5625	0	0.0095
0.0111	0.081	-0.1795	1.1589	0.1175	0.8631	-0.4741	0.1738	538	540	181	3	13	0.0078	0.3	0	0.0253
0.0111	0.0523	-0.1081	1.1197	0.1284	-0.632	-0.7653	-0.1217	539	541	181	3	14	0.005	0.2	0	0.0204
0.0098	0.0447	-0.1426	1.0899	0.1224	-0.9007	-0.1427	0.4103	540	542	181	3	15	0.007	0.5	0	0.0098
0.011	0.0323	-0.1758	1.0905	0.1513	-0.8509	0.0744	0.5201	541	543	181	3	16	0.0013	0.4167	0	0.0144
0.0089	0.0075	-0.2064	1.0839	0.167	-0.5882	0.1044	0.802	542	544	181	3	17	0.0049	0.5938	0	0.0089
0.0107	0.0683	-0.2034	1.0922	0.1782	0.1794	-0.6754	0.7153	543	545	181	3	18	0.0014	0.5	0	0.0108
0.011	0.0334	-0.1949	1.0482	0.2291	-0.0155	-0.7131	0.7009	544	546	181	3	19	0.0015	0.5417	0	0.0121
0.0111	0.0362	-0.2056	1.0304	0.2536	-0.1626	-0.4377	0.8843	545	547	181	3	20	0.0015	0.625	0	0.0124
0.0109	0.065	-0.1912	1.0208	0.283	0.1795	-0.1634	0.9701	546	548	181	3	21	0.0013	0.5	0	0.0134
0.0106	0.0227	-0.1847	1.009	0.3479	0.4037	-0.3433	0.848	547	549	181	3	22	0.0011	0.3333	0	0.0117
0.0104	0.0407	-0.167	1.0053	0.3577	0.6395	-0.722	0.2642	548	550	181	3	23	0.0016	0.25	0	0.0134
0.0088	0.0343	-0.1414	0.9837	0.3818	0.9101	-0.3451	0.2294	549	551	181	3	24	0.0012	0.4167	0	0.0088
0.0087	0.043	-0.1107	0.9743	0.3908	0.9314	-0.004	0.3639	550	552	181	3	25	0.0012	0.4583	0	0.0087
0.0079	0.0107	-0.0711	0.9778	0.4064	0.968	0.1414	0.2072	551	553	181	3	26	0.0034	0.6667	0	0.0079
0.0106	0.0545	-0.0544	0.9886	0.4057	0.4915	-0.5505	-0.6748	552	554	181	3	27	0.0011	0.4167	0	0.012
0.0101	0.0326	-0.0228	0.9601	0.3628	0.6776	-0.631	0.3777	553	555	181	3	28	0.0019	0.2	0	0.0175
0.0087	0.0636	0.0079	0.9464	0.3672	0.6707	-0.7354	0.0968	554	556	181	3	29	0.001	0.4167	0	0.0087
0.0101	0.0469	0.0527	0.9083	0.3765	0.772	-0.3749	0.5133	555	557	181	3	30	0.0014	0.3333	0	0.0111
0.0102	0.0479	0.0946	0.8908	0.3911	0.4449	-0.8576	0.2579	556	558	181	3	31	0.0033	0.4	0	0.0213
0.0074	0.052	0.1221	0.8716	0.4119	0.8272	-0.3886	0.4058	557	559	181	3	32	0.0037	0.7917	0	0.0074
0.0098	0.1023	0.1485	0.8365	0.41	0.5244	-0.8352	0.166	558	0	181	3	33	0.0028	0.3125	0	0.0133
0.0086	0.0764	-0.1246	1.3808	-0.1932	-0.9822	0.1861	0.0247	362	561	187	3	1	0.0029	0.625	1	0.0086
0.0086	0.0743	-0.1996	1.395	-0.1913	0.9999	-0.0111	0.0107	560	562	187	3	2	0.0029	0.625	0	0.0086
0.0106	0.037	-0.1363	1.3986	-0.2032	0.6823	-0.2664	-0.6808	561	563	187	3	3	0.0013	0.5	0	0.0124
0.0106	0.0449	-0.1253	1.3993	-0.2258	0.0644	0.3206	-0.945	562	564	187	3	4	0.0014	0.5417	0	0.013
0.0106	0.0089	-0.1218	1.4193	-0.2651	-0.3991	0.4898	-0.7751	563	565	187	3	5	0.0047	0.5625	0	0.0108
0.0096	0.0298	-0.1262	1.4205	-0.2679	0.8744	0.2767	0.3985	564	566	187	3	6	0.01	0.05	0	0.01
0.0095	0.0307	-0.1003	1.4318	-0.2575	0.7982	-0.2336	-0.5553	565	0	187	3	7	0.01	0.05	0	0.01
0.009	0.0256	-0.1889	1.3547	-0.194	0.4347	-0.3512	0.8293	360	568	188	3	1	0.0027	0.5417	1	0.009
0.009	0.0751	-0.1778	1.3457	-0.1728	0.6655	-0.4733	0.5771	567	569	188	3	2	0.0027	0.5417	0	0.009
0.0097	0.0551	-0.1305	1.3006	-0.1278	0.6824	-0.0583	0.7286	568	570	188	3	3	0.0009	0.375	0	0.0098
0.0102	0.0449	-0.0945	1.2953	-0.0865	0.8152	-0.3967	0.422	569	571	188	3	4	0.0013	0.5833	0	0.0104
0.0072	0.0086	-0.0632	1.2726	-0.0667	0.5889	-0.5264	0.6133	570	572	188	3	5	0.0051	0.75	0	0.0072
0.0081	0.0358	-0.0579	1.2701	-0.0625	0.4762	0.3574	0.8034	571	0	188	3	6	0.002	0.2917	0	0.0083
0.0104	0.06	-0.1065	1.4242	-0.2173	0.6464	-0.4733	0.5985	364	574	197	3	1	0.003	0.4167	1	0.0156
0.0103	0.0718	-0.0694	1.3932	-0.1833	0.0237	-0.6022	0.798	573	575	197	3	2	0.0043	0.25	0	0.0156
0.0103	0.0636	-0.0626	1.3617	-0.122	0.2185	-0.3974	0.8912	574	576	197	3	3	0.0017	0.5833	0	0.0148
0.01	0.0086	-0.042	1.338	-0.0663	0.1944	-0.254	0.9475	575	577	197	3	4	0.004	0.6563	0	0.0101
0.0078	0.0201	-0.0422	1.3394	-0.0671	-0.5959	0.6964	0.3998	576	578	197	3	5	0.0043	0.5417	0	0.0078
0.0089	0.0345	-0.0626	1.3615	-0.0597	-0.6276	-0.6155	0.4769	577	0	197	3	6	0.0033	0.2917	0	0.0128
0.0112	0.0524	-0.1011	1.4136	-0.2241	0.5586	-0.108	-0.8224	363	580	199	3	1	0.0028	0.4583	0	0.0112
0.0112	0.0344	-0.0779	1.4075	-0.2538	0.1134	0.99	0.0843	579	0	199	3	2	0.01	0.05	0	0.01
0.0103	0.0248	-0.212	0.4979	0.2888	0.8455	0.5279	-0.08	424	582	357	4	1	0.0047	0.275	0	0.0174
0.0103	0.0529	-0.1975	0.5162	0.288	0.5222	0.7384	-0.4266	581	583	357	4	2	0.0049	0.15	0	0.0153
0.0103	0.0025	-0.1776	0.5496	0.273	-0.4206	0.8761	0.2356	582	584	357	4	3	0.01	0.05	0	0.01
0.0103	0.0121	-0.1825	0.548	0.2773	0.6734	0.0543	0.7373	583	0	357	4	4	0.01	0.05	0	0.01
0.01	0.0164	-0.298	0.5294	0.267	0.0749	-0.2428	-0.9672	428	586	358	4	1	0.0028	0.5417	1	0.01
0.01	0.0637	-0.2967	0.5254	0.2511	-0.5755	-0.0951	0.8123	585	587	358	4	2	0.0028	0.5417	0	0.01
0.01	0.0324	-0.3462	0.5087	0.3192	-0.7841	-0.0059	-0.6206	586	588	358	4	3	0.007	0.3	0	0.0215
0.01	0.0146	-0.3718	0.5105	0.3106	-0.7303	-0.6743	0.1091	587	589	358	4	4	0.01	0.05	0	0.01
0.01	0.0371	-0.3824	0.5007	0.3122	0.4561	-0.8754	0.16	588	0	358	4	5	0.01	0.05	0	0.01
0.0257	0.0211	-0.187	0.6502	0.2189	-0.3282	-0.6763	0.6594	434	591	118	4	1	0.0018	0.4583	1	0.0257
0.0257	0.0402	-0.1939	0.636	0.2328	0.6214	0.2131	0.7539	590	592	118	4	2	0.0018	0.4583	0	0.0257
0.0257	0.0488	-0.15	0.5997	0.2518	0.4822	0.4001	-0.7794	591	0	118	4	3	0.002	0.15	0	0.0141
0.0118	0.0556	-0.2986	0.6123	0.2319	-0.8893	-0.0996	0.4464	438	594	111	4	1	0.0024	0.375	0	0.0081
0.0118	0.0483	-0.3359	0.6027	0.2534	-0.3718	-0.8836	-0.2845	593	595	111	4	2	0.0011	0.4167	0	0.0118
0.0118	0.0388	-0.3617	0.5711	0.2451	-0.8037	-0.5935	0.0434	594	596	111	4	3	0.01	0.05	0	0.01
0.0118	0.0347	-0.3595	0.578	0.2479	0.6318	-0.6923	-0.3485	595	597	111	4	4	0.01	0.05	0	0.01
0.0118	0.0026	-0.3376	0.5426	0.2358	0.9195	-0.0061	0.3931	596	598	111	4	5	0.01	0.05	0	0.01
0.0118	0.0277	-0.3356	0.5426	0.2365	-0.1734	-0.933	0.3153	597	0	111	4	6	0.01	0.05	0	0.01
0.0147	0.0634	-0.4383	0.6681	0.1831	0.2112	0.9303	0.2998	448	600	361	4	1	0.0025	0.4583	0	0.0147
0.0147	0.0055	-0.4201	0.7222	0.184	-0.66	0.6612	-0.3567	599	601	361	4	2	0.01	0.05	0	0.01
0.0147	0.0299	-0.4123	0.7315	0.1742	-0.3521	0.9223	0.1595	600	0	361	4	3	0.0022	0.15	0	0.0076
0.0116	0.0737	-0.3501	0.7815	0.1219	-0.6585	0.4526	-0.6013	0	0	363	0	1	0.0034	0.5	0	0.0116
0.0144	0.0425	-0.3594	1.0642	-0.1062	0.5559	-0.637	0.5341	457	604	364	4	1	0.0024	0.5833	1	0.0144
0.0144	0.0386	-0.3358	1.0371	-0.0835	0.7259	-0.5057	-0.4662	603	605	364	4	2	0.0024	0.5833	0	0.0144
0.0144	0.0544	-0.3261	1.0154	-0.0917	0.3432	-0.8233	0.4521	604	606	364	4	3	0.0014	0.5417	0	0.0179
0.0144	0.0606	-0.2994	0.9913	-0.0489	0.3629	-0.6885	0.6279	605	607	364	4	4	0.0019	0.375	0	0.0188
0.0144	0.0096	-0.291	0.9445	-0.01	0.2936	-0.6477	0.7031	606	608	364	4	5	0.01	0.05	0	0.01
0.0144	0.0287	-0.2882	0.9383	-0.0032	-0.3279	-0.9324	-0.1523	607	0	364	4	6	0.01	0.05	0	0.01
0.0105	0.0597	-0.2221	1.0779	-0.0885	-0.3734	0.903	0.2124	459	610	169	4	1	0.0026	0.5	0	0.0105
0.0105	0.0044	-0.2433	1.1272	-0.0718	-0.0825	0.6428	0.7616	609	611	169	4	2	0.01	0.05	0	0.01
0.0105	0.0269	-0.2448	1.1334	-0.0673	0.5932	-0.0669	0.8023	610	0	169	4	3	0.01	0.05	0	0.01
0.0101	0.051	-0.236	1.0574	-0.0843	0.6544	-0.5509	0.5179	459	613	170	4	1	0.0026	0.5833	0	0.0101
0.0101	0.0375	-0.2058	1.0252	-0.0606	0.1432	-0.6111	0.7785	612	0	170	4	2	0.0017	0.2917	0	0.012
0.0113	0.0436	-0.2349	1.0718	-0.0803	0.3816	0.777	0.5006	459	615	171	4	1	0.0034	0.5	0	0.0137
0.0113	0.04	-0.2167	1.0927	-0.0607	-0.9929	-0.1187	-0.0017	614	616	171	4	2	0.0012	0.375	0	0.0102
0.0113	0.0098	-0.2572	1.0859	-0.0604	-0.3849	0.2984	0.8734	615	0	171	4	3	0.0015	0.4167	0	0.0113
0.0122	0.0361	-0.2694	0.8506	0.1083	0.7815	-0.5871	-0.2112	471	618	160	4	1	0.0017	0.4167	1	0.0122
0.0122	0.0365	-0.2412	0.8294	0.1006	0.8734	0.1763	0.454	617	619	160	4	2	0.0017	0.4167	0	0.0122
0.0122	0.0316	-0.2076	0.8365	0.1136	0.7953	-0.5372	0.2809	618	0	160	4	3	0.01	0.05	0	0.01
0.0134	0.0782	-0.3178	0.8871	0.0616	0.9458	0.3221	-0.0405	470	621	366	4	1	0.0037	0.4583	0	0.0172
0.0134	0.0901	-0.239	0.9198	0.0511	0.7203	0.187	0.668	620	622	366	4	2	0.0016	0.3333	0	0.0156
0.0134	0.0407	-0.1826	0.9392	0.1089	0.041	0.7649	0.6428	621	623	366	4	3	0.0017	0.4583	0	0.0172
0.0134	0.0279	-0.1659	0.9483	0.1427	-0.3567	0.0783	0.9309	622	624	366	4	4	0.005	0.5	0	0.0134
0.0134	0.0207	-0.1773	0.9618	0.1576	0.2818	0.6901	0.6666	623	0	366	4	5	0.01	0.05	0	0.01
0.0025	0.0731	-0.3099	0.831	0.2175	0.5399	0.6046	0.5857	474	626	219	4	1	0.0106	0.275	1	0.01
0.0025	0.0446	-0.2543	0.8755	0.2536	0.2603	0.7063	0.6583	625	0	219	4	2	0.0084	0.2	0	0.01
0.014	0.0256	-0.2687	0.8519	0.377	-0.9656	-0.135	-0.2225	480	628	236	4	1	0.0032	0.4583	1	0.014
0.014	0.0523	-0.2934	0.8484	0.3713	0.5088	0.5417	0.6691	627	629	236	4	2	0.0032	0.4583	0	0.014
0.014	0.0507	-0.2723	0.876	0.4056	0.0299	0.5278	-0.8489	628	630	236	4	3	0.0018	0.2917	0	0.0118
0.014	0.0661	-0.2684	0.9084	0.3677	-0.0091	0.669	-0.7432	629	631	236	4	4	0.0031	0.14	0	0.0079
0.014	0.0481	-0.2769	0.9575	0.3247	0.1099	0.8408	-0.53	630	0	236	4	5	0.01	0.05	0	0.01
0.0025	0.0691	-0.27	0.8597	0.269	0.0888	0.6588	0.7471	478	633	250	4	1	0.01	0.05	0	0.01
0.0033	0.0295	-0.2601	0.9116	0.3202	-0.0983	0.0039	-0.9951	632	0	250	4	2	0.0029	0.2917	0	0.0138
0.0139	0.0328	-0.264	0.8565	0.3867	-0.0792	0.1952	0.9776	480	635	252	4	1	0.0014	0.5417	1	0.019
0.0139	0.0291	-0.2694	0.8603	0.42	0.3842	0.0215	0.923	634	636	252	4	2	0.0032	0.375	0	0.019
0.0139	0.0533	-0.2619	0.8687	0.4316	-0.9528	0.1041	0.285	635	637	252	4	3	0.0015	0.5417	0	0.0156
0.0139	0.0294	-0.3123	0.8686	0.4435	-0.8534	0.2168	-0.4741	636	638	252	4	4	0.0015	0.625	0	0.0141
0.0139	0.042	-0.3352	0.8764	0.4311	-0.6753	0.3559	0.646	637	639	252	4	5	0.0015	0.5833	0	0.0146
0.0139	0.0157	-0.3706	0.8895	0.4482	-0.7536	-0.3023	0.5837	638	640	252	4	6	0.005	0.5417	0	0.0139
0.0139	0.021	-0.3808	0.8851	0.4562	-0.3598	0.8986	-0.2513	639	0	252	4	7	0.01	0.05	0	0.01
0.0025	0.0283	-0.2502	0.811	0.4634	-0.3162	-0.7957	0.5165	484	642	293	4	1	0.01	0.05	0	0.01
0.0042	0.0405	-0.2586	0.7888	0.4787	0.814	-0.4281	-0.3925	641	0	293	4	2	0.0039	0.3333	0	0.0135
0.0142	0.0841	-0.2322	0.7842	0.4499	0.9788	-0.1991	0.0491	483	644	294	4	1	0.0031	0.4583	0	0.0142
0.0142	0.0456	-0.1518	0.7601	0.4633	0.9757	-0.2173	0.0292	643	645	294	4	2	0.01	0.05	0	0.01
0.0142	0.0483	-0.1627	0.7641	0.4506	0.2602	0.0685	-0.9631	644	0	294	4	3	0.01	0.05	0	0.01
0.0089	0.0258	-0.2243	0.7544	0.4735	0.0423	0.2795	0.9592	484	647	295	4	1	0.003	0.375	1	0.0123
0.0089	0.0322	-0.2232	0.7616	0.4982	0.5749	0.818	-0.0185	646	648	295	4	2	0.003	0.375	0	0.0123
0.0087	0.0223	-0.1925	0.7974	0.4976	0.5386	-0.6899	0.4838	647	649	295	4	3	0.006	0.2	0	0.015
0.0079	0.0202	-0.2133	0.7867	0.4972	0.2682	-0.3044	-0.914	648	650	295	4	4	0.0003	0.075	0	0.0192
0.0049	0.088	-0.1697	0.7872	0.4708	-0.1251	-0.3847	-0.9145	649	0	295	4	5	0.0163	0.1286	0	0.01
0.0145	0.0809	-0.4041	0.8983	0.0509	-0.2329	0.6603	0.7139	490	652	162	4	1	0.0049	0.5417	0	0.0145
0.0145	0.0524	-0.4253	0.9362	0.0894	-0.5717	0.6728	-0.4696	651	653	162	4	2	0.002	0.6667	0	0.0149
0.0145	0.0647	-0.4536	0.978	0.0725	-0.5664	0.6851	-0.458	652	654	162	4	3	0.0025	0.5833	0	0.0146
0.0145	0.0063	-0.4842	1.0213	0.0489	0.5174	0.7606	-0.3923	653	655	162	4	4	0.01	0.05	0	0.01
0.0145	0.0129	-0.4863	1.0284	0.0493	-0.5402	-0.2562	-0.8016	654	0	162	4	5	0.01	0.05	0	0.01
0.0148	0.0509	-0.4558	0.9084	0.0491	0.3794	-0.463	0.801	492	657	164	4	1	0.0064	0.475	1	0.0148
0.0148	0.0837	-0.4364	0.8848	0.0898	-0.9215	-0.3828	-0.0661	656	658	164	4	2	0.0064	0.475	0	0.0148
0.0148	0.0294	-0.5166	0.8543	0.082	-0.6694	-0.2931	0.6826	657	0	164	4	3	0.003	0.3333	0	0.0113
0.0122	0.0315	-0.4785	0.9155	0.0586	-0.0891	-0.7039	0.7047	492	660	367	4	1	0.0022	0.5417	1	0.013
0.0122	0.0344	-0.4813	0.8933	0.0808	-0.988	-0.1393	-0.0669	659	661	367	4	2	0.0022	0.5417	0	0.013
0.0122	0.0458	-0.5136	0.8863	0.077	-0.8405	-0.5135	-0.1731	660	662	367	4	3	0.0021	0.625	0	0.0152
0.0122	0.0369	-0.555	0.8579	0.0902	-0.5453	-0.7983	-0.2556	661	663	367	4	4	0.0018	0.5417	0	0.0122
0.0122	0.0306	-0.5833	0.832	0.0844	0.021	-0.6847	0.7286	662	0	367	4	5	0.0013	0.375	0	0.0109
0.0072	0.0343	-0.3852	1.0248	-0.0949	0.8805	0.473	0.0313	0	0	369	0	1	0.002	0.5	0	0.0072
0.0151	0.0272	-0.5356	1.1022	-0.1536	-0.4236	0.8457	-0.3248	504	666	209	4	1	0.0029	0.5417	1	0.0151
0.0151	0.0455	-0.5471	1.1252	-0.1624	0.7399	-0.5138	-0.4343	665	667	209	4	2	0.0029	0.5417	0	0.0151
0.0151	0.0743	-0.5199	1.1062	-0.1684	0.9042	-0.017	0.4268	666	668	209	4	3	0.0012	0.375	0	0.0111
0.0151	0.0237	-0.4491	1.105	-0.1418	0.8163	-0.0241	0.5771	667	669	209	4	4	0.0013	0.06	0	0.0087
0.0151	0.0062	-0.446	1.0938	-0.1189	0.5508	-0.8346	0.0068	668	0	209	4	5	0.0036	0.2	0	0.01
0.0126	0.098	-0.3812	1.1204	-0.1698	-0.3754	0.6611	-0.6497	515	671	370	4	1	0.0024	0.8333	0	0.0159
0.0139	0.0492	-0.4185	1.1844	-0.2347	-0.2362	0.8701	-0.4327	670	672	370	4	2	0.0022	0.7917	0	0.0139
0.0139	0.0542	-0.4298	1.2321	-0.2586	-0.998	0.0623	-0.0046	671	0	370	4	3	0.0079	0.5	0	0.0236
0.0088	0.0327	-0.6237	1.2318	-0.2758	0.3407	0.9248	-0.169	520	674	203	4	1	0.0025	0.4583	0	0.0088
0.0088	0.0351	-0.6146	1.2588	-0.28	0.8567	-0.4357	0.2761	673	675	203	4	2	0.0009	0.3333	0	0.0087
0.0117	0.0416	-0.5771	1.2368	-0.2835	0.5935	-0.525	0.61	674	676	203	4	3	0.0011	0.4167	0	0.0142
0.0099	0.0112	-0.5565	1.2159	-0.2776	0.9371	-0.2767	-0.2126	675	677	203	4	4	0.01	0.05	0	0.01
0.0094	0.04	-0.546	1.2128	-0.28	-0.505	-0.3199	0.8016	676	0	203	4	5	0.01	0.05	0	0.01
0.0099	0.0931	-0.2057	1.2182	-0.0516	-0.878	0.3897	0.2779	530	679	193	4	1	0.0034	0.5	1	0.0099
0.0099	0.0551	-0.2875	1.2545	-0.0257	-0.9676	0.0468	-0.2482	678	0	193	4	2	0.0034	0.5	0	0.0099
0.0025	0.0712	-0.2543	1.1809	-0.0645	0.7729	-0.0019	0.6345	529	0	371	4	1	0.01	0.05	0	0.01
0.0136	0.099	-0.1425	1.1972	-0.0196	0.0506	0.7365	-0.6746	531	682	204	4	1	0.0034	0.5	0	0.0136
0.0136	0.018	-0.1336	1.2683	-0.0841	0.5074	0.8309	-0.2284	681	683	204	4	2	0.01	0.05	0	0.01
0.0136	0.0304	-0.1213	1.2893	-0.0838	0.8973	-0.17	-0.4073	682	0	204	4	3	0.0024	0.25	0	0.0096
0.0096	0.0625	-0.1777	1.0942	0.1363	0.4058	0.7311	0.5485	541	685	220	4	1	0.0021	0.5417	0	0.0096
0.0096	0.0344	-0.1429	1.1358	0.172	0.3451	0.8915	0.2935	684	0	220	4	2	0.01	0.05	0	0.01
0.0091	0.0606	-0.1744	1.1582	0.0918	0.6921	0.3517	-0.6304	536	687	221	4	1	0.001	0.4583	0	0.0091
0.0099	0.0721	-0.1283	1.1857	0.0641	0.5997	-0.7718	0.2115	686	688	221	4	2	0.0014	0.5417	0	0.0099
0.0106	0.0245	-0.0761	1.1366	0.0771	0.586	-0.6205	0.5212	687	689	221	4	3	0.0015	0.5417	0	0.0131
0.0106	0.0487	-0.0595	1.1102	0.0868	0.9102	0.2705	-0.3135	688	690	221	4	4	0.0072	0.7	0	0.0182
0.0106	0.0394	-0.0174	1.1355	0.0742	0.8221	0.2625	-0.5052	689	691	221	4	5	0.0016	0.625	0	0.0142
0.0105	0.0735	0.0218	1.1413	0.0582	0.588	0.2222	-0.7777	690	692	221	4	6	0.0014	0.4167	0	0.0116
0.0094	0.0597	0.0635	1.1549	0.0041	0.9204	-0.1061	0.3763	691	693	221	4	7	0.0015	0.5	0	0.0094
0.0091	0.0435	0.1205	1.153	0.0257	0.8842	-0.3555	0.303	692	694	221	4	8	0.0008	0.2917	0	0.0086
0.0095	0.0433	0.1599	1.1432	0.0348	0.9711	0.0053	0.2385	693	695	221	4	9	0.01	0.05	0	0.01
0.0091	0.0273	0.186	1.1182	0.0395	0.8394	-0.5415	0.0461	694	0	221	4	10	0.0013	0.375	0	0.0088
0.0071	0.0895	-0.1749	1.1554	0.0979	0.0361	0.9689	0.2448	536	697	223	4	1	0.0017	0.4583	0	0.0071
0.0071	0.0728	-0.1707	1.2367	0.1236	-0.9815	-0.0357	0.1879	696	698	223	4	2	0.0069	0.25	0	0.0161
0.0071	0.0181	-0.238	1.2271	0.1384	-0.8046	-0.4106	0.429	697	0	223	4	3	0.01	0.05	0	0.01
0.0106	0.0785	-0.1577	1.164	0.1346	0.2503	0.7577	-0.6027	538	700	224	4	1	0.0028	0.5	0	0.0106
0.0106	0.0572	-0.152	1.2051	0.0863	-0.7969	0.6035	0.0265	699	701	224	4	2	0.0056	0.4	0	0.0162
0.0106	0.0432	-0.1854	1.243	0.0818	-0.4268	0.7986	-0.4245	700	702	224	4	3	0.006	0.275	0	0.0157
0.0106	0.0269	-0.2321	1.2639	0.0656	-0.4213	0.8233	-0.3803	701	703	224	4	4	0.0065	0.65	0	0.0118
0.0106	0.0676	-0.244	1.2829	0.0568	-0.9864	0.1466	-0.0747	702	704	224	4	5	0.0039	0.5625	0	0.0107
0.0106	0.0335	-0.2404	1.2666	0.0488	0.3489	0.9094	0.2263	703	0	224	4	6	0.0023	0.125	0	0.0163
0.0115	0.1009	-0.1897	1.1414	0.1198	-0.7629	0.1594	0.6266	536	706	227	4	1	0.0013	0.5833	0	0.0115
0.0115	0.0366	-0.2541	1.1567	0.1868	-0.2971	-0.2232	0.9284	705	0	227	4	2	0.0018	0.2917	0	0.0207
0.0025	0.0566	-0.0988	1.1193	0.1198	0.7218	-0.4985	-0.4801	540	708	229	4	1	0.0079	0.25	1	0.01
0.0025	0.0275	-0.0629	1.0808	0.0964	0.7337	-0.514	-0.4444	707	0	229	4	2	0.0016	0.125	0	0.01
0.0101	0.0441	-0.1896	1.0803	0.1897	0.914	0.218	-0.3421	544	710	233	4	1	0.0032	0.375	1	0.013
0.0101	0.0586	-0.1492	1.0899	0.1745	-0.8029	-0.5961	0.0066	709	711	233	4	2	0.0032	0.375	0	0.013
0.0089	0.0288	-0.1917	1.0657	0.1887	-0.9554	0.0299	0.2939	710	712	233	4	3	0.0011	0.25	0	0.0084
0.0089	0.0293	-0.2222	1.0713	0.1928	-0.8955	-0.1693	0.4116	711	0	233	4	4	0.0032	0.4167	0	0.0089
0.0025	0.0354	-0.1982	1.0407	0.2306	-0.461	0.8874	-0.0039	545	714	234	4	1	0.0147	0.325	1	0.01
0.0025	0.0437	-0.2201	1.0699	0.2424	-0.2596	0.9641	0.0556	713	0	234	4	2	0.0057	0.175	0	0.01
0.0107	0.0303	-0.1944	1.0146	0.3499	-0.8567	0.5156	-0.0136	548	716	245	4	1	0.0025	0.625	1	0.0111
0.0107	0.0421	-0.2204	1.0302	0.3495	-0.5483	0.1378	-0.8248	715	717	245	4	2	0.0025	0.625	0	0.0111
0.0107	0.0307	-0.2447	1.0451	0.3252	-0.1148	0.7419	-0.6606	716	718	245	4	3	0.0019	0.5833	0	0.0149
0.0107	0.0441	-0.2482	1.0712	0.3084	0.1297	0.7213	-0.6804	717	719	245	4	4	0.0018	0.6667	0	0.0132
0.0107	0.0485	-0.2447	1.1069	0.2757	0.7815	0.5875	0.2101	718	720	245	4	5	0.0014	0.5417	0	0.0116
0.0107	0.0332	-0.2121	1.1424	0.2802	0.6276	0.7179	0.3012	719	721	245	4	6	0.0019	0.5833	0	0.0141
0.0107	0.0416	-0.1774	1.1632	0.2878	0.1336	0.9151	-0.3805	720	722	245	4	7	0.0016	0.4167	0	0.0107
0.0107	0.0506	-0.1698	1.1869	0.2629	-0.5804	0.3668	-0.7271	721	723	245	4	8	0.0016	0.375	0	0.0153
0.0107	0.0622	-0.2	1.2046	0.2285	-0.3136	0.9267	0.2071	722	724	245	4	9	0.0013	0.375	0	0.0114
0.0107	0.0494	-0.2173	1.2641	0.2212	-0.3572	0.933	0.0441	723	725	245	4	10	0.0129	0.225	0	0.0079
0.0107	0.0385	-0.2469	1.3029	0.2299	-0.6246	0.6948	-0.3565	724	726	245	4	11	0.01	0.05	0	0.01
0.0107	0.0306	-0.2328	1.3219	0.2068	-0.0131	0.7466	-0.6651	725	727	245	4	12	0.01	0.05	0	0.01
0.0107	0.0373	-0.2194	1.3426	0.2108	0.4286	0.8885	-0.1637	726	728	245	4	13	0.01	0.05	0	0.01
0.0107	0.0056	-0.2349	1.3319	0.2038	-0.5494	0.4087	-0.7288	727	0	245	4	14	0.01	0.05	0	0.01
0.0106	0.0258	-0.1987	1.0182	0.264	0.824	-0.5122	-0.2424	546	730	260	4	1	0.0025	0.5833	1	0.0114
0.0106	0.0511	-0.1775	1.005	0.2578	-0.7348	-0.6765	0.0484	729	731	260	4	2	0.0025	0.5833	0	0.0114
0.0106	0.0776	-0.1791	0.9841	0.2696	0.273	-0.0582	-0.9603	730	732	260	4	3	0.0014	0.2917	0	0.0123
0.0106	0.0386	-0.1557	0.9817	0.182	-0.9631	-0.1914	-0.189	731	0	260	4	4	0.003	0.2917	0	0.0146
0.0104	0.0105	-0.1841	1.006	0.307	0.1282	-0.8283	-0.5454	547	734	261	4	1	0.0033	0.375	1	0.0118
0.0104	0.0457	-0.1828	0.9973	0.3012	-0.2877	-0.1633	0.9437	733	735	261	4	2	0.0033	0.375	0	0.0118
0.0101	0.0376	-0.1914	0.9884	0.3431	0.0481	-0.564	0.8244	734	736	261	4	3	0.0013	0.25	0	0.01
0.01	0.0036	-0.1867	0.9714	0.3788	-0.1504	-0.678	0.7195	735	0	261	4	4	0.01	0.05	0	0.01
0.0088	0.0529	-0.0998	0.9674	0.4009	0.2577	-0.9662	0.0066	551	738	262	4	1	0.0032	0.5833	0	0.0135
0.0088	0.0626	-0.0824	0.9191	0.4068	-0.4264	-0.6619	0.6165	737	739	262	4	2	0.0016	0.4583	0	0.0111
0.0088	0.0359	-0.1025	0.8738	0.4422	-0.5237	-0.8505	-0.0482	738	740	262	4	3	0.0016	0.5	0	0.0103
0.0088	0.028	-0.1223	0.8473	0.4456	-0.4945	-0.7319	0.4689	739	741	262	4	4	0.0013	0.375	0	0.0107
0.0088	0.0176	-0.1362	0.8321	0.4626	-0.6355	-0.4515	0.6264	740	742	262	4	5	0.0046	0.6667	0	0.0088
0.0088	0.0083	-0.1475	0.8252	0.4741	-0.9506	-0.2519	0.1815	741	743	262	4	6	0.01	0.05	0	0.01
0.0088	0.0226	-0.1554	0.8231	0.4756	-0.964	-0.2419	0.11	742	744	262	4	7	0.01	0.05	0	0.01
0.0088	0.0127	-0.1772	0.8177	0.4781	-0.4384	-0.3515	0.8272	743	0	262	4	8	0.01	0.05	0	0.01
0.0054	0.0666	-0.0433	0.9776	0.4014	-0.0008	-1	-0.0019	553	746	279	4	1	0.0076	0.175	0	0.015
0.0025	0.0299	-0.0493	0.9141	0.3953	0.5144	-0.4467	-0.732	745	0	279	4	2	0.0029	0.175	0	0.01
0.0095	0.0108	-0.0808	0.9759	0.3933	0.5331	0.1876	-0.825	551	748	306	4	1	0.0028	0.5	1	0.0095
0.0095	0.0506	-0.075	0.9779	0.3844	0.4502	0.8674	-0.2121	747	749	306	4	2	0.0028	0.5	0	0.0095
0.0095	0.0225	-0.0345	1.0048	0.3816	0.7019	0.7108	-0.0446	748	750	306	4	3	0.0072	0.275	0	0.0166
0.0095	0.0298	-0.0114	1.0082	0.3837	0.759	0.3018	-0.5768	749	751	306	4	4	0.0053	0.2	0	0.0146
0.0095	0.0146	0.0076	1.0166	0.3722	0.7049	0.51	0.4929	750	752	306	4	5	0.01	0.05	0	0.01
0.0095	0.01	0.0188	1.0255	0.3814	0.8254	-0.5642	0.0192	751	753	306	4	6	0.01	0.05	0	0.01
0.0095	0.0306	0.027	1.0198	0.3816	0.5331	0.8425	0.0778	752	0	306	4	7	0.01	0.05	0	0.01
0.0073	0.0545	-0.0705	0.9858	0.4079	0.025	0.9266	-0.3751	552	755	307	4	1	0.0019	0.5417	0	0.0072
0.0075	0.046	-0.0701	1.0288	0.3999	0.8635	0.4009	0.306	754	756	307	4	2	0.0014	0.375	0	0.0117
0.0075	0.0338	-0.032	1.0389	0.417	0.7065	0.1135	0.6986	755	757	307	4	3	0.0036	0.225	0	0.0129
0.0075	0.0167	-0.0193	1.0497	0.4371	0.0798	0.5563	0.8272	756	0	307	4	4	0.01	0.05	0	0.01
0.01	0.064	-0.0281	0.9732	0.3726	0.9944	0.0867	-0.0596	553	759	335	4	1	0.0018	0.4583	0	0.0144
0.01	0.0074	0.028	0.9814	0.3576	0.6882	0.6505	-0.3214	758	760	335	4	2	0.01	0.05	0	0.01
0.01	0.0243	0.0331	0.9862	0.3553	0.2993	0.9535	0.0354	759	761	335	4	3	0.01	0.05	0	0.01
0.01	0.0194	0.0403	1.0093	0.3561	0.8595	-0.4174	0.2949	760	0	335	4	4	0.01	0.05	0	0.01
0.0096	0.0737	-0.0065	0.9587	0.368	0.9186	-0.2466	-0.3088	554	763	339	4	1	0.0027	0.5833	0	0.0106
0.0096	0.0062	0.0547	0.9484	0.3458	0.2538	0.2681	-0.9294	762	764	339	4	2	0.01	0.05	0	0.01
0.0096	0.0302	0.0563	0.95	0.34	0.6851	0.2462	-0.6856	763	765	339	4	3	0.01	0.05	0	0.01
0.0096	0.0239	0.077	0.9575	0.3193	-0.5699	0.8117	-0.1274	764	0	339	4	4	0.01	0.05	0	0.01
0.0091	0.0742	-0.1648	1.392	-0.1991	-0.0705	0.7631	-0.6424	561	767	372	4	1	0.0026	0.5	0	0.0091
0.0091	0.006	-0.1705	1.449	-0.2441	-0.821	0.5287	-0.2155	766	768	372	4	2	0.01	0.05	0	0.01
0.0091	0.0184	-0.1738	1.4517	-0.2435	-0.3224	-0.946	0.0351	767	0	372	4	3	0.01	0.05	0	0.01
0.0098	0.0329	-0.1309	1.4262	-0.2617	-0.8388	-0.4198	0.3466	565	0	205	4	1	0.0026	0.4583	0	0.0098
0.0097	0.0402	-0.0835	1.2942	-0.0712	-0.0991	0.4609	0.8819	570	771	206	4	1	0.0029	0.5417	1	0.0116
0.0097	0.0739	-0.0874	1.3127	-0.0357	-0.2126	-0.7663	-0.6063	770	772	206	4	2	0.0029	0.5417	0	0.0116
0.0097	0.0087	-0.102	1.2509	-0.0714	0.2573	-0.8213	-0.5092	771	773	206	4	3	0.01	0.05	0	0.01
0.0097	0.0206	-0.1018	1.2439	-0.0799	0.8618	0.2786	-0.4239	772	0	206	4	4	0.0031	0.3333	0	0.0124
0.0041	0.0532	-0.0453	1.347	-0.0944	0.7276	-0.3893	0.5649	575	775	214	4	1	0.0011	0.2917	1	0.0114
0.0041	0.0357	-0.0106	1.3269	-0.0598	-0.5236	0.6489	-0.552	774	0	214	4	2	0.005	0.2	0	0.0114
0.0136	0.0328	-0.3053	0.9806	-0.0861	0.5501	-0.2599	-0.7936	605	777	375	5	1	0.0041	0.375	1	0.0169
0.0136	0.0543	-0.2873	0.9721	-0.1121	0.5033	0.671	0.5445	776	778	375	5	2	0.0041	0.375	0	0.0169
0.011	0.0201	-0.2685	1.0035	-0.0693	-0.437	0.8975	0.0592	777	779	375	5	3	0.01	0.05	0	0.01
0.01	0.047	-0.2773	1.0216	-0.0681	-0.5144	0.8224	-0.2431	778	0	375	5	4	0.01	0.05	0	0.01
0.0127	0.0489	-0.1743	0.9382	0.1403	-0.5443	-0.6956	-0.4689	623	781	161	5	1	0.0015	0.375	0	0.017
0.0127	0.0518	-0.1957	0.903	0.1122	-0.5485	-0.7406	-0.3883	780	782	161	5	2	0.0014	0.2917	0	0.0128
0.0107	0.0059	-0.2269	0.8675	0.1029	0.1564	-0.9433	0.2927	781	783	161	5	3	0.01	0.05	0	0.01
0.01	0.0134	-0.2242	0.8595	0.1032	0.4942	-0.1469	0.8569	782	0	161	5	4	0.01	0.05	0	0.01
0.0079	0.0491	-0.261	0.8489	0.415	0.9049	0.0301	0.4245	634	785	378	5	1	0.0019	0.4583	0	0.0072
0.0101	0.0634	-0.2087	0.8637	0.435	0.645	-0.4204	-0.6381	784	786	378	5	2	0.0014	0.4583	0	0.0109
0.008	0.0457	-0.1691	0.8412	0.3909	0.8096	-0.2318	-0.5394	785	787	378	5	3	0.01	0.05	0	0.01
0.0074	0.0452	-0.1342	0.852	0.3777	0.8994	0.2725	-0.3417	786	0	378	5	4	0.01	0.05	0	0.01
0.0102	0.0227	-0.3275	0.8603	0.445	-0.5278	-0.7376	0.4211	637	789	298	5	1	0.0029	0.375	1	0.0102
0.0101	0.0518	-0.3394	0.8436	0.4546	0.4266	0.351	0.8336	788	790	298	5	2	0.0029	0.375	0	0.0102
0.01	0.0448	-0.3217	0.8606	0.5076	0.847	0.3279	0.4184	789	791	298	5	3	0.01	0.05	0	0.01
0.01	0.0392	-0.2838	0.8784	0.5088	0.9058	0.4171	0.074	790	0	298	5	4	0.01	0.05	0	0.01
0.0087	0.0471	-0.2114	0.7731	0.4386	0.7106	0.5317	-0.4607	643	793	318	5	1	0.0027	0.5	0	0.0122
0.0083	0.0437	-0.179	0.7895	0.4226	0.1699	-0.5579	-0.8124	792	0	318	5	2	0.0045	0.5	0	0.0083
0.0188	0.0172	-0.4753	0.9926	0.0455	-0.0808	-0.6977	-0.7118	653	795	380	5	1	0.004	0.4167	1	0.0188
0.0188	0.034	-0.4767	0.9806	0.0333	-0.0327	-0.7986	0.6009	794	796	380	5	2	0.004	0.4167	0	0.0188
0.0188	0.0639	-0.4809	0.9546	0.0324	-0.1881	-0.9818	-0.0258	795	0	380	5	3	0.0034	0.2	0	0.0127
0.0105	0.0322	-0.5986	1.1107	-0.1427	0.5641	0.7199	0.4044	0	798	382	0	1	0.0027	0.4583	0	0.0105
0.0105	0.0393	-0.5855	1.1368	-0.1262	0.5518	0.8289	0.0915	797	0	382	0	2	0.01	0.05	0	0.01
0.0207	0.0319	0.0067	1.1456	0.0813	-0.431	0.4712	0.7695	691	800	238	5	1	0.005	0.4063	1	0.0207
0.0207	0.1172	-0.007	1.1606	0.1058	0.7603	-0.3161	-0.5674	799	0	238	5	2	0.005	0.4063	0	0.0207
0.0048	0.0784	-0.0309	1.113	0.0857	-0.1346	-0.5744	0.8075	689	0	253	5	1	0.0152	0.325	0	0.0222
0.0025	0.0778	0.0887	1.1613	0.0239	-0.7826	-0.5861	0.21	693	803	254	5	1	0.01	0.05	0	0.01
0.0025	0.0304	0.0278	1.1157	0.0403	-0.3653	0.1073	-0.9247	802	0	254	5	2	0.01	0.05	0	0.01
0.0092	0.0369	0.0594	1.1637	-0.0028	0.5437	0.7819	-0.305	692	805	270	5	1	0.0037	0.5625	1	0.0092
0.0092	0.0797	0.0794	1.1926	-0.0141	0.9192	-0.2473	-0.3066	804	0	270	5	2	0.0037	0.5625	0	0.0092
0.011	0.0174	0.0948	1.1558	0.0077	0.4133	0.4261	-0.8047	692	807	271	5	1	0.0023	0.4583	1	0.011
0.011	0.0429	0.102	1.1632	-0.0064	-0.2613	-0.9308	0.2555	806	808	271	5	2	0.0023	0.4583	0	0.011
0.011	0.0566	0.0903	1.1203	0.0015	0.95	-0.2854	0.1268	807	0	271	5	3	0.0033	0.3333	0	0.0114
0.0166	0.0543	-0.1728	1.23	0.1214	-0.2616	-0.8947	-0.3622	697	0	384	5	1	0.003	0.4167	0	0.0166
0.017	0.0457	-0.1892	1.2397	0.0719	0.7893	-0.32	-0.524	701	811	239	5	1	0.0037	0.5833	0	0.017
0.017	0.0188	-0.1411	1.2454	0.055	0.4112	-0.5044	0.7593	810	0	239	5	2	0.0033	0.125	0	0.01
0.0092	0.0179	-0.2175	1.1419	0.1549	0.5687	-0.5776	0.5857	705	813	240	5	1	0.0023	0.6667	1	0.0092
0.0092	0.0499	-0.2073	1.1316	0.1654	-0.9032	-0.4282	0.0307	812	814	240	5	2	0.0023	0.6667	0	0.0092
0.0092	0.0309	-0.2499	1.1101	0.1692	-0.6455	0.2471	0.7227	813	0	240	5	3	0.01	0.05	0	0.01
0.0109	0.0445	-0.2712	1.1618	0.1732	0.1842	0.1607	-0.9697	705	816	241	5	1	0.0035	0.75	1	0.0134
0.0109	0.0696	-0.263	1.1689	0.13	-0.1893	0.2201	0.9569	815	817	241	5	2	0.0035	0.75	0	0.0134
0.0109	0.0206	-0.2744	1.1832	0.1917	0.9207	0.2815	0.2704	816	818	241	5	3	0.005	0.625	0	0.0086
0.0109	0.0457	-0.2554	1.189	0.1973	0.5421	0.5133	-0.6653	817	0	241	5	4	0.01	0.05	0	0.01
0.0102	0.1122	-0.2238	1.0434	0.3542	0.9772	-0.0293	0.2103	715	820	263	5	1	0.0011	0.375	0	0.0122
0.0102	0.0328	-0.1307	1.0345	0.3835	0.3596	-0.9235	0.1333	819	821	263	5	2	0.0057	0.375	0	0.0129
0.0101	0.0284	-0.1154	1.0021	0.3825	0.011	-0.9254	0.3789	820	822	263	5	3	0.01	0.05	0	0.01
0.01	0.021	-0.1195	1.0063	0.3978	-0.2127	-0.1725	0.9618	821	0	263	5	4	0.01	0.05	0	0.01
0.0073	0.1545	-0.2714	1.0352	0.289	0.3381	-0.8612	0.3796	716	824	264	5	1	0.0007	0.2917	0	0.0066
0.0076	0.0364	-0.2189	0.9046	0.3543	-0.158	-0.9246	0.3466	823	825	264	5	2	0.01	0.05	0	0.01
0.0072	0.0336	-0.2263	0.871	0.3531	-0.2075	-0.978	0.0201	824	826	264	5	3	0.01	0.05	0	0.01
0.0069	0.0083	-0.2288	0.8777	0.3661	-0.3252	-0.2473	0.9127	825	0	264	5	4	0.01	0.05	0	0.01
0.0102	0.0431	-0.262	1.0464	0.3419	0.1346	-0.7989	0.5862	718	828	265	5	1	0.0023	0.5417	0	0.0104
0.0102	0.0661	-0.2565	1.0111	0.3682	-0.9271	0.3731	-0.0351	827	829	265	5	2	0.0016	0.5417	0	0.0122
0.0101	0.0461	-0.3042	1.0205	0.3704	-0.7134	-0.6816	-0.1628	828	830	265	5	3	0.0062	0.475	0	0.0261
0.0101	0.041	-0.3242	0.9955	0.3888	-0.0642	-0.9613	0.2681	829	831	265	5	4	0.0097	0.35	0	0.022
0.0093	0.0412	-0.31	0.9533	0.3939	0.0664	-0.8199	0.5687	830	832	265	5	5	0.0012	0.5	0	0.0093
0.0099	0.0225	-0.3075	0.916	0.4144	-0.1749	-0.6054	0.7764	831	833	265	5	6	0.0012	0.375	0	0.0118
0.0096	0.1094	-0.3106	0.9054	0.4349	-0.2008	-0.6507	0.7323	832	0	265	5	7	0.0072	0.0714	0	0.0196
0.0045	0.0376	-0.2494	1.054	0.3304	-0.3972	0.5753	0.715	717	835	266	5	1	0.0009	0.375	1	0.0083
0.0045	0.0401	-0.2643	1.0756	0.3573	-0.9034	-0.3591	-0.2343	834	836	266	5	2	0.0009	0.375	0	0.0083
0.0049	0.038	-0.3009	1.0594	0.3486	-0.9595	0.0974	-0.2642	835	0	266	5	3	0.0015	0.175	0	0.014
0.0102	0.0273	-0.2547	1.0924	0.2946	-0.8769	0.4561	0.1516	718	838	386	5	1	0.004	0.375	1	0.0167
0.0102	0.1314	-0.2778	1.11	0.3001	0.9675	-0.2113	0.1388	837	839	386	5	2	0.0051	0.2429	0	0.0167
0.0102	0.0505	-0.1545	1.0869	0.3383	0.983	0.0451	0.1779	838	840	386	5	3	0.0011	0.5	0	0.0116
0.0102	0.0147	-0.1065	1.086	0.3531	0.8285	-0.5571	-0.0568	839	0	386	5	4	0.01	0.05	0	0.01
0.01	0.0393	-0.1934	1.1481	0.2884	0.8823	0.2674	0.3874	720	842	289	5	1	0.0024	0.5417	1	0.01
0.01	0.0693	-0.1587	1.1586	0.3036	0.0076	0.8869	0.4619	841	843	289	5	2	0.0024	0.5417	0	0.01
0.01	0.0214	-0.1611	1.2244	0.3293	0.1409	0.8475	0.5117	842	0	289	5	3	0.01	0.05	0	0.01
0.0091	0.116	-0.1176	0.8721	0.4429	-0.0159	0.6638	-0.7478	738	845	281	5	1	0.0032	0.4167	0	0.0091
0.0091	0.0268	-0.1249	0.9456	0.3529	0.0631	0.6256	-0.7776	844	846	281	5	2	0.01	0.05	0	0.01
0.0091	0.033	-0.1304	0.9654	0.3368	-0.1384	0.7295	-0.6698	845	0	281	5	3	0.01	0.05	0	0.01
0.0143	0.056	-0.0896	0.9176	0.4095	-0.3977	-0.8511	-0.3427	737	848	282	5	1	0.0054	0.275	0	0.0211
0.0143	0.0892	-0.1047	0.8832	0.4087	-0.726	0.6594	-0.1952	847	849	282	5	2	0.0016	0.375	0	0.0179
0.0143	0.0297	-0.1758	0.8983	0.4044	-0.7511	0.2865	0.5948	848	850	282	5	3	0.0096	0.4063	0	0.0143
0.0143	0.0261	-0.1967	0.9094	0.4242	-0.4409	-0.4303	0.7877	849	851	282	5	4	0.01	0.05	0	0.01
0.0143	0.0345	-0.2099	0.8929	0.4397	-0.4757	-0.5315	0.7009	850	0	282	5	5	0.01	0.05	0	0.01
0.0083	0.0262	-0.1204	0.8472	0.4549	0.5599	0.515	0.6491	740	853	283	5	1	0.0016	0.375	1	0.0108
0.0083	0.0267	-0.1057	0.8607	0.4719	-0.9164	-0.1798	-0.3575	852	854	283	5	2	0.0016	0.375	0	0.0108
0.0083	0.0363	-0.1256	0.8613	0.4765	-0.6536	-0.6101	0.4479	853	855	283	5	3	0.0052	0.225	0	0.0233
0.0083	0.0301	-0.1414	0.8412	0.5053	-0.5557	-0.6927	0.4598	854	0	283	5	4	0.01	0.05	0	0.01
0.0163	0.0442	0.0059	0.9022	0.4374	-0.4671	0.2176	-0.857	0	857	305	0	1	0.0038	0.4583	0	0.0163
0.0163	0.0186	-0.0206	0.9206	0.4113	-0.8412	-0.5405	-0.0129	856	858	305	0	2	0.0048	0.225	0	0.0101
0.0163	0.0148	-0.0196	0.8983	0.4199	0.1124	0.6777	0.7267	857	0	305	0	3	0.0035	0.125	0	0.0098
0.0025	0.0568	-0.0423	1	0.3912	0.0184	0.1251	0.992	749	860	322	5	1	0.01	0.05	0	0.01
0.0025	0.0519	-0.0412	1.0071	0.4476	0.6561	-0.6096	-0.4449	859	0	322	5	2	0.01	0.05	0	0.01
0.0084	0.0506	0.0336	1.03	0.373	-0.7544	0.2888	-0.5894	753	862	338	5	1	0.0027	0.4583	0	0.0083
0.009	0.0219	-0.0066	1.0479	0.3508	-0.832	0.3923	-0.3923	861	863	338	5	2	0.01	0.05	0	0.01
0.009	0.0226	-0.0175	1.0462	0.3345	-0.679	0.0673	-0.731	862	864	338	5	3	0.01	0.05	0	0.01
0.009	0.0016	-0.0248	1.0486	0.3423	-0.939	0.1597	0.3047	863	0	338	5	4	0.01	0.05	0	0.01
0.011	0.0417	-0.066	1.0172	0.3883	-0.8676	-0.4889	-0.0909	754	866	389	5	1	0.0024	0.4583	0	0.011
0.011	0.0357	-0.0862	0.9971	0.385	0.0366	-0.5645	-0.8246	865	867	389	5	2	0.0012	0.3333	0	0.0124
0.011	0.0132	-0.087	0.9761	0.3568	0.5494	-0.6782	0.4881	866	0	389	5	3	0.01	0.05	0	0.01
0.0073	0.032	-0.2081	0.8666	0.4233	-0.2925	0.5126	-0.8072	785	869	392	6	1	0.01	0.05	1	0.01
0.0073	0.0195	-0.2175	0.883	0.3975	0.8753	0.373	-0.3077	868	870	392	6	2	0.01	0.05	0	0.01
0.0073	0.0211	-0.2015	0.8905	0.3926	0.7052	0.377	0.6005	869	0	392	6	3	0.0019	0.4167	0	0.0073
0.0092	0.0328	-0.2109	0.8571	0.4433	0.3836	-0.9154	0.1222	785	872	299	6	1	0.0011	0.375	1	0.0092
0.0092	0.032	-0.1983	0.827	0.4473	0.2995	-0.9524	0.056	871	873	299	6	2	0.0011	0.375	0	0.0092
0.0096	0.0077	-0.1933	0.7968	0.4541	0.3086	-0.8974	0.3154	872	874	299	6	3	0.01	0.05	0	0.01
0.0096	0.0386	-0.1909	0.7898	0.4565	0.9462	-0.2756	-0.1694	873	0	299	6	4	0.01	0.05	0	0.01
0.0126	0.0298	0.0346	1.1237	0.0818	-0.0852	-0.9109	0.4037	800	876	396	6	1	0.0023	0.4167	1	0.0126
0.0126	0.0546	0.0321	1.0965	0.0938	0.6568	0.4993	0.5651	875	0	396	6	2	0.0023	0.4167	0	0.0126
0.0122	0.0158	0.078	1.2	-0.0079	-0.3614	0.5005	0.7867	804	878	302	6	1	0.0023	0.625	1	0.0122
0.0122	0.0668	0.0723	1.2079	0.0045	-0.5182	0.4578	-0.7224	877	879	302	6	2	0.0023	0.625	0	0.0122
0.0122	0.0484	0.034	1.2345	-0.0374	-0.8936	0.2783	-0.3521	878	0	302	6	3	0.0031	0.3333	0	0.0113
0.013	0.0642	-0.1661	1.034	0.3598	0.8648	-0.461	-0.1992	819	881	324	6	1	0.0021	0.4583	1	0.013
0.013	0.0518	-0.1105	1.0044	0.347	-0.9142	0.2695	0.3028	880	882	324	6	2	0.0021	0.4583	0	0.013
0.013	0.0017	-0.1584	1.0054	0.3688	-0.8781	0.2307	0.4192	881	0	324	6	3	0.01	0.05	0	0.01
0.009	0.0903	-0.269	1.0465	0.3503	-0.7355	0.5758	0.3571	827	884	286	6	1	0.0011	0.4167	1	0.009
0.009	0.0359	-0.3354	1.0985	0.3826	-0.9482	0.3142	-0.0461	883	885	286	6	2	0.0011	0.4167	0	0.009
0.0091	0.0385	-0.3695	1.109	0.3805	-0.9666	0.1958	-0.1651	884	886	286	6	3	0.0008	0.375	0	0.0091
0.0096	0.0319	-0.4101	1.1168	0.3927	-0.979	-0.1068	-0.1739	885	887	286	6	4	0.0056	0.325	0	0.0165
0.0096	0.0175	-0.4406	1.1203	0.3902	-0.7195	-0.2268	0.6564	886	888	286	6	5	0.0037	0.5	0	0.0123
0.0093	0.0093	-0.4479	1.1175	0.402	-0.2362	0.9579	0.1634	887	0	286	6	6	0.01	0.05	0	0.01
0.0097	0.0537	-0.2706	1.0079	0.3736	0.5055	-0.7861	0.3557	828	890	288	6	1	0.0022	0.4583	0	0.0121
0.0097	0.0101	-0.2454	0.9675	0.3933	0.5707	0.7059	-0.4195	889	891	288	6	2	0.01	0.05	0	0.01
0.0097	0.0058	-0.2383	0.9754	0.3891	-0.4348	0.6559	0.617	890	892	288	6	3	0.01	0.05	0	0.01
0.0097	0.0334	-0.2408	0.9792	0.3927	0.94	0.3299	0.0871	891	0	288	6	4	0.01	0.05	0	0.01
0.0095	0.0598	-0.298	0.9133	0.4159	0.9433	-0.3309	-0.0263	832	894	315	6	1	0.0022	0.5	0	0.0101
0.0095	0.0429	-0.2437	0.8953	0.4154	0.6576	0.7533	0.0063	893	895	315	6	2	0.0011	0.375	0	0.0107
0.0095	0.0042	-0.2123	0.9213	0.4104	0.8509	0.5156	-0.1004	894	896	315	6	3	0.01	0.05	0	0.01
0.0095	0.0213	-0.2087	0.9234	0.41	0.3758	0.3895	0.8409	895	0	315	6	4	0.01	0.05	0	0.01
0.0135	0.0559	-0.1597	1.2033	0.2719	-0.1779	0.9028	0.3916	0	898	402	0	1	0.0025	0.4583	0	0.0135
0.0135	0.0107	-0.178	1.226	0.2591	-0.7472	0.5949	-0.2964	897	899	402	0	2	0.01	0.05	0	0.01
0.0135	0.0353	-0.183	1.2303	0.2575	0.1308	-0.4881	-0.8629	898	0	402	0	3	0.01	0.05	0	0.01
0.0069	0.0336	-0.2179	0.8694	0.4106	-0.6407	-0.761	0.1013	868	901	405	7	1	0.0021	0.4167	1	0.0093
0.0069	0.0466	-0.2394	0.8439	0.414	0.2243	-0.9699	-0.0946	900	902	405	7	2	0.0021	0.4167	0	0.0093
0.0069	0.0229	-0.225	0.7986	0.4125	0.5216	0.4706	-0.7117	901	903	405	7	3	0.01	0.05	0	0.01
0.0069	0.0407	-0.213	0.8094	0.3962	0.2678	0.7263	-0.6331	902	0	405	7	4	0.01	0.05	0	0.01
0.0096	0.0256	-0.4375	1.1215	0.3821	-0.7647	0.5161	-0.3859	886	905	336	7	1	0.002	0.5417	0	0.0096
0.0096	0.044	-0.4629	1.1321	0.3744	0.3272	-0.917	-0.228	904	0	336	7	2	0.01	0.05	0	0.01
0.0112	0.0876	-0.2038	1.1092	0.362	0.8331	-0.5016	-0.2332	0	907	408	0	1	0.0031	0.4167	0	0.0112
0.0112	0.0148	-0.1319	1.0712	0.3366	-0.6642	-0.5444	-0.5124	906	0	408	0	2	0.01	0.05	0	0.01
0.0119	0.0546	-0.3892	1.0936	0.3796	-0.5425	0.5314	0.6506	0	0	411	0	1	0.0037	0.5	0	0.0119
