radius (m)	length (m)	start_point	axis_direction	parent	extension	branch	branch_order	position_in_branch	mad	SurfCov	added	UnmodRadius (m)
0.0104	0.0879	-0.2957	-0.1365	-0.1714	0.5016	0.3557	0.7886	0	2	1	0	1	0.0035	0.7917	0	0.0104
0.011	0.0019	-0.2537	-0.105	-0.1009	0.5305	0.3045	0.7911	1	3	1	0	2	0.0035	0.75	0	0.011
0.0104	0.0374	-0.2527	-0.1045	-0.0994	0.9188	-0.3191	0.2322	2	0	1	0	3	0.01	0.05	0	0.01
0.0099	0.0832	-0.2507	-0.096	-0.1069	0.6899	0.1937	0.6975	1	5	2	1	1	0.0023	0.5833	0	0.0099
0.0099	0.0214	-0.1937	-0.0813	-0.0468	0.9419	0.1679	0.2909	4	6	2	1	2	0.0015	0.5417	0	0.0124
0.0099	0.039	-0.1778	-0.0768	-0.032	0.8439	0.3813	0.3775	5	7	2	1	3	0.0018	0.625	0	0.0114
0.0096	0.0386	-0.1442	-0.0601	-0.0186	0.5934	0.312	0.7419	6	8	2	1	4	0.0014	0.5833	0	0.0096
0.0099	0.0345	-0.1197	-0.0502	0.0096	0.6397	0.3298	0.6942	7	9	2	1	5	0.0017	0.625	0	0.0115
0.0098	0.0353	-0.0866	-0.0488	0.026	0.747	0.464	0.476	8	10	2	1	6	0.0012	0.5417	0	0.0103
0.0099	0.0375	-0.0603	-0.0311	0.0412	0.9763	0.154	0.1522	9	11	2	1	7	0.0013	0.6667	0	0.0111
0.0098	0.0465	-0.0228	-0.025	0.0441	0.7924	0.5279	0.3057	10	12	2	1	8	0.0012	0.5417	0	0.0142
0.0076	0.0643	0.0178	-0.0092	0.0556	0.9059	0.2897	0.3088	11	13	2	1	9	0.0014	0.5	0	0.0076
0.0075	0.0489	0.0771	0.0063	0.0644	0.9801	0.1944	0.0391	12	14	2	1	10	0.0009	0.4583	0	0.0075
0.0069	0.0055	0.1255	0.0092	0.0689	0.9924	0.0231	-0.1209	13	15	2	1	11	0.0036	0.4167	0	0.0069
0.0092	0.0633	0.1622	0.0214	0.0591	-0.4146	0.4882	-0.768	14	16	2	1	12	0.0126	0.225	0	0.0343
0.0092	0.0426	0.1668	0.0487	0.008	-0.0521	0.2182	-0.9745	15	17	2	1	13	0.0048	0.25	0	0.0168
0.0092	0.0332	0.1596	0.0631	-0.0264	0.0998	0.8383	-0.5361	16	18	2	1	14	0.0013	0.4167	0	0.0098
0.0076	0.0206	0.1674	0.0897	-0.045	0.1532	0.8542	-0.4968	17	19	2	1	15	0.0048	0.5833	0	0.0076
0.0071	0.0385	0.1714	0.1061	-0.0428	0.7941	0.6078	0.003	18	20	2	1	16	0.0053	0.4063	0	0.0071
0.0077	0.0107	0.1904	0.1177	-0.0687	0.7578	0.3984	-0.5167	19	21	2	1	17	0.01	0.05	0	0.01
0.0074	0.0325	0.1986	0.122	-0.0743	0.0903	0.2196	0.9714	20	22	2	1	18	0.01	0.05	0	0.01
0.0072	0.0276	0.2015	0.1291	-0.0427	0.4726	0.7441	0.4722	21	0	2	1	19	0.01	0.05	0	0.01
0.0071	0.0243	0.119	0.0175	0.0591	-0.1395	0.352	-0.9255	13	24	10	2	1	0.0035	0.5	1	0.0113
0.0071	0.0416	0.1156	0.026	0.0366	0.0527	0.1575	0.9861	23	25	10	2	2	0.0035	0.5	0	0.0113
0.0071	0.0048	0.1202	0.0431	0.0731	0.2486	0.3329	0.9096	24	26	10	2	3	0.01	0.05	0	0.01
0.0071	0.0386	0.1239	0.0487	0.0739	-0.6211	0.7072	0.3378	25	0	10	2	4	0.0053	0.175	0	0.0123
0.0088	0.0226	0.1686	0.0794	-0.0302	0.6873	-0.1006	0.7194	17	28	15	2	1	0.0022	0.4583	1	0.013
0.0088	0.0346	0.1841	0.0771	-0.014	-0.6879	0.7083	-0.1585	27	29	15	2	2	0.0022	0.4583	0	0.013
0.0088	0.0511	0.1703	0.1129	-0.0298	-0.5344	0.7775	0.3316	28	30	15	2	3	0.0018	0.1	0	0.0229
0.0088	0.0221	0.1556	0.1371	-0.0306	0.2048	0.8035	-0.559	29	0	15	2	4	0.01	0.05	0	0.01
0.0098	0.1006	0.199	0.0834	0.0039	-0.9468	0.127	-0.2956	27	32	16	3	1	0.0038	0.5417	0	0.0098
0.0098	0.0206	0.1008	0.0972	-0.0268	0.4371	0.6583	-0.6129	31	0	16	3	2	0.01	0.05	0	0.01
0.0119	0.0285	0.1307	0.0896	-0.0075	-0.2149	-0.9308	0.2957	31	34	21	4	1	0.0031	0.3333	0	0.0119
0.0119	0.019	0.1168	0.0529	0.004	0.7054	-0.3537	0.6142	33	35	21	4	2	0.0036	0.4583	0	0.0119
0.0119	0.0083	0.1249	0.0475	0.0113	-0.2309	-0.9729	-0.0076	34	0	21	4	3	0.01	0.05	0	0.01
