radius (m)	length (m)	start_point	axis_direction	parent	extension	branch	branch_order	position_in_branch	mad	SurfCov	added	UnmodRadius (m)
0.0191	0.0851	0.2228	-1.5848	-1.192	0.3784	0.4415	0.8136	0	2	1	0	1	0.0039	0.7917	0	0.0191
0.0214	0.0561	0.2405	-1.5495	-1.1185	0.1987	0.3982	0.8955	1	3	1	0	2	0.003	0.8333	0	0.0214
0.0283	0.1305	0.2511	-1.5391	-1.0615	0.0499	0.492	0.8692	2	4	1	0	3	0.0049	0.725	0	0.0312
0.0215	0.0804	0.2484	-1.4779	-0.9501	-0.124	-0.2577	0.9582	3	5	1	0	4	0.0026	0.75	0	0.0215
0.0166	0.0685	0.2177	-1.482	-0.8706	0.0363	-0.0969	0.9946	4	6	1	0	5	0.0024	0.875	0	0.0166
0.0192	0.0626	0.2209	-1.4938	-0.8034	0.0302	-0.1587	0.9869	5	7	1	0	6	0.0031	0.8333	0	0.0192
0.0162	0.0611	0.2245	-1.5134	-0.7424	-0.0243	-0.0835	0.9962	6	8	1	0	7	0.0024	0.7083	0	0.0162
0.0174	0.0729	0.2294	-1.5217	-0.6811	-0.092	-0.0791	0.9926	7	9	1	0	8	0.0022	0.8333	0	0.0174
0.0161	0.0726	0.2252	-1.5286	-0.6086	-0.0868	-0.0929	0.9919	8	10	1	0	9	0.0021	0.875	0	0.0161
0.0158	0.0672	0.2344	-1.5383	-0.5349	-0.1423	-0.1719	0.9748	9	11	1	0	10	0.0022	0.8333	0	0.0158
0.0152	0.067	0.2247	-1.5536	-0.4694	-0.1878	-0.0057	0.9822	10	12	1	0	11	0.0019	0.8333	0	0.0152
0.0134	0.0727	0.2146	-1.5449	-0.4005	-0.1176	-0.2924	0.949	11	13	1	0	12	0.002	0.9583	0	0.0134
0.0133	0.0762	0.208	-1.5559	-0.33	-0.0427	-0.1363	0.9897	12	14	1	0	13	0.0019	0.7917	0	0.0133
0.0171	0.0701	0.2034	-1.5829	-0.2546	-0.1387	0.0102	0.9903	13	15	1	0	14	0.0025	0.8333	0	0.0171
0.0144	0.0291	0.1901	-1.5812	-0.1865	-0.3091	0.0972	0.946	14	16	1	0	15	0.0018	0.7083	0	0.0144
0.0167	0.076	0.1924	-1.5792	-0.1567	-0.2025	-0.156	0.9668	15	17	1	0	16	0.0025	0.875	0	0.0167
0.0155	0.0444	0.1799	-1.5847	-0.0804	-0.1758	-0.3286	0.928	16	18	1	0	17	0.0021	0.75	0	0.0155
0.0148	0.0426	0.1662	-1.5948	-0.0381	-0.0854	-0.3418	0.9359	17	19	1	0	18	0.0022	0.75	0	0.0148
0.0142	0.0282	0.1668	-1.6066	0.0035	-0.2201	-0.2731	0.9365	18	20	1	0	19	0.0019	0.625	0	0.0142
0.0191	0.0367	0.171	-1.6032	0.0234	0.7757	-0.5875	0.2307	19	21	1	0	20	0.0025	0.5	0	0.021
0.0133	0.0191	0.1987	-1.6405	0.0451	0.9988	-0.0489	-0.0006	20	0	1	0	21	0.01	0.05	0	0.01
0.0131	0.0943	0.2834	-1.467	-0.9571	0.2465	0.5509	0.7974	3	23	2	1	1	0.0017	0.7917	1	0.0131
0.0131	0.0473	0.3067	-1.415	-0.8819	0.2935	0.0951	0.9512	22	24	2	1	2	0.0017	0.7917	0	0.0131
0.0124	0.0594	0.3227	-1.4136	-0.8365	0.1889	0.2529	0.9489	23	25	2	1	3	0.002	0.6667	0	0.0124
0.0147	0.0504	0.3313	-1.3998	-0.7789	0.2555	0.3632	0.896	24	26	2	1	4	0.0025	0.6667	0	0.0147
0.0127	0.0588	0.3409	-1.3829	-0.7319	0.394	0.2506	0.8843	25	27	2	1	5	0.0021	0.625	0	0.0127
0.0131	0.061	0.3546	-1.3702	-0.6757	0.306	0.3869	0.8699	26	28	2	1	6	0.0016	0.7083	0	0.0131
0.0131	0.0651	0.3746	-1.3507	-0.621	0.2425	0.4325	0.8684	27	29	2	1	7	0.0018	0.875	0	0.0131
0.0151	0.0517	0.3974	-1.3187	-0.567	0.1897	0.2648	0.9455	28	30	2	1	8	0.0024	0.7083	0	0.0151
0.0146	0.0486	0.4102	-1.3088	-0.5161	0.0756	0.5054	0.8596	29	31	2	1	9	0.0019	0.5417	0	0.0131
0.0144	0.0644	0.4182	-1.2845	-0.4759	0.3244	0.2567	0.9104	30	32	2	1	10	0.0021	0.7917	0	0.0144
0.012	0.0565	0.4418	-1.2729	-0.4159	0.2418	0.3848	0.8908	31	33	2	1	11	0.0022	0.7917	0	0.012
0.0121	0.0624	0.4488	-1.2553	-0.3619	0.2724	0.341	0.8997	32	34	2	1	12	0.0016	0.7917	0	0.0121
0.0139	0.064	0.4702	-1.2389	-0.3058	0.3088	0.2623	0.9142	33	35	2	1	13	0.0018	0.8333	0	0.0139
0.0122	0.0644	0.4909	-1.2134	-0.2507	0.228	0.3363	0.9137	34	36	2	1	14	0.0019	0.875	0	0.0122
0.0128	0.0548	0.5092	-1.1982	-0.1899	0.2677	0.4127	0.8707	35	37	2	1	15	0.0018	0.7083	0	0.0128
0.0115	0.0565	0.5191	-1.174	-0.1408	0.3406	0.1985	0.919	36	38	2	1	16	0.0017	0.8333	0	0.0115
0.0122	0.0561	0.5409	-1.1664	-0.0879	0.2198	0.3995	0.89	37	39	2	1	17	0.0016	0.6667	0	0.0115
0.0128	0.0517	0.5523	-1.1472	-0.0361	0.3563	0.3977	0.8455	38	40	2	1	18	0.0018	0.8333	0	0.0128
0.0122	0.0537	0.5684	-1.1216	0.0077	0.3295	0.1447	0.933	39	41	2	1	19	0.0017	0.75	0	0.0122
0.0131	0.0494	0.5805	-1.1068	0.0585	0.2786	0.1344	0.9509	40	42	2	1	20	0.002	0.7083	0	0.0131
0.015	0.0431	0.5972	-1.1009	0.1044	0.3894	0.3742	0.8416	41	43	2	1	21	0.0019	0.7083	0	0.015
0.0137	0.053	0.6093	-1.0949	0.1437	0.2138	0.1966	0.9569	42	44	2	1	22	0.0019	0.625	0	0.0137
0.0134	0.049	0.6302	-1.0778	0.1881	0.3773	0.287	0.8805	43	45	2	1	23	0.002	0.625	0	0.0134
0.0136	0.0691	0.6533	-1.0732	0.2354	0.0502	0.4209	0.9057	44	46	2	1	24	0.0024	0.8333	0	0.0136
0.013	0.0504	0.6582	-1.0442	0.2976	0.299	0.2922	0.9084	45	47	2	1	25	0.0018	0.7917	0	0.013
0.0129	0.046	0.679	-1.0289	0.3423	0.1318	0.4183	0.8987	46	48	2	1	26	0.0019	0.7083	0	0.0129
0.0128	0.0298	0.6836	-1.0051	0.3829	0.2888	0.2477	0.9248	47	49	2	1	27	0.0017	0.5417	0	0.0128
0.0142	0.0517	0.6801	-0.9898	0.4129	0.282	0.132	0.9503	48	50	2	1	28	0.0023	0.5833	0	0.0143
0.0141	0.0354	0.7121	-0.992	0.468	-0.0208	0.5209	0.8534	49	51	2	1	29	0.0019	0.6667	0	0.0142
0.0132	0.0266	0.7161	-0.9732	0.496	0.429	-0.3375	0.8379	50	0	2	1	30	0.002	0.4167	0	0.0132
0.0126	0.1524	0.2098	-1.4724	-0.8277	-0.1443	0.5005	0.8536	5	53	3	1	1	0.0024	0.6667	0	0.0126
0.0131	0.0471	0.1886	-1.3875	-0.7018	0.0885	0.4286	0.8991	52	54	3	1	2	0.0018	0.8333	0	0.0131
0.0146	0.0546	0.1853	-1.3793	-0.6501	-0.0212	0.6215	0.7831	53	55	3	1	3	0.0016	0.7083	0	0.0146
0.0133	0.0525	0.1958	-1.3399	-0.6101	-0.097	0.6045	0.7907	54	56	3	1	4	0.0019	0.7083	0	0.0133
0.0126	0.0503	0.1937	-1.3133	-0.5661	0.1096	0.4986	0.8599	55	57	3	1	5	0.002	0.6667	0	0.0141
0.0119	0.0567	0.2012	-1.2874	-0.5234	0.0203	0.548	0.8362	56	58	3	1	6	0.0017	0.8333	0	0.0119
0.0122	0.0635	0.2014	-1.2617	-0.4719	0.061	0.6065	0.7928	57	59	3	1	7	0.0018	0.75	0	0.0122
0.0122	0.056	0.209	-1.2241	-0.4212	0.0766	0.5771	0.8131	58	60	3	1	8	0.0017	0.75	0	0.0122
0.0119	0.0688	0.2117	-1.1902	-0.3764	0.1752	0.5344	0.8269	59	61	3	1	9	0.0021	0.7917	0	0.0119
0.0134	0.0517	0.2234	-1.1543	-0.3184	0.035	0.7587	0.6505	60	62	3	1	10	0.0019	0.875	0	0.0134
0.0141	0.0589	0.231	-1.1324	-0.2697	-0.1436	0.623	0.7689	61	63	3	1	11	0.0016	0.75	0	0.0141
0.0116	0.0565	0.2344	-1.0892	-0.2312	0.0902	0.632	0.7697	62	64	3	1	12	0.0017	0.7917	0	0.0116
0.0153	0.0591	0.2283	-1.0611	-0.1761	0.2739	0.6628	0.6969	63	65	3	1	13	0.0022	0.7917	0	0.0153
0.0132	0.0569	0.2553	-1.0207	-0.1377	0.115	0.6733	0.7303	64	66	3	1	14	0.0021	0.75	0	0.0132
0.0152	0.0471	0.2552	-0.9804	-0.0966	0.158	0.6886	0.7077	65	67	3	1	15	0.0016	0.5833	0	0.0128
0.0176	0.0742	0.2619	-0.969	-0.0437	0.2222	0.6589	0.7186	66	68	3	1	16	0.0026	0.7083	0	0.0176
0.0138	0.0592	0.2766	-0.9089	-0.0036	0.3145	0.7434	0.5904	67	69	3	1	17	0.0022	0.7917	0	0.0138
0.0135	0.0664	0.3066	-0.8761	0.047	0.0014	0.8137	0.5813	68	70	3	1	18	0.0021	0.6667	0	0.0139
0.0133	0.0572	0.3156	-0.8157	0.079	0.17	0.5826	0.7948	69	71	3	1	19	0.0019	0.7083	0	0.0133
0.0136	0.0486	0.3208	-0.7839	0.127	-0.0214	0.8606	0.5089	70	72	3	1	20	0.0017	0.6667	0	0.0142
0.014	0.0557	0.3268	-0.7455	0.157	0.0867	0.8841	0.4593	71	73	3	1	21	0.0021	0.7083	0	0.014
0.0138	0.0566	0.3345	-0.6944	0.1792	0.0927	0.8268	0.5548	72	74	3	1	22	0.0018	0.8333	0	0.0138
0.0155	0.0471	0.3441	-0.644	0.212	-0.5807	0.4598	0.6718	73	75	3	1	23	0.0019	0.7917	0	0.0155
0.0137	0.0417	0.3205	-0.6199	0.2459	-0.6409	0.7211	0.2633	74	76	3	1	24	0.0016	0.75	0	0.0137
0.0138	0.0618	0.2921	-0.5954	0.2642	-0.558	0.7171	0.4177	75	77	3	1	25	0.0019	0.6667	0	0.0139
0.0138	0.0475	0.2565	-0.5457	0.2853	-0.6581	0.4103	0.6313	76	78	3	1	26	0.0022	0.7083	0	0.0138
0.0129	0.0607	0.2284	-0.5204	0.3111	-0.3692	0.6672	0.6469	77	79	3	1	27	0.0016	0.5833	0	0.0129
0.0134	0.0477	0.2053	-0.4733	0.3397	-0.5332	0.7019	0.4722	78	80	3	1	28	0.0023	0.5417	0	0.0134
0.0132	0.0413	0.183	-0.4345	0.3601	-0.7567	0.5794	0.3029	79	81	3	1	29	0.0017	0.7083	0	0.0132
0.0124	0.0374	0.1502	-0.4056	0.3693	-0.5897	0.3069	0.7471	80	82	3	1	30	0.0016	0.625	0	0.0124
0.015	0.0468	0.1291	-0.3944	0.3999	-0.4137	0.8755	0.2498	81	83	3	1	31	0.0021	0.625	0	0.0151
0.0145	0.0692	0.1191	-0.3499	0.4217	-0.6763	0.6111	0.4114	82	84	3	1	32	0.0024	0.5833	0	0.0147
0.0144	0.034	0.076	-0.3035	0.4492	-0.6867	0.6759	0.2678	83	85	3	1	33	0.0016	0.5833	0	0.0145
0.0157	0.056	0.0524	-0.2817	0.4632	-0.5441	0.8239	0.1585	84	86	3	1	34	0.0024	0.6667	0	0.0159
0.0151	0.043	0.0179	-0.2385	0.4765	-0.4957	0.8599	0.1219	85	87	3	1	35	0.002	0.75	0	0.0151
0.0148	0.0298	-0.0042	-0.2012	0.4935	-0.3747	0.9258	-0.0505	86	88	3	1	36	0.0022	0.7083	0	0.0148
0.0142	0.0403	-0.015	-0.1732	0.4921	-0.8501	0.4887	0.1965	87	89	3	1	37	0.0018	0.75	0	0.0142
0.0171	0.0573	-0.0355	-0.1505	0.4936	-0.1819	0.9812	0.0639	88	90	3	1	38	0.0022	0.7083	0	0.0185
0.0173	0.0411	-0.0673	-0.0954	0.4891	0.0204	0.982	-0.1877	89	91	3	1	39	0.0019	0.7083	0	0.0188
0.0156	0.0528	-0.0701	-0.0566	0.4883	-0.2905	0.9555	0.0513	90	92	3	1	40	0.0023	0.6667	0	0.0157
0.0155	0.1454	-0.0685	0.0003	0.4652	-0.4257	0.9033	-0.0536	91	93	3	1	41	0.0026	0.6	0	0.0169
0.0152	0.0363	-0.1371	0.129	0.4534	-0.2576	0.9498	-0.1775	92	94	3	1	42	0.0017	0.7917	0	0.0152
0.015	0.0405	-0.1491	0.1647	0.4513	-0.3026	0.8546	-0.4219	93	95	3	1	43	0.0018	0.6667	0	0.015
0.0149	0.0529	-0.159	0.2053	0.4401	-0.542	0.688	-0.4825	94	96	3	1	44	0.0022	0.7917	0	0.0149
0.0152	0.0397	-0.1838	0.2509	0.4115	-0.6695	0.0307	-0.7422	95	97	3	1	45	0.0019	0.6667	0	0.0153
0.0155	0.0404	-0.2153	0.2539	0.3806	0.3937	0.8946	-0.2113	96	98	3	1	46	0.002	0.6667	0	0.0156
0.017	0.0596	-0.2175	0.2918	0.3616	0.2688	0.9111	-0.3125	97	99	3	1	47	0.0024	0.7083	0	0.017
0.0161	0.0351	-0.2077	0.3471	0.3449	0.1112	0.9843	-0.137	98	100	3	1	48	0.0021	0.7083	0	0.0161
0.0174	0.0429	-0.2018	0.3838	0.3313	-0.4681	0.8772	0.1067	99	101	3	1	49	0.0025	0.7083	0	0.0174
0.017	0.042	-0.2227	0.4209	0.3258	-0.733	0.68	0.0159	100	102	3	1	50	0.0029	0.7917	0	0.017
0.0158	0.0437	-0.2446	0.4616	0.3105	-0.8	0.5999	0.0107	101	103	3	1	51	0.0062	0.7	0	0.0215
0.0159	0.0683	-0.2842	0.4881	0.3103	0.1168	0.8398	-0.5302	102	104	3	1	52	0.0025	0.7917	0	0.0159
0.0162	0.0558	-0.2787	0.5436	0.2705	0.138	0.8438	-0.5185	103	105	3	1	53	0.0026	0.7917	0	0.0162
0.0154	0.0355	-0.2685	0.5867	0.2528	0.7704	0.6352	0.0546	104	106	3	1	54	0.0017	0.5833	0	0.016
0.0149	0.0933	-0.2296	0.6274	0.2512	-0.847	0.5308	-0.027	105	0	3	1	55	0.0032	0.4583	0	0.0163
0.0128	0.1131	0.2194	-1.5635	-0.3141	0.5443	-0.3619	0.7568	13	108	4	1	1	0.0021	0.5833	1	0.016
0.0128	0.0637	0.281	-1.6045	-0.2285	0.339	-0.1047	0.9349	107	109	4	1	2	0.0021	0.5833	0	0.016
0.0128	0.0768	0.3228	-1.6217	-0.1691	0.1568	0.2922	0.9434	108	110	4	1	3	0.0026	0.6667	0	0.0171
0.0128	0.0681	0.331	-1.6111	-0.0969	-0.1771	0.0392	0.9834	109	111	4	1	4	0.0025	0.5833	0	0.0159
0.0128	0.0729	0.3295	-1.6077	-0.034	0.3637	0.0307	0.931	110	112	4	1	5	0.002	0.5417	0	0.0151
0.0142	0.0672	0.3358	-1.6064	0.0388	0.2316	0.0993	0.9677	111	113	4	1	6	0.002	0.75	0	0.0142
0.0128	0.0561	0.3584	-1.5917	0.1034	0.1193	-0.0436	0.9919	112	114	4	1	7	0.0018	0.6667	0	0.0114
0.0128	0.0548	0.3666	-1.5916	0.1583	0.1867	0.1342	0.9732	113	115	4	1	8	0.0015	0.6667	0	0.0105
0.0128	0.0607	0.3731	-1.5819	0.2128	0.2913	0.0172	0.9565	114	116	4	1	9	0.0015	0.5417	0	0.0112
0.0128	0.0376	0.4005	-1.5897	0.2702	0.0836	0.012	0.9964	115	117	4	1	10	0.0015	0.6667	0	0.0133
0.013	0.0522	0.4066	-1.5783	0.3084	0.0742	-0.0882	0.9933	116	118	4	1	11	0.0021	0.75	0	0.013
0.0128	0.0454	0.4027	-1.5806	0.3626	0.2663	-0.0766	0.9608	117	119	4	1	12	0.0018	0.7083	0	0.0128
0.0128	0.0436	0.429	-1.5786	0.4028	0.0807	0.355	0.9314	118	120	4	1	13	0.0019	0.625	0	0.0139
0.0128	0.0415	0.4233	-1.5745	0.4481	0.4276	0.029	0.9035	119	121	4	1	14	0.002	0.5833	0	0.0122
0.0128	0.0344	0.4384	-1.5633	0.4841	-0.5254	-0.0087	0.8508	120	0	4	1	15	0.0017	0.375	0	0.0135
0.0182	0.0168	0.211	-1.4819	-0.7777	-0.131	0.6783	-0.723	6	123	73	1	1	0.008	0.3	0	0.027
0.0182	0.183	0.275	-1.559	-0.8139	0.4858	0.1274	0.8647	122	124	73	1	2	0.0183	0.3538	0	0.075
0.0182	0.0548	0.3692	-1.5769	-0.6533	0.2585	0.0908	0.9617	123	125	73	1	3	0.0031	0.625	0	0.02
0.0186	0.0467	0.3931	-1.5747	-0.6035	0.2893	0.026	0.9569	124	126	73	1	4	0.0021	0.7917	0	0.0186
0.0203	0.0835	0.4077	-1.5788	-0.5592	0.3083	-0.0139	0.9512	125	127	73	1	5	0.0025	0.7917	0	0.0203
0.0137	0.0771	0.4278	-1.5613	-0.4757	0.3821	-0.083	0.9204	126	128	73	1	6	0.0023	0.875	0	0.0137
0.0184	0.0721	0.4576	-1.5753	-0.4053	0.2787	-0.0455	0.9593	127	129	73	1	7	0.0024	0.875	0	0.0184
0.0166	0.0759	0.471	-1.5735	-0.3335	0.3454	-0.0217	0.9382	128	130	73	1	8	0.0024	0.875	0	0.0166
0.0152	0.0633	0.4992	-1.5729	-0.263	0.294	0.0245	0.9555	129	131	73	1	9	0.0022	0.7917	0	0.0152
0.0158	0.0651	0.5218	-1.5621	-0.2026	0.3067	-0.1234	0.9438	130	132	73	1	10	0.0025	0.9583	0	0.0158
0.0178	0.0578	0.5406	-1.572	-0.1409	0.2242	0.031	0.974	131	133	73	1	11	0.0025	0.5833	0	0.0183
0.0197	0.0655	0.5578	-1.5804	-0.0847	0.2651	0.0977	0.9593	132	134	73	1	12	0.0021	0.7917	0	0.0197
0.0146	0.0617	0.5702	-1.5583	-0.0207	0.2659	0.0133	0.9639	133	135	73	1	13	0.0023	0.9583	0	0.0146
0.0167	0.0701	0.591	-1.5744	0.0388	0.1918	0.0563	0.9798	134	136	73	1	14	0.0022	0.7917	0	0.0167
0.0171	0.0653	0.6092	-1.5644	0.107	0.257	-0.1107	0.9601	135	137	73	1	15	0.0024	0.75	0	0.0171
0.017	0.0568	0.6191	-1.5707	0.1723	0.3654	-0.0002	0.9308	136	138	73	1	16	0.0027	0.75	0	0.017
0.0209	0.0589	0.6504	-1.5805	0.2221	0.2462	-0.0368	0.9685	137	139	73	1	17	0.0018	0.75	0	0.0209
0.0168	0.0449	0.6611	-1.5735	0.2805	0.2121	-0.0512	0.9759	138	140	73	1	18	0.002	0.7917	0	0.0168
0.0206	0.0625	0.6707	-1.5823	0.3245	0.2365	0.0262	0.9713	139	141	73	1	19	0.0025	0.7917	0	0.0206
0.0172	0.0482	0.6869	-1.571	0.3862	0.5116	-0.1642	0.8434	140	142	73	1	20	0.0023	0.75	0	0.0172
0.0168	0.0519	0.7035	-1.5842	0.4315	0.4942	0.0279	0.8689	141	143	73	1	21	0.0022	0.5833	0	0.0216
0.0164	0.0429	0.7355	-1.5712	0.4786	0.7947	-0.4918	0.3557	142	144	73	1	22	0.0019	0.75	0	0.0164
0.0137	0.0273	0.7721	-1.5949	0.4871	0.794	-0.4119	0.447	143	0	73	1	23	0.01	0.05	0	0.01
0.0151	0.0652	0.173	-1.6099	0.0439	-0.225	-0.1005	0.9692	20	146	10	1	1	0.0022	0.8333	1	0.0151
0.0151	0.0477	0.1583	-1.6165	0.1071	-0.2156	-0.0868	0.9726	145	147	10	1	2	0.0022	0.8333	0	0.0151
0.0141	0.0461	0.1336	-1.637	0.1532	0.0569	-0.065	0.9963	146	148	10	1	3	0.0018	0.75	0	0.0141
0.0142	0.0432	0.142	-1.6244	0.2043	-0.3188	-0.1911	0.9284	147	149	10	1	4	0.0022	0.7083	0	0.0142
0.0162	0.0514	0.1323	-1.6406	0.2466	-0.1752	0.1844	0.9671	148	150	10	1	5	0.0019	0.9167	0	0.0162
0.0154	0.0579	0.115	-1.6244	0.2982	-0.2121	-0.5018	0.8386	149	151	10	1	6	0.0021	0.7917	0	0.0154
0.0149	0.0587	0.1083	-1.6476	0.3516	-0.2414	-0.4626	0.8531	150	152	10	1	7	0.0024	0.75	0	0.0149
0.0139	0.0588	0.0978	-1.6689	0.4041	-0.2953	-0.2038	0.9334	151	153	10	1	8	0.0021	0.8333	0	0.0139
0.0139	0.0375	0.0904	-1.691	0.4618	-0.4503	-0.1982	0.8706	152	154	10	1	9	0.0018	0.6667	0	0.0134
0.0141	0.0314	0.0715	-1.7005	0.4966	0.6789	-0.7299	-0.0795	153	0	10	1	10	0.0019	0.375	0	0.0141
0.0147	0.0411	0.3301	-0.6506	0.2275	-0.1842	-0.9685	0.1676	74	156	9	2	1	0.0052	0.5417	1	0.0212
0.0147	0.1712	0.3253	-0.69	0.2291	0.5209	0.7875	0.3295	155	157	9	2	2	0.0088	0.5556	0	0.0212
0.0165	0.057	0.4239	-0.558	0.2958	0.0162	0.9674	0.2528	156	158	9	2	3	0.0021	0.7083	0	0.0165
0.0144	0.0645	0.4289	-0.5049	0.3172	-0.0355	0.9528	0.3014	157	159	9	2	4	0.0023	0.7083	0	0.0144
0.0144	0.0532	0.446	-0.4421	0.3372	-0.077	0.8425	0.5332	158	160	9	2	5	0.0021	0.625	0	0.0136
0.0144	0.0404	0.4459	-0.4002	0.3711	0.6093	0.7927	-0.0215	159	161	9	2	6	0.0016	0.5833	0	0.0134
0.0144	0.0182	0.4736	-0.3618	0.3794	0.3057	0.7279	-0.6137	160	162	9	2	7	0.002	0.3333	0	0.0146
0.0144	0.0306	0.4897	-0.3462	0.3786	-0.537	0.753	0.3803	161	0	9	2	8	0.01	0.05	0	0.01
0.0173	0.0475	0.2748	-0.8886	0.0219	-0.8014	-0.1206	0.5859	68	164	74	2	1	0.0047	0.475	1	0.0173
0.0173	0.1436	0.2367	-0.8944	0.0498	0.8075	-0.541	0.235	163	165	74	2	2	0.0047	0.475	0	0.0173
0.0173	0.0305	0.3579	-0.9758	0.0781	0.5936	-0.2741	0.7567	164	0	74	2	3	0.0029	0.2917	0	0.0172
0.0146	0.0828	-0.0809	-0.0279	0.4744	0.341	0.2413	-0.9086	91	167	13	2	1	0.0037	0.5833	0	0.0158
0.0145	0.0517	-0.0508	-0.0029	0.3997	-0.1195	0.1488	-0.9816	166	168	13	2	2	0.002	0.8333	0	0.0145
0.0139	0.0369	-0.0564	0.0081	0.3508	-0.0682	0.4976	-0.8647	167	169	13	2	3	0.0016	0.6667	0	0.0109
0.0134	0.0651	-0.0585	0.0173	0.3099	0.0122	0.7012	-0.7129	168	170	13	2	4	0.0017	0.7083	0	0.0134
0.0126	0.0482	-0.0589	0.0674	0.2684	0.206	0.743	-0.6368	169	171	13	2	5	0.0018	0.7083	0	0.0126
0.0109	0.045	-0.0447	0.1027	0.238	0.1535	0.7568	-0.6354	170	172	13	2	6	0.0016	0.5833	0	0.0109
0.0113	0.0437	-0.047	0.1368	0.2035	0.3433	0.7805	-0.5225	171	173	13	2	7	0.0017	0.6667	0	0.0113
0.0125	0.0463	-0.0275	0.1725	0.1835	0.1871	0.7184	-0.6699	172	174	13	2	8	0.0018	0.7917	0	0.0125
0.0108	0.0553	-0.012	0.1999	0.1504	0.2222	0.5555	-0.8013	173	175	13	2	9	0.0017	0.7083	0	0.0108
0.011	0.052	-0.0078	0.2338	0.1013	0.577	0.4816	-0.6596	174	176	13	2	10	0.0015	0.7917	0	0.011
0.0141	0.0558	0.0311	0.2508	0.0666	0.4928	0.5825	-0.6464	175	177	13	2	11	0.0015	0.625	0	0.0143
0.0108	0.0525	0.0538	0.2942	0.0354	0.5536	0.5305	-0.642	176	178	13	2	12	0.0017	0.625	0	0.0106
0.0123	0.0481	0.0843	0.3184	0.0002	0.7643	0.4806	-0.43	177	179	13	2	13	0.0014	0.75	0	0.0123
0.0123	0.0534	0.1196	0.3419	-0.0261	0.8234	0.5403	-0.1735	178	180	13	2	14	0.0016	0.5833	0	0.0123
0.0119	0.0452	0.164	0.373	-0.0319	0.7307	0.5313	-0.4286	179	181	13	2	15	0.0016	0.625	0	0.0119
0.0123	0.0525	0.1989	0.3924	-0.0547	0.6555	0.6113	-0.4435	180	182	13	2	16	0.0018	0.7083	0	0.0123
0.0124	0.0451	0.2365	0.4154	-0.0808	0.5516	0.4072	-0.7279	181	183	13	2	17	0.0018	0.7083	0	0.0124
0.0122	0.0607	0.2627	0.4305	-0.1143	0.7316	0.4104	-0.5444	182	184	13	2	18	0.0017	0.625	0	0.0122
0.0137	0.0408	0.3073	0.4556	-0.147	0.6894	0.2299	-0.6869	183	185	13	2	19	0.0012	0.5417	0	0.0139
0.0153	0.0472	0.3362	0.4688	-0.1747	0.5759	-0.04	-0.8166	184	186	13	2	20	0.0017	0.75	0	0.0153
0.011	0.0361	0.3671	0.4625	-0.2084	0.7504	-0.0813	-0.6559	185	187	13	2	21	0.0013	0.5417	0	0.011
0.0145	0.0706	0.3923	0.4327	-0.2378	0.7036	0.099	-0.7037	186	188	13	2	22	0.0017	0.5417	0	0.0153
0.0142	0.0413	0.4425	0.4395	-0.2871	0.6169	-0.0425	-0.7859	187	189	13	2	23	0.0022	0.4167	0	0.0184
0.0137	0.0185	0.4777	0.4366	-0.3207	-0.1632	-0.6596	-0.7337	188	0	13	2	24	0.0022	0.2083	0	0.0173
0.0143	0.1446	0.1417	-0.373	0.4229	-0.5887	-0.7832	0.2002	83	191	16	2	1	0.0019	0.5	0	0.0143
0.0143	0.0274	0.0542	-0.4905	0.4567	0.8116	-0.5735	-0.1116	190	0	16	2	2	0.0028	0.25	0	0.0129
0.0068	0.0797	0.1052	-0.3756	0.4004	-0.7822	-0.282	0.5556	82	193	17	2	1	0.0067	0.275	1	0.0154
0.0068	0.0269	0.0407	-0.4034	0.4539	-0.9794	0.1249	-0.1584	192	0	17	2	2	0.0062	0.35	0	0.0154
0.0148	0.1562	-0.2873	0.59	0.2404	-0.4489	0.7365	-0.5061	104	195	18	2	1	0.0017	0.8333	1	0.0148
0.0148	0.0437	-0.3574	0.705	0.1614	-0.2532	0.9336	-0.2534	194	196	18	2	2	0.0017	0.8333	0	0.0148
0.0158	0.0587	-0.387	0.7522	0.1527	0.2092	0.8158	-0.5392	195	197	18	2	3	0.0025	0.7917	0	0.0158
0.0151	0.0392	-0.3723	0.7933	0.1129	0.2609	0.779	-0.5702	196	198	18	2	4	0.0017	0.625	0	0.0151
0.0154	0.0429	-0.3662	0.8266	0.1067	0.0243	0.9861	-0.1641	197	199	18	2	5	0.0082	0.6	0	0.0237
0.0154	0.061	-0.3667	0.8547	0.0867	0.1412	0.6596	-0.7383	198	200	18	2	6	0.0129	0.8	0	0.0275
0.0165	0.046	-0.379	0.9015	0.0326	0.4559	0.288	-0.8421	199	201	18	2	7	0.0068	0.625	0	0.0247
0.0183	0.0446	-0.3726	0.9189	-0.0015	-0.0837	0.6033	-0.7931	200	202	18	2	8	0.0022	0.7083	0	0.0183
0.0169	0.0523	-0.3708	0.9459	-0.0355	0.1874	0.579	-0.7935	201	203	18	2	9	0.0021	0.625	0	0.0204
0.0159	0.0536	-0.3838	0.9905	-0.0707	0.2111	0.6553	-0.7253	202	204	18	2	10	0.0021	0.7083	0	0.0159
0.0148	0.0565	-0.3584	1.0277	-0.1179	-0.3941	0.782	-0.4829	203	205	18	2	11	0.002	0.7917	0	0.0148
0.0177	0.0498	-0.3748	1.0691	-0.1539	-0.1911	0.8951	-0.4029	204	206	18	2	12	0.0021	0.7083	0	0.0177
0.0154	0.042	-0.3922	1.1121	-0.176	-0.0492	0.8663	-0.4971	205	207	18	2	13	0.002	0.75	0	0.0193
0.0154	0.0551	-0.3812	1.1557	-0.1876	0.0886	0.721	-0.6872	206	208	18	2	14	0.0027	0.7083	0	0.0202
0.0149	0.0779	-0.3904	1.2133	-0.2537	0.8342	0.5468	-0.0718	207	209	18	2	15	0.0028	0.6667	0	0.0156
0.0144	0.047	-0.3217	1.2532	-0.2638	0.4486	0.8816	-0.1468	208	210	18	2	16	0.002	0.8333	0	0.0144
0.0156	0.0419	-0.288	1.2926	-0.2521	0.2787	0.957	-0.0807	209	211	18	2	17	0.0032	0.5833	0	0.0183
0.0173	0.0538	-0.2731	1.3449	-0.2678	0.7462	0.3635	0.5577	210	212	18	2	18	0.0022	0.75	0	0.0173
0.013	0.0379	-0.2279	1.3668	-0.2443	0.745	0.171	0.6448	211	213	18	2	19	0.0015	0.7083	0	0.013
0.0155	0.048	-0.1984	1.3799	-0.2225	0.8589	0.0393	0.5107	212	214	18	2	20	0.0023	0.7917	0	0.0155
0.0145	0.0212	-0.1652	1.3944	-0.1853	-0.0474	0.6939	-0.7185	213	215	18	2	21	0.0092	0.225	0	0.0212
0.013	0.0879	-0.1412	1.3977	-0.2172	-0.1581	0.6888	-0.7075	214	0	18	2	22	0.01	0.05	0	0.01
0.0129	0.0962	-0.2136	0.2958	0.3744	-0.7886	-0.26	0.5572	97	217	20	2	1	0.0025	0.5833	0	0.0144
0.0129	0.0317	-0.2991	0.2784	0.424	-0.2435	0.1837	0.9523	216	0	20	2	2	0.0025	0.5417	0	0.0129
0.0112	0.1204	-0.2028	0.337	0.3281	-0.2928	-0.6382	-0.7121	98	219	21	2	1	0.0045	0.5	0	0.0118
0.0096	0.0259	-0.2336	0.2545	0.2445	-0.0279	-0.3748	-0.9267	218	220	21	2	2	0.0051	0.7083	0	0.0096
0.0096	0.0435	-0.2332	0.2448	0.2255	-0.0886	0.9958	0.0232	219	0	21	2	3	0.01	0.05	0	0.01
0.0099	0.0992	-0.1918	0.3716	0.3318	0.8047	0.0206	-0.5933	99	222	24	2	1	0.0026	0.4583	1	0.0099
0.0099	0.0439	-0.1119	0.3737	0.2729	0.9458	0.2324	0.2271	221	223	24	2	2	0.0026	0.4583	0	0.0099
0.0099	0.0368	-0.0717	0.3855	0.2962	0.5053	0.8613	-0.0536	222	0	24	2	3	0.0029	0.375	0	0.0131
0.0151	0.1239	-0.261	0.5398	0.2776	0.8578	-0.4362	0.2718	103	225	25	2	1	0.0047	0.4583	1	0.0194
0.0151	0.0608	-0.1547	0.4858	0.3112	0.7501	-0.6601	-0.0398	224	226	25	2	2	0.0047	0.4583	0	0.0194
0.0151	0.0107	-0.131	0.4476	0.2822	0.4325	-0.8017	-0.4126	225	227	25	2	3	0.01	0.05	0	0.01
0.0151	0.0577	-0.1353	0.4398	0.2819	-0.4037	-0.4197	-0.8129	226	0	25	2	4	0.0032	0.1	0	0.0082
0.0169	0.1819	-0.2466	0.5989	0.2688	-0.7461	-0.6156	0.2536	105	229	29	2	1	0.0044	0.4583	0	0.0169
0.0169	0.0288	-0.3625	0.4911	0.3242	0.041	-0.9409	0.3363	228	0	29	2	2	0.0036	0.225	0	0.01
0.0149	0.037	0.2935	-1.6205	-0.1997	0.0825	-0.9741	-0.2103	108	231	11	2	1	0.0054	0.4375	1	0.0149
0.0149	0.1028	0.2966	-1.6566	-0.2075	0.9674	0.2324	0.1004	230	0	11	2	2	0.0054	0.4375	0	0.0149
0.019	0.0948	0.3913	-1.5897	-0.554	-0.7776	-0.3586	-0.5164	126	233	7	2	1	0.0031	0.5417	0	0.0219
0.0163	0.0621	0.2888	-1.6201	-0.5986	0.151	0.007	0.9885	232	234	7	2	2	0.0024	0.7083	0	0.0163
0.016	0.0457	0.3067	-1.6151	-0.5341	-0.3378	-0.0047	0.9412	233	235	7	2	3	0.0021	0.5833	0	0.016
0.0172	0.0542	0.3053	-1.6163	-0.4884	-0.1947	0.0286	0.9804	234	236	7	2	4	0.002	0.5833	0	0.0172
0.016	0.0755	0.2851	-1.6121	-0.4356	-0.0398	-0.0234	0.9989	235	237	7	2	5	0.0024	0.7917	0	0.016
0.016	0.0261	0.2902	-1.6102	-0.3611	0.1562	-0.1023	0.9824	236	238	7	2	6	0.0019	0.4583	0	0.0151
0.016	0.0575	0.2898	-1.6211	-0.3325	0.4258	0.0938	0.8999	237	0	7	2	7	0.0041	0.4688	0	0.0146
0.017	0.0384	0.3395	-0.6695	0.2534	-0.2338	-0.4232	0.8754	156	240	14	3	1	0.0048	0.625	1	0.017
0.017	0.0892	0.3305	-0.6858	0.287	0.2648	-0.7096	0.653	239	0	14	3	2	0.0048	0.625	0	0.017
0.0073	0.0625	0.3374	0.473	-0.1506	0.6927	0.6917	-0.2043	185	0	19	3	1	0.0043	0.375	0	0.0135
0.0111	0.133	-0.351	0.7319	0.1617	0.8089	-0.3256	0.4895	195	243	30	3	1	0.0033	0.625	1	0.0111
0.0111	0.1093	-0.2434	0.6886	0.2268	0.8492	-0.5259	0.0473	242	244	30	3	2	0.0033	0.625	0	0.0111
0.0111	0.0212	-0.151	0.63	0.2313	0.5467	0.2847	-0.7874	243	0	30	3	3	0.01	0.05	0	0.01
0.0157	0.0761	-0.3752	0.7241	0.1639	-0.7866	-0.219	0.5773	195	246	31	3	1	0.0037	0.4583	1	0.0157
0.0157	0.0544	-0.4351	0.7074	0.2079	-0.5778	-0.7051	-0.411	245	247	31	3	2	0.0037	0.4583	0	0.0157
0.0157	0.0481	-0.4773	0.6631	0.2007	0.8319	-0.2711	0.4841	246	0	31	3	3	0.0031	0.1	0	0.01
0.0147	0.0747	-0.3687	0.8479	0.0716	-0.1899	-0.7294	-0.6572	199	249	32	3	1	0.0159	0.2296	1	0.0694
0.0147	0.2681	-0.3567	0.7848	0.0012	0.6306	0.5342	0.5629	248	250	32	3	2	0.0385	0.2714	0	0.0694
0.0124	0.0259	-0.1682	0.9524	0.1252	0.5442	0.3871	0.7443	249	251	32	3	3	0.0059	0.625	0	0.0126
0.0097	0.0199	-0.154	0.9635	0.1441	0.3346	0.3277	0.8835	250	0	32	3	4	0.0031	0.5	0	0.0097
0.0157	0.0715	-0.3772	0.7541	0.1614	-0.4484	0.0403	0.8929	195	253	75	3	1	0.0036	0.4167	1	0.0169
0.0157	0.1586	-0.4093	0.757	0.2253	-0.5877	-0.1923	-0.7859	252	254	75	3	2	0.0036	0.4167	0	0.0169
0.0157	0.0603	-0.5017	0.7235	0.0961	-0.7812	0.4501	-0.4326	253	0	75	3	3	0.0022	0.5833	0	0.0157
0.0146	0.092	-0.3519	0.8497	0.1099	0.5286	-0.097	0.8433	198	256	33	3	1	0.0026	0.625	0	0.015
0.0135	0.0543	-0.3075	0.8449	0.1879	0.2745	0.1822	0.9442	255	257	33	3	2	0.0023	0.7917	0	0.0135
0.0138	0.0468	-0.2866	0.8545	0.2389	0.0348	0.0642	0.9973	256	258	33	3	3	0.0017	0.625	0	0.0131
0.0141	0.0467	-0.2851	0.853	0.2865	0.3527	0.1661	0.9209	257	259	33	3	4	0.0017	0.875	0	0.0141
0.0146	0.0455	-0.2649	0.8603	0.328	0.3711	0.4823	0.7935	258	260	33	3	5	0.0076	0.75	0	0.0203
0.0146	0.1346	-0.2489	0.8763	0.3497	0.4863	0.7965	-0.3592	259	261	33	3	6	0.0074	0.7286	0	0.0203
0.0146	0.0712	-0.2176	0.984	0.2875	0.2828	0.6833	-0.6732	260	262	33	3	7	0.0063	0.725	0	0.0352
0.0146	0.1167	-0.1934	1.0515	0.2509	-0.2606	0.5391	-0.801	261	263	33	3	8	0.0083	0.55	0	0.0281
0.0146	0.0423	-0.1953	1.1002	0.1709	0.5654	0.6338	-0.5279	262	264	33	3	9	0.0019	0.5833	0	0.0158
0.0146	0.0734	-0.1798	1.1386	0.1371	0.7869	-0.0368	-0.6159	263	265	33	3	10	0.0083	0.625	0	0.0258
0.017	0.0707	-0.1183	1.1308	0.0758	0.9481	-0.1577	0.2763	264	266	33	3	11	0.0027	0.7917	0	0.017
0.016	0.0618	-0.0528	1.1267	0.0896	0.9825	0.0887	-0.1641	265	267	33	3	12	0.0025	0.7917	0	0.016
0.0171	0.0509	0.0093	1.1233	0.0773	0.7038	0.2704	-0.6569	266	268	33	3	13	0.0026	0.7083	0	0.0171
0.0156	0.0395	0.0498	1.1504	0.0504	0.3763	0.3011	-0.8762	267	269	33	3	14	0.0068	0.55	0	0.0207
0.0147	0.0417	0.0738	1.1515	0.0073	0.6265	0.7362	-0.256	268	270	33	3	15	0.0019	0.8333	0	0.0147
0.014	0.0586	0.0993	1.1812	-0.0074	0.6754	0.6776	-0.291	269	0	33	3	16	0.0027	0.625	0	0.014
0.0165	0.0661	-0.3595	0.8927	0.0672	0.0926	0.7134	0.6946	199	272	34	3	1	0.0038	0.75	1	0.0165
0.0165	0.0823	-0.3534	0.9399	0.1131	-0.9533	0.027	-0.3008	271	273	34	3	2	0.0038	0.75	0	0.0165
0.0173	0.0613	-0.431	0.9434	0.0864	-0.9361	0.0036	-0.3517	272	274	34	3	3	0.0027	0.7917	0	0.0173
0.0147	0.0435	-0.4844	0.9684	0.0646	-0.949	0.1505	-0.2769	273	275	34	3	4	0.0058	0.8	0	0.0208
0.0147	0.054	-0.5375	0.9658	0.0353	-0.4042	0.8931	-0.1976	274	276	34	3	5	0.0032	0.75	0	0.0184
0.0162	0.0561	-0.563	1.006	0.0233	-0.9125	0.4048	0.0587	275	277	34	3	6	0.0025	0.75	0	0.0162
0.0162	0.025	-0.6185	1.0287	0.0161	-0.7216	-0.6281	0.2913	276	0	34	3	7	0.0024	0.375	0	0.0136
0.0157	0.0347	-0.1269	1.393	-0.21	0.8591	-0.2834	0.4262	215	279	35	3	1	0.003	0.625	1	0.0188
0.0157	0.1027	-0.0971	1.3832	-0.1953	0.0975	-0.589	0.8022	278	280	35	3	2	0.003	0.625	0	0.0188
0.0157	0.0917	-0.0909	1.328	-0.1076	-0.3828	-0.7785	0.4974	279	281	35	3	3	0.0023	0.6563	0	0.018
0.0157	0.0469	-0.135	1.2514	-0.071	-0.3941	-0.5735	0.7182	280	282	35	3	4	0.0019	0.5833	0	0.0157
0.0157	0.0399	-0.1603	1.2291	-0.0361	-0.3903	-0.726	0.5662	281	283	35	3	5	0.0021	0.5833	0	0.0166
0.0157	0.0202	-0.1723	1.21	-0.0092	-0.7787	0.0111	0.6273	282	0	35	3	6	0.0045	0.125	0	0.01
0.0151	0.081	-0.3592	1.0152	-0.1037	0.9578	-0.2853	-0.036	203	285	60	3	1	0.0033	0.5417	1	0.0178
0.0151	0.0633	-0.2816	0.9921	-0.1066	0.4318	0.7556	0.4925	284	286	60	3	2	0.0033	0.5417	0	0.0178
0.0155	0.0314	-0.2583	1.0423	-0.0723	0.5574	0.8251	0.0921	285	287	60	3	3	0.0014	0.7083	0	0.0155
0.0151	0.0495	-0.233	1.0705	-0.0711	-0.2904	0.9568	0.011	286	288	60	3	4	0.002	0.6667	0	0.0159
0.0142	0.0666	-0.2208	1.1296	-0.0613	-0.441	0.8875	0.1333	287	289	60	3	5	0.002	0.625	0	0.0142
0.0139	0.042	-0.2503	1.1877	-0.0484	-0.2922	0.9239	0.2471	288	290	60	3	6	0.0015	0.7917	0	0.0139
0.0168	0.0337	-0.262	1.2258	-0.0348	-0.0552	0.9743	0.2183	289	291	60	3	7	0.0024	0.75	0	0.0168
0.0148	0.0304	-0.27	1.2579	-0.0232	0.0599	0.9677	0.2447	290	0	60	3	8	0.005	0.425	0	0.0229
0.0152	0.1422	-0.4	1.1281	-0.1569	-0.9989	0.0398	-0.0253	207	293	61	3	1	0.0019	0.7083	0	0.0152
0.0143	0.0361	-0.5601	1.1197	-0.1616	-0.5392	0.7233	-0.4313	292	294	61	3	2	0.0019	0.75	0	0.0143
0.0145	0.0497	-0.5845	1.147	-0.1741	-0.1096	0.8606	-0.4973	293	295	61	3	3	0.0024	0.5833	0	0.0181
0.0145	0.0734	-0.6003	1.1745	-0.2141	-0.2063	0.7603	-0.6159	294	296	61	3	4	0.0019	0.625	0	0.0161
0.0128	0.0628	-0.6211	1.2243	-0.259	-0.4215	0.3543	-0.8348	295	0	61	3	5	0.0021	0.75	0	0.0128
0.0144	0.093	-0.4101	1.1583	-0.2002	-0.324	0.8378	-0.4394	206	298	64	3	1	0.0047	0.5417	1	0.0144
0.0144	0.0577	-0.4402	1.2363	-0.2411	0.1725	0.3889	-0.905	297	0	64	3	2	0.0047	0.5417	0	0.0144
0.0075	0.1568	-0.259	0.8725	0.367	-0.4965	-0.1876	0.8475	260	300	43	4	1	0.0026	0.375	1	0.0178
0.0075	0.0862	-0.3321	0.8415	0.4904	-0.7008	0.5518	-0.452	299	0	43	4	2	0.0057	0.28	0	0.0178
0.0125	0.4303	-0.1444	1.0199	0.2785	-0.1733	-0.8462	0.5039	260	302	50	4	1	0.0018	0.625	0	0.0129
0.0125	0.0356	-0.2174	0.655	0.4931	-0.1462	-0.9639	0.2227	301	303	50	4	2	0.0017	0.625	0	0.0125
0.0125	0.0429	-0.217	0.6194	0.5046	-0.2786	-0.9546	0.1053	302	0	50	4	3	0.0017	0.4583	0	0.0125
0.0125	0.1784	-0.2492	0.8609	0.3681	0.6074	-0.0258	0.794	260	305	52	4	1	0.0046	0.5417	1	0.0125
0.0125	0.068	-0.1409	0.8563	0.5097	0.6894	-0.4078	-0.5987	304	0	52	4	2	0.0046	0.5417	0	0.0125
0.0139	0.1741	-0.2078	0.9564	0.3248	-0.7827	0.5495	0.2923	260	307	53	4	1	0.008	0.2667	0	0.0191
0.0139	0.0548	-0.3295	1.0742	0.3763	-0.8025	0.5155	0.3006	306	308	53	4	2	0.0025	0.75	0	0.0169
0.0144	0.0548	-0.3752	1.0993	0.3796	-0.9786	0.1903	0.0778	307	309	53	4	3	0.0018	0.7917	0	0.0144
0.0139	0.0438	-0.4354	1.1149	0.3927	-0.7961	0.0247	-0.6047	308	0	53	4	4	0.0021	0.7083	0	0.0169
0.02	0.1783	-0.128	1.1388	0.0783	-0.6584	0.7525	0.0174	264	311	56	4	1	0.0057	0.5893	0	0.02
0.02	0.0185	-0.2661	1.2714	0.0714	-0.4387	0.1378	0.888	310	0	56	4	2	0.0065	0.4167	0	0.0227
0.0164	0.1423	-0.1894	1.0369	0.2513	0.3867	0.0186	0.922	261	313	57	4	1	0.0049	0.5417	1	0.0224
0.0164	0.1567	-0.1341	1.0406	0.3839	-0.2569	0.7937	-0.5515	312	314	57	4	2	0.0085	0.4875	0	0.0224
0.0164	0.0638	-0.1683	1.1778	0.3008	-0.5588	0.4464	-0.6989	313	315	57	4	3	0.0022	0.6667	0	0.018
0.0164	0.07	-0.2101	1.2053	0.259	-0.2627	0.9348	-0.2389	314	316	57	4	4	0.0017	0.5833	0	0.0166
0.0164	0.0322	-0.2236	1.2694	0.2375	-0.1334	0.9101	-0.3923	315	317	57	4	5	0.0016	0.3333	0	0.0158
0.0164	0.0311	-0.2332	1.2955	0.2129	0.565	0.7014	-0.4345	316	0	57	4	6	0.0065	0.5625	0	0.0164
0.0144	0.2806	-0.2003	0.9899	0.2832	0.8806	-0.2811	0.3814	261	319	76	4	1	0.0025	0.6667	1	0.0144
0.0144	0.0743	0.0468	0.9111	0.3903	0.874	-0.4209	0.2427	318	320	76	4	2	0.0025	0.6667	0	0.0144
0.0144	0.0352	0.113	0.8822	0.4063	0.85	-0.002	0.5269	319	0	76	4	3	0.0023	0.625	0	0.018
0.01	0.1016	-0.1904	1.1501	0.1334	-0.6591	0.716	-0.23	264	322	67	4	1	0.01	0.05	1	0.01
0.01	0.0775	-0.2574	1.2228	0.11	0.3682	0.0402	0.9289	321	0	67	4	2	0.01	0.05	0	0.01
0.0125	0.0361	0.0764	1.1517	0.011	0.6167	-0.7872	0.0078	268	324	72	4	1	0.0038	0.625	1	0.0125
0.0125	0.0804	0.0987	1.1233	0.0113	0.8312	0.262	0.4904	323	0	72	4	2	0.0038	0.625	0	0.0125
0.0161	0.0414	-0.5015	0.932	0.0737	-0.7365	-0.5559	0.3853	273	326	59	4	1	0.0033	0.6667	1	0.0161
0.0161	0.0885	-0.532	0.909	0.0896	-0.684	-0.6406	-0.3488	325	327	59	4	2	0.0033	0.6667	0	0.0161
0.0161	0.0693	-0.5845	0.8509	0.0687	0.124	0.9915	0.0402	326	0	59	4	3	0.0069	0.375	0	0.032
0.041	0.0841	-0.0844	1.3121	-0.0906	0.6009	0.7991	-0.018	280	0	77	4	1	0.0089	0.4222	0	0.041
0.0148	0.0871	-0.5839	1.1279	-0.1734	-0.6482	-0.753	0.1129	293	0	71	4	1	0.0044	0.5	0	0.0148
0.0083	0.0887	-0.1313	1.1626	0.3217	-0.4732	0.5494	-0.6886	314	331	78	5	1	0.0022	0.375	0	0.0177
0.0084	0.0254	-0.1775	1.2235	0.2479	0.5201	-0.5262	-0.6728	330	0	78	5	2	0.01	0.05	0	0.01
0.0136	0.1338	0.0187	0.9306	0.3878	-0.5974	0.7583	0.2611	318	333	79	5	1	0.0036	0.2917	1	0.0203
0.0136	0.1642	-0.0589	1.0347	0.4241	0.7969	-0.4677	-0.3823	332	334	79	5	2	0.0077	0.2222	0	0.0203
0.0106	0.0372	0.064	0.946	0.3424	0.6779	-0.716	0.1666	333	335	79	5	3	0.0012	0.2917	0	0.0104
0.01	0.0171	0.0943	0.9219	0.3524	0.3527	-0.926	0.1343	334	0	79	5	4	0.01	0.05	0	0.01
0.0126	0.0709	0.0045	0.994	0.3785	0.2143	0.403	-0.8898	333	0	80	6	1	0.0104	0.5156	0	0.0126
