radius (m)	length (m)	start_point	axis_direction	parent	extension	branch	branch_order	position_in_branch	mad	SurfCov	added	UnmodRadius (m)
0.0127	0.0896	0.1361	-0.359	-0.0936	-0.7304	0.3724	0.5725	0	2	1	0	1	0.0017	0.5	0	0.0101
0.0146	0.0536	0.0673	-0.3184	-0.0534	-0.354	0.732	0.5821	1	3	1	0	2	0.0018	0.7083	0	0.0146
0.0127	0.0555	0.0453	-0.2799	-0.0217	-0.1953	0.9408	0.2769	2	4	1	0	3	0.0017	0.7083	0	0.0127
0.0127	0.0561	0.0338	-0.2246	-0.0144	-0.178	0.9124	0.3687	3	5	1	0	4	0.0022	0.5833	0	0.0125
0.0127	0.0357	0.0174	-0.1739	0.0047	-0.1809	0.8989	0.399	4	6	1	0	5	0.0013	0.375	0	0.0116
0.0127	0.0218	0.0283	-0.1483	0.0088	0.1085	0.9126	-0.3943	5	7	1	0	6	0.0049	0.5833	0	0.0123
0.0128	0.0438	0.003	-0.1231	0.0043	0.0367	0.7176	-0.6954	6	8	1	0	7	0.0074	0.2917	0	0.0128
0.0127	0.0179	0.0189	-0.0809	-0.0127	-0.1752	0.8524	-0.4927	7	9	1	0	8	0.008	0.4063	0	0.0079
0.0127	0.0381	0.0195	-0.0676	-0.0127	0.1919	0.9732	0.1271	8	10	1	0	9	0.01	0.05	0	0.01
0.0127	0.0211	0.0148	-0.0806	-0.0138	0.9048	-0.2563	0.3401	9	0	1	0	10	0.01	0.05	0	0.01
0.009	0.063	0.093	-0.3405	-0.0458	-0.1358	-0.9876	0.0787	1	12	2	1	1	0.0028	0.5833	0	0.009
0.009	0.0337	0.0925	-0.4129	-0.0415	0.3619	0.3371	-0.8691	11	13	2	1	2	0.0013	0.375	0	0.0101
0.009	0.0411	0.1013	-0.4001	-0.0664	-0.0073	-0.9527	0.3039	12	0	2	1	3	0.01	0.05	0	0.01
0.0065	0.0723	0.0383	-0.2574	-0.0204	-0.669	-0.5339	0.5171	3	15	4	1	1	0.0078	0.225	0	0.015
0.0025	0.016	-0.0014	-0.2942	0.0157	0.2356	-0.669	0.7049	14	16	4	1	2	0.01	0.05	0	0.01
0.0025	0.033	0.0023	-0.3038	0.0275	-0.483	-0.346	0.8044	15	0	4	1	3	0.0025	0.125	0	0.01
0.009	0.0305	0.0062	-0.0718	-0.01	-0.7562	-0.6491	0.0828	9	18	6	1	1	0.0027	0.4167	1	0.009
0.009	0.0603	-0.0168	-0.0916	-0.0075	0.7381	0.6476	0.1894	17	19	6	1	2	0.0027	0.4167	0	0.009
0.0102	0.0354	0.0129	-0.05	0.0041	0.1738	0.9846	0.0215	18	20	6	1	3	0.001	0.3333	0	0.0102
0.0079	0.0367	0.0117	-0.0183	0.001	-0.3734	0.9267	-0.0412	19	21	6	1	4	0.0011	0.3333	0	0.0075
0.0114	0.031	0.0151	0.0166	-0.008	0.103	0.9346	0.3403	20	22	6	1	5	0.001	0.4167	0	0.0133
0.0105	0.0391	-0.0035	0.0501	-0.0056	0.1271	0.9708	0.2035	21	23	6	1	6	0.0052	0.375	0	0.0105
0.0104	0.0364	-0.0035	0.0873	0.0153	-0.2471	0.9684	-0.0331	22	24	6	1	7	0.0054	0.375	0	0.0105
0.0108	0.0253	-0.0013	0.1243	-0.0047	-0.1171	0.9927	0.0272	23	25	6	1	8	0.0057	0.4688	0	0.0112
0.01	0.0193	-0.0066	0.1496	-0.0016	-0.0079	0.9943	-0.1066	24	26	6	1	9	0.0012	0.2083	0	0.0104
0.0109	0.032	-0.0109	0.1678	-0.0095	-0.1898	0.9809	-0.0427	25	27	6	1	10	0.001	0.3333	0	0.012
0.0072	0.0424	-0.0133	0.2002	-0.0057	0.0766	0.9665	-0.245	26	28	6	1	11	0.004	0.5313	0	0.0049
0.0083	0.0439	-0.0196	0.2371	0.001	-0.1491	0.9777	0.1481	27	29	6	1	12	0.0013	0.25	0	0.0083
0.0104	0.0285	-0.0232	0.285	-0.0105	-0.3724	0.9089	0.1877	28	30	6	1	13	0.0052	0.1	0	0.0158
0.0065	0.0336	-0.0317	0.3106	-0.0074	-0.2234	0.9137	-0.3396	29	31	6	1	14	0.003	0.4063	0	0.0052
0.0092	0.0344	-0.0375	0.342	-0.0063	-0.3193	0.9476	-0.0104	30	32	6	1	15	0.0037	0.375	0	0.01
0.0081	0.0255	-0.0523	0.3723	-0.0176	-0.2193	0.967	-0.1301	31	33	6	1	16	0.0033	0.4688	0	0.0082
0.0086	0.0311	-0.0542	0.3984	-0.0122	-0.4724	0.8801	0.0467	32	34	6	1	17	0.004	0.5313	0	0.0091
0.0071	0.0003	-0.0689	0.4258	-0.0108	-0.4409	0.8009	0.4052	33	35	6	1	18	0.01	0.05	0	0.01
0.0069	0.0249	-0.0691	0.426	-0.0107	0.1045	0.9885	-0.1089	34	0	6	1	19	0.01	0.05	0	0.01
0.0046	0.0243	0.0935	-0.3595	-0.0359	0.3503	0.0007	0.9366	11	37	3	2	1	0.0028	0.375	1	0.0091
0.0046	0.0702	0.102	-0.3595	-0.0132	-0.6874	0.0649	-0.7234	36	0	3	2	2	0.0028	0.375	0	0.0091
0.008	0.0134	-0.0323	0.2851	0.0148	-0.5388	0.5513	0.637	28	39	8	2	1	0.0022	0.5417	1	0.0092
0.008	0.0407	-0.0395	0.2924	0.0233	-0.7109	0.6254	0.3218	38	40	8	2	2	0.0022	0.5417	0	0.0092
0.008	0.0388	-0.0693	0.3175	0.0361	-0.5123	0.7754	0.3691	39	41	8	2	3	0.0013	0.2917	0	0.01
0.008	0.0027	-0.0768	0.3357	0.0538	0.3656	0.582	0.7264	40	42	8	2	4	0.01	0.05	0	0.01
0.008	0.0434	-0.079	0.3423	0.0438	-0.9456	0.1207	0.302	41	43	8	2	5	0.0013	0.3333	0	0.0125
0.008	0.0394	-0.1129	0.3494	0.0586	-0.3348	0.6649	0.6677	42	44	8	2	6	0.0011	0.25	0	0.0083
0.008	0.0368	-0.1145	0.375	0.0856	0.0203	0.8938	0.4481	43	45	8	2	7	0.0042	0.4375	0	0.008
0.008	0.0366	-0.1145	0.4057	0.1059	0.1874	0.8243	0.5342	44	46	8	2	8	0.01	0.05	0	0.01
0.008	0.0399	-0.1037	0.4251	0.0956	0.4243	0.8688	-0.2552	45	0	8	2	9	0.01	0.05	0	0.01
