radius (m)	length (m)	start_point	axis_direction	parent	extension	branch	branch_order	position_in_branch	mad	SurfCov	added	UnmodRadius (m)
0.0199	0.3167	-2.496	-1.5569	-0.78	0.9274	-0.3644	-0.0839	0	2	1	0	1	0.026	0.3063	0	0.0511
0.0188	0.2106	-2.1893	-1.666	-0.7411	-0.9804	-0.013	0.1966	1	3	1	0	2	0.0025	0.7	0	0.0188
0.0188	0.0361	-2.4155	-1.6582	-0.694	-0.3343	-0.8494	0.4084	2	0	1	0	3	0.0044	0.3	0	0.0133
0.0169	0.0322	-2.3938	-1.6571	-0.7152	-0.8197	0.416	-0.3939	2	5	2	1	1	0.0025	0.6667	1	0.0133
0.0169	0.064	-2.4202	-1.6437	-0.7278	-0.8644	0.4576	0.2085	4	6	2	1	2	0.0025	0.6667	0	0.0133
0.0169	0.0523	-2.4757	-1.6023	-0.7187	-0.9926	-0.0529	-0.109	5	7	2	1	3	0.0017	0.625	0	0.0155
0.0169	0.0609	-2.531	-1.5987	-0.7124	-0.5927	0.6258	-0.507	6	8	2	1	4	0.0024	0.7917	0	0.0169
0.0169	0.0469	-2.5838	-1.5667	-0.7345	-0.4839	0.7954	-0.365	7	9	2	1	5	0.0015	0.6667	0	0.0132
0.0169	0.0363	-2.5963	-1.5081	-0.7597	-0.853	0.4854	0.1916	8	0	2	1	6	0.0028	0.3333	0	0.0138
0.0189	0.4041	-2.3692	-1.6276	-0.7967	0.9883	0.1426	0.0542	1	11	5	1	1	0.02	0.2762	0	0.0894
0.0189	0.1429	-1.9802	-1.5623	-0.767	0.6975	0.6623	0.2736	10	12	5	1	2	0.0072	0.6286	0	0.0347
0.0189	0.1259	-1.877	-1.467	-0.7408	0.7719	0.589	0.2392	11	13	5	1	3	0.0151	0.6429	0	0.065
0.0189	0.2608	-1.7859	-1.3867	-0.7088	0.7276	0.6404	0.2461	12	14	5	1	4	0.0243	0.7615	0	0.0639
0.0189	0.1089	-1.5949	-1.2233	-0.64	0.7352	0.6173	0.28	13	15	5	1	5	0.0257	0.75	0	0.0642
0.0189	0.1184	-1.5142	-1.1538	-0.6168	0.7579	0.6013	0.2531	14	16	5	1	6	0.0294	0.7714	0	0.0688
0.0189	0.1375	-1.4257	-1.0844	-0.5793	0.7209	0.6396	0.2668	15	17	5	1	7	0.0254	0.7571	0	0.0674
0.0189	0.1246	-1.3248	-0.9947	-0.5541	0.6938	0.6908	0.2035	16	18	5	1	8	0.0342	0.7	0	0.0731
0.0189	0.1288	-1.2466	-0.8969	-0.5285	0.7902	0.5459	0.2786	17	19	5	1	9	0.0394	0.8429	0	0.0696
0.0189	0.1354	-1.1424	-0.8305	-0.4916	0.7635	0.5615	0.3192	18	20	5	1	10	0.032	0.8286	0	0.0656
0.0189	0.1581	-1.0332	-0.7566	-0.4586	0.7509	0.5812	0.3137	19	21	5	1	11	0.0377	0.8111	0	0.0691
0.0189	0.1241	-0.9238	-0.6554	-0.4015	0.7821	0.5536	0.2862	20	22	5	1	12	0.0362	0.8429	0	0.0651
0.0189	0.1098	-0.8267	-0.5867	-0.3662	0.7124	0.6453	0.276	21	23	5	1	13	0.0384	0.8	0	0.0674
0.0189	0.1113	-0.7436	-0.5258	-0.3322	0.7727	0.5115	0.3759	22	24	5	1	14	0.0291	0.8167	0	0.0617
0.0189	0.1175	-0.6643	-0.4635	-0.2862	0.7165	0.5441	0.4366	23	25	5	1	15	0.0308	0.8	0	0.0648
0.0189	0.1256	-0.5851	-0.3932	-0.2334	0.7727	0.5175	0.3676	24	26	5	1	16	0.0346	0.7714	0	0.0717
0.0189	0.1435	-0.4823	-0.3321	-0.1948	0.7691	0.5743	0.2804	25	27	5	1	17	0.0392	0.8429	0	0.0666
0.0189	0.0895	-0.3687	-0.2556	-0.1483	0.7173	0.6544	0.2394	26	28	5	1	18	0.0307	0.88	0	0.06
0.0189	0.1384	-0.3069	-0.1912	-0.131	0.7694	0.5477	0.3288	27	29	5	1	19	0.0362	0.8125	0	0.0651
0.0189	0.1418	-0.1955	-0.119	-0.0896	0.7462	0.4101	0.5244	28	30	5	1	20	0.0355	0.85	0	0.0618
0.0189	0.1091	-0.0913	-0.0546	-0.0185	0.7533	0.4409	0.4879	29	31	5	1	21	0.0357	0.95	0	0.0597
0.0189	0.1436	-0.0097	-0.0029	0.0315	0.7587	0.4981	0.4199	30	32	5	1	22	0.037	0.9	0	0.0597
0.0189	0.0836	0.1033	0.0612	0.0939	0.7897	0.5228	0.321	31	33	5	1	23	0.0327	0.86	0	0.0548
0.0189	0.0848	0.1653	0.1059	0.1365	0.8112	0.5608	0.1659	32	34	5	1	24	0.0258	0.82	0	0.0552
0.0189	0.1062	0.2372	0.1523	0.1438	0.7786	0.5697	0.2629	33	35	5	1	25	0.028	0.85	0	0.0533
0.0189	0.1017	0.3163	0.2256	0.1646	0.8102	0.4453	0.3812	34	36	5	1	26	0.0315	0.8667	0	0.0568
0.0189	0.0843	0.4004	0.2685	0.2016	0.8503	0.4886	0.1958	35	37	5	1	27	0.0332	0.76	0	0.0582
0.0189	0.1119	0.4712	0.309	0.2223	0.7919	0.5558	0.2528	36	38	5	1	28	0.0321	0.9	0	0.0576
0.0189	0.0797	0.5577	0.3741	0.2477	0.764	0.6391	0.0885	37	39	5	1	29	0.0322	0.78	0	0.0551
0.0189	0.098	0.6177	0.4239	0.2603	0.7754	0.5757	0.2595	38	40	5	1	30	0.0278	0.92	0	0.0523
0.0189	0.1159	0.6928	0.4829	0.2829	0.8151	0.5278	0.2389	39	41	5	1	31	0.0319	0.8667	0	0.0558
0.0189	0.1247	0.7859	0.5475	0.3059	0.7361	0.6307	0.2456	40	42	5	1	32	0.0317	0.8714	0	0.0559
0.0189	0.1034	0.8828	0.6207	0.3326	0.7848	0.5668	0.2507	41	43	5	1	33	0.0303	0.75	0	0.054
0.0189	0.07	0.9632	0.6804	0.3586	0.7914	0.5555	0.255	42	44	5	1	34	0.0298	0.875	0	0.0517
0.0189	0.1065	1.017	0.721	0.3774	0.7652	0.5911	0.2551	43	45	5	1	35	0.0295	0.85	0	0.0514
0.0189	0.0837	1.0919	0.7921	0.4066	0.7855	0.5781	0.221	44	46	5	1	36	0.0314	0.9	0	0.0536
0.0189	0.087	1.1525	0.8413	0.4387	0.7739	0.5797	0.2552	45	47	5	1	37	0.0256	0.72	0	0.0504
0.0189	0.0863	1.2239	0.8907	0.4542	0.7144	0.6105	0.3418	46	48	5	1	38	0.0261	0.88	0	0.0497
0.0189	0.1134	1.2842	0.9454	0.4832	0.7386	0.5817	0.3407	47	49	5	1	39	0.0337	0.7833	0	0.057
0.0189	0.0963	1.3552	1.026	0.5224	0.7365	0.6363	0.2296	48	50	5	1	40	0.0256	0.82	0	0.0553
0.0187	0.1061	1.4238	1.0883	0.5505	0.7229	0.6707	0.166	49	51	5	1	41	0.0168	0.7167	0	0.0474
0.0185	0.0482	1.5004	1.1568	0.5816	0.3436	0.9218	0.1798	50	52	5	1	42	0.0028	0.5833	0	0.0203
0.0176	0.0526	1.5358	1.1902	0.5909	0.4588	0.8035	0.3793	51	53	5	1	43	0.0037	0.5833	0	0.0179
0.0183	0.0857	1.5711	1.2144	0.6172	0.775	0.5727	0.2672	52	54	5	1	44	0.0085	0.6	0	0.0403
0.0187	0.0935	1.6441	1.2515	0.6405	0.8463	0.4774	0.2364	53	55	5	1	45	0.0181	0.675	0	0.0468
0.0187	0.0959	1.7228	1.2958	0.6664	0.7912	0.5915	0.1552	54	56	5	1	46	0.0186	0.7	0	0.0452
0.0189	0.0819	1.8038	1.3517	0.6728	0.7045	0.611	0.361	55	57	5	1	47	0.0244	0.82	0	0.0476
0.0189	0.0866	1.8604	1.4061	0.6949	0.7315	0.6322	0.2554	56	58	5	1	48	0.0303	0.72	0	0.0532
0.0181	0.1354	1.9137	1.4729	0.7172	0.7407	0.6091	0.2836	57	59	5	1	49	0.0255	0.65	0	0.0581
0.0186	0.1132	2.015	1.5588	0.7488	0.7566	0.529	0.3844	58	60	5	1	50	0.0205	0.6429	0	0.0508
0.0182	0.0733	2.0897	1.6289	0.7848	0.5883	0.7802	0.2127	59	61	5	1	51	0.0031	0.5417	0	0.0199
0.0164	0.0384	2.1432	1.6749	0.821	0.7293	0.6841	0.011	60	62	5	1	52	0.002	0.625	0	0.0164
0.0133	0.0523	2.1679	1.706	0.8204	0.8229	0.5677	0.0228	61	63	5	1	53	0.002	0.6667	0	0.0133
0.0144	0.0703	2.2152	1.733	0.816	0.7485	0.6028	0.2765	62	64	5	1	54	0.0022	0.7917	0	0.0144
0.0115	0.0754	2.2676	1.7771	0.8324	0.8979	0.4095	0.1615	63	0	5	1	55	0.0017	0.8333	0	0.0115
0.0142	0.1493	-0.9122	-0.6753	-0.4276	0.3267	-0.382	-0.8645	20	66	3	2	1	0.0037	0.5417	1	0.0142
0.0142	0.0625	-0.8634	-0.7324	-0.5567	-0.06	-0.9976	-0.0332	65	0	3	2	2	0.0037	0.5417	0	0.0142
0.0152	0.1405	1.415	1.0527	0.5383	0.9453	0.2299	0.2316	49	68	4	2	1	0.0018	0.7917	1	0.0152
0.0152	0.06	1.5478	1.0849	0.5709	0.8967	0.4426	0.0029	67	69	4	2	2	0.0018	0.7917	0	0.0152
0.0169	0.0436	1.5974	1.1267	0.5795	0.9583	0.2829	-0.0404	68	70	4	2	3	0.0026	0.625	0	0.0171
0.0167	0.0331	1.6535	1.1402	0.5709	0.3841	0.3412	0.8579	69	0	4	2	4	0.0015	0.5417	0	0.0171
0.0164	0.088	1.9346	1.4709	0.7323	0.4346	-0.7062	0.5589	58	72	6	2	1	0.003	0.5	1	0.0164
0.0164	0.0865	1.9729	1.4087	0.7815	0.1496	0.1309	-0.98	71	73	6	2	2	0.003	0.5	0	0.0164
0.0171	0.0758	1.9814	1.4101	0.6914	0.3484	0.3225	-0.8801	72	74	6	2	3	0.0086	0.5	0	0.024
0.0197	0.0515	2.0021	1.4386	0.6219	0.5933	0.8034	-0.05	73	75	6	2	4	0.0025	0.8333	0	0.0197
0.0156	0.0371	2.0427	1.4748	0.6184	0.4255	0.7392	0.522	74	76	6	2	5	0.0019	0.7917	0	0.0156
0.0161	0.0287	2.0653	1.5156	0.6294	0.2159	0.4339	0.8747	75	77	6	2	6	0.002	0.5833	0	0.0161
0.0165	0.0689	2.0668	1.5266	0.6671	0.6883	0.6467	0.3286	76	0	6	2	7	0.0057	0.38	0	0.0304
