radius (m)	length (m)	start_point	axis_direction	parent	extension	branch	branch_order	position_in_branch	mad	SurfCov	added	UnmodRadius (m)
0.0108	0.0594	-0.1697	0.2252	-0.157	0.7329	-0.3883	0.5586	0	2	1	0	1	0.0019	0.5	0	0.0108
0.0114	0.0556	-0.1413	0.1867	-0.1237	0.3717	-0.3573	0.8568	1	3	1	0	2	0.0009	0.3333	0	0.0114
0.01	0.0052	-0.1148	0.1761	-0.0752	0.4951	-0.381	0.7808	2	4	1	0	3	0.01	0.05	0	0.01
0.0127	0.0501	-0.1257	0.1772	-0.0689	-0.1735	-0.9496	0.2611	3	5	1	0	4	0.001	0.3333	0	0.0135
0.0122	0.0404	-0.1405	0.1292	-0.0675	-0.0077	-0.9992	0.0395	4	6	1	0	5	0.0009	0.2917	0	0.0128
0.01	0.0002	-0.1454	0.0929	-0.0508	0.1566	-0.9419	0.2973	5	7	1	0	6	0.01	0.05	0	0.01
0.0085	0.0338	-0.1447	0.0924	-0.0577	0.6794	-0.7277	0.0943	6	8	1	0	7	0.0007	0.4167	0	0.0068
0.01	0.0025	-0.1238	0.0671	-0.0551	0.2258	-0.9349	0.2738	7	9	1	0	8	0.01	0.05	0	0.01
0.0086	0.0436	-0.1241	0.0591	-0.0582	0.9356	-0.2815	0.2134	8	10	1	0	9	0.0011	0.3333	0	0.0086
0.01	0.0239	-0.0871	0.0552	-0.0451	0.8448	0.1556	0.512	9	11	1	0	10	0.01	0.05	0	0.01
0.0124	0.0255	-0.0701	0.0578	-0.0244	0.5769	0.7528	0.3169	10	12	1	0	11	0.001	0.375	0	0.0167
0.0119	0.0162	-0.0624	0.0787	-0.02	0.2661	0.9617	-0.0662	11	13	1	0	12	0.0038	0.4375	0	0.0131
0.0076	0.0353	-0.0612	0.0935	-0.0157	0.653	0.5916	0.4729	12	14	1	0	13	0.0052	0.5	0	0.0076
0.0078	0.0361	-0.0501	0.1186	-0.0128	0.1461	0.9739	0.1736	13	15	1	0	14	0.0059	0.375	0	0.0078
0.0057	0.0282	-0.0434	0.1538	-0.0069	-0.0886	0.982	-0.1666	14	16	1	0	15	0.0038	0.5	0	0.0052
0.0071	0.0254	-0.0361	0.1627	-0.021	0.3854	0.5675	-0.7276	15	17	1	0	16	0.01	0.05	0	0.01
0.0068	0.0249	-0.0264	0.181	-0.0248	0.2237	0.944	-0.2425	16	18	1	0	17	0.01	0.05	0	0.01
0.0064	0.0021	-0.0293	0.1777	-0.0232	0.8997	-0.3557	-0.253	17	19	1	0	18	0.01	0.05	0	0.01
0.0061	0.0149	-0.0268	0.1779	-0.0239	0.1739	-0.2952	-0.9395	18	0	1	0	19	0.01	0.05	0	0.01
0.0234	0.063	-0.1339	0.1761	-0.0784	-0.0578	0.9085	-0.4139	4	21	2	1	1	0.0032	0.4167	0	0.0234
0.0234	0.0382	-0.1421	0.2262	-0.1146	0.9323	-0.0932	-0.3495	20	22	2	1	2	0.0011	0.2917	0	0.0245
0.0234	0.0309	-0.1041	0.2467	-0.0962	0.7432	-0.5586	0.3683	21	23	2	1	3	0.0043	0.2	0	0.0079
0.0234	0.0258	-0.0801	0.1911	-0.0937	0.8081	-0.1089	0.5788	22	24	2	1	4	0.0028	0.15	0	0.01
0.0234	0.0236	-0.0705	0.1721	-0.0918	0.6235	-0.7055	0.3369	23	0	2	1	5	0.0024	0.15	0	0.01
0.0102	0.0613	-0.1055	0.203	-0.1087	-0.1889	0.9361	0.2966	1	26	3	1	1	0.0008	0.3333	0	0.0107
0.0101	0.0037	-0.1245	0.2577	-0.0953	-0.1485	0.9407	-0.3051	25	27	3	1	2	0.01	0.05	0	0.01
0.01	0.0198	-0.1254	0.2617	-0.0966	0.8322	0.5351	-0.1454	26	28	3	1	3	0.01	0.05	0	0.01
0.01	0.0173	-0.1089	0.2723	-0.0994	0.1573	0.732	0.6629	27	0	3	1	4	0.01	0.05	0	0.01
0.0094	0.0243	-0.0879	0.0528	-0.0345	-0.5088	-0.315	0.8011	10	30	8	1	1	0.0018	0.375	1	0.0094
0.0093	0.0616	-0.1002	0.0451	-0.015	0.1312	0.9516	-0.278	29	31	8	1	2	0.0018	0.375	0	0.0094
0.0076	0.0315	-0.1012	0.1037	-0.034	0.023	0.9912	-0.1307	30	32	8	1	3	0.001	0.2917	0	0.0069
0.0076	0.0104	-0.1019	0.1323	-0.0479	-0.2616	0.9423	-0.2091	31	33	8	1	4	0.0042	0.5833	0	0.0076
0.0084	0.0027	-0.0954	0.1478	-0.048	-0.286	0.7062	-0.6477	32	34	8	1	5	0.01	0.05	0	0.01
0.008	0.0335	-0.0983	0.1481	-0.0547	0.6582	0.5833	-0.476	33	0	8	1	6	0.01	0.05	0	0.01
0.0095	0.0155	-0.1339	0.0752	-0.0491	-0.7572	-0.4096	0.5089	6	36	13	1	1	0.0041	0.3	1	0.0154
0.0095	0.0191	-0.1634	0.0584	-0.0377	0.52	-0.8519	0.0621	35	37	13	1	2	0.0024	0.3	0	0.0154
0.0095	0.0048	-0.1649	0.0353	-0.0384	0.5111	-0.8581	-0.0503	36	38	13	1	3	0.01	0.05	0	0.01
0.0095	0.0421	-0.1673	0.0312	-0.0287	-0.592	-0.7507	-0.2932	37	39	13	1	4	0.0011	0.4167	0	0.011
0.0095	0.0215	-0.1958	0.0071	-0.0394	-0.8928	-0.442	0.0869	38	40	13	1	5	0.0007	0.3333	0	0.0127
0.0095	0.0116	-0.2089	0.0017	-0.0355	-0.4914	0.8369	-0.2409	39	41	13	1	6	0.01	0.05	0	0.01
0.0095	0.0563	-0.2226	0.0045	-0.0484	-0.3854	-0.5922	0.7077	40	42	13	1	7	0.0013	0.4583	0	0.0112
0.0095	0.0271	-0.2463	-0.0317	-0.0099	0.7044	-0.1778	-0.6872	41	43	13	1	8	0.0011	0.375	0	0.0107
0.0094	0.0095	-0.228	-0.036	-0.0266	0.9242	-0.0171	0.3815	42	44	13	1	9	0.01	0.05	0	0.01
0.0094	0.0309	-0.2173	-0.0325	-0.0159	0.9163	-0.3987	-0.038	43	45	13	1	10	0.0007	0.3333	0	0.0099
0.0094	0.0143	-0.1872	-0.0421	-0.0204	0.8695	-0.4885	0.0725	44	46	13	1	11	0.0012	0.25	0	0.0136
0.0086	0.0283	-0.1878	-0.0566	-0.0127	0.5416	-0.8294	0.1371	45	47	13	1	12	0.001	0.2917	0	0.0086
0.0094	0.0234	-0.1749	-0.0809	-0.0089	0.0558	-0.1395	0.9886	46	48	13	1	13	0.001	0.4583	0	0.011
0.0094	0.0363	-0.1701	-0.0927	-0.0053	0.1563	-0.8943	0.4192	47	49	13	1	14	0.0008	0.3333	0	0.011
0.0092	0.0258	-0.1729	-0.1264	0.0149	0.119	-0.9913	-0.0566	48	50	13	1	15	0.0041	0.5625	0	0.0093
0.0093	0.0396	-0.1484	-0.1426	0.0201	0.3445	-0.9162	0.2048	49	51	13	1	16	0.0081	0.3438	0	0.0118
0.0067	0.0226	-0.1399	-0.1837	0.0199	0.6237	-0.7781	0.0751	50	52	13	1	17	0.0033	0.5	0	0.0054
0.009	0.0506	-0.1169	-0.1915	0.0222	0.7315	-0.6748	0.0972	51	53	13	1	18	0.0036	0.4	0	0.0091
0.008	0.0102	-0.0765	-0.2184	0.022	0.9112	-0.4115	0.0164	52	54	13	1	19	0.0035	0.4063	0	0.008
0.009	0.0392	-0.0725	-0.2171	0.0298	0.8369	0.0412	0.5458	53	55	13	1	20	0.0015	0.3333	0	0.0111
0.0087	0.0041	-0.0354	-0.2129	0.0435	0.787	0.3074	0.5349	54	56	13	1	21	0.0049	0.4688	0	0.0088
0.0068	0.0373	-0.0284	-0.2091	0.048	0.575	-0.8155	-0.0657	55	57	13	1	22	0.0007	0.2917	0	0.0068
0.006	0.0567	-0.0003	-0.2351	0.0445	0.5583	-0.8294	0.0172	56	58	13	1	23	0.0049	0.375	0	0.0045
0.0078	0.0195	0.0373	-0.2754	0.0441	0.7233	-0.679	-0.1256	57	59	13	1	24	0.0043	0.375	0	0.0078
0.0077	0.0244	0.0396	-0.296	0.0471	0.4609	-0.871	-0.1701	58	60	13	1	25	0.01	0.05	0	0.01
0.0079	0.0162	0.0599	-0.305	0.0421	0.757	-0.5783	-0.3042	59	61	13	1	26	0.0012	0.25	0	0.0086
0.0061	0.0355	0.0701	-0.3157	0.0405	0.7582	-0.6189	0.2054	60	62	13	1	27	0.0007	0.3333	0	0.0061
0.0081	0.0502	0.0988	-0.3334	0.048	0.9193	-0.3757	-0.1167	61	63	13	1	28	0.003	0.275	0	0.0132
0.0072	0.0382	0.1438	-0.3467	0.0355	0.9663	-0.0845	-0.2433	62	64	13	1	29	0.01	0.05	0	0.01
0.0078	0.0299	0.1598	-0.3697	0.0405	0.721	-0.6841	0.1102	63	65	13	1	30	0.0012	0.2917	0	0.0093
0.0068	0.0209	0.1852	-0.3809	0.0429	0.8926	-0.3854	-0.234	64	66	13	1	31	0.01	0.05	0	0.01
0.0068	0.0147	0.1838	-0.3845	0.045	-0.0655	-0.9172	0.3931	65	0	13	1	32	0.01	0.05	0	0.01
0.0117	0.0337	-0.0864	0.0556	-0.0441	-0.3201	-0.92	-0.2261	9	68	15	1	1	0.0049	0.325	0	0.0178
0.0117	0.0429	-0.0918	0.0236	-0.0388	0.8961	-0.2104	-0.3909	67	69	15	1	2	0.0031	0.5417	0	0.0117
0.0117	0.0351	-0.0738	0.0168	-0.0546	0.0152	-0.2712	0.9624	68	70	15	1	3	0.0045	0.2	0	0.0169
0.0117	0.0394	-0.0704	0.0153	-0.034	0.5106	-0.7799	-0.3619	69	71	15	1	4	0.002	0.2917	0	0.0164
0.0117	0.0558	-0.057	-0.0112	-0.0218	-0.4339	-0.9003	0.0353	70	72	15	1	5	0.001	0.3333	0	0.0118
0.0117	0.0305	-0.0736	-0.0635	-0.0131	-0.5212	-0.7834	0.3385	71	73	15	1	6	0.0055	0.375	0	0.0106
0.0117	0.0302	-0.0864	-0.067	0.0035	0.0732	-0.3012	0.9508	72	74	15	1	7	0.01	0.05	0	0.01
0.0117	0.0152	-0.0839	-0.0718	-0.0015	-0.31	-0.9429	-0.1222	73	75	15	1	8	0.01	0.05	0	0.01
0.0117	0.0132	-0.0887	-0.0861	-0.0033	0.4371	-0.8021	0.407	74	0	15	1	9	0.01	0.05	0	0.01
0.0074	0.0537	-0.0427	0.127	-0.0061	0.7616	0.0973	0.6407	14	77	22	1	1	0.01	0.05	1	0.01
0.0074	0.0326	-0.0018	0.1322	0.0282	0.8814	0.4392	-0.1737	76	78	22	1	2	0.01	0.05	0	0.01
0.0074	0.0314	0.0269	0.1465	0.0226	0.9105	0.2917	0.293	77	79	22	1	3	0.01	0.05	0	0.01
0.0074	0.0261	0.0554	0.1571	0.0336	0.3582	0.7497	-0.5565	78	0	22	1	4	0.01	0.05	0	0.01
0.009	0.0504	-0.1856	0.0018	-0.0378	0.9778	-0.1962	0.0733	39	81	26	2	1	0.0011	0.375	1	0.0114
0.0085	0.0456	-0.1363	-0.0081	-0.0341	0.9776	-0.194	0.0818	80	82	26	2	2	0.0011	0.375	0	0.0114
0.0066	0.0199	-0.0921	-0.0133	-0.0221	0.7302	-0.6099	0.308	81	83	26	2	3	0.01	0.05	0	0.01
0.0055	0.0195	-0.0884	-0.0165	-0.0157	-0.0769	-0.1358	0.9878	82	84	26	2	4	0.01	0.05	0	0.01
0.0058	0.0038	-0.0868	-0.0219	-0.0177	0.0996	-0.9849	0.1414	83	0	26	2	5	0.0028	0.125	0	0.02
0.0112	0.0537	-0.166	-0.1062	0.017	0.8927	-0.4251	0.1494	49	86	33	2	1	0.0009	0.4167	0	0.0112
0.0112	0.0065	-0.1172	-0.1204	0.0198	0.9498	-0.224	-0.2185	85	87	33	2	2	0.01	0.05	0	0.01
0.0112	0.0278	-0.1113	-0.1242	0.0134	0.2344	0.8715	-0.4307	86	0	33	2	3	0.01	0.05	0	0.01
0.0025	0.075	-0.0008	-0.2599	0.0436	-0.6383	-0.3628	-0.679	56	0	37	2	1	0.01	0.05	0	0.01
0.0065	0.0511	-0.0143	-0.2223	0.0412	0.5569	0.8091	-0.1877	56	90	38	2	1	0.0053	0.25	0	0.0126
0.0065	0.0234	0.0208	-0.1866	0.0399	0.6004	0.7975	0.0596	89	91	38	2	2	0.01	0.05	0	0.01
0.0065	0.0316	0.0147	-0.1717	0.0406	-0.1668	0.9471	-0.2742	90	92	38	2	3	0.0011	0.3333	0	0.0062
0.0065	0.0012	0.0064	-0.1416	0.0347	-0.3308	0.8455	-0.4192	91	93	38	2	4	0.01	0.05	0	0.01
0.0065	0.0322	0.0088	-0.1334	0.0372	-0.0418	0.4016	-0.9149	92	94	38	2	5	0.0009	0.4167	0	0.0099
0.0065	0.0218	-0.0028	-0.1183	0.0098	-0.0886	0.4706	-0.8779	93	95	38	2	6	0.01	0.05	0	0.01
0.0065	0.0231	-0.0021	-0.1053	-0.0058	0.1527	0.712	-0.6854	94	96	38	2	7	0.001	0.375	0	0.0084
0.0065	0.0315	-0.0004	-0.0879	-0.0189	-0.0879	0.9116	-0.4015	95	97	38	2	8	0.001	0.2917	0	0.0092
0.0065	0.0363	-0.004	-0.0594	-0.0315	-0.3035	0.9458	-0.1157	96	98	38	2	9	0.0007	0.3333	0	0.0081
0.0065	0.0246	-0.0128	-0.0248	-0.0299	-0.0464	0.9983	-0.0366	97	99	38	2	10	0.01	0.05	0	0.01
0.0065	0.0463	-0.0033	-0.021	-0.0263	0.8288	0.4857	0.2776	98	100	38	2	11	0.0041	0.275	0	0.0116
0.0065	0.0553	0.0284	-0.003	-0.0111	-0.5996	0.7559	-0.2627	99	101	38	2	12	0.0008	0.2917	0	0.0088
0.0065	0.03	-0.0109	0.0342	-0.0166	-0.7722	0.5941	-0.2252	100	102	38	2	13	0.01	0.05	0	0.01
0.0065	0.0677	-0.0219	0.04	-0.0411	0.8313	0.0202	0.5555	101	103	38	2	14	0.0058	0.275	0	0.0135
0.0065	0.0293	0.0376	0.0395	-0.0139	0.8503	-0.4034	0.3381	102	104	38	2	15	0.01	0.05	0	0.01
0.0065	0.0506	0.0386	0.044	-0.0062	0.5654	0.8234	-0.0482	103	105	38	2	16	0.0007	0.375	0	0.01
0.0065	0.0375	0.0527	0.0869	-0.0083	0.0815	0.9571	-0.2782	104	106	38	2	17	0.01	0.05	0	0.01
0.0065	0.0231	0.0524	0.1216	-0.0181	-0.3248	0.9423	0.0815	105	107	38	2	18	0.0036	0.2	0	0.0152
0.0065	0.0039	0.05	0.1457	-0.0242	-0.3297	0.9419	0.0636	106	108	38	2	19	0.01	0.05	0	0.01
0.0065	0.039	0.0444	0.1647	-0.0202	0.9568	0.2858	-0.054	107	109	38	2	20	0.0012	0.3333	0	0.0101
0.0065	0.0389	0.0844	0.1668	-0.0317	0.7861	-0.3161	0.5311	108	110	38	2	21	0.0035	0.25	0	0.0167
0.0065	0.0181	0.1193	0.1603	-0.0148	0.7527	-0.1634	0.6378	109	111	38	2	22	0.0016	0.075	0	0.0129
0.0065	0.0443	0.1244	0.1682	-0.0117	0.4825	0.7435	0.463	110	112	38	2	23	0.0039	0.4688	0	0.0098
0.0065	0.0124	0.1605	0.1833	0.0025	0.7844	0.5524	0.2822	111	113	38	2	24	0.0044	0.4167	0	0.01
0.0065	0.0348	0.1707	0.1928	0.0099	0.9746	-0.2191	0.0466	112	114	38	2	25	0.0032	0.4688	0	0.0065
0.0065	0.0164	0.1994	0.1969	0.0198	0.9146	0.132	0.3822	113	115	38	2	26	0.0052	0.5833	0	0.0074
0.0065	0.0397	0.2151	0.1927	0.0271	0.8651	0.1758	0.4697	114	116	38	2	27	0.0008	0.2083	0	0.01
0.0065	0.0381	0.251	0.2004	0.0383	0.974	0.0495	0.2211	115	117	38	2	28	0.0007	0.25	0	0.0065
0.0065	0.031	0.2807	0.2197	0.041	0.9238	0.3807	-0.0415	116	118	38	2	29	0.0058	0.4063	0	0.0095
0.0065	0.0251	0.3023	0.2229	0.0286	0.4433	0.5508	-0.7072	117	119	38	2	30	0.01	0.05	0	0.01
0.0065	0.0002	0.3139	0.228	0.0357	0.9244	0.3648	0.1115	118	120	38	2	31	0.0009	0.3333	0	0.0082
0.0065	0.0205	0.3097	0.2314	0.039	0.7285	0.4642	0.5038	119	0	38	2	32	0.01	0.05	0	0.01
0.008	0.0261	0.043	-0.3081	0.0377	0.1652	0.3801	-0.9101	59	122	39	2	1	0.0047	0.375	0	0.0039
0.008	0.0445	0.0224	-0.3112	0.0133	0.0788	-0.2046	0.9757	121	0	39	2	2	0.0013	0.4167	0	0.008
0.0025	0.0293	0.0867	-0.3372	0.05	-0.9531	-0.0924	-0.2881	62	124	46	2	1	0.01	0.05	0	0.01
0.0025	0.0165	0.0563	-0.345	0.0438	-0.9171	0.3776	-0.1277	123	125	46	2	2	0.01	0.05	0	0.01
0.0025	0.0165	0.0412	-0.3388	0.0417	-0.5354	-0.8398	0.0896	124	0	46	2	3	0.01	0.05	0	0.01
0.0049	0.0793	0.1702	-0.3483	0.0348	0.8883	0.441	0.1282	63	127	50	2	1	0.0022	0.4375	0	0.0049
0.0059	0.0242	0.2401	-0.3125	0.0451	0.8485	0.5263	-0.055	126	128	50	2	2	0.0042	0.5833	0	0.0059
0.0056	0.0261	0.2628	-0.3072	0.0424	0.9624	0.2569	0.0881	127	129	50	2	3	0.01	0.05	0	0.01
0.0055	0.0213	0.2627	-0.3049	0.0372	0.1858	0.4377	-0.8797	128	130	50	2	4	0.01	0.05	0	0.01
0.0054	0.0134	0.2601	-0.3033	0.0435	-0.4695	0.8709	0.145	129	0	50	2	5	0.01	0.05	0	0.01
0.0097	0.0577	-0.096	0.0135	-0.0429	-0.756	0.442	0.4828	68	132	20	2	1	0.0023	0.4583	0	0.0097
0.0097	0.0045	-0.1315	0.0377	-0.0137	-0.0117	0.6923	0.7215	131	133	20	2	2	0.01	0.05	0	0.01
0.0097	0.0267	-0.1316	0.0409	-0.0104	-0.4488	0.8728	-0.1919	132	0	20	2	3	0.01	0.05	0	0.01
0.0119	0.053	0.0126	-0.1946	0.0348	0.5376	-0.8198	0.1973	89	135	42	3	1	0.0017	0.4167	0	0.0119
0.0119	0.0023	0.0408	-0.2361	0.0342	0.9882	-0.1444	-0.051	134	136	42	3	2	0.01	0.05	0	0.01
0.0119	0.0415	0.049	-0.2345	0.0317	0.3897	-0.8761	0.284	135	137	42	3	3	0.0012	0.2917	0	0.0103
0.0119	0.0075	0.0667	-0.2652	0.0466	0.9511	-0.2958	0.089	136	138	42	3	4	0.01	0.05	0	0.01
0.0119	0.0145	0.0725	-0.2682	0.0473	0.0507	-0.0676	-0.9964	137	0	42	3	5	0.01	0.05	0	0.01
0.0062	0.0593	0.0258	-0.1981	0.0499	0.0967	0.7267	-0.6801	91	140	44	3	1	0.0012	0.3333	0	0.0126
0.0062	0.0005	0.0215	-0.1618	0.0132	-0.5942	0.5828	-0.5543	139	141	44	3	2	0.01	0.05	0	0.01
0.0062	0.0201	0.0212	-0.1615	0.0129	0.3657	0.5424	-0.7563	140	142	44	3	3	0.01	0.05	0	0.01
0.0062	0.0306	0.0286	-0.1506	-0.0023	0.4931	-0.3515	-0.7958	141	0	44	3	4	0.01	0.05	0	0.01
0.01	0.0401	0.0028	-0.1157	0.0016	0.6832	-0.4764	0.5534	94	144	45	3	1	0.0024	0.4583	1	0.01
0.01	0.0348	0.0302	-0.1348	0.0237	-0.2918	0.7805	-0.5528	143	145	45	3	2	0.0024	0.4583	0	0.01
0.01	0.0487	0.0245	-0.1129	0.0057	0.7496	0.5637	-0.3468	144	146	45	3	3	0.0009	0.25	0	0.0065
0.01	0.0479	0.0505	-0.0791	-0.0138	0.5429	0.7416	-0.394	145	147	45	3	4	0.0035	0.375	0	0.0066
0.01	0.0198	0.0789	-0.0483	-0.0094	0.5036	0.8557	0.1193	146	148	45	3	5	0.01	0.05	0	0.01
0.01	0.0032	0.0727	-0.049	-0.0296	0.1878	0.7027	-0.6862	147	0	45	3	6	0.01	0.05	0	0.01
0.0106	0.02	0.0024	-0.1341	0.0355	-0.9781	-0.1883	-0.0887	93	150	49	3	1	0.002	0.4583	1	0.0106
0.0106	0.0536	-0.0172	-0.1379	0.0337	-0.2958	0.955	-0.0227	149	151	49	3	2	0.002	0.4583	0	0.0106
0.0106	0.0059	-0.027	-0.091	0.0204	0.2923	0.9371	-0.1906	150	152	49	3	3	0.01	0.05	0	0.01
0.0106	0.027	-0.0296	-0.0842	0.0204	-0.0992	0.4566	-0.8841	151	153	49	3	4	0.01	0.05	0	0.01
0.0106	0.0263	-0.0323	-0.0719	-0.0035	-0.2913	0.8095	-0.5098	152	0	49	3	5	0.01	0.05	0	0.01
0.0096	0.0285	0.0055	-0.0819	-0.0219	0.9983	0.011	-0.0579	96	155	62	3	1	0.0024	0.4167	1	0.0096
0.0096	0.045	0.0339	-0.0816	-0.0236	-0.0671	0.9167	0.3939	154	156	62	3	2	0.0024	0.4167	0	0.0096
0.0096	0.0018	0.0323	-0.0389	-0.0145	-0.3893	0.917	0.087	155	0	62	3	3	0.01	0.05	0	0.01
0.01	0.0749	-0.0113	0.0403	-0.0128	0.8555	0.4893	-0.1695	101	158	64	3	1	0.0032	0.5	0	0.0101
0.01	0.035	0.0528	0.0797	-0.0224	0.7658	0.4703	-0.4386	157	159	64	3	2	0.01	0.05	0	0.01
0.01	0.0136	0.0534	0.0938	-0.0522	0.3303	0.6268	-0.7057	158	160	64	3	3	0.001	0.4167	0	0.01
0.01	0.0034	0.0538	0.1044	-0.0578	0.3045	0.9354	-0.1798	159	161	64	3	4	0.01	0.05	0	0.01
0.01	0.0163	0.0548	0.1075	-0.0584	0.5101	-0.3776	0.7728	160	0	64	3	5	0.01	0.05	0	0.01
0.0123	0.0084	0.0038	0.0176	-0.0195	-0.9594	-0.2252	0.1699	100	163	66	3	1	0.0025	0.4167	0	0.0123
0.0123	0.0212	0.0043	0.013	-0.0307	-0.4422	-0.8907	-0.1052	162	164	66	3	2	0.01	0.05	0	0.01
0.0123	0.0308	0.0011	0.0142	-0.0333	-0.7529	0.2213	-0.6199	163	0	66	3	3	0.01	0.05	0	0.01
0.009	0.0212	0.0549	0.1332	-0.0151	0.8462	0.4079	0.3429	106	166	72	3	1	0.0032	0.375	1	0.0223
0.009	0.0498	0.0849	0.1506	-0.0146	0.3346	0.2464	0.9096	165	167	72	3	2	0.0045	0.25	0	0.0223
0.009	0.0463	0.1083	0.1521	0.0265	-0.4382	-0.5499	0.711	166	168	72	3	3	0.0076	0.375	0	0.0092
0.009	0.0331	0.0788	0.1393	0.0735	0.245	-0.6358	0.732	167	169	72	3	4	0.0082	0.4063	0	0.009
0.009	0.0301	0.0769	0.1239	0.0952	-0.3211	-0.1368	0.9371	168	170	72	3	5	0.01	0.05	0	0.01
0.009	0.0409	0.0725	0.1176	0.0906	0.8568	-0.4866	0.1707	169	171	72	3	6	0.0049	0.225	0	0.0149
0.009	0.0509	0.0963	0.0898	0.1005	0.5167	-0.8232	-0.2353	170	172	72	3	7	0.0011	0.2917	0	0.0088
0.009	0.0334	0.1228	0.0481	0.0871	0.4584	-0.8872	-0.052	171	173	72	3	8	0.01	0.05	0	0.01
0.009	0.015	0.1132	0.0404	0.0961	-0.4296	-0.7404	0.5169	172	174	72	3	9	0.01	0.05	0	0.01
0.009	0.0124	0.1067	0.0293	0.1038	-0.2435	-0.8183	0.5207	173	0	72	3	10	0.01	0.05	0	0.01
0.0062	0.0543	0.1754	0.1864	0.0063	-0.5331	-0.7825	0.3218	113	176	73	3	1	0.0023	0.5	0	0.0089
0.0062	0.023	0.1442	0.1469	0.0205	-0.869	-0.4625	0.1759	175	177	73	3	2	0.0011	0.2917	0	0.0093
0.0062	0.0057	0.1303	0.1364	0.0266	-0.0993	-0.9407	0.3243	176	178	73	3	3	0.01	0.05	0	0.01
0.0062	0.0342	0.1298	0.131	0.0285	0.0265	-0.4099	-0.9117	177	0	73	3	4	0.01	0.05	0	0.01
0.0062	0.0139	0.2616	0.1962	0.036	0.1859	-0.7098	-0.6795	116	180	78	3	1	0.0023	0.4167	1	0.0102
0.0062	0.0345	0.2642	0.1864	0.0266	0.2389	-0.6291	0.7397	179	181	78	3	2	0.0023	0.4167	0	0.0102
0.0062	0.0235	0.2692	0.1618	0.0355	0.5372	-0.8425	0.0402	180	182	78	3	3	0.001	0.375	0	0.0108
0.0058	0.0348	0.2863	0.1422	0.0473	0.4497	-0.8774	-0.1674	181	183	78	3	4	0.0047	0.4583	0	0.0058
0.0058	0.0287	0.3007	0.1107	0.0433	0.6617	-0.7483	0.0468	182	184	78	3	5	0.01	0.05	0	0.01
0.0058	0.0164	0.3242	0.1014	0.0402	0.917	-0.3821	-0.1146	183	0	78	3	6	0.01	0.05	0	0.01
0.0047	0.0179	0.2096	-0.3244	0.0377	-0.4879	0.6162	-0.6183	126	186	58	3	1	0.0025	0.4583	1	0.0135
0.0047	0.0255	0.1937	-0.316	0.0299	0.2781	0.3624	0.8896	185	187	58	3	2	0.0055	0.3	0	0.0135
0.0047	0.0296	0.195	-0.2946	0.0427	0.8807	0.4706	0.0542	186	188	58	3	3	0.0017	0.125	0	0.01
0.0047	0.0191	0.2196	-0.2821	0.0453	-0.1242	0.64	0.7582	187	0	58	3	4	0.0053	0.2	0	0.01
0.0095	0.0414	0.0108	0.0612	-0.025	-0.6234	0.7819	0.0014	157	190	68	4	1	0.0031	0.4583	0	0.0136
0.0095	0.0096	-0.0119	0.0931	-0.0196	-0.8563	0.0461	0.5144	189	191	68	4	2	0.01	0.05	0	0.01
0.0095	0.029	-0.0201	0.0936	-0.0147	0.8119	0.5602	0.1642	190	192	68	4	3	0.01	0.05	0	0.01
0.0095	0.0251	0.0035	0.1098	-0.0099	0.1965	0.9464	0.2563	191	0	68	4	4	0.01	0.05	0	0.01
0.0095	0.0486	0.0777	0.1064	0.0869	-0.5017	-0.838	0.2148	170	194	83	4	1	0.003	0.4583	0	0.0095
0.0095	0.0123	0.0538	0.0739	0.1017	-0.9143	-0.1529	0.3751	193	195	83	4	2	0.01	0.05	0	0.01
0.0095	0.0307	0.0425	0.072	0.1064	-0.8453	0.0446	-0.5324	194	0	83	4	3	0.01	0.05	0	0.01
0.0091	0.0738	0.2908	0.124	0.0403	-0.9721	-0.098	-0.213	182	197	85	4	1	0.0032	0.5833	0	0.0091
0.0091	0.0077	0.2218	0.1254	0.0271	-0.8354	0.3835	-0.3939	196	198	85	4	2	0.01	0.05	0	0.01
0.0091	0.0217	0.2154	0.1283	0.024	-0.573	0.2641	0.7758	197	0	85	4	3	0.01	0.05	0	0.01
