radius (m)	length (m)	start_point	axis_direction	parent	extension	branch	branch_order	position_in_branch	mad	SurfCov	added	UnmodRadius (m)
0.0077	0.0503	-0.2548	-0.1458	-0.0234	0.93	-0.2859	0.2308	0	2	1	0	1	0.0025	0.5417	0	0.0077
0.0092	0.0543	-0.209	-0.148	-0.0049	0.9877	0.1281	-0.0893	1	3	1	0	2	0.001	0.4583	0	0.0095
0.0078	0.0252	-0.1589	-0.1344	-0.0076	0.8416	0.5133	-0.1681	2	4	1	0	3	0.001	0.2917	0	0.0078
0.0064	0.0413	-0.1325	-0.1247	-0.0026	0.6673	0.7349	-0.1208	3	5	1	0	4	0.0043	0.375	0	0.006
0.0093	0.0347	-0.124	-0.082	-0.0088	0.5363	0.8376	0.1036	4	6	1	0	5	0.0075	0.3438	0	0.0101
0.0063	0.0256	-0.1112	-0.0538	-0.0104	-0.1014	0.9933	-0.056	5	7	1	0	6	0.0065	0.4375	0	0.0062
0.0083	0.0492	-0.1101	-0.0463	-0.0094	0.9322	0.2286	0.2804	6	8	1	0	7	0.001	0.2083	0	0.0083
0.0085	0.0547	-0.0633	-0.0419	-0.0011	0.9402	-0.1205	0.3186	7	9	1	0	8	0.0009	0.25	0	0.0092
0.0082	0.0369	-0.012	-0.0233	0.0117	0.9946	0.0258	0.1001	8	10	1	0	9	0.0093	0.325	0	0.0085
0.0078	0.0629	0.0302	-0.0314	0.0154	0.8509	0.5213	-0.0654	9	11	1	0	10	0.0046	0.3036	0	0.008
0.0069	0.0272	0.0856	-0.009	0.01	0.9796	0.1823	-0.0846	10	12	1	0	11	0.0037	0.35	0	0.0069
0.0072	0.0016	0.0957	0.0113	0.0077	0.6503	0.7032	-0.2873	11	13	1	0	12	0.01	0.05	0	0.01
0.0071	0.0244	0.0967	0.0124	0.0073	0.6362	-0.7712	0.0234	12	0	1	0	13	0.01	0.05	0	0.01
0.0078	0.0726	-0.2501	-0.1537	-0.0263	0.5203	-0.853	0.0416	1	15	2	1	1	0.0026	0.5	0	0.0078
0.0078	0.026	-0.2119	-0.2157	-0.0232	-0.1377	-0.9869	0.0837	14	16	2	1	2	0.0026	0.25	0	0.027
0.0078	0.0783	-0.2087	-0.2435	-0.0162	-0.3326	-0.9418	0.0482	15	17	2	1	3	0.0079	0.2292	0	0.0059
0.0078	0.0258	-0.2528	-0.3063	-0.0248	-0.4134	-0.8909	-0.188	16	18	2	1	4	0.01	0.05	0	0.01
0.0078	0.03	-0.2393	-0.322	-0.0146	0.2097	-0.9685	0.1341	17	19	2	1	5	0.0006	0.3333	0	0.0049
0.0078	0.0478	-0.2234	-0.3532	0.0029	0.3831	-0.8297	-0.406	18	20	2	1	6	0.0063	0.2	0	0.0189
0.0078	0.0941	-0.2062	-0.3919	-0.01	-0.0206	-0.9875	0.156	19	21	2	1	7	0.0087	0.18	0	0.0421
0.0078	0.033	-0.2283	-0.4691	-0.0009	-0.6356	-0.7536	0.1676	20	22	2	1	8	0.0011	0.3333	0	0.0102
0.0078	0.0252	-0.2481	-0.4886	0.003	-0.9805	0.1782	-0.0828	21	23	2	1	9	0.0007	0.2917	0	0.0088
0.0078	0.001	-0.2668	-0.4782	0.003	-0.6897	0.7214	-0.0622	22	24	2	1	10	0.01	0.05	0	0.01
0.0078	0.0371	-0.2747	-0.4918	0.004	-0.8765	0.4212	-0.2331	23	25	2	1	11	0.0071	0.225	0	0.0426
0.0078	0.0406	-0.2969	-0.5009	-0.0039	-0.9062	-0.3735	0.1983	24	26	2	1	12	0.0019	0.2	0	0.0573
0.0078	0.0353	-0.3336	-0.509	0.009	-0.9703	-0.1256	0.2066	25	27	2	1	13	0.01	0.05	0	0.01
0.0078	0.0446	-0.3647	-0.5239	0.0012	-0.9404	-0.3374	0.043	26	28	2	1	14	0.0065	0.18	0	0.0151
0.0078	0.0051	-0.4032	-0.5282	-0.0047	-0.9627	0.1316	-0.2363	27	29	2	1	15	0.01	0.05	0	0.01
0.0078	0.033	-0.4074	-0.5279	-0.0015	-0.2742	-0.9611	-0.0329	28	30	2	1	16	0.01	0.05	0	0.01
0.0078	0.0418	-0.4164	-0.5596	-0.0025	-0.4476	-0.8652	0.2261	29	0	2	1	17	0.01	0.05	0	0.01
0.0052	0.0168	-0.2022	-0.1554	-0.0096	0.5836	-0.6924	-0.4244	2	32	4	1	1	0.0018	0.4167	1	0.0048
0.0051	0.0773	-0.1925	-0.167	-0.0167	0.8306	-0.4929	0.2592	31	33	4	1	2	0.0018	0.4167	0	0.0048
0.0075	0.0363	-0.1302	-0.2073	-0.0019	0.5267	-0.8349	0.16	32	34	4	1	3	0.0009	0.2917	0	0.0085
0.0068	0.0281	-0.107	-0.2356	0.004	0.4284	-0.8824	0.1948	33	35	4	1	4	0.01	0.05	0	0.01
0.0076	0.0544	-0.091	-0.2542	0.0018	0.8869	-0.4506	0.1022	34	36	4	1	5	0.0048	0.26	0	0.015
0.0064	0.0513	-0.041	-0.2695	0.0026	0.9815	-0.1152	0.1533	35	37	4	1	6	0.01	0.05	0	0.01
0.0061	0.062	0.0036	-0.2844	0.0203	0.9172	-0.2542	0.3069	36	38	4	1	7	0.01	0.05	0	0.01
0.0058	0.0421	0.0248	-0.2548	0.0112	0.8096	0.5792	-0.0956	37	0	4	1	8	0.01	0.05	0	0.01
0.006	0.0593	-0.1175	-0.0461	-0.0077	-0.9563	0.1674	-0.2397	6	40	9	1	1	0.0018	0.375	0	0.0072
0.006	0.0025	-0.1743	-0.0368	-0.0227	-0.9515	0.2997	-0.0696	39	41	9	1	2	0.01	0.05	0	0.01
0.006	0.0316	-0.1767	-0.0361	-0.0229	0.4677	0.8817	-0.0619	40	42	9	1	3	0.01	0.05	0	0.01
0.006	0.0116	-0.1619	-0.0082	-0.0248	-0.236	0.9375	0.2559	41	0	9	1	4	0.01	0.05	0	0.01
0.0065	0.0842	-0.0803	-0.0318	-0.0108	-0.2295	0.9733	-0.0059	8	44	17	1	1	0.0008	0.4583	0	0.0065
0.0074	0.018	-0.098	0.0423	-0.001	0.1202	0.801	0.5865	43	45	17	1	2	0.01	0.05	0	0.01
0.0076	0.0271	-0.0962	0.0306	-0.0049	0.9108	-0.2089	0.3562	44	46	17	1	3	0.0044	0.375	0	0.0078
0.006	0.0102	-0.0593	0.0386	-0.001	0.7569	-0.6492	0.0745	45	47	17	1	4	0.0053	0.375	0	0.006
0.0057	0.0452	-0.0554	0.0429	0.0012	0.9284	0.3	0.2194	46	48	17	1	5	0.0033	0.5	0	0.0057
0.006	0.0201	-0.0146	0.0603	0.0064	0.8607	0.4802	0.1693	47	49	17	1	6	0.0028	0.4688	0	0.006
0.0077	0.0395	0.0049	0.0556	0.0069	0.9871	0.1263	0.0985	48	50	17	1	7	0.0014	0.375	0	0.0102
0.0079	0.0081	0.0437	0.0712	0.0082	0.9908	-0.0167	-0.1345	49	51	17	1	8	0.0039	0.5	0	0.0092
0.0066	0.0577	0.0532	0.0694	0.0074	0.7396	0.6699	-0.0654	50	52	17	1	9	0.0009	0.375	0	0.0066
0.0054	0.0244	0.0918	0.1121	0.0022	0.7084	0.6989	-0.0982	51	53	17	1	10	0.0035	0.625	0	0.0041
0.0075	0.0327	0.1104	0.117	0.0013	0.9885	0.1203	0.0911	52	54	17	1	11	0.0011	0.2083	0	0.0104
0.0079	0.0362	0.1438	0.1299	-0.0036	0.9936	-0.113	0.0043	53	55	17	1	12	0.0029	0.5	0	0.0084
0.0075	0.0571	0.1531	0.1363	-0.0041	0.3664	0.9274	-0.0749	54	56	17	1	13	0.0063	0.25	0	0.0106
0.0055	0.0354	0.1833	0.1889	-0.0045	0.0421	0.9989	-0.0218	55	57	17	1	14	0.0034	0.3333	0	0.0055
0.0054	0.0307	0.1884	0.2231	-0.0045	0.2943	0.9504	0.101	56	58	17	1	15	0.0028	0.4688	0	0.0052
0.0072	0.0312	0.1987	0.2485	-0.0149	0.4356	0.8761	-0.2068	57	59	17	1	16	0.01	0.05	0	0.01
0.0075	0.0388	0.1943	0.2411	-0.0089	-0.854	0.4963	0.1559	58	60	17	1	17	0.0015	0.2917	0	0.0081
0.0072	0.0255	0.1661	0.249	-0.0114	-0.8947	-0.0495	-0.444	59	61	17	1	18	0.01	0.05	0	0.01
0.0075	0.0506	0.1663	0.2485	-0.0026	0.1583	0.963	-0.2179	60	62	17	1	19	0.0011	0.2917	0	0.0093
0.0074	0.0461	0.1741	0.2954	-0.0209	0.0991	0.9641	-0.2464	61	63	17	1	20	0.0011	0.25	0	0.0157
0.0058	0.0706	0.1943	0.3352	-0.0084	0.4107	0.9071	-0.0918	62	64	17	1	21	0.0076	0.2292	0	0.0058
0.0071	0.0237	0.2141	0.4033	-0.0143	0.4132	0.9055	0.096	63	65	17	1	22	0.01	0.05	0	0.01
0.0075	0.0227	0.2241	0.4241	-0.0085	0.3766	0.9102	0.1726	64	66	17	1	23	0.0009	0.3333	0	0.0094
0.007	0.0285	0.2309	0.4423	-0.0148	0.005	0.9735	-0.2285	65	67	17	1	24	0.01	0.05	0	0.01
0.0076	0.0266	0.2445	0.4529	-0.0094	0.5384	0.7235	0.432	66	68	17	1	25	0.0007	0.4167	0	0.0091
0.007	0.0259	0.2647	0.4678	-0.0018	0.6472	0.7434	0.1689	67	69	17	1	26	0.01	0.05	0	0.01
0.0074	0.0039	0.2737	0.4905	0.0084	0.5706	0.7573	0.3178	68	70	17	1	27	0.0005	0.4583	0	0.0077
0.0076	0.0584	0.2716	0.4958	0.0158	0.4206	0.9054	-0.0579	69	71	17	1	28	0.001	0.4167	0	0.0105
0.0075	0.0476	0.2825	0.5504	0.0111	0.1175	0.9912	0.0605	70	72	17	1	29	0.0053	0.35	0	0.0121
0.0069	0.0203	0.2822	0.5939	0.008	-0.4293	0.8955	-0.1171	71	73	17	1	30	0.01	0.05	0	0.01
0.0069	0.0581	0.2748	0.6137	0.0115	-0.4025	0.9032	-0.1489	72	74	17	1	31	0.01	0.05	0	0.01
0.0068	0.0546	0.2726	0.6679	0.0077	-0.0621	0.9953	-0.074	73	75	17	1	32	0.01	0.05	0	0.01
0.0068	0.0182	0.2684	0.6826	0.0371	-0.1272	0.6398	0.7579	74	0	17	1	33	0.01	0.05	0	0.01
0.0069	0.0943	-0.019	-0.0527	0.0213	0.5225	-0.8455	-0.1105	8	77	19	1	1	0.002	0.4167	0	0.0069
0.0055	0.0471	0.0256	-0.1365	0.0181	0.5816	-0.81	-0.0751	76	78	19	1	2	0.003	0.4	0	0.0055
0.0064	0.0321	0.0612	-0.1638	0.0212	0.7383	-0.6557	0.1578	77	79	19	1	3	0.01	0.05	0	0.01
0.0062	0.0258	0.0552	-0.1873	0.0121	0.1683	-0.9678	-0.1872	78	80	19	1	4	0.01	0.05	0	0.01
0.006	0.0139	0.0527	-0.1746	0.0144	0.8623	0.0618	0.5026	79	0	19	1	5	0.01	0.05	0	0.01
0.0094	0.0477	-0.2334	-0.4869	0.004	0.3361	-0.9364	0.1007	21	82	8	2	1	0.0033	0.4167	0	0.0094
0.0094	0.087	-0.212	-0.5299	-0.0068	0.9469	-0.0609	0.3158	81	83	8	2	2	0.001	0.2917	0	0.0121
0.0094	0.0366	-0.1207	-0.5399	0.0067	0.8554	0.1049	0.5072	82	84	8	2	3	0.0013	0.25	0	0.0134
0.0094	0.0252	-0.0942	-0.5349	0.0309	0.6633	0.6162	0.4247	83	85	8	2	4	0.01	0.05	0	0.01
0.0094	0.019	-0.0773	-0.5441	0.0318	0.9749	-0.0742	0.21	84	86	8	2	5	0.01	0.05	0	0.01
0.0094	0.0177	-0.0856	-0.5449	0.0297	0.0331	-0.9676	-0.2504	85	0	8	2	6	0.01	0.05	0	0.01
0.0066	0.0541	-0.2135	-0.3914	-0.0106	-0.9988	0.0448	-0.0203	19	88	10	2	1	0.0015	0.4167	0	0.0064
0.0074	0.0394	-0.2676	-0.3861	-0.0085	-0.993	-0.1081	0.0467	87	89	10	2	2	0.0013	0.2917	0	0.0117
0.0074	0.024	-0.2887	-0.3923	-0.027	-0.6758	-0.4898	-0.5508	88	90	10	2	3	0.01	0.05	0	0.01
0.0074	0.0045	-0.3071	-0.3961	-0.015	-0.9489	-0.3151	0.0173	89	0	10	2	4	0.01	0.05	0	0.01
0.0074	0.1122	-0.2232	-0.4723	0.0042	0.6318	0.7536	-0.1813	21	92	11	2	1	0.0023	0.4167	0	0.0094
0.0074	0.0612	-0.1513	-0.3875	-0.0034	0.3511	0.9354	-0.0427	91	93	11	2	2	0.0009	0.2917	0	0.0077
0.0074	0.0231	-0.1284	-0.3313	-0.0055	0.6123	0.7884	0.0582	92	94	11	2	3	0.0004	0.375	0	0.0075
0.0074	0.0053	-0.1207	-0.313	-0.001	0.1375	0.9618	0.2366	93	0	11	2	4	0.01	0.05	0	0.01
0.0074	0.0727	-0.4171	-0.5351	-0.0043	0.2262	0.9739	-0.016	29	96	27	2	1	0.0018	0.4167	0	0.0082
0.0073	0.0217	-0.4113	-0.4602	-0.0145	0.2337	0.9575	0.169	95	97	27	2	2	0.0023	0.2	0	0.0126
0.0073	0.0279	-0.4034	-0.4425	-0.0148	0.696	0.7147	-0.0699	96	98	27	2	3	0.0009	0.2917	0	0.0081
0.0057	0.0497	-0.3933	-0.4161	-0.0195	0.5758	0.8168	-0.0361	97	99	27	2	4	0.0066	0.4063	0	0.0057
0.0065	0.0261	-0.356	-0.3791	-0.0164	0.4266	0.8996	-0.0933	98	100	27	2	5	0.01	0.05	0	0.01
0.0061	0.0332	-0.363	-0.356	-0.0266	0.0896	0.9616	-0.2593	99	101	27	2	6	0.01	0.05	0	0.01
0.0059	0.0156	-0.3658	-0.3757	-0.0212	-0.987	0.134	0.0885	100	0	27	2	7	0.01	0.05	0	0.01
0.0071	0.0633	-0.126	-0.2096	0.006	0.6087	0.7933	0.0112	33	103	12	2	1	0.0017	0.5417	0	0.0071
0.0071	0.0769	-0.0886	-0.1583	0.0032	0.6298	0.776	0.0339	102	104	12	2	2	0.0007	0.25	0	0.0093
0.0071	0.0595	-0.0366	-0.1029	0.0115	0.7454	0.666	0.0289	103	105	12	2	3	0.01	0.05	0	0.01
0.0071	0.0177	-0.0038	-0.0563	0.0201	0.5714	0.8071	0.1489	104	0	12	2	4	0.01	0.05	0	0.01
0.0049	0.1118	-0.1332	-0.1985	-0.0029	0.9536	-0.2502	0.1672	32	107	13	2	1	0.0026	0.1833	0	0.0106
0.0049	0.0049	-0.0282	-0.2172	0.0168	0.9481	0.1345	0.2881	106	108	13	2	2	0.0026	0.15	0	0.01
0.0049	0.0187	-0.0195	-0.208	0.0169	0.8569	-0.4413	-0.2664	107	109	13	2	3	0.0048	0.15	0	0.01
0.0049	0.0244	-0.0072	-0.222	0.0163	0.8683	-0.4858	0.0997	108	0	13	2	4	0.0009	0.15	0	0.01
0.007	0.0332	-0.0969	0.0623	0.0046	-0.1913	0.4607	-0.8667	44	111	25	2	1	0.0022	0.5833	1	0.0099
0.007	0.033	-0.1033	0.0776	-0.0242	-0.7039	0.0115	0.7102	110	112	25	2	2	0.0022	0.5833	0	0.0099
0.007	0.0466	-0.1277	0.0816	-0.0119	-0.9365	0.289	0.1984	111	113	25	2	3	0.001	0.4583	0	0.0092
0.0068	0.0628	-0.1528	0.09	-0.0146	0.35	0.9241	0.1534	112	114	25	2	4	0.0036	0.4167	0	0.0068
0.0052	0.0725	-0.1319	0.149	-0.0055	0.5907	0.8049	0.0575	113	115	25	2	5	0.0044	0.4063	0	0.0046
0.0069	0.0627	-0.1025	0.2053	0.0265	0.477	0.8289	0.2923	114	116	25	2	6	0.0051	0.4063	0	0.0115
0.0059	0.0308	-0.0664	0.259	0.0094	0.4437	0.8876	0.1234	115	117	25	2	7	0.0052	0.5417	0	0.0059
0.0069	0.0488	-0.0809	0.1566	0.0049	0.9735	-0.2054	-0.1003	116	118	25	2	8	0.0044	0.5417	0	0.0083
0.0069	0.0545	-0.0679	0.1992	0.0057	0.8326	0.5284	0.1659	117	119	25	2	9	0.0065	0.4167	0	0.0084
0.0067	0.004	-0.0856	0.2118	-0.0024	-0.1935	0.9615	-0.1953	118	120	25	2	10	0.001	0.25	0	0.0079
0.0049	0.0535	-0.0866	0.2158	0.0005	-0.3355	0.9396	-0.0675	119	121	25	2	11	0.0034	0.325	0	0.0048
0.0064	0.0394	-0.0806	0.2588	0.0002	0.2875	0.9569	0.0405	120	122	25	2	12	0.01	0.05	0	0.01
0.0067	0.0054	-0.1028	0.2805	-0.0087	-0.3421	0.898	-0.2767	121	123	25	2	13	0.0006	0.4167	0	0.0072
0.0066	0.0335	-0.1048	0.2849	-0.0109	-0.9536	0.2987	-0.0377	122	124	25	2	14	0.0012	0.3333	0	0.0072
0.0063	0.0461	-0.1344	0.2944	-0.012	0.2064	0.9748	-0.0842	123	125	25	2	15	0.0013	0.1667	0	0.0075
0.006	0.0367	-0.1227	0.3377	-0.0178	0.4491	0.8634	-0.2299	124	126	25	2	16	0.01	0.05	0	0.01
0.0064	0.005	-0.1166	0.3725	-0.0244	0.2152	0.9235	-0.3176	125	127	25	2	17	0.0014	0.3333	0	0.0083
0.0058	0.0002	-0.113	0.3767	-0.0239	0.4276	0.818	-0.3848	126	128	25	2	18	0.01	0.05	0	0.01
0.0057	0.0322	-0.1129	0.3769	-0.0239	0.4028	0.8989	0.1726	127	129	25	2	19	0.01	0.05	0	0.01
0.0057	0.015	-0.0999	0.4058	-0.0184	-0.0257	0.9548	-0.296	128	0	25	2	20	0.01	0.05	0	0.01
0.0106	0.0659	-0.0511	0.0396	0.0056	0.4278	-0.8735	0.2323	47	131	26	2	1	0.0016	0.4583	0	0.0106
0.0106	0.0328	-0.0186	-0.0092	0.0137	0.9364	-0.2457	0.2507	130	0	26	2	2	0.01	0.05	0	0.01
0.0075	0.0364	0.0587	0.0638	0.0093	0.8936	-0.4436	0.0684	50	133	30	2	1	0.01	0.05	1	0.01
0.0075	0.0402	0.0912	0.0476	0.0118	0.7784	0.5695	-0.2641	132	134	30	2	2	0.01	0.05	0	0.01
0.0075	0.0242	0.1241	0.0731	0.0043	0.8169	-0.5738	0.0577	133	135	30	2	3	0.01	0.05	0	0.01
0.0075	0.0196	0.1438	0.0592	0.0057	0.8449	-0.3358	-0.4164	134	0	30	2	4	0.01	0.05	0	0.01
0.0064	0.0158	0.0706	0.0935	0.0079	-0.35	0.8765	0.3304	51	137	32	2	1	0.0022	0.625	1	0.0094
0.0064	0.0297	0.0651	0.1073	0.0131	-0.3062	0.8925	-0.3311	136	138	32	2	2	0.0022	0.625	0	0.0094
0.0064	0.0321	0.0538	0.1347	0.0014	0.355	0.9324	0.0678	137	139	32	2	3	0.001	0.375	0	0.008
0.0064	0.046	0.0478	0.1543	0.0057	-0.5133	0.8582	-0.0041	138	140	32	2	4	0.005	0.375	0	0.0087
0.0064	0.0536	0.0214	0.1875	0.0089	-0.9068	0.4213	0.0144	139	141	32	2	5	0.0037	0.4583	0	0.0064
0.0064	0.0367	-0.0291	0.1954	0.017	-0.9255	0.26	0.2753	140	142	32	2	6	0.0007	0.3333	0	0.0092
0.0064	0.0231	-0.0636	0.2094	0.0156	-0.9784	0.1754	0.1098	141	143	32	2	7	0.01	0.05	0	0.01
0.0064	0.0059	-0.0153	0.2043	0.0059	0.0895	0.9741	-0.2075	142	0	32	2	8	0.01	0.05	0	0.01
0.0075	0.0377	0.1731	0.1229	0.0035	0.3711	-0.9196	-0.129	54	145	37	2	1	0.0025	0.2917	0	0.0113
0.0075	0.0386	0.1879	0.09	0.0046	0.8892	-0.4573	0.0122	144	146	37	2	2	0.0012	0.375	0	0.0108
0.0071	0.0355	0.2225	0.072	0.0027	0.2326	-0.9631	0.1352	145	147	37	2	3	0.0008	0.3333	0	0.0071
0.0074	0.0344	0.2316	0.0382	0.0085	0.3568	-0.9331	0.0456	146	148	37	2	4	0.0025	0.5	0	0.0082
0.0072	0.0252	0.2381	0.0051	0.014	0.3602	-0.881	0.3067	147	149	37	2	5	0.01	0.05	0	0.01
0.0073	0.0285	0.2485	0.0095	0.0053	0.993	-0.0947	-0.0713	148	150	37	2	6	0.0006	0.4583	0	0.0085
0.0061	0.0358	0.2767	0.0038	0.0155	0.9474	-0.3127	-0.0685	149	151	37	2	7	0.0007	0.3333	0	0.0061
0.0061	0.0324	0.31	-0.008	0.0135	0.7106	-0.677	0.1916	150	152	37	2	8	0.0008	0.2083	0	0.0061
0.0049	0.0489	0.3365	-0.0234	0.014	0.8588	-0.5097	-0.0505	151	153	37	2	9	0.003	0.4688	0	0.0049
0.0068	0.0253	0.3791	-0.049	0.0152	0.8981	-0.3922	-0.1988	152	154	37	2	10	0.0034	0.4063	0	0.0073
0.0059	0.0185	0.387	-0.0367	0.0121	0.8321	0.5425	0.1154	153	155	37	2	11	0.01	0.05	0	0.01
0.0058	0.0221	0.386	-0.0438	0.014	0.7099	-0.6824	-0.1743	154	156	37	2	12	0.01	0.05	0	0.01
0.0054	0.0522	0.4017	-0.0589	0.0102	0.6887	-0.6868	-0.2323	155	0	37	2	13	0.01	0.05	0	0.01
0.0068	0.0389	0.1674	0.3029	-0.0222	-0.8053	-0.366	0.4663	62	158	50	2	1	0.0014	0.5417	0	0.0067
0.0071	0.0326	0.1361	0.293	-0.0038	-0.9331	0.0207	-0.3589	157	159	50	2	2	0.001	0.4583	0	0.0072
0.0071	0.0229	0.1028	0.2916	-0.0127	-0.6479	0.7556	-0.0965	158	160	50	2	3	0.01	0.05	0	0.01
0.0071	0.0099	0.088	0.3089	-0.015	-0.0573	0.5159	0.8547	159	0	50	2	4	0.01	0.05	0	0.01
0.0038	0.0345	0.224	0.4321	-0.0086	-0.9449	-0.0277	-0.3262	65	162	53	2	1	0.0041	0.3	0	0.0105
0.0038	0.0207	0.1916	0.4296	-0.0214	-0.966	-0.2176	0.1396	161	0	53	2	2	0.0025	0.375	0	0.0084
0.0073	0.0654	0.3006	0.5419	0.016	0.8878	-0.4566	0.0583	70	164	57	2	1	0.0021	0.4583	0	0.0073
0.0073	0.004	0.3574	0.5173	0.018	0.9555	0.2769	0.102	163	165	57	2	2	0.01	0.05	0	0.01
0.0073	0.0254	0.3613	0.5184	0.0184	0.0943	-0.9833	-0.1556	164	0	57	2	3	0.01	0.05	0	0.01
0.0088	0.0322	0.1163	-0.0931	0.0232	-0.7607	-0.3855	-0.5222	0	167	24	0	1	0.0008	0.375	0	0.0092
0.0077	0.052	0.0791	-0.1111	0.0078	0.4094	-0.8751	0.2581	166	168	24	0	2	0.0009	0.375	0	0.0074
0.0079	0.0086	0.0935	-0.1508	0.0203	0.641	0.7279	-0.2435	167	169	24	0	3	0.01	0.05	0	0.01
0.0076	0.0014	0.0998	-0.1439	0.018	-0.6105	0.7818	0.1266	168	0	24	0	4	0.01	0.05	0	0.01
0.0093	0.0475	-0.1363	0.1517	-0.0053	-0.8487	0.5276	0.0362	114	171	28	3	1	0.0044	0.5	1	0.0093
0.0093	0.048	-0.1766	0.1768	-0.0036	-0.1732	0.9427	0.2851	170	172	28	3	2	0.0044	0.5	0	0.0093
0.0093	0.0221	-0.1832	0.2251	0.0004	-0.6565	0.7451	0.1174	171	173	28	3	3	0.0028	0.5313	0	0.0096
0.0093	0.0453	-0.1991	0.2404	-0.0004	-0.6278	0.7779	-0.027	172	174	28	3	4	0.0009	0.2917	0	0.0092
0.0093	0.0231	-0.1788	0.2559	-0.0056	0.3244	0.8711	-0.3688	173	175	28	3	5	0.0116	0.3333	0	0.0125
0.0093	0.0152	-0.1718	0.2724	-0.0111	0.9934	-0.112	0.0252	174	176	28	3	6	0.0054	0.375	0	0.0076
0.0093	0.0009	-0.1626	0.2758	-0.0145	0.733	0.5066	-0.4538	175	0	28	3	7	0.01	0.05	0	0.01
0.007	0.0537	-0.0519	0.2028	0.0041	-0.263	-0.9602	-0.0946	118	178	33	3	1	0.001	0.4583	0	0.007
0.007	0.0101	-0.0665	0.1524	0.0032	-0.6047	-0.7831	0.1455	177	179	33	3	2	0.01	0.05	0	0.01
0.007	0.0394	-0.0747	0.1385	-0.001	0.9492	-0.314	-0.0207	178	0	33	3	3	0.0029	0.225	0	0.0315
0.0061	0.06	-0.08	0.2468	-0.0047	0.6637	0.7479	0.0101	121	181	36	3	1	0.0032	0.175	0	0.0146
0.0054	0.0412	-0.041	0.3113	-0.0102	0.9952	0.0085	-0.0973	180	182	36	3	2	0.0005	0.3333	0	0.0051
0.0061	0.0502	0.0026	0.3137	-0.0214	0.8699	-0.4569	0.1857	181	183	36	3	3	0.0009	0.375	0	0.0095
0.0061	0.0092	0.0402	0.2964	-0.0122	0.6688	0.7233	-0.1717	182	0	36	3	4	0.01	0.05	0	0.01
0.006	0.0124	0.0488	0.1383	-0.0008	-0.9339	-0.019	-0.3571	138	185	34	3	1	0.0021	0.625	1	0.0085
0.006	0.0493	0.0372	0.138	-0.0052	-0.5695	-0.7493	0.3379	184	186	34	3	2	0.0021	0.625	0	0.0085
0.006	0.0336	0.0086	0.1019	0.0096	-0.8264	-0.5629	-0.0123	185	187	34	3	3	0.0033	0.4688	0	0.0082
0.006	0.0426	-0.0205	0.0874	0.0028	-0.9069	-0.4127	-0.0851	186	0	34	3	4	0.0028	0.3333	0	0.0096
0.0067	0.0362	0.0331	0.1904	0.0032	0.7527	0.6572	0.0402	139	189	46	3	1	0.0024	0.375	0	0.0082
0.0067	0.0399	0.0592	0.2126	0.0007	0.7358	-0.6741	0.0652	188	190	46	3	2	0.0008	0.4583	0	0.0067
0.0067	0.024	0.0923	0.1898	0.0028	0.7472	-0.6564	0.1036	189	191	46	3	3	0.01	0.05	0	0.01
0.0067	0.0166	0.1082	0.1728	-0.0018	0.8338	-0.5315	-0.1495	190	192	46	3	4	0.01	0.05	0	0.01
0.0067	0.0054	0.0975	0.1694	0.0025	-0.1371	-0.9541	0.2663	191	0	46	3	5	0.01	0.05	0	0.01
0.0028	0.0727	0.2288	0.0731	-0.0004	0.4487	0.8935	-0.0156	146	194	48	3	1	0.0064	0.2	0	0.0107
0.0025	0.0415	0.2655	0.1302	-0.0038	0.8947	0.418	0.1575	193	195	48	3	2	0.0048	0.25	0	0.0668
0.0025	0.036	0.2976	0.1439	0.003	0.571	-0.7887	0.228	194	0	48	3	3	0.0019	0.2	0	0.01
0.0069	0.0599	0.2373	-0.0112	0.0167	-0.9609	0.1576	-0.2278	148	197	54	3	1	0.0022	0.4167	0	0.0083
0.0069	0.0295	0.1796	-0.0011	0.0031	-0.9865	-0.1063	-0.1242	196	198	54	3	2	0.01	0.05	0	0.01
0.0069	0.0172	0.151	-0.0024	0.007	-0.9948	-0.0611	0.081	197	199	54	3	3	0.01	0.05	0	0.01
0.0069	0.0231	0.1549	0.0183	0.0088	-0.7151	0.6858	0.1354	198	0	54	3	4	0.0013	0.2917	0	0.006
0.0075	0.0165	0.293	-0.0009	0.0204	0.4721	-0.0463	0.8803	150	201	55	3	1	0.0026	0.4583	1	0.0075
0.0075	0.0491	0.3008	-0.0016	0.0349	-0.7456	-0.4576	-0.4844	200	202	55	3	2	0.0026	0.4583	0	0.0075
0.0075	0.038	0.2604	-0.0282	0.0255	-0.8213	-0.4545	-0.3448	201	203	55	3	3	0.0047	0.3125	0	0.0097
0.0075	0.0294	0.2287	-0.0444	0.0139	-0.8686	-0.4935	0.0437	202	204	55	3	4	0.01	0.05	0	0.01
0.0075	0.0353	0.2082	-0.0636	0.0055	-0.829	-0.5303	-0.1776	203	205	55	3	5	0.0009	0.25	0	0.0067
0.0075	0.0459	0.1778	-0.0786	0.0113	-0.8806	-0.4697	0.0626	204	206	55	3	6	0.01	0.05	0	0.01
0.0075	0.0121	0.1463	-0.0744	-0.0101	-0.9102	-0.0672	-0.4086	205	0	55	3	7	0.01	0.05	0	0.01
0.0112	0.0102	0.3932	-0.0296	0.0078	-0.4532	0.1962	-0.8696	154	208	60	3	1	0.0027	0.4167	1	0.0112
0.0112	0.0291	0.3886	-0.0276	-0.001	0.1945	0.6057	0.7715	207	209	60	3	2	0.0027	0.4167	0	0.0112
0.0112	0.0323	0.3951	-0.0101	0.0206	0.0679	0.9974	-0.0221	208	210	60	3	3	0.0012	0.25	0	0.0103
0.0112	0.0242	0.4042	0.0214	0.0113	0.0521	0.9973	-0.0518	209	211	60	3	4	0.01	0.05	0	0.01
0.0112	0.0416	0.3988	0.0427	0.0278	-0.3504	0.9365	0.0151	210	212	60	3	5	0.0025	0.175	0	0.0049
0.0112	0.1116	0.3743	0.0796	0.0225	-0.1385	0.9829	-0.1211	211	213	60	3	6	0.0008	0.375	0	0.008
0.0112	0.0705	0.3414	0.1834	0.0049	-0.3165	0.9485	-0.0105	212	214	60	3	7	0.0013	0.25	0	0.01
0.0112	0.0757	0.323	0.248	-0.0048	-0.505	0.7567	-0.4152	213	215	60	3	8	0.01	0.05	0	0.01
0.0112	0.0168	0.3298	0.2751	0.0095	0.3857	0.8976	0.2134	214	216	60	3	9	0.01	0.05	0	0.01
0.0112	0.0158	0.3162	0.2856	0.0071	-0.2655	0.9501	0.1637	215	0	60	3	10	0.01	0.05	0	0.01
0.0069	0.0131	0.037	0.2891	-0.0154	-0.2006	-0.9475	-0.2491	182	218	42	4	1	0.0021	0.5	1	0.0069
0.0069	0.0469	0.0344	0.2767	-0.0186	-0.2388	-0.8829	0.4042	217	219	42	4	2	0.0021	0.5	0	0.0069
0.0069	0.0174	0.0213	0.2441	-0.003	-0.9798	-0.1835	0.08	218	0	42	4	3	0.01	0.05	0	0.01
0.0025	0.0445	0.0375	0.1404	0.0003	-0.5516	0.834	-0.0142	185	221	38	4	1	0.0059	0.25	1	0.0106
0.0025	0.0253	-0.0001	0.1654	-0.0017	0.6139	-0.7016	0.3617	220	222	38	4	2	0.0037	0.225	0	0.0106
0.0025	0.016	0.0057	0.1484	-0	-0.0167	-0.9973	-0.072	221	0	38	4	3	0.01	0.05	0	0.01
0.0072	0.0398	0.3069	0.2517	0.0024	-0.7545	-0.6561	0.0171	213	224	64	4	1	0.0017	0.625	0	0.0072
0.0072	0.0209	0.2818	0.2374	0.0017	-0.8806	0.3287	-0.3412	223	225	64	4	2	0.01	0.05	0	0.01
0.0072	0.0093	0.2824	0.2322	-0.0026	-0.5048	-0.8399	-0.1994	224	0	64	4	3	0.01	0.05	0	0.01
