radius (m)	length (m)	start_point	axis_direction	parent	extension	branch	branch_order	position_in_branch	mad	SurfCov	added	UnmodRadius (m)
0.0124	0.0624	0.3323	0.2255	-0.3087	-0.5709	-0.1849	0.7999	0	2	1	0	1	0.0023	0.7083	0	0.0124
0.0148	0.1076	0.3099	0.2161	-0.241	-0.7559	-0.2635	0.5992	1	3	1	0	2	0.0022	0.7813	0	0.0148
0.0159	0.0568	0.2242	0.1902	-0.1902	-0.9342	0.1412	0.3275	2	4	1	0	3	0.0024	0.7083	0	0.0159
0.0145	0.0577	0.1773	0.2021	-0.1484	-0.7811	0.6153	0.1057	3	5	1	0	4	0.0023	0.5	0	0.0145
0.0169	0.0523	0.1448	0.2429	-0.1515	-0.419	0.9062	-0.0568	4	6	1	0	5	0.0033	0.225	0	0.03
0.0124	0.0347	0.1264	0.2916	-0.1501	0.0884	0.9271	-0.3643	5	7	1	0	6	0.006	0.125	0	0.0068
0.0124	0.0536	0.1307	0.3159	-0.131	-0.5588	0.7994	0.2206	6	8	1	0	7	0.0075	0.3438	0	0.0087
0.0124	0.0171	0.1105	0.3462	-0.1078	-0.3412	0.4732	0.8122	7	9	1	0	8	0.0031	0.375	0	0.0078
0.0133	0.0416	0.1164	0.3556	-0.1032	0.5619	0.3389	0.7546	8	10	1	0	9	0.0014	0.25	0	0.0134
0.0124	0.0311	0.1358	0.3702	-0.0657	0.8015	0.3274	0.5003	9	11	1	0	10	0.01	0.05	0	0.01
0.0124	0.0273	0.1514	0.3763	-0.0855	0.8508	0.4476	-0.2753	10	0	1	0	11	0.0028	0.175	0	0.0072
0.0114	0.0117	0.3242	0.2078	-0.2391	0.8835	-0.4629	0.072	2	13	2	1	1	0.0018	0.625	1	0.0114
0.0114	0.046	0.3345	0.2024	-0.2383	0.9227	0.3851	0.0189	12	14	2	1	2	0.0018	0.625	0	0.0114
0.0092	0.0545	0.3819	0.221	-0.2388	0.2739	-0.0659	0.9595	13	15	2	1	3	0.0012	0.5417	0	0.0078
0.0123	0.0647	0.3967	0.2187	-0.188	0.7676	0.5182	0.3772	14	16	2	1	4	0.002	0.5417	0	0.0124
0.0124	0.0343	0.4437	0.2541	-0.1553	0.7245	0.6852	0.0746	15	17	2	1	5	0.0011	0.5417	0	0.0126
0.0136	0.0387	0.4678	0.2742	-0.1479	0.6712	0.5493	0.4978	16	18	2	1	6	0.0017	0.5833	0	0.0139
0.012	0.0643	0.493	0.296	-0.1285	0.4338	0.2897	0.8532	17	19	2	1	7	0.0021	0.5	0	0.0123
0.0116	0.0307	0.5265	0.3195	-0.0821	0.5932	0.4589	0.6615	18	20	2	1	8	0.0015	0.25	0	0.0125
0.0085	0.0485	0.5427	0.3276	-0.0532	0.4841	0.6603	0.5741	19	21	2	1	9	0.005	0.45	0	0.0085
0.0075	0.0169	0.5749	0.3569	-0.029	0.4635	0.4001	0.7906	20	22	2	1	10	0.0041	0.4063	0	0.0075
0.009	0.0224	0.5818	0.3618	-0.0368	0.9205	0.3844	-0.0706	21	23	2	1	11	0.01	0.05	0	0.01
0.0083	0.013	0.5825	0.3697	-0.0188	0.6736	0.2467	0.6968	22	24	2	1	12	0.0009	0.4167	0	0.0083
0.0083	0.0042	0.586	0.3742	-0.0064	0.4851	0.7276	0.4851	23	25	2	1	13	0.01	0.05	0	0.01
0.008	0.0187	0.5881	0.3772	-0.0043	0.9696	0.1439	-0.1977	24	0	2	1	14	0.01	0.05	0	0.01
0.0139	0.0344	0.1511	0.2448	-0.167	0.5843	-0.5109	-0.6305	5	27	3	1	1	0.0018	0.4167	0	0.0136
0.016	0.0538	0.1738	0.223	-0.1978	0.1467	0.9102	-0.3874	26	28	3	1	2	0.0011	0.3333	0	0.0163
0.0136	0.0419	0.1698	0.2631	-0.2304	0.0629	0.7643	-0.6418	27	29	3	1	3	0.01	0.05	0	0.01
0.0136	0.0063	0.1738	0.2939	-0.2219	-0.0503	0.9981	0.0343	28	0	3	1	4	0.0023	0.2917	0	0.0106
0.0124	0.0986	0.1587	0.2088	-0.1332	-0.9123	0.2164	0.3477	4	31	4	1	1	0.0023	0.5	0	0.0124
0.0124	0.0031	0.0817	0.2371	-0.0941	-0.4297	0.1807	0.8847	30	32	4	1	2	0.01	0.05	0	0.01
0.0124	0.0209	0.0827	0.2394	-0.0898	-0.668	0.2141	0.7127	31	0	4	1	3	0.01	0.05	0	0.01
0.0151	0.0729	0.1779	0.1973	-0.1704	-0.6459	-0.6362	0.4219	3	34	38	1	1	0.0099	0.25	1	0.0204
0.0151	0.0679	0.145	0.1317	-0.1476	-0.6614	-0.6447	0.3831	33	35	38	1	2	0.0075	0.525	0	0.0204
0.0148	0.0563	0.1028	0.0882	-0.1184	-0.7376	-0.1077	0.6666	34	36	38	1	3	0.0021	0.5833	0	0.0148
0.0138	0.03	0.0643	0.0792	-0.0783	-0.7545	-0.2511	0.6063	35	37	38	1	4	0.0016	0.7083	0	0.0138
0.0137	0.0384	0.0367	0.0706	-0.0633	-0.4855	-0.2817	0.8276	36	38	38	1	5	0.0019	0.7083	0	0.0137
0.015	0.0382	0.0132	0.0626	-0.0327	-0.383	-0.31	0.8702	37	39	38	1	6	0.0017	0.625	0	0.0151
0.015	0.0335	-0.0094	0.0443	-0.0006	0.1928	-0.3907	0.9001	38	40	38	1	7	0.0021	0.6667	0	0.0166
0.015	0.0554	-0.0195	0.037	0.048	-0.5699	-0.7763	-0.2694	39	41	38	1	8	0.0022	0.625	0	0.0161
0.0149	0.0613	-0.0603	-0.0016	0.0607	-0.4981	-0.8667	-0.0278	40	42	38	1	9	0.0024	0.5833	0	0.0155
0.0135	0.0286	-0.0993	-0.049	0.0459	-0.6126	-0.7883	0.0575	41	43	38	1	10	0.0018	0.5833	0	0.0135
0.014	0.0423	-0.1109	-0.0679	0.0624	-0.4518	-0.8071	0.3801	42	44	38	1	11	0.0019	0.5417	0	0.0141
0.015	0.0377	-0.1474	-0.0991	0.0624	-0.4606	-0.8146	0.3525	43	45	38	1	12	0.0016	0.6667	0	0.0152
0.0146	0.033	-0.1673	-0.1266	0.0765	-0.5872	-0.6028	0.5402	44	46	38	1	13	0.0016	0.625	0	0.0148
0.0146	0.0468	-0.1838	-0.1527	0.0958	-0.8625	-0.3094	0.4004	45	47	38	1	14	0.0023	0.5417	0	0.0159
0.0117	0.034	-0.217	-0.1816	0.1069	-0.2158	-0.5394	0.8139	46	48	38	1	15	0.0015	0.5833	0	0.0117
0.0117	0.0384	-0.2289	-0.2019	0.1313	-0.2596	-0.6322	0.7301	47	49	38	1	16	0.0016	0.625	0	0.0117
0.0099	0.0335	-0.2404	-0.2257	0.1572	-0.4832	-0.8546	0.1903	48	50	38	1	17	0.0012	0.5417	0	0.0099
0.0103	0.021	-0.2555	-0.2553	0.1651	-0.5059	-0.8429	-0.1833	49	51	38	1	18	0.001	0.3333	0	0.0103
0.0091	0.0456	-0.263	-0.2902	0.1631	-0.9627	-0.1933	-0.1893	50	52	38	1	19	0.0011	0.4583	0	0.0091
0.0094	0.0374	-0.3047	-0.3018	0.1615	-0.9017	-0.4195	0.1049	51	53	38	1	20	0.0012	0.3333	0	0.0094
0.0083	0.0244	-0.335	-0.3201	0.1659	-0.5778	-0.6834	0.4462	52	54	38	1	21	0.001	0.3333	0	0.0081
0.008	0.0242	-0.3549	-0.3298	0.1655	-0.5604	-0.8007	-0.2115	53	55	38	1	22	0.0048	0.625	0	0.0069
0.0077	0.0083	-0.3769	-0.3497	0.1742	-0.7572	-0.4437	-0.4794	54	56	38	1	23	0.0053	0.5417	0	0.0075
0.0073	0.0312	-0.3867	-0.3436	0.1712	-0.8394	-0.3423	0.4222	55	57	38	1	24	0.0037	0.5	0	0.0041
0.0093	0.0254	-0.4132	-0.347	0.176	-0.9758	0.1434	0.1651	56	58	38	1	25	0.01	0.05	0	0.01
0.008	0.0569	-0.4089	-0.3522	0.1701	0.3	-0.0988	0.9488	57	59	38	1	26	0.0009	0.3333	0	0.008
0.0099	0.0418	-0.4161	-0.3572	0.2118	-0.4046	-0.4859	0.7748	58	60	38	1	27	0.0102	0.3333	0	0.0118
0.0079	0.0259	-0.4295	-0.383	0.2483	-0.8803	-0.2853	0.3791	59	61	38	1	28	0.0038	0.4	0	0.0083
0.0086	0.0243	-0.4439	-0.3945	0.2656	-0.6922	-0.5556	0.4607	60	62	38	1	29	0.0032	0.4375	0	0.01
0.006	0.0309	-0.4655	-0.4013	0.2741	-0.7243	-0.2512	0.6421	61	63	38	1	30	0.01	0.05	0	0.01
0.0075	0.0305	-0.4583	-0.4065	0.2755	0.5327	-0.0858	0.8419	62	0	38	1	31	0.0019	0.3333	0	0.01
0.0095	0.0658	0.4099	0.2274	-0.1949	0.3787	0.7973	-0.4701	15	65	18	2	1	0.0036	0.5417	0	0.0095
0.0102	0.0341	0.4325	0.2774	-0.2291	-0.2028	0.8372	-0.508	64	66	18	2	2	0.001	0.4583	0	0.0102
0.0106	0.0391	0.4295	0.308	-0.2415	-0.158	0.9477	-0.2774	65	67	18	2	3	0.0014	0.4167	0	0.0107
0.0106	0.0246	0.4176	0.3412	-0.2622	0.042	0.9204	-0.3888	66	68	18	2	4	0.0011	0.4583	0	0.0107
0.01	0.0536	0.4209	0.3657	-0.2693	-0.0344	0.817	-0.5757	67	69	18	2	5	0.0012	0.4167	0	0.0101
0.0086	0.0219	0.422	0.4108	-0.3005	-0.4337	0.809	-0.3968	68	0	18	2	6	0.0047	0.75	0	0.0086
0.0063	0.1471	0.4807	0.286	-0.124	-0.5827	-0.8119	-0.0361	17	71	19	2	1	0.0053	0.125	0	0.0118
0.0025	0.0189	0.3855	0.1785	-0.132	-0.7852	-0.6056	0.1288	70	72	19	2	2	0.0028	0.15	0	0.01
0.0025	0.0195	0.3698	0.1658	-0.1296	-0.6192	0.4189	-0.6642	71	0	19	2	3	0.0035	0.175	0	0.01
0.0025	0.0784	0.4869	0.2874	-0.1248	-0.4207	-0.8295	0.3674	18	74	20	2	1	0.0074	0.3	1	0.01
0.0025	0.0387	0.4603	0.2218	-0.088	0.5525	0.7316	-0.3994	73	75	20	2	2	0.0059	0.2	0	0.01
0.0025	0.0157	0.4824	0.2508	-0.1021	-0.591	0.7901	-0.1623	74	0	20	2	3	0.0024	0.125	0	0.01
0.0131	0.033	0.4742	0.2946	-0.1454	-0.3465	0.8398	-0.418	17	77	21	2	1	0.0029	0.5417	1	0.0131
0.0131	0.0441	0.4627	0.3223	-0.1592	0.3992	0.3525	-0.8464	76	78	21	2	2	0.0029	0.5417	0	0.0131
0.0131	0.022	0.4608	0.3301	-0.2018	0.1032	0.374	-0.9217	77	0	21	2	3	0.0014	0.125	0	0.0063
0.0059	0.0302	0.1309	0.2051	-0.1314	-0.2365	-0.757	-0.6091	30	80	39	2	1	0.0044	0.375	1	0.011
0.0059	0.0901	0.1233	0.1832	-0.1499	0.1612	0.1221	0.9793	79	0	39	2	2	0.0054	0.3	0	0.011
0.0109	0.052	-0.0422	0.0511	0.0727	0.317	0.9248	0.2104	41	82	6	2	1	0.0026	0.4167	1	0.0109
0.0109	0.0652	-0.0257	0.0992	0.0837	0.517	0.4633	-0.7198	81	0	6	2	2	0.0026	0.4167	0	0.0109
0.0067	0.0259	-0.0489	-0.0095	0.0477	0.4108	0.2286	0.8826	40	84	9	2	1	0.0037	0.3333	1	0.0141
0.0067	0.0491	-0.0405	-0.0013	0.0695	0.1318	0.5236	0.8417	83	0	9	2	2	0.0072	0.3	0	0.0141
0.0091	0.1692	0.0098	0.0574	0.0079	-0.3153	-0.3169	0.8945	38	86	10	2	1	0.0031	0.4583	0	0.0091
0.0091	0.0465	-0.0378	0.0136	0.1602	-0.3908	0.1394	0.9098	85	87	10	2	2	0.001	0.25	0	0.0078
0.0095	0.0456	-0.0619	0.0147	0.2001	-0.54	0.2183	0.8129	86	88	10	2	3	0.01	0.05	0	0.01
0.0094	0.0096	-0.0487	0.0196	0.201	0.6296	0.5086	0.5873	87	89	10	2	4	0.01	0.05	0	0.01
0.0093	0.0043	-0.0436	0.0237	0.2058	0.7095	-0.1938	-0.6776	88	0	10	2	5	0.01	0.05	0	0.01
0.0114	0.0398	-0.2285	-0.1679	0.1005	-0.3359	-0.0632	-0.9398	46	91	14	2	1	0.0021	0.5	1	0.0114
0.0114	0.0446	-0.2418	-0.1704	0.0631	0.0702	-0.7364	-0.6729	90	92	14	2	2	0.0021	0.5	0	0.0114
0.0114	0.0185	-0.2397	-0.2002	0.0273	0.1251	-0.8635	-0.4887	91	0	14	2	3	0.01	0.05	0	0.01
0.0079	0.025	-0.1994	-0.1693	0.0935	-0.5994	-0.773	-0.2077	46	94	15	2	1	0.0016	0.4167	1	0.0083
0.0076	0.0543	-0.2144	-0.1886	0.0883	-0.974	-0.2161	-0.0679	93	95	15	2	2	0.0016	0.4167	0	0.0083
0.0057	0.0201	-0.2639	-0.2055	0.084	-0.7424	-0.5345	0.4039	94	0	15	2	3	0.0021	0.4167	0	0.0057
0.0117	0.0548	-0.2522	-0.2686	0.1671	0.0899	-0.902	0.4222	50	97	16	2	1	0.0028	0.5833	0	0.0117
0.0117	0.0102	-0.2444	-0.315	0.1861	0.655	-0.7503	-0.0897	96	0	16	2	2	0.01	0.05	0	0.01
0.0113	0.0832	-0.254	-0.282	0.1585	-0.5378	0.5286	-0.6568	51	99	40	2	1	0.0019	0.625	0	0.0113
0.0113	0.0349	-0.2995	-0.2421	0.0984	-0.7336	-0.4898	0.4711	98	100	40	2	2	0.0011	0.5417	0	0.0127
0.0113	0.0516	-0.3229	-0.2634	0.1154	-0.7939	-0.4609	-0.3966	99	101	40	2	3	0.0011	0.3333	0	0.0122
0.0113	0.0327	-0.3668	-0.2734	0.0965	-0.7386	-0.0826	-0.669	100	102	40	2	4	0.01	0.05	0	0.01
0.0113	0.0206	-0.3809	-0.2775	0.0769	0.2022	-0.1345	-0.9701	101	103	40	2	5	0.0013	0.2917	0	0.0178
0.0113	0.0356	-0.4026	-0.2779	0.0624	-0.1646	0.3458	-0.9237	102	0	40	2	6	0.01	0.05	0	0.01
0.0032	0.0361	-0.3536	-0.3286	0.1577	-0.227	0.8407	-0.4917	54	105	26	2	1	0.0107	0.3	1	0.0104
0.0032	0.0095	-0.3778	-0.3167	0.1442	-0.3119	0.0516	-0.9487	104	106	26	2	2	0.007	0.2	0	0.0104
0.0025	0.0204	-0.3872	-0.3146	0.1331	0.3659	0.7154	-0.5953	105	0	26	2	3	0.002	0.15	0	0.01
0.0102	0.0321	-0.32	-0.3151	0.1712	-0.9804	-0.1759	0.0889	52	108	27	2	1	0.0025	0.4167	0	0.0102
0.0102	0.0406	-0.3359	-0.3207	0.1895	-0.6684	-0.3163	0.6732	107	109	27	2	2	0.002	0.25	0	0.0126
0.0102	0.0408	-0.356	-0.3346	0.2105	0.236	-0.8813	0.4094	108	110	27	2	3	0.0008	0.3333	0	0.0094
0.0102	0.001	-0.3438	-0.3674	0.2327	0.3763	-0.8679	0.3244	109	111	27	2	4	0.01	0.05	0	0.01
0.0102	0.0365	-0.3434	-0.3683	0.233	-0.772	-0.4546	0.4443	110	0	27	2	5	0.01	0.05	0	0.01
0.011	0.0446	-0.4271	-0.3419	0.1873	-0.7822	-0.5947	-0.1855	57	113	30	2	1	0.0029	0.4583	0	0.011
0.011	0.0415	-0.4525	-0.3621	0.1626	0.0246	-0.9362	-0.3505	112	114	30	2	2	0.0013	0.375	0	0.0134
0.011	0.0259	-0.4557	-0.3894	0.1413	-0.5064	-0.5668	-0.6498	113	115	30	2	3	0.01	0.05	0	0.01
0.011	0.0423	-0.461	-0.4121	0.1338	-0.33	-0.8338	-0.4425	114	116	30	2	4	0.01	0.05	0	0.01
0.011	0.0215	-0.4858	-0.4154	0.1317	-0.9579	-0.248	-0.1446	115	0	30	2	5	0.01	0.05	0	0.01
0.0094	0.0074	-0.4278	-0.3657	0.2145	-0.9586	-0.2553	-0.1261	59	118	31	2	1	0.0022	0.5417	0	0.0098
0.0094	0.0461	-0.4273	-0.3633	0.2021	-0.4211	-0.7209	-0.5505	117	119	31	2	2	0.0081	0.375	0	0.0072
0.0094	0.0285	-0.4244	-0.3973	0.1952	0.5305	-0.5271	-0.6639	118	120	31	2	3	0.01	0.05	0	0.01
0.0094	0.0025	-0.4419	-0.3882	0.1828	-0.2435	-0.066	-0.9677	119	0	31	2	4	0.01	0.05	0	0.01
0.0096	0.0291	-0.3956	-0.3506	0.2416	0.8068	0.4032	-0.4318	61	122	32	2	1	0.0036	0.4167	0	0.0096
0.0096	0.0232	-0.3739	-0.3394	0.2293	0.3077	-0.6088	0.7312	121	0	32	2	2	0.0024	0.375	0	0.0101
0.003	0.0474	-0.2481	-0.1893	0.0825	-0.2618	-0.5031	-0.8236	94	124	42	3	1	0.0069	0.425	1	0.0097
0.003	0.0219	-0.2492	-0.219	0.0389	0.4692	0.8825	0.0316	123	0	42	3	2	0.0035	0.1	0	0.0097
0.0095	0.0361	-0.4022	-0.3717	0.2491	-0.5365	-0.4256	0.7287	0	126	33	0	1	0.0024	0.5417	0	0.0095
0.0095	0.0085	-0.4195	-0.3858	0.273	0.6341	-0.7583	0.1515	125	0	33	0	2	0.0021	0.25	0	0.0075
