radius (m)	length (m)	start_point	axis_direction	parent	extension	branch	branch_order	position_in_branch	mad	SurfCov	added	UnmodRadius (m)
0.0149	0.1867	-0.0744	0.238	-0.0846	0.117	-0.9711	0.2081	0	2	1	0	1	0.002	0.1429	0	0.0192
0.0131	0.0151	-0.0401	0.0715	-0.0216	-0.9037	0.0707	0.4224	1	3	1	0	2	0.0009	0.375	0	0.0131
0.0152	0.0271	-0.0588	0.0704	-0.0102	-0.7056	0.5048	-0.4973	2	4	1	0	3	0.0007	0.375	0	0.0166
0.0101	0.0422	-0.0658	0.0746	-0.0162	-0.4351	-0.8295	-0.3501	3	5	1	0	4	0.0068	0.4375	0	0.0097
0.0133	0.0308	-0.0594	0.0537	-0.028	0.436	-0.8368	0.3312	4	6	1	0	5	0.0066	0.4688	0	0.0133
0.0097	0.0239	-0.0566	0.018	-0.0251	0.6442	-0.7588	0.0961	5	7	1	0	6	0.0049	0.4375	0	0.0094
0.0094	0.0458	-0.0309	0.0069	-0.0204	0.5729	-0.8163	-0.0735	6	8	1	0	7	0.0041	0.5	0	0.0077
0.01	0.0327	-0.0117	-0.0356	-0.0261	0.6007	-0.7965	-0.0695	7	9	1	0	8	0.01	0.05	0	0.01
0.014	0.0016	-0.0139	-0.0446	-0.0153	0.1848	-0.4376	0.88	8	10	1	0	9	0.0012	0.375	0	0.0156
0.0121	0.0448	-0.0145	-0.0467	-0.0204	-0.9693	-0.1664	0.1812	9	11	1	0	10	0.0047	0.3438	0	0.0124
0.0085	0.0259	-0.0532	-0.0527	-0.0274	-0.9375	0.216	-0.2729	10	12	1	0	11	0.0059	0.375	0	0.0079
0.01	0.05	-0.0744	-0.0479	-0.0374	-0.6322	0.2476	-0.7342	11	13	1	0	12	0.01	0.05	0	0.01
0.0116	0.0193	-0.0731	-0.0561	-0.0237	0.1205	-0.8883	-0.4432	12	14	1	0	13	0.0013	0.3333	0	0.0127
0.0123	0.0332	-0.081	-0.0733	-0.0143	0.1027	-0.993	0.0591	13	15	1	0	14	0.0012	0.4167	0	0.0136
0.0103	0.029	-0.0713	-0.0967	-0.0123	0.6646	-0.4474	0.5985	14	16	1	0	15	0.0008	0.375	0	0.0104
0.0099	0.0015	-0.0542	-0.1	-0.0051	0.9691	0.2449	0.0293	15	17	1	0	16	0.01	0.05	0	0.01
0.0096	0.0139	-0.0526	-0.098	-0.0001	0.6648	-0.7129	0.2231	16	18	1	0	17	0.01	0.05	0	0.01
0.0094	0.0221	-0.0456	-0.1081	0.0027	-0.1381	0.1271	0.9822	17	0	1	0	18	0.01	0.05	0	0.01
0.0081	0.042	-0.0706	0.233	-0.0686	0.6582	0.6309	0.4108	1	20	2	1	1	0.0028	0.4167	0	0.0081
0.0074	0.0448	-0.0548	0.261	-0.0491	0.1523	0.969	0.1945	19	21	2	1	2	0.0042	0.375	0	0.0071
0.0098	0.0244	-0.0495	0.2954	-0.0321	-0.0604	0.6847	0.7263	20	22	2	1	3	0.01	0.05	0	0.01
0.0096	0.0296	-0.038	0.3125	-0.0437	0.5344	0.8084	0.2469	21	23	2	1	4	0.0013	0.2917	0	0.0096
0.0098	0.0309	-0.027	0.3394	-0.0354	0.5247	0.7096	0.4702	22	24	2	1	5	0.01	0.05	0	0.01
0.0093	0.0225	-0.0142	0.3612	-0.0203	0.0755	0.8063	0.5867	23	25	2	1	6	0.0015	0.2917	0	0.0093
0.0073	0.0136	0.0011	0.3748	-0.0261	0.0109	0.9749	-0.2224	24	26	2	1	7	0.0073	0.4583	0	0.0073
0.0076	0.016	0.0008	0.3876	-0.0303	0.4741	0.718	-0.5096	25	27	2	1	8	0.004	0.5833	0	0.0076
0.0092	0.0292	-0.0067	0.3997	-0.0241	0.219	0.9568	0.1915	26	28	2	1	9	0.0048	0.3438	0	0.0092
0.0097	0.0288	0.0056	0.428	-0.0384	-0.0914	0.9958	-0.006	27	29	2	1	10	0.01	0.05	0	0.01
0.0123	0.0465	-0.0033	0.4456	-0.0477	-0.2843	-0.51	0.8118	28	30	2	1	11	0.0015	0.4167	0	0.0156
0.0109	0.0347	-0.0269	0.4338	-0.012	-0.7505	-0.6605	-0.0201	29	31	2	1	12	0.0037	0.175	0	0.0276
0.0096	0.0269	-0.0528	0.4156	-0.0229	-0.9209	-0.3469	-0.1777	30	32	2	1	13	0.01	0.05	0	0.01
0.0102	0.0402	-0.0503	0.4236	-0.0186	-0.5808	0.671	0.4609	31	33	2	1	14	0.001	0.3333	0	0.011
0.0095	0.0038	-0.0721	0.4465	-0.0089	0.1294	0.9087	-0.3968	32	34	2	1	15	0.01	0.05	0	0.01
0.0101	0.0523	-0.0636	0.4546	-0.0136	-0.191	0.7461	0.6378	33	35	2	1	16	0.001	0.2917	0	0.0111
0.0096	0.0235	-0.0605	0.4877	0.0134	0.5447	0.7097	0.4467	34	36	2	1	17	0.0012	0.2917	0	0.0099
0.0094	0.0059	-0.0457	0.4985	0.0195	0.6873	0.5744	-0.4446	35	37	2	1	18	0.01	0.05	0	0.01
0.0084	0.0569	-0.0498	0.503	0.0153	0.0453	0.9191	0.3914	36	38	2	1	19	0.0008	0.4167	0	0.0084
0.0093	0.0108	-0.0511	0.5524	0.0343	-0.0432	0.7703	-0.6362	37	39	2	1	20	0.01	0.05	0	0.01
0.0092	0.0226	-0.0516	0.5607	0.0274	-0.7452	0.6141	0.2599	38	0	2	1	21	0.01	0.05	0	0.01
0.0106	0.0278	-0.0405	0.081	-0.031	0.0774	0.6791	-0.7299	2	41	41	1	1	0.0024	0.4167	1	0.0106
0.0106	0.0634	-0.0383	0.0999	-0.0514	0.774	0.633	-0.0138	40	42	41	1	2	0.0024	0.4167	0	0.0106
0.0106	0.031	0.0023	0.143	-0.0383	0.0615	0.9837	-0.1689	41	43	41	1	3	0.0012	0.1667	0	0.0088
0.0106	0.0323	0.0075	0.1743	-0.0466	-0.1735	0.9795	0.1024	42	44	41	1	4	0.001	0.2917	0	0.0082
0.0106	0.0362	0.0029	0.1999	-0.0537	-0.1577	0.8437	-0.5131	43	45	41	1	5	0.01	0.05	0	0.01
0.0106	0.0148	-0.004	0.2308	-0.0459	-0.0906	0.9957	-0.0188	44	46	41	1	6	0.0008	0.375	0	0.0072
0.0106	0.023	0.0026	0.2385	-0.0516	0.4456	0.8063	-0.389	45	47	41	1	7	0.01	0.05	0	0.01
0.0106	0.036	0.0019	0.2448	-0.0489	-0.5897	0.7665	0.2544	46	48	41	1	8	0.0008	0.3333	0	0.0072
0.0106	0.0171	-0.0175	0.2681	-0.0362	-0.8061	0.1466	0.5734	47	0	41	1	9	0.01	0.05	0	0.01
0.0118	0.0332	-0.0864	0.0519	-0.0343	-0.3676	0.8239	-0.4313	4	50	14	1	1	0.0027	0.4167	1	0.0118
0.0118	0.0602	-0.0986	0.0793	-0.0486	-0.5588	-0.6958	0.4512	49	51	14	1	2	0.0027	0.4167	0	0.0118
0.0118	0.001	-0.1273	0.0337	-0.0299	0.0261	-0.9082	0.4176	50	52	14	1	3	0.01	0.05	0	0.01
0.0118	0.0159	-0.1273	0.0334	-0.0298	-0.6229	-0.344	-0.7026	51	53	14	1	4	0.01	0.05	0	0.01
0.0118	0.0065	-0.1292	0.0347	-0.0298	-0.0548	0.8693	-0.4913	52	0	14	1	5	0.01	0.05	0	0.01
0.0076	0.1229	-0.0382	-0.1148	0.0011	0.6562	-0.7475	-0.1031	18	55	24	1	1	0.0011	0.3333	0	0.007
0.0089	0.0215	0.0412	-0.2054	-0.0049	0.8066	-0.5392	0.2419	54	56	24	1	2	0.01	0.05	0	0.01
0.0077	0.0237	0.0488	-0.2195	0.0034	0.3685	-0.7412	0.5611	55	57	24	1	3	0.001	0.375	0	0.0077
0.0089	0.0144	0.0575	-0.2266	0.0164	0.3579	0.0287	0.9333	56	58	24	1	4	0.01	0.05	0	0.01
0.0089	0.0163	0.0589	-0.2417	0.0143	0.7627	-0.5402	0.3557	57	59	24	1	5	0.0008	0.2917	0	0.0125
0.0089	0.0069	0.0669	-0.2522	0.021	-0.0331	-0.4116	-0.9108	58	60	24	1	6	0.01	0.05	0	0.01
0.0089	0.0293	0.0767	-0.2544	0.0181	0.3079	0.1589	-0.938	59	61	24	1	7	0.0007	0.3333	0	0.0125
0.0089	0.016	0.0893	-0.2504	-0.0024	-0.8857	-0.1387	0.4431	60	62	24	1	8	0.0011	0.25	0	0.0137
0.0089	0.0665	0.0914	-0.2409	0.0306	0.1044	-0.9296	0.3535	61	63	24	1	9	0.0009	0.25	0	0.0237
0.0089	0.035	0.0737	-0.3118	0.0377	0.1423	-0.9413	0.306	62	64	24	1	10	0.0009	0.25	0	0.0135
0.0088	0.0249	0.0906	-0.3442	0.0432	0.1526	-0.9545	0.2561	63	65	24	1	11	0.01	0.05	0	0.01
0.0089	0.0176	0.0899	-0.3623	0.037	0.1958	-0.8652	-0.4615	64	66	24	1	12	0.0009	0.4583	0	0.0094
0.0088	0.0245	0.1044	-0.3733	0.0328	0.4583	-0.7335	-0.502	65	67	24	1	13	0.01	0.05	0	0.01
0.0088	0.0394	0.1144	-0.3974	0.0242	0.9467	-0.2838	-0.152	66	68	24	1	14	0.0056	0.3438	0	0.012
0.0087	0.0291	0.1565	-0.3887	0.0216	0.967	-0.2115	-0.1419	67	69	24	1	15	0.01	0.05	0	0.01
0.0088	0.0485	0.1484	-0.3897	0.0265	-0.1312	-0.9905	0.0408	68	70	24	1	16	0.0015	0.4167	0	0.0105
0.0087	0.0354	0.14	-0.4372	0.0294	-0.3362	-0.9326	-0.1312	69	71	24	1	17	0.001	0.2917	0	0.0088
0.0084	0.0341	0.1319	-0.4698	0.0198	0.0234	-0.9973	-0.0699	70	72	24	1	18	0.0011	0.25	0	0.0084
0.0076	0.0229	0.144	-0.4983	0.0266	0.3224	-0.9333	0.1582	71	73	24	1	19	0.0072	0.4167	0	0.0076
0.0087	0.0459	0.1499	-0.5095	0.0147	0.9957	0.0087	-0.0923	72	74	24	1	20	0.0011	0.3333	0	0.0105
0.0085	0.034	0.1935	-0.5023	0.0062	0.9069	0.0296	-0.4202	73	75	24	1	21	0.01	0.05	0	0.01
0.0082	0.0453	0.1955	-0.5047	0.0004	0.1502	-0.9821	0.1139	74	76	24	1	22	0.0013	0.25	0	0.0082
0.0084	0.0198	0.2057	-0.5497	0.0014	0.1128	-0.9691	0.2193	75	77	24	1	23	0.01	0.05	0	0.01
0.0076	0.0213	0.2015	-0.5643	0.0121	-0.1865	-0.8744	0.4479	76	78	24	1	24	0.0009	0.375	0	0.0066
0.0083	0.0043	0.1928	-0.5824	0.0178	-0.2127	-0.9694	0.1223	77	79	24	1	25	0.01	0.05	0	0.01
0.0086	0.0568	0.1801	-0.5885	0.0121	-0.201	-0.7629	0.6145	78	80	24	1	26	0.0009	0.3333	0	0.0157
0.0084	0.0458	0.1791	-0.6259	0.0434	0.5551	-0.6839	0.4734	79	81	24	1	27	0.0013	0.25	0	0.0108
0.0081	0.0374	0.1926	-0.6567	0.0712	0.3256	-0.6297	0.7054	80	82	24	1	28	0.01	0.05	0	0.01
0.0081	0.0204	0.216	-0.6762	0.0879	0.6452	-0.5714	0.5072	81	0	24	1	29	0.01	0.05	0	0.01
0.0091	0.0983	-0.0537	0.2735	-0.0437	-0.3958	-0.8742	0.2814	21	84	6	2	1	0.0084	0.375	0	0.0091
0.0093	0.0332	-0.0903	0.1759	-0.017	-0.3303	-0.1417	0.9332	83	85	6	2	2	0.01	0.05	0	0.01
0.0093	0.0352	-0.082	0.1949	-0.0189	-0.2983	0.848	0.4382	84	86	6	2	3	0.0007	0.3333	0	0.0142
0.008	0.0557	-0.1076	0.2186	-0.003	-0.3503	0.8383	-0.4179	85	87	6	2	4	0.0011	0.25	0	0.008
0.0091	0.0285	-0.1307	0.2514	-0.0305	-0.5976	0.3655	-0.7136	86	88	6	2	5	0.01	0.05	0	0.01
0.0086	0.0527	-0.1286	0.2541	-0.0326	0.0019	0.9217	0.388	87	89	6	2	6	0.0005	0.375	0	0.0086
0.0075	0.0379	-0.1284	0.3033	-0.0135	0.67	0.6467	0.3645	88	90	6	2	7	0.0009	0.3333	0	0.0068
0.0087	0.0272	-0.0997	0.3256	-0.0011	0.6168	0.7035	0.3531	89	91	6	2	8	0.01	0.05	0	0.01
0.0088	0.0066	-0.0983	0.3485	0.0111	0.2854	0.7624	0.5808	90	92	6	2	9	0.0005	0.4167	0	0.0089
0.0075	0.0281	-0.0968	0.3535	0.0179	-0.3362	0.9415	-0.0229	91	93	6	2	10	0.0005	0.3333	0	0.0073
0.0085	0.0386	-0.1082	0.377	0.0072	-0.4806	0.8604	-0.1694	92	94	6	2	11	0.005	0.5417	0	0.0086
0.0075	0.0126	-0.1197	0.4148	0.0171	-0.274	0.9493	-0.1542	93	95	6	2	12	0.0044	0.4583	0	0.0075
0.0079	0.031	-0.1371	0.4196	0.0143	-0.4335	0.7876	0.4379	94	96	6	2	13	0.01	0.05	0	0.01
0.0078	0.0104	-0.1237	0.4152	0.0145	0.7382	0.459	0.4943	95	0	6	2	14	0.01	0.05	0	0.01
0.0092	0.0289	-0.0329	0.3456	-0.029	-0.9775	-0.0028	0.2109	23	98	9	2	1	0.0014	0.3333	1	0.0092
0.009	0.0341	-0.0611	0.3455	-0.0229	0.4862	0.8537	0.1867	97	99	9	2	2	0.0014	0.3333	0	0.0092
0.0078	0.0475	-0.0448	0.3747	-0.0202	0.734	0.6756	-0.0698	98	100	9	2	3	0.0009	0.3333	0	0.0081
0.006	0.0275	-0.0058	0.3999	-0.0231	0.8402	0.4995	-0.2112	99	101	9	2	4	0.01	0.05	0	0.01
0.0042	0.0063	-0.0094	0.4096	-0.034	0.0228	0.7252	-0.6881	100	0	9	2	5	0.0009	0.15	0	0.01
0.0088	0.0755	-0.009	0.4238	-0.0145	-0.9538	-0.2603	-0.1501	27	103	16	2	1	0.004	0.5	0	0.0133
0.0088	0.0019	-0.066	0.3949	-0.0109	-0.7296	-0.1041	0.6759	102	104	16	2	2	0.01	0.05	0	0.01
0.0088	0.0135	-0.069	0.3927	-0.0084	-0.6787	0.699	0.2253	103	105	16	2	3	0.01	0.05	0	0.01
0.0088	0.0124	-0.0782	0.4022	-0.0053	-0.761	-0.6473	0.0437	104	0	16	2	4	0.01	0.05	0	0.01
0.0096	0.0452	-0.0678	0.4682	-0.0155	-0.1527	0.5109	0.846	34	107	17	2	1	0.0024	0.4167	0	0.013
0.0096	0.0531	-0.0745	0.4936	0.0199	-0.8467	0.4438	0.2934	106	108	17	2	2	0.0009	0.2917	0	0.01
0.0096	0.0511	-0.1214	0.5168	0.0277	-0.8259	0.5326	0.185	107	109	17	2	3	0.01	0.05	0	0.01
0.0096	0.0187	-0.1632	0.5448	0.0368	-0.8131	0.5487	0.1944	108	0	17	2	4	0.01	0.05	0	0.01
0.008	0.0512	-0.0403	0.526	0.0261	0.6897	0.5935	-0.4149	37	111	21	2	1	0.0023	0.4583	0	0.0109
0.008	0.0035	-0.0075	0.5541	0.0133	0.0322	0.9614	0.2733	110	112	21	2	2	0.01	0.05	0	0.01
0.008	0.0193	-0.0074	0.5575	0.0143	-0.0095	0.9578	-0.2873	111	113	21	2	3	0.01	0.05	0	0.01
0.008	0.0025	-0.0056	0.5764	0.0084	-0.2583	0.9556	-0.142	112	0	21	2	4	0.01	0.05	0	0.01
0.0107	0.0513	0.0064	0.1952	-0.0625	0.2024	-0.6796	0.7051	44	115	4	2	1	0.0016	0.3333	0	0.0146
0.0107	0.0366	0.014	0.1497	-0.0247	0.9227	-0.2843	-0.2602	114	116	4	2	2	0.0009	0.5	0	0.0107
0.0107	0.0033	0.0413	0.1329	-0.0366	0.7089	-0.7052	-0.0137	115	117	4	2	3	0.01	0.05	0	0.01
0.0107	0.0395	0.0507	0.1306	-0.0386	-0.0735	0.9628	-0.2601	116	118	4	2	4	0.0009	0.2917	0	0.0086
0.0107	0.0053	0.0479	0.167	-0.0461	-0.2442	0.8439	0.4777	117	119	4	2	5	0.01	0.05	0	0.01
0.0107	0.0094	0.0464	0.1726	-0.0435	0.9303	0.1721	0.3238	118	0	4	2	6	0.01	0.05	0	0.01
0.0101	0.0407	0.0118	0.129	-0.0574	0.2063	-0.6459	0.735	41	121	5	2	1	0.0022	0.375	0	0.0104
0.0101	0.0099	-0.0023	0.0982	-0.0365	0.4039	-0.2592	-0.8773	120	122	5	2	2	0.0009	0.375	0	0.0141
0.01	0.0056	-0.0071	0.0867	-0.029	-0.8507	-0.1006	-0.5159	121	123	5	2	3	0.01	0.05	0	0.01
0.01	0.0231	-0.0119	0.0861	-0.0319	0.2297	0.0073	-0.9732	122	0	5	2	4	0.01	0.05	0	0.01
0.0085	0.0186	0.0298	-0.1954	0.0003	-0.7111	0.6233	0.3253	55	125	27	2	1	0.0039	0.375	1	0.0111
0.0085	0.0628	0.0166	-0.1838	0.0064	-0.9023	-0.366	0.2279	124	126	27	2	2	0.0039	0.375	0	0.0111
0.0058	0.0216	-0.0391	-0.2113	0.0225	-0.9762	-0.1924	0.1001	125	127	27	2	3	0.0042	0.3438	0	0.0055
0.0085	0.0194	-0.0467	-0.2155	0.0243	0.0085	-0.855	0.5186	126	0	27	2	4	0.01	0.05	0	0.01
0.0085	0.0544	0.0583	-0.2571	0.0174	-0.9872	0.1597	-0.0057	59	129	29	2	1	0.0018	0.375	0	0.0088
0.0084	0.0185	0.0114	-0.2501	0.023	-0.6729	-0.2154	0.7077	128	130	29	2	2	0.005	0.2	0	0.0454
0.0084	0.0192	-0.0016	-0.256	0.0314	-0.2738	-0.8813	0.3851	129	131	29	2	3	0.01	0.05	0	0.01
0.0084	0.0386	0.0047	-0.2785	0.0322	-0.0746	-0.8224	0.5639	130	132	29	2	4	0.004	0.2	0	0.0158
0.0083	0.0327	0.0095	-0.3039	0.0426	0.7514	-0.6428	0.1489	131	133	29	2	5	0.0013	0.2083	0	0.0098
0.0083	0.0357	0.0209	-0.3298	0.0427	0.2263	-0.9246	0.3065	132	134	29	2	6	0.0046	0.3438	0	0.0086
0.0083	0.0282	0.0233	-0.362	0.0537	-0.1296	-0.9736	0.188	133	135	29	2	7	0.0048	0.4375	0	0.0089
0.0077	0.0254	0.0258	-0.3919	0.0588	-0.3716	-0.9282	-0.0207	134	136	29	2	8	0.0037	0.4375	0	0.0077
0.0077	0.0157	0.0158	-0.4104	0.0455	-0.1616	-0.9183	-0.3613	135	137	29	2	9	0.01	0.05	0	0.01
0.0077	0.0015	0.0167	-0.4163	0.0592	-0.0658	-0.9097	0.4099	136	0	29	2	10	0.01	0.05	0	0.01
0.0083	0.0251	0.0847	-0.3255	0.0411	0.9922	-0.0909	-0.0855	63	139	31	2	1	0.01	0.05	1	0.01
0.0083	0.0226	0.1096	-0.3278	0.0389	0.1585	-0.8905	-0.4266	138	140	31	2	2	0.01	0.05	0	0.01
0.0074	0.0417	0.1173	-0.3436	0.0259	0.7361	-0.6765	0.0223	139	141	31	2	3	0.0011	0.4167	0	0.0074
0.008	0.0013	0.1495	-0.3684	0.0288	0.929	-0.3361	-0.1548	140	142	31	2	4	0.01	0.05	0	0.01
0.0078	0.01	0.1507	-0.3688	0.0285	-0.1757	-0.1455	-0.9736	141	143	31	2	5	0.01	0.05	0	0.01
0.0077	0.013	0.1502	-0.3708	0.0179	-0.6042	-0.7034	-0.3743	142	0	31	2	6	0.01	0.05	0	0.01
0.0085	0.0255	0.0839	-0.3682	0.0406	-0.1555	-0.8781	-0.4525	65	145	33	2	1	0.0044	0.25	0	0.0165
0.0085	0.0246	0.0726	-0.3878	0.0379	0.618	-0.4444	0.6485	144	146	33	2	2	0.01	0.05	0	0.01
0.0085	0.0292	0.0879	-0.3987	0.0539	0.32	-0.9023	-0.289	145	147	33	2	3	0.01	0.05	0	0.01
0.0085	0.0268	0.0972	-0.425	0.0454	0.0224	-0.9985	-0.0501	146	0	33	2	4	0.01	0.05	0	0.01
0.0086	0.1117	-0.0591	0.2483	-0.0438	0.0704	-0.9975	0.0031	83	149	8	3	1	0.003	0.5417	0	0.0103
0.0086	0.04	-0.0459	0.1373	-0.049	0.0408	-0.9987	-0.0302	148	150	8	3	2	0.01	0.05	0	0.01
0.0086	0.007	-0.0525	0.1347	-0.0358	-0.4056	-0.4056	0.8191	149	151	8	3	3	0.01	0.05	0	0.01
0.0086	0.0229	-0.0531	0.1314	-0.0282	-0.136	-0.9887	-0.0635	150	0	8	3	4	0.01	0.05	0	0.01
0.0089	0.0339	0.0317	-0.3163	0.0531	0.8075	-0.4503	0.3811	132	153	38	3	1	0.0027	0.4167	1	0.0089
0.0089	0.0516	0.059	-0.3315	0.066	-0.1659	-0.9824	-0.0863	152	154	38	3	2	0.0027	0.4167	0	0.0089
0.0089	0.0204	0.0437	-0.3559	0.0755	-0.7155	-0.4617	0.5243	153	155	38	3	3	0.0064	0.375	0	0.0055
0.0089	0.0268	0.026	-0.3692	0.0857	-0.5576	0.3385	0.758	154	156	38	3	4	0.01	0.05	0	0.01
0.0089	0.0298	0.0282	-0.3473	0.0983	-0.2191	0.7027	0.6769	155	0	38	3	5	0.01	0.05	0	0.01
0.008	0.0155	0.104	-0.4188	0.0466	0.7718	0.6358	0.011	146	158	35	3	1	0.01	0.05	0	0.01
0.0078	0.0247	0.1164	-0.396	0.0472	0.9298	-0.0437	0.3655	157	159	35	3	2	0.01	0.05	0	0.01
0.0074	0.0163	0.123	-0.3986	0.0476	0.3089	-0.8453	-0.4359	158	160	35	3	3	0.0009	0.2917	0	0.0109
0.0061	0.0024	0.1266	-0.4098	0.0473	0.9556	-0.1439	0.257	159	161	35	3	4	0.01	0.05	0	0.01
0.0049	0.0184	0.1277	-0.4095	0.0465	0.7709	0.3021	-0.5607	160	162	35	3	5	0.0019	0.15	0	0.01
0.0034	0.015	0.1433	-0.4069	0.0371	0.9092	0.395	-0.1317	161	0	35	3	6	0.0022	0.2	0	0.01
