radius (m)	length (m)	start_point	axis_direction	parent	extension	branch	branch_order	position_in_branch	mad	SurfCov	added	UnmodRadius (m)
0.012	0.0511	0.0926	-0.1659	-0.0795	-0.9106	0.0854	0.4043	0	2	1	0	1	0.0023	0.7083	0	0.012
0.012	0.0871	0.048	-0.1617	-0.0526	-0.8814	0.3681	0.2961	1	3	1	0	2	0.0012	0.5	0	0.0108
0.012	0.0338	-0.0259	-0.1284	-0.0239	-0.5887	0.7783	0.2184	2	4	1	0	3	0.0006	0.375	0	0.0085
0.012	0.0381	-0.0332	-0.1019	-0.009	-0.1009	0.9836	0.1497	3	5	1	0	4	0.0006	0.4583	0	0.0111
0.012	0.0309	-0.034	-0.0684	-0.0016	0.7737	0.389	-0.5001	4	6	1	0	5	0.001	0.2917	0	0.0104
0.0138	0.047	-0.0261	-0.0504	-0.0166	0.3041	0.7781	0.5496	5	7	1	0	6	0.001	0.3333	0	0.015
0.012	0.0385	-0.0205	-0.0131	-0.0003	-0.2123	0.9399	0.2676	6	8	1	0	7	0.0037	0.35	0	0.0114
0.012	0.0243	-0.0001	0.0214	0.0091	0.0692	0.8993	0.4318	7	9	1	0	8	0.0055	0.4167	0	0.0111
0.012	0.0535	0.0054	0.0392	0.0192	0.6529	0.5667	0.5025	8	0	1	0	9	0.0048	0.5833	0	0.012
0.0134	0.014	-0.0325	-0.1237	-0.0342	-0.0504	-0.2497	-0.967	3	11	11	1	1	0.004	0.5	1	0.0134
0.0134	0.0521	-0.0332	-0.1272	-0.0477	-0.8471	0.3218	0.4229	10	12	11	1	2	0.004	0.5	0	0.0134
0.0134	0.0359	-0.0793	-0.1126	-0.0237	-0.5073	0.7938	0.3354	11	13	11	1	3	0.0012	0.375	0	0.0152
0.0134	0.0459	-0.0944	-0.0831	-0.008	-0.3605	0.931	0.0579	12	14	11	1	4	0.0019	0.225	0	0.0199
0.0134	0.049	-0.1188	-0.0456	-0.0022	-0.5494	0.8354	0.0152	13	15	11	1	5	0.0039	0.14	0	0.0053
0.0134	0.0289	-0.1422	-0.0071	0.0151	-0.5899	0.7706	0.2412	14	16	11	1	6	0.01	0.05	0	0.01
0.0134	0.0031	-0.156	0.0096	0.0066	-0.4167	0.8227	-0.3867	15	17	11	1	7	0.0011	0.25	0	0.0103
0.0134	0.07	-0.1514	0.037	-0.0061	-0.782	0.4032	0.4753	16	18	11	1	8	0.0108	0.275	0	0.0283
0.0134	0.0132	-0.1955	0.0705	0.0101	0.6146	0.5594	0.5562	17	19	11	1	9	0.01	0.05	0	0.01
0.0134	0.0408	-0.1874	0.0778	0.0175	-0.0707	0.3748	0.9244	18	0	11	1	10	0.01	0.05	0	0.01
0.01	0.0613	0.0084	-0.0371	-0.0224	0.5589	0.7219	0.4081	5	21	5	1	1	0.0009	0.3333	0	0.0108
0.0094	0.0065	0.0404	0.0271	-0.0084	0.2255	0.4931	0.8403	20	22	5	1	2	0.01	0.05	0	0.01
0.0097	0.0519	0.0515	0.0269	-0.002	0.0998	0.5085	0.8552	21	23	5	1	3	0.0013	0.375	0	0.0101
0.0081	0.0134	0.048	0.0635	0.0325	0.0059	0.6978	0.7163	22	24	5	1	4	0.005	0.5	0	0.0081
0.0067	0.0385	0.0517	0.0753	0.0459	-0.5693	0.822	0.0119	23	25	5	1	5	0.004	0.5	0	0.0065
0.0068	0.0189	0.0434	0.1067	0.0434	0.0168	0.9998	-0.0057	24	26	5	1	6	0.0022	0.4688	0	0.0068
0.0088	0.0415	0.0548	0.1182	0.0522	0.6402	0.7461	-0.183	25	27	5	1	7	0.001	0.2083	0	0.0096
0.0094	0.025	0.0612	0.1616	0.0452	0.5257	0.8505	0.0169	26	28	5	1	8	0.0046	0.375	0	0.0104
0.0067	0.0285	0.0663	0.1814	0.0428	-0.2579	0.9307	0.2594	27	29	5	1	9	0.0048	0.4063	0	0.0067
0.006	0.0156	0.069	0.2098	0.0437	-0.1743	0.9846	0.0129	28	30	5	1	10	0.0042	0.5417	0	0.006
0.0071	0.0127	0.0705	0.2223	0.0344	0.2297	0.9553	-0.1861	29	31	5	1	11	0.0051	0.5417	0	0.0072
0.0067	0.01	0.0756	0.2364	0.0371	0.454	0.7521	-0.4778	30	0	5	1	12	0.01	0.05	0	0.01
0.0082	0.0747	-0.0628	-0.126	-0.0135	0.165	-0.9851	0.0495	13	33	3	2	1	0.0029	0.4583	0	0.0082
0.0107	0.0394	-0.0551	-0.2023	-0.0045	0.2485	-0.9358	-0.25	32	34	3	2	2	0.0007	0.25	0	0.0122
0.0097	0.0264	-0.0548	-0.2362	-0.0221	-0.1006	-0.9661	-0.2378	33	35	3	2	3	0.0008	0.375	0	0.0098
0.0094	0.002	-0.0589	-0.2568	-0.0211	-0.5549	-0.7388	0.3826	34	36	3	2	4	0.01	0.05	0	0.01
0.0091	0.0177	-0.06	-0.2583	-0.0203	-0.1017	-0.9177	-0.384	35	37	3	2	5	0.01	0.05	0	0.01
0.0088	0.0125	-0.0618	-0.2746	-0.0271	-0.8651	0.1844	-0.4664	36	0	3	2	6	0.01	0.05	0	0.01
0.0203	0.0549	-0.1225	-0.0157	-0.0027	0.9122	-0.2538	0.3218	14	39	4	2	1	0.002	0.4167	0	0.0203
0.0203	0.0164	-0.061	-0.006	-0.0167	0.9543	-0.2585	0.1503	38	40	4	2	2	0.0011	0.3333	0	0.0167
0.0203	0.0334	-0.0655	-0.0003	-0.0036	0.319	0.9146	-0.2484	39	41	4	2	3	0.001	0.3333	0	0.0159
0.0203	0.0251	-0.0471	0.0289	-0.0042	0.1929	0.981	-0.0218	40	42	4	2	4	0.01	0.05	0	0.01
0.0203	0.0063	-0.0662	0.0274	-0.0056	-0.3793	0.3195	0.8684	41	0	4	2	5	0.002	0.15	0	0.01
0.0147	0.014	0.0569	0.0757	0.051	0.533	0.3877	0.7521	24	44	7	2	1	0.0021	0.4167	1	0.0147
0.0147	0.0288	0.0643	0.0811	0.0615	0.5262	0.2501	-0.8127	43	45	7	2	2	0.0021	0.4167	0	0.0147
0.0147	0.0102	0.0761	0.0942	0.0482	0.9348	-0.0606	0.3498	44	46	7	2	3	0.01	0.05	0	0.01
0.0147	0.0277	0.0856	0.0936	0.0517	0.4265	0.1536	-0.8913	45	47	7	2	4	0.01	0.05	0	0.01
0.0147	0.0226	0.0974	0.0979	0.0271	-0.0688	0.9885	0.1345	46	0	7	2	5	0.01	0.05	0	0.01
0.0089	0.0144	0.0688	0.1662	0.0369	0.5789	0.2259	-0.7835	27	49	9	2	1	0.0022	0.375	1	0.0116
0.0087	0.0396	0.0771	0.1695	0.0256	0.9542	0.298	-0.0263	48	50	9	2	2	0.0022	0.375	0	0.0116
0.0081	0.037	0.1131	0.1778	0.0256	0.8614	-0.4884	-0.1396	49	51	9	2	3	0.0007	0.3333	0	0.0113
0.0059	0.0286	0.1446	0.1581	0.0187	0.9815	-0.191	-0.0155	50	52	9	2	4	0.01	0.05	0	0.01
0.004	0.0042	0.1443	0.1651	0.0176	0.3842	0.8502	-0.3599	51	0	9	2	5	0.0029	0.125	0	0.01
0.0081	0.0459	-0.0932	-0.0048	-0.003	-0.0512	0.9054	0.4214	38	54	8	3	1	0.0018	0.375	0	0.0081
0.008	0.0463	-0.0955	0.0315	0.0106	-0.9994	0.021	-0.0278	53	55	8	3	2	0.0007	0.3333	0	0.0079
0.0081	0.0044	-0.1389	0.0289	0.0036	-0.846	0.129	-0.5174	54	0	8	3	3	0.01	0.05	0	0.01
