radius (m)	length (m)	start_point	axis_direction	parent	extension	branch	branch_order	position_in_branch	mad	SurfCov	added	UnmodRadius (m)
0.0181	0.036	-0.1411	-0.1062	-0.1462	0.9861	-0.1511	-0.0688	0	2	1	0	1	0.0026	0.4583	0	0.0188
0.0159	0.0676	-0.1012	-0.1039	-0.1473	-0.3058	0.0076	0.9521	1	3	1	0	2	0.0025	0.3333	0	0.0159
0.0139	0.0769	-0.1148	-0.1106	-0.0797	0.7413	0.5674	-0.3586	2	4	1	0	3	0.0023	0.3333	0	0.0139
0.0128	0.03	-0.0721	-0.0847	-0.1157	0.4869	0.0216	-0.8732	3	5	1	0	4	0.01	0.05	0	0.01
0.0128	0.0133	-0.0652	-0.0678	-0.1236	0.3953	0.7643	-0.5094	4	6	1	0	5	0.01	0.05	0	0.01
0.0128	0.0482	-0.0619	-0.0508	-0.1274	0.8349	-0.0009	0.5505	5	7	1	0	6	0.0011	0.375	0	0.011
0.0128	0.0071	-0.0287	-0.0606	-0.099	0.4212	-0.1334	0.8971	6	8	1	0	7	0.01	0.05	0	0.01
0.0128	0.0379	-0.0198	-0.0749	-0.0904	0.5567	0.3736	0.742	7	9	1	0	8	0.0011	0.4167	0	0.0128
0.0128	0.0061	0.0047	-0.0609	-0.0741	-0.0274	0.9994	-0.0205	8	10	1	0	9	0.01	0.05	0	0.01
0.0128	0.0076	0.0056	-0.0538	-0.0659	0.991	-0.0578	-0.121	9	11	1	0	10	0.01	0.05	0	0.01
0.0128	0.0181	0.0137	-0.0556	-0.0672	0.5619	-0.0045	0.8272	10	0	1	0	11	0.01	0.05	0	0.01
0.0079	0.0766	-0.1	-0.0937	-0.074	0.2758	0.8787	0.3895	3	13	3	1	1	0.0013	0.5	0	0.0073
0.01	0.0153	-0.0744	-0.0278	-0.0497	0.6475	0.6779	0.3481	12	14	3	1	2	0.01	0.05	0	0.01
0.012	0.0385	-0.0668	-0.0285	-0.0164	0.8378	0.4809	0.2586	13	15	3	1	3	0.0083	0.275	0	0.0245
0.0103	0.0565	-0.0454	-0.0199	0.0077	-0.0013	-0.8169	-0.5767	14	16	3	1	4	0.0009	0.3333	0	0.0107
0.0079	0.0363	-0.0228	-0.0569	-0.0016	0.6269	-0.7033	-0.3352	15	17	3	1	5	0.0095	0.3438	0	0.0079
0.0089	0.033	-0.0136	-0.0758	0.0003	0.6624	-0.1873	0.7254	16	18	3	1	6	0.01	0.05	0	0.01
0.0073	0.0332	-0.0013	-0.0728	-0.01	0.9553	0.2081	-0.2099	17	19	3	1	7	0.0011	0.2083	0	0.0065
0.0078	0.008	0.0261	-0.0596	-0.012	0.8398	0.5417	0.0353	18	0	3	1	8	0.01	0.05	0	0.01
0.0122	0.0341	-0.0696	-0.0596	-0.1147	0.4856	0.6983	-0.5259	5	21	4	1	1	0.0052	0.25	0	0.0191
0.0122	0.0412	-0.0925	-0.0381	-0.1275	-0.1141	0.8754	-0.4697	20	22	4	1	2	0.0014	0.3333	0	0.0117
0.0122	0.0354	-0.0851	0.003	-0.1436	-0.3548	0.9262	-0.1274	21	23	4	1	3	0.01	0.05	0	0.01
0.0122	0.0197	-0.095	0.0013	-0.1559	-0.2664	0.1928	-0.9444	22	0	4	1	4	0.0026	0.2917	0	0.0091
0.0102	0.0325	0.0098	-0.0429	-0.06	-0.3638	0.6353	0.6812	10	25	9	1	1	0.0022	0.375	0	0.0102
0.0118	0.034	0.0048	-0.0313	-0.0433	-0.1043	-0.5748	0.8116	24	26	9	1	2	0.0012	0.375	0	0.0124
0.0101	0.0239	0.0007	-0.0357	-0.016	-0.3876	-0.0012	0.9218	25	27	9	1	3	0.0008	0.375	0	0.0101
0.0111	0.0307	-0.0034	-0.0301	0.0032	-0.2311	0.5962	0.7689	26	28	9	1	4	0.0011	0.2917	0	0.0111
0.0091	0.0426	-0.0067	-0.0107	0.0214	0.2777	0.8897	0.3623	27	29	9	1	5	0.001	0.25	0	0.008
0.01	0.0333	0.0016	0.023	0.0438	0.0395	0.8543	0.5182	28	30	9	1	6	0.01	0.05	0	0.01
0.0107	0.0173	0.0172	0.0448	0.0611	0.2974	0.6444	0.7045	29	31	9	1	7	0.0013	0.4167	0	0.0107
0.0091	0.0385	0.0228	0.0556	0.0685	0.9739	-0.2014	0.1051	30	32	9	1	8	0.0007	0.3333	0	0.0065
0.01	0.026	0.0587	0.0442	0.0719	0.8813	-0.4223	0.2122	31	33	9	1	9	0.01	0.05	0	0.01
0.0114	0.0225	0.0611	0.0567	0.0868	0.7729	0.558	0.3021	32	34	9	1	10	0.0013	0.2917	0	0.0137
0.01	0.005	0.0766	0.0591	0.0873	0.3404	-0.544	0.767	33	35	9	1	11	0.01	0.05	0	0.01
0.0111	0.0317	0.0704	0.0663	0.0847	0.021	0.5552	0.8314	34	36	9	1	12	0.0014	0.375	0	0.0115
0.0107	0.0413	0.0677	0.0849	0.1149	0.7212	0.4932	0.4865	35	37	9	1	13	0.0007	0.3333	0	0.0108
0.0109	0.0258	0.0983	0.1049	0.1271	0.6676	0.7436	0.0366	36	38	9	1	14	0.0014	0.3333	0	0.0114
0.0091	0.0166	0.1099	0.1284	0.1329	0.4489	0.8617	-0.2364	37	39	9	1	15	0.0059	0.5417	0	0.0091
0.01	0.0044	0.1023	0.1367	0.1197	-0.5262	0.7741	0.352	38	40	9	1	16	0.01	0.05	0	0.01
0.0091	0.04	0.0998	0.1403	0.1221	0.9029	0.4073	0.1375	39	41	9	1	17	0.0011	0.3333	0	0.0088
0.0097	0.0095	0.1353	0.1546	0.1232	0.5373	-0.7962	0.2781	40	42	9	1	18	0.01	0.05	0	0.01
0.0096	0.0194	0.1422	0.1503	0.1273	-0.1428	-0.3354	0.9312	41	0	9	1	19	0.01	0.05	0	0.01
0.0194	0.0416	0.0179	-0.0693	-0.0734	0.9979	0.032	-0.0555	9	44	11	1	1	0.0042	0.175	1	0.01
0.0194	0.0236	0.0609	-0.0366	-0.073	0.7831	0.0159	-0.6216	43	45	11	1	2	0.0016	0.1	0	0.01
0.0194	0.0286	0.0916	-0.0629	-0.0966	0.4241	0.458	-0.7812	44	46	11	1	3	0.0016	0.5	0	0.0194
0.0194	0.0214	0.1277	-0.0557	-0.0911	-0.3789	-0.9157	0.1339	45	47	11	1	4	0.0019	0.1	0	0.01
0.0194	0.0413	0.1086	-0.0924	-0.0917	-0.0725	0.2393	-0.9682	46	48	11	1	5	0.0042	0.125	0	0.01
0.0194	0.0389	0.1197	-0.0757	-0.1441	-0.4118	0.9105	0.0364	47	0	11	1	6	0.0001	0.075	0	0.01
0.0157	0.0416	-0.1301	-0.0844	-0.1056	0.3925	0.8967	0.2045	0	50	6	0	1	0.0021	0.4167	0	0.0157
0.0157	0.0118	-0.1149	-0.0434	-0.0825	0.737	0.667	-0.1096	49	51	6	0	2	0.0015	0.175	0	0.01
0.0157	0.0226	-0.1068	-0.0352	-0.1115	-0.8451	0.5341	0.0245	50	0	6	0	3	0.0029	0.125	0	0.01
0.0129	0.0465	-0.0903	-0.0398	-0.0553	-0.305	0.9523	-0.0065	12	53	7	2	1	0.0042	0.4583	1	0.0316
0.0129	0.0489	-0.0983	0.0011	-0.0727	-0.1747	-0.976	0.1297	52	54	7	2	2	0.0086	0.375	0	0.0316
0.0129	0.0313	-0.1256	-0.0307	-0.0725	-0.6617	-0.6152	0.4286	53	55	7	2	3	0.0014	0.2917	0	0.011
0.0129	0.0515	-0.1399	-0.06	-0.0794	-0.8478	-0.5302	-0.0109	54	56	7	2	4	0.0073	0.4063	0	0.0129
0.0129	0.0268	-0.1819	-0.0628	-0.0903	-0.6823	-0.2456	-0.6886	55	57	7	2	5	0.01	0.05	0	0.01
0.0129	0.0397	-0.175	-0.0909	-0.0857	-0.3478	-0.8447	-0.4068	56	0	7	2	6	0.01	0.05	0	0.01
0.007	0.0187	-0.0099	-0.0859	0.0045	-0.9433	-0.3131	-0.1101	17	59	23	2	1	0.0014	0.375	0	0.007
0.0083	0.0249	-0.0289	-0.1006	-0.0011	-0.9427	0.2357	-0.2362	58	60	23	2	2	0.001	0.3333	0	0.0125
0.0078	0.0015	-0.0498	-0.0875	0.0025	-0.9471	-0.0814	0.3104	59	61	23	2	3	0.01	0.05	0	0.01
0.0071	0.047	-0.0587	-0.0993	-0.0055	0.8893	-0.369	-0.2702	60	62	23	2	4	0.0034	0.225	0	0.0229
0.0043	0.0137	-0.0193	-0.1189	-0.0183	0.6129	-0.6117	-0.5001	61	0	23	2	5	0.0076	0.15	0	0.01
0.0079	0.0111	-0.0039	0.0276	0.056	-0.5887	-0.3221	0.7414	29	64	26	2	1	0.0019	0.4167	1	0.0078
0.0079	0.0414	-0.0105	0.024	0.0642	-0.4826	0.2863	-0.8277	63	65	26	2	2	0.0019	0.4167	0	0.0078
0.0095	0.0064	-0.0256	0.0303	0.0383	-0.2063	-0.8653	-0.4567	64	66	26	2	3	0.01	0.05	0	0.01
0.0079	0.0235	-0.0243	0.0205	0.0325	-0.5221	-0.6847	0.5085	65	0	26	2	4	0.0031	0.25	0	0.0081
0.0088	0.056	-0.004	0.0562	0.0555	-0.7469	0.6498	0.1411	29	68	27	2	1	0.0024	0.4167	0	0.0087
0.0095	0.0021	-0.0438	0.0855	0.0668	-0.5464	0.22	0.8081	67	69	27	2	2	0.01	0.05	0	0.01
0.0095	0.0157	-0.0471	0.082	0.0679	0.0419	-0.1577	0.9866	68	70	27	2	3	0.01	0.05	0	0.01
0.0095	0.0315	-0.0464	0.0796	0.0835	-0.352	0.4737	0.8073	69	0	27	2	4	0.01	0.05	0	0.01
0.0108	0.0577	0.0776	0.0546	0.0894	0.334	-0.786	-0.5202	33	72	29	2	1	0.0012	0.3333	0	0.0125
0.0101	0.0533	0.0922	-0	0.0658	-0.922	0.3208	-0.2169	71	73	29	2	2	0.0031	0.25	0	0.0288
0.0083	0.0288	0.0462	0.0231	0.0544	-0.7093	0.3803	-0.5935	72	74	29	2	3	0.01	0.05	0	0.01
0.0083	0.007	0.0269	0.0237	0.0378	-0.8572	-0.1178	-0.5012	73	75	29	2	4	0.004	0.25	0	0.016
0.0045	0.0218	0.0236	0.0136	0.0399	-0.4978	-0.553	-0.6681	74	0	29	2	5	0.0029	0.15	0	0.01
