radius (m)	length (m)	start_point	axis_direction	parent	extension	branch	branch_order	position_in_branch	mad	SurfCov	added	UnmodRadius (m)
0.0125	0.0887	0.0617	-0.0376	-0.1777	-0.9199	-0.1552	0.36	0	2	1	0	1	0.0024	0.75	0	0.0125
0.0125	0.0354	-0.0154	-0.0496	-0.1386	-0.6533	-0.5323	0.5384	1	3	1	0	2	0.0014	0.5833	0	0.0115
0.0125	0.066	-0.041	-0.0683	-0.1193	0.0897	-0.0893	0.992	2	4	1	0	3	0.0013	0.375	0	0.0114
0.0146	0.0118	-0.0324	-0.0684	-0.056	-0.6055	0.5057	0.6145	3	5	1	0	4	0.001	0.2917	0	0.0154
0.0125	0.0139	-0.0368	-0.0651	-0.0503	0.7236	0.665	0.1848	4	6	1	0	5	0.01	0.05	0	0.01
0.0149	0.0368	-0.0192	-0.0395	-0.0475	-0.9088	0.4165	-0.0243	5	7	1	0	6	0.0011	0.4167	0	0.0199
0.014	0.0478	-0.0442	-0.0222	-0.048	-0.2211	0.9518	0.2125	6	8	1	0	7	0.0017	0.4167	0	0.0141
0.0147	0.0334	-0.0326	0.0212	-0.035	0.0766	0.9917	0.1036	7	9	1	0	8	0.0075	0.375	0	0.0191
0.0125	0.0498	-0.0301	0.0441	-0.0205	0.6453	0.5555	0.5244	8	10	1	0	9	0.01	0.05	0	0.01
0.0125	0.0091	-0.0307	0.0534	-0.0295	0.252	0.742	-0.6212	9	0	1	0	10	0.01	0.05	0	0.01
0.0091	0.0379	-0.0293	-0.0741	-0.1152	0.8929	-0.4365	0.1102	3	12	33	1	1	0.0022	0.4167	1	0.0091
0.0091	0.0848	0.0045	-0.0906	-0.111	-0.9239	-0.2832	-0.2574	11	13	33	1	2	0.0022	0.4167	0	0.0091
0.0095	0.0077	-0.0678	-0.1203	-0.1224	-0.3102	-0.8992	-0.3086	12	14	33	1	3	0.01	0.05	0	0.01
0.0094	0.0258	-0.0702	-0.1272	-0.1248	-0.5511	0.1346	-0.8235	13	15	33	1	4	0.01	0.05	0	0.01
0.0093	0.0206	-0.0779	-0.1249	-0.1491	0.0518	0.9705	-0.2356	14	0	33	1	5	0.01	0.05	0	0.01
0.009	0.072	-0.0366	-0.0431	-0.0372	-0.914	0.4056	-0.0125	6	17	3	1	1	0.0025	0.5	0	0.009
0.0125	0.0349	-0.0972	-0.0088	-0.0491	0.1232	0.8772	0.464	16	18	3	1	2	0.0032	0.225	0	0.0216
0.0104	0.0384	-0.0985	0.0207	-0.0255	0.0249	0.9875	0.1554	17	19	3	1	3	0.0053	0.4688	0	0.0104
0.01	0.0313	-0.0865	0.0518	-0.0296	0.5713	0.8174	0.0733	18	20	3	1	4	0.01	0.05	0	0.01
0.0108	0.0285	-0.0973	0.0674	-0.0187	-0.1009	0.7993	0.5925	19	0	3	1	5	0.0027	0.2917	0	0.012
0.0139	0.1106	-0.0509	-0.0705	-0.0387	-0.8553	-0.5162	-0.0454	4	22	6	1	1	0.0011	0.3333	0	0.0245
0.0101	0.0343	-0.1321	-0.1305	-0.0414	-0.2067	-0.9776	-0.04	21	23	6	1	2	0.001	0.25	0	0.0091
0.0099	0.0056	-0.1429	-0.1622	-0.0432	-0.4133	-0.7872	0.4577	22	24	6	1	3	0.01	0.05	0	0.01
0.0091	0.0147	-0.1459	-0.1664	-0.0407	-0.2982	-0.87	-0.3926	23	0	6	1	4	0.01	0.05	0	0.01
0.0117	0.073	-0.024	-0.071	-0.0443	0.2547	0.7421	0.6201	4	26	8	1	1	0.0025	0.375	0	0.0121
0.0098	0.0593	0.003	-0.0204	-0.0002	0.3818	0.6702	0.6364	25	27	8	1	2	0.0012	0.375	0	0.0085
0.0102	0.053	0.0244	0.0197	0.0381	0.4921	0.6282	0.6027	26	28	8	1	3	0.0012	0.2083	0	0.0102
0.0106	0.0336	0.0585	0.044	0.0657	0.7373	0.3822	0.557	27	29	8	1	4	0.0017	0.25	0	0.0106
0.0098	0.0345	0.0826	0.0559	0.0784	0.9612	0.244	-0.1284	28	30	8	1	5	0.0011	0.2917	0	0.0085
0.0098	0.0039	0.1139	0.0713	0.0811	0.8088	0.5134	-0.2867	29	31	8	1	6	0.0047	0.5417	0	0.0098
0.01	0.0798	0.1209	0.0741	0.0816	-0.3259	0.8901	0.3185	30	32	8	1	7	0.0016	0.4167	0	0.01
0.01	0.0376	0.1034	0.1393	0.1171	-0.084	0.8316	0.549	31	33	8	1	8	0.01	0.05	0	0.01
0.0106	0.0131	0.0935	0.1773	0.1246	-0.14	0.8523	0.5039	32	34	8	1	9	0.0012	0.375	0	0.0109
0.01	0.0354	0.0978	0.1929	0.1257	-0.0466	0.7985	0.6002	33	35	8	1	10	0.01	0.05	0	0.01
0.01	0.005	0.0869	0.1934	0.1474	-0.4084	0.149	0.9006	34	0	8	1	11	0.01	0.05	0	0.01
0.0151	0.0474	-0.1361	-0.1285	-0.056	0.8958	0.076	-0.4378	21	37	12	2	1	0.0038	0.5	0	0.0151
0.0151	0.0149	-0.0952	-0.1274	-0.0757	0.3967	-0.5553	-0.7309	36	0	12	2	2	0.01	0.05	0	0.01
0.01	0.0381	0.0078	-0.0019	0.0268	0.1241	-0.9646	0.2327	25	39	14	2	1	0.01	0.05	0	0.01
0.01	0.0062	0.016	-0.0506	0.0128	0.7155	-0.5686	0.4059	38	40	14	2	2	0.01	0.05	0	0.01
0.0103	0.0288	0.0129	-0.0361	0.0087	-0.9284	-0.3696	0.0384	39	41	14	2	3	0.0014	0.2917	0	0.0253
0.0078	0.0023	-0.0082	-0.0571	0.0336	-0.8021	-0.5931	-0.0696	40	42	14	2	4	0.01	0.05	0	0.01
0.0048	0.0377	-0.0101	-0.0585	0.0335	-0.5275	-0.5	-0.6868	41	0	14	2	5	0.01	0.05	0	0.01
0.0158	0.0142	0.0933	0.1645	0.1264	-0.7861	0.4021	-0.4695	32	44	29	2	1	0.0038	0.5	1	0.0158
0.0158	0.0333	0.0821	0.1703	0.1197	0.2935	-0.645	0.7055	43	45	29	2	2	0.0038	0.5	0	0.0158
0.0158	0.0355	0.1013	0.1677	0.1341	0.8629	-0.4888	-0.1287	44	46	29	2	3	0.0026	0.175	0	0.0081
0.0158	0.0037	0.1267	0.1564	0.1408	0.8976	-0.0399	0.4389	45	47	29	2	4	0.0024	0.125	0	0.01
0.0158	0.0322	0.1218	0.1538	0.1325	0.712	0.2541	-0.6545	46	0	29	2	5	0.0013	0.15	0	0.01
