radius (m)	length (m)	start_point	axis_direction	parent	extension	branch	branch_order	position_in_branch	mad	SurfCov	added	UnmodRadius (m)
0.0141	0.081	-0.0346	-0.0075	-0.144	0.6231	0.4106	0.6657	0	2	1	0	1	0.0028	0.7083	0	0.0141
0.0157	0.064	0.0137	0.0204	-0.0925	-0.848	0.0955	0.5214	1	3	1	0	2	0.0021	0.8333	0	0.0157
0.0148	0.04	-0.0346	0.0308	-0.0442	-0.7079	-0.5498	0.4434	2	4	1	0	3	0.0018	0.7917	0	0.0148
0.0137	0.0692	-0.0731	0.0255	-0.0159	-0.4228	-0.6594	0.6217	3	5	1	0	4	0.0018	0.75	0	0.0137
0.0137	0.0688	-0.1071	-0.0234	0.0238	-0.5684	-0.0204	0.8225	4	6	1	0	5	0.0019	0.5833	0	0.0129
0.0137	0.0629	-0.1358	-0.0262	0.0794	0.0011	-0.601	0.7993	5	7	1	0	6	0.0014	0.4583	0	0.0112
0.0139	0.0301	-0.1398	-0.0574	0.1337	0.1132	-0.4755	0.8724	6	8	1	0	7	0.0011	0.2917	0	0.0139
0.0137	0.005	-0.1464	-0.0712	0.1528	-0.5685	-0.2237	0.7917	7	9	1	0	8	0.01	0.05	0	0.01
0.0137	0.0111	-0.1489	-0.0723	0.1568	-0.0498	0.9798	-0.1937	8	0	1	0	9	0.01	0.05	0	0.01
0.0094	0.0227	-0.0151	-0.011	-0.1266	0.6832	-0.5099	0.5228	1	11	2	1	1	0.0018	0.5	1	0.0094
0.0094	0.0884	0.0004	-0.0226	-0.1148	0.976	-0.1116	0.1872	10	12	2	1	2	0.0018	0.5	0	0.0094
0.0103	0.0365	0.0857	-0.0335	-0.0985	0.6816	-0.7001	0.2126	11	13	2	1	3	0.0011	0.5417	0	0.0103
0.012	0.0439	0.1202	-0.0635	-0.0893	0.4369	0.8711	-0.2241	12	14	2	1	4	0.0017	0.375	0	0.0159
0.0089	0.0058	0.1396	-0.0275	-0.1068	0.1065	0.9537	-0.2814	13	15	2	1	5	0.004	0.6563	0	0.0089
0.0096	0.0472	0.1383	-0.0275	-0.1048	0.7498	-0.5247	-0.4031	14	16	2	1	6	0.0008	0.4583	0	0.0096
0.0085	0.0646	0.1746	-0.0562	-0.1104	0.9176	-0.3585	-0.172	15	17	2	1	7	0.0013	0.5833	0	0.0085
0.0081	0.0367	0.2356	-0.0689	-0.122	0.8832	-0.1639	-0.4394	16	18	2	1	8	0.0039	0.7813	0	0.0081
0.0103	0.0005	0.2681	-0.0781	-0.1361	0.9436	-0.1468	-0.2968	17	0	2	1	9	0.0033	0.5417	0	0.0107
0.008	0.1227	-0.0009	0.0324	-0.0689	0.8958	0.4423	-0.0445	2	0	3	1	1	0.0072	0.2667	0	0.0195
0.0122	0.0669	0.0332	0.0216	-0.0863	0.7704	-0.5991	-0.2181	1	21	4	1	1	0.0038	0.5	1	0.0124
0.0122	0.0693	0.0848	-0.0185	-0.1008	0.7128	0.6948	0.0959	20	22	4	1	2	0.0038	0.5	0	0.0124
0.0083	0.0652	0.1315	0.0296	-0.0904	0.6482	0.6175	0.4456	21	23	4	1	3	0.001	0.4167	0	0.008
0.0084	0.046	0.181	0.0616	-0.0656	0.7876	0.5779	0.2137	22	24	4	1	4	0.006	0.4063	0	0.0084
0.0083	0.0237	0.2172	0.0642	-0.0524	0.9685	0.0335	0.2468	23	25	4	1	5	0.0049	0.3438	0	0.0083
0.0093	0.022	0.2391	0.0708	-0.0457	0.9327	0.132	0.3357	24	26	4	1	6	0.01	0.05	0	0.01
0.0101	0.0132	0.2405	0.0721	-0.0455	0.1909	-0.9306	-0.3124	25	0	4	1	7	0.0009	0.2917	0	0.0119
0.012	0.1415	-0.0579	0.0421	-0.057	0.7922	0.5971	0.1263	2	28	5	1	1	0.001	0.5	0	0.0128
0.0074	0.0597	0.0588	0.1235	-0.0485	0.8981	0.2558	0.3579	27	29	5	1	2	0.0033	0.5	0	0.0074
0.007	0.0123	0.1156	0.1266	-0.032	0.9611	0.1589	0.2258	28	30	5	1	3	0.003	0.4375	0	0.0063
0.008	0.0434	0.1272	0.1337	-0.0281	0.9802	-0.0151	0.1975	29	31	5	1	4	0.001	0.3333	0	0.008
0.0085	0.0438	0.171	0.128	-0.0202	0.9527	0.1788	0.2457	30	32	5	1	5	0.0012	0.375	0	0.0085
0.0083	0.0245	0.2093	0.1224	-0.0099	0.9668	-0.2438	0.0769	31	33	5	1	6	0.0037	0.5833	0	0.0084
0.0078	0.0277	0.2398	0.1298	-0.0063	0.8932	-0.4391	-0.0972	32	34	5	1	7	0.0062	0.5833	0	0.0079
0.0071	0.0277	0.2643	0.1186	-0.0092	0.9186	0.2146	-0.3319	33	0	5	1	8	0.01	0.05	0	0.01
0.011	0.0381	-0.1558	-0.0174	0.0739	-0.8681	-0.1976	0.4553	5	36	8	1	1	0.0027	0.5417	0	0.011
0.011	0.0446	-0.1864	-0.0172	0.0957	-0.035	-0.4795	0.8769	35	37	8	1	2	0.0009	0.25	0	0.0079
0.011	0.0186	-0.1912	-0.0375	0.1367	0.3418	-0.4584	0.8204	36	0	8	1	3	0.01	0.05	0	0.01
0.0104	0.0469	-0.138	-0.0753	0.1641	-0.6278	-0.1897	0.7549	8	39	10	1	1	0.0032	0.5417	0	0.0104
0.011	0.0502	-0.1635	-0.0843	0.2011	-0.3741	0.0924	0.9228	38	40	10	1	2	0.0016	0.5417	0	0.0111
0.0097	0.0434	-0.1842	-0.0794	0.2467	-0.3416	-0.3814	0.859	39	41	10	1	3	0.0013	0.5833	0	0.0097
0.0095	0.0538	-0.1902	-0.0992	0.2844	-0.1914	-0.4012	0.8958	40	42	10	1	4	0.0011	0.5	0	0.0095
0.0087	0.0427	-0.1997	-0.1186	0.3333	-0.0842	-0.3138	0.9457	41	43	10	1	5	0.0011	0.5833	0	0.0087
0.0084	0.0329	-0.2065	-0.1297	0.3735	-0.1983	-0.2107	0.9572	42	44	10	1	6	0.0011	0.4583	0	0.0084
0.0081	0.0418	-0.2154	-0.1324	0.4045	-0.2889	-0.0529	0.9559	43	45	10	1	7	0.0037	0.7083	0	0.0081
0.0094	0.004	-0.2123	-0.1247	0.4439	-0.0092	0.0763	0.997	44	0	10	1	8	0.0017	0.25	0	0.011
0.0104	0.1341	0.0822	-0.0154	-0.1042	0.9522	0.3054	0.0086	12	47	13	2	1	0.0011	0.625	0	0.0123
0.0104	0.046	0.2093	0.0282	-0.101	0.9523	-0.0134	0.3049	46	0	13	2	2	0.0013	0.5417	0	0.0104
0.0042	0.0224	0.1582	0.0611	-0.0684	-0.811	0.5709	-0.1279	22	49	14	2	1	0.0049	0.175	0	0.0105
0.0033	0.0387	0.1256	0.0566	-0.067	-0.6302	0.3593	-0.6883	48	0	14	2	2	0.0096	0.225	0	0.015
