radius (m)	length (m)	start_point	axis_direction	parent	extension	branch	branch_order	position_in_branch	mad	SurfCov	added	UnmodRadius (m)
0.0122	0.0819	0.1954	-0.0759	-0.3556	-0.7405	-0.2928	0.605	0	2	1	0	1	0.0024	0.7083	0	0.0122
0.0178	0.072	0.1385	-0.0873	-0.3079	-0.1028	0.1786	0.9785	1	3	1	0	2	0.0021	0.6667	0	0.0179
0.0153	0.0337	0.1148	-0.0856	-0.2243	0.3391	0.4711	0.8143	2	4	1	0	3	0.0049	0.425	0	0.0156
0.0127	0.0359	0.1197	-0.0694	-0.2058	-0.8083	0.0761	0.5838	3	5	1	0	4	0.0016	0.4167	0	0.0127
0.0113	0.0499	0.0918	-0.0669	-0.1844	-0.1854	0.613	0.768	4	6	1	0	5	0.0009	0.5417	0	0.0099
0.0124	0.0391	0.0778	-0.035	-0.1488	-0.2811	0.5742	0.7689	5	7	1	0	6	0.0015	0.75	0	0.0124
0.0113	0.0427	0.0675	-0.0168	-0.115	-0.2311	0.6189	0.7507	6	8	1	0	7	0.0014	0.75	0	0.0113
0.0155	0.0589	0.0482	-0.0054	-0.083	-0.4789	0.295	0.8268	7	9	1	0	8	0.0016	0.375	0	0.0174
0.0113	0.0176	0.028	0.0298	-0.0332	-0.4123	0.1284	0.902	8	10	1	0	9	0.0009	0.375	0	0.01
0.0137	0.0341	0.0486	0.0237	-0.0039	-0.2016	0.5884	0.783	9	11	1	0	10	0.0083	0.375	0	0.0145
0.0113	0.0052	0.042	0.0351	0.0042	0.8094	-0.5255	0.262	10	12	1	0	11	0.01	0.05	0	0.01
0.0113	0.0153	0.0478	0.0292	0.0044	0.1137	0.4162	-0.9021	11	0	1	0	12	0.001	0.4167	0	0.01
0.0164	0.0957	0.1283	-0.0963	-0.2796	-0.4347	-0.4729	0.7664	2	14	27	1	1	0.0071	0.28	0	0.0232
0.0149	0.0354	0.1	-0.148	-0.1888	-0.6789	-0.6851	0.264	13	15	27	1	2	0.0112	0.2708	0	0.0149
0.0105	0.0305	0.0892	-0.185	-0.197	-0.0855	-0.837	0.5404	14	16	27	1	3	0.0064	0.3438	0	0.0086
0.01	0.0385	0.0737	-0.2102	-0.1801	-0.0265	-0.9991	-0.032	15	17	27	1	4	0.01	0.05	0	0.01
0.0095	0.0386	0.0789	-0.2374	-0.1621	0.0138	-0.8658	0.5001	16	18	27	1	5	0.0006	0.4167	0	0.0083
0.0133	0.0337	0.0618	-0.2665	-0.1611	-0.4868	-0.8297	0.2732	17	19	27	1	6	0.0011	0.2917	0	0.0151
0.0134	0.0136	0.0763	-0.2709	-0.1359	0.0243	-0.5829	0.8122	18	20	27	1	7	0.001	0.3333	0	0.0156
0.01	0.0021	0.0622	-0.2863	-0.1383	-0.46	-0.4668	0.7553	19	21	27	1	8	0.01	0.05	0	0.01
0.01	0.0183	0.0616	-0.2861	-0.1364	0.9242	-0.3526	0.1467	20	22	27	1	9	0.01	0.05	0	0.01
0.0094	0.028	0.0785	-0.2925	-0.1337	0.7843	-0.5174	-0.3422	21	0	27	1	10	0.01	0.05	0	0.01
0.0085	0.0781	0.0687	-0.0252	-0.1076	0.7145	0.6787	0.1699	7	24	2	1	1	0.0029	0.4583	0	0.0084
0.0088	0.0336	0.1305	0.0209	-0.0989	0.7819	0.6173	0.0874	23	25	2	1	2	0.01	0.05	0	0.01
0.0086	0.0473	0.1438	0.0158	-0.1041	-0.879	0.332	0.3423	24	26	2	1	3	0.01	0.05	0	0.01
0.0085	0.0296	0.1022	0.0315	-0.0879	0.0675	0.6415	0.7641	25	0	2	1	4	0.01	0.05	0	0.01
0.0084	0.0527	0.0355	0.0256	-0.0075	-0.3523	0.5812	0.7336	10	28	3	1	1	0.0023	0.4167	0	0.0084
0.0078	0.0428	0.0195	0.056	0.0326	-0.4621	0.1624	0.8718	27	29	3	1	2	0.0007	0.4167	0	0.0072
0.0078	0.0508	0.0073	0.0649	0.0745	-0.5343	0.1096	0.8382	28	30	3	1	3	0.0049	0.375	0	0.0069
0.01	0.0315	-0.0229	0.0571	0.114	-0.608	-0.0428	0.7927	29	31	3	1	4	0.01	0.05	0	0.01
0.0097	0.0101	-0.0332	0.0813	0.1246	-0.3739	0.5515	0.7457	30	32	3	1	5	0.001	0.2917	0	0.0097
0.01	0.0061	-0.0352	0.0935	0.1257	-0.5888	0.6404	0.4931	31	33	3	1	6	0.01	0.05	0	0.01
0.011	0.0582	-0.0265	0.1006	0.133	-0.383	0.2964	0.8749	32	34	3	1	7	0.0012	0.375	0	0.0115
0.01	0.0313	-0.054	0.1078	0.1811	-0.8028	0.2647	0.5343	33	35	3	1	8	0.01	0.05	0	0.01
0.0103	0.014	-0.0702	0.1327	0.1969	-0.6139	0.3704	0.6971	34	36	3	1	9	0.0014	0.2917	0	0.0103
0.01	0.0031	-0.0735	0.1432	0.2079	-0.3458	0.1117	0.9316	35	37	3	1	10	0.01	0.05	0	0.01
0.0116	0.0241	-0.0822	0.1347	0.2163	0.6504	-0.0941	0.7538	36	38	3	1	11	0.0024	0.275	0	0.0182
0.0116	0.0257	-0.07	0.1358	0.2352	0.365	0.1633	0.9166	37	39	3	1	12	0.0011	0.3333	0	0.0139
0.0111	0.0407	-0.0823	0.1484	0.2445	0.0661	0.9003	0.4302	38	40	3	1	13	0.0026	0.175	0	0.0164
0.0093	0.0209	-0.0758	0.1801	0.2728	-0.3334	0.8005	0.498	39	41	3	1	14	0.0032	0.5	0	0.0093
0.0114	0.0196	-0.0911	0.1881	0.2778	-0.694	0.7154	-0.0813	40	42	3	1	15	0.0012	0.375	0	0.0122
0.0077	0.0312	-0.1053	0.1995	0.273	-0.1599	0.7892	-0.5929	41	43	3	1	16	0.0011	0.2917	0	0.0068
0.0121	0.0196	-0.1171	0.2146	0.2739	-0.7259	0.6823	0.0863	42	44	3	1	17	0.0048	0.15	0	0.0204
0.0121	0.0256	-0.1238	0.2257	0.2874	-0.8422	0.0498	0.5369	43	45	3	1	18	0.0048	0.4583	0	0.0133
0.0116	0.0403	-0.1355	0.223	0.3007	0.1818	0.3407	0.9224	44	0	3	1	19	0.0024	0.3333	0	0.0141
0.0112	0.0692	0.0008	0.0487	0.0846	-0.6168	-0.7524	0.2312	30	47	10	2	1	0.0064	0.375	0	0.0163
0.0112	0.0331	-0.0414	-0.0036	0.1043	-0.9833	-0.1463	0.1085	46	48	10	2	2	0.0012	0.2917	0	0.0116
0.0112	0.0335	-0.0662	0.0003	0.1229	-0.6809	-0.4216	0.5988	47	49	10	2	3	0.0011	0.375	0	0.0121
0.0112	0.025	-0.0797	0.0052	0.1157	-0.78	0.6059	0.1563	48	50	10	2	4	0.0123	0.375	0	0.0166
0.0112	0.0287	-0.1128	0.0092	0.1236	-0.5809	0.4646	-0.6683	49	51	10	2	5	0.0073	0.3438	0	0.007
0.0112	0.0326	-0.1278	0.0447	0.1202	-0.7873	0.3948	-0.4737	50	52	10	2	6	0.0093	0.275	0	0.0187
0.0112	0.0403	-0.1551	0.055	0.0985	-0.6408	0.754	-0.1442	51	53	10	2	7	0.0024	0.3958	0	0.0061
0.0112	0.032	-0.1634	0.0905	0.0967	-0.2518	0.9599	-0.123	52	54	10	2	8	0.01	0.05	0	0.01
0.0112	0.0481	-0.1749	0.0772	0.104	-0.7453	-0.1106	-0.6575	53	55	10	2	9	0.0013	0.4167	0	0.0112
0.0112	0.0305	-0.2107	0.0717	0.0774	-0.9885	0.1467	0.038	54	56	10	2	10	0.0009	0.25	0	0.0102
0.0112	0.0103	-0.2362	0.0823	0.0773	-0.7951	0.6043	0.0514	55	0	10	2	11	0.01	0.05	0	0.01
0.0025	0.0381	-0.0075	0.0337	0.0777	0.0716	-0.2619	-0.9624	46	58	11	3	1	0.0091	0.275	1	0.01
0.0025	0.029	-0.0078	0.0189	0.0391	0.8682	-0.4741	-0.1468	57	0	11	3	2	0.0037	0.15	0	0.01
0.0123	0.0761	-0.0089	0.0508	0.0928	-0.9687	0.0489	0.2435	46	60	12	3	1	0.0032	0.4167	0	0.0123
0.0123	0.0562	-0.0803	0.0582	0.1123	-0.7968	0.3812	0.4688	59	61	12	3	2	0.0041	0.375	0	0.0094
0.0123	0.0331	-0.1168	0.0887	0.1401	-0.6238	0.4763	0.6197	60	0	12	3	3	0.01	0.05	0	0.01
0.0124	0.0687	-0.1264	-0.0333	0.1755	-0.0497	-0.9959	-0.0755	0	63	32	0	1	0.0045	0.275	0	0.0231
0.01	0.0264	-0.1075	-0.0998	0.1876	0.6111	-0.1753	-0.7719	62	0	32	0	2	0.01	0.05	0	0.01
