radius (m)	length (m)	start_point	axis_direction	parent	extension	branch	branch_order	position_in_branch	mad	SurfCov	added	UnmodRadius (m)
0.0208	0.0913	-0.4624	0.2142	-0.9776	0.3365	-0.2034	0.9194	0	2	1	0	1	0.0042	0.7188	0	0.0208
0.0208	0.0805	-0.437	0.2125	-0.8811	0.4953	-0.4091	0.7664	1	3	1	0	2	0.0025	0.8333	0	0.0208
0.0217	0.0648	-0.4014	0.1822	-0.8157	0.4452	-0.4032	0.7995	2	4	1	0	3	0.0024	0.875	0	0.0217
0.0203	0.055	-0.3713	0.1721	-0.7592	0.4093	-0.2859	0.8664	3	5	1	0	4	0.0022	0.875	0	0.0203
0.0208	0.0729	-0.3513	0.1508	-0.7109	0.5548	-0.1569	0.8171	4	6	1	0	5	0.0026	0.9167	0	0.0208
0.0235	0.0555	-0.3131	0.1427	-0.6491	0.385	-0.3221	0.8649	5	7	1	0	6	0.0025	0.7917	0	0.0235
0.0189	0.0567	-0.2858	0.134	-0.5991	0.4205	-0.4484	0.7888	6	8	1	0	7	0.0019	0.8333	0	0.0189
0.0173	0.0608	-0.2437	0.0802	-0.5523	0.0732	0.1181	0.9903	7	9	1	0	8	0.0023	0.75	0	0.0173
0.0206	0.0571	-0.2411	0.084	-0.491	0.3317	0.1282	0.9346	8	10	1	0	9	0.0025	0.8333	0	0.0206
0.0195	0.0468	-0.2184	0.0896	-0.4401	0.5026	-0.1606	0.8495	9	11	1	0	10	0.0022	0.7917	0	0.0195
0.0246	0.0373	-0.1999	0.0817	-0.3975	0.4968	-0.3034	0.8131	10	12	1	0	11	0.0021	0.75	0	0.0246
0.0176	0.0636	-0.174	0.0921	-0.3595	0.4229	-0.4251	0.8003	11	13	1	0	12	0.0028	0.75	0	0.0176
0.0194	0.0424	-0.1544	0.0649	-0.3063	0.2969	0.0695	0.9524	12	14	1	0	13	0.0024	0.7917	0	0.0194
0.021	0.0461	-0.1406	0.0673	-0.2668	0.4439	-0.4481	0.7759	13	15	1	0	14	0.0021	0.7917	0	0.021
0.0219	0.0498	-0.1266	0.0563	-0.2242	0.2806	-0.4276	0.8593	14	16	1	0	15	0.0026	0.75	0	0.0219
0.0214	0.078	-0.1063	0.033	-0.1852	0.5364	0.1426	0.8319	15	17	1	0	16	0.0032	0.75	0	0.0214
0.0243	0.054	-0.0783	0.0186	-0.1135	0.4213	0.0113	0.9068	16	18	1	0	17	0.007	0.4	0	0.035
0.0173	0.0288	-0.0446	0.005	-0.0758	0.0274	-0.6091	0.7927	17	19	1	0	18	0.0015	0.375	0	0.0138
0.0242	0.0476	-0.029	0.002	-0.0548	0.0279	0.0909	0.9955	18	20	1	0	19	0.0054	0.3	0	0.0313
0.0173	0.0236	-0.0333	-0.0036	-0.007	-0.6864	0.4114	0.5997	19	21	1	0	20	0.0046	0.2	0	0.0119
0.0173	0.0217	-0.0481	-0.002	-0.005	0.5746	0.7088	-0.4092	20	0	1	0	21	0.0031	0.125	0	0.01
0.0181	0.0763	-0.4139	0.2152	-0.843	-0.5974	0.6267	0.5003	2	23	2	1	1	0.0041	0.5	0	0.0187
0.013	0.0242	-0.4454	0.2697	-0.8118	0.5555	-0.7025	0.4449	22	24	2	1	2	0.0011	0.3333	0	0.0124
0.013	0.0458	-0.4266	0.2468	-0.8008	-0.3524	-0.2813	0.8926	23	25	2	1	3	0.0017	0.4167	0	0.013
0.0136	0.0672	-0.444	0.2306	-0.7585	-0.0056	0.3745	0.9272	24	26	2	1	4	0.0017	0.2083	0	0.0136
0.013	0.0399	-0.4457	0.252	-0.6943	0.298	0.342	0.8912	25	0	2	1	5	0.01	0.05	0	0.01
0.011	0.1275	-0.2927	0.1195	-0.6422	0.5096	-0.6832	-0.5231	6	28	3	1	1	0.0018	0.4583	1	0.0092
0.011	0.0292	-0.2277	0.0325	-0.7089	0.7805	-0.3443	-0.5218	27	29	3	1	2	0.0018	0.4583	0	0.0092
0.0128	0.0876	-0.2103	0.0375	-0.7295	0.3647	-0.1934	-0.9108	28	30	3	1	3	0.0016	0.5	0	0.0131
0.011	0.0571	-0.1789	0.0338	-0.8165	0.3174	-0.44	-0.8401	29	31	3	1	4	0.0014	0.5417	0	0.0108
0.0115	0.0559	-0.1602	0.0141	-0.8639	0.4775	0.0445	-0.8775	30	32	3	1	5	0.0013	0.4583	0	0.0115
0.011	0.0253	-0.1338	0.0172	-0.9132	0.4808	-0.1245	-0.868	31	33	3	1	6	0.0055	0.7188	0	0.011
0.011	0.0119	-0.1282	0.0246	-0.9346	0.2546	0.2032	-0.9455	32	0	3	1	7	0.005	0.5833	0	0.0085
0.0159	0.1058	-0.1365	0.0313	-0.2774	-0.9815	-0.0618	-0.1812	12	0	4	1	1	0.0041	0.5	0	0.0159
0.0101	0.033	-0.0833	0.0423	-0.1115	0.3715	0.3414	0.8634	17	36	6	1	1	0.0019	0.4167	0	0.0093
0.0106	0.0336	-0.0741	0.0594	-0.083	0.8826	0.4593	-0.1003	35	37	6	1	2	0.0014	0.4167	0	0.0106
0.0164	0.033	-0.0384	0.0735	-0.0921	0.6883	-0.0365	0.7245	36	38	6	1	3	0.0021	0.2	0	0.0241
0.01	0.0051	-0.0101	0.0851	-0.0781	0.9066	-0.0781	0.4147	37	39	6	1	4	0.01	0.05	0	0.01
0.01	0.0268	-0.0054	0.0847	-0.076	0.5943	-0.6571	0.4637	38	40	6	1	5	0.01	0.05	0	0.01
0.01	0.0106	0.0101	0.0674	-0.0638	0.1959	-0.4657	-0.863	39	0	6	1	6	0.01	0.05	0	0.01
0.0224	0.0962	-0.0165	-0.0108	-0.0653	0.3114	-0.1583	0.937	19	42	7	1	1	0.0069	0.56	0	0.0277
0.023	0.0678	0.0153	-0.0139	0.0286	0.3688	-0.3241	0.8712	41	43	7	1	2	0.0107	0.9	0	0.0314
0.0184	0.0552	0.0495	-0.0237	0.0883	0.3892	-0.3341	0.8584	42	44	7	1	3	0.0031	0.7917	0	0.0184
0.0197	0.0488	0.0669	-0.0439	0.1408	0.7577	0.1178	0.6419	43	45	7	1	4	0.0032	0.7083	0	0.0197
0.0187	0.0495	0.0999	-0.0549	0.189	0.8784	0.2176	0.4256	44	46	7	1	5	0.0093	0.7	0	0.0256
0.0176	0.0466	0.1382	-0.0496	0.2206	0.787	0.2943	0.5423	45	47	7	1	6	0.002	0.9167	0	0.0176
0.0183	0.0341	0.177	-0.0393	0.2459	0.4847	0.2803	0.8285	46	48	7	1	7	0.0019	0.7917	0	0.0183
0.0156	0.0423	0.1945	-0.0427	0.2748	0.6598	0.0955	0.7453	47	49	7	1	8	0.0019	0.7917	0	0.0156
0.0162	0.0369	0.2237	-0.0323	0.3061	0.5828	-0.0827	0.8084	48	50	7	1	9	0.0023	0.7917	0	0.0162
0.0161	0.0404	0.2449	-0.037	0.3364	0.5744	0.1507	0.8046	49	51	7	1	10	0.0024	0.75	0	0.0161
0.0181	0.0385	0.262	-0.0292	0.3715	0.3982	0.0727	0.9144	50	52	7	1	11	0.0024	0.7083	0	0.0181
0.0167	0.0439	0.2895	-0.0336	0.4006	0.4864	0.0755	0.8705	51	53	7	1	12	0.0023	0.75	0	0.0167
0.0156	0.0357	0.3104	-0.0421	0.4347	0.7062	-0.2494	0.6626	52	54	7	1	13	0.0019	0.6667	0	0.0154
0.0168	0.0295	0.3371	-0.0434	0.4668	0.5241	-0.6737	0.521	53	55	7	1	14	0.0018	0.5833	0	0.0168
0.0158	0.033	0.3527	-0.0551	0.4868	0.5285	-0.4247	0.735	54	56	7	1	15	0.0022	0.7083	0	0.0158
0.0169	0.0359	0.3675	-0.0636	0.5186	0.603	-0.5283	0.5977	55	57	7	1	16	0.0023	0.5417	0	0.0169
0.018	0.0279	0.3901	-0.0908	0.5403	0.3278	0.0702	0.9421	56	58	7	1	17	0.0018	0.5833	0	0.018
0.0156	0.0435	0.4084	-0.0809	0.5639	0.6301	-0.5342	0.5636	57	59	7	1	18	0.0021	0.625	0	0.0152
0.0156	0.0355	0.4222	-0.1042	0.598	0.5647	-0.1849	0.8043	58	60	7	1	19	0.0018	0.5833	0	0.0147
0.0156	0.0409	0.4358	-0.1194	0.6281	0.1647	0.0564	0.9847	59	61	7	1	20	0.0017	0.6667	0	0.0134
0.0161	0.0378	0.44	-0.1205	0.6679	0.3602	-0.4019	0.8419	60	62	7	1	21	0.0023	0.625	0	0.0161
0.0191	0.0409	0.4652	-0.1248	0.702	0.5096	-0.6595	0.5525	61	63	7	1	22	0.0016	0.5	0	0.0203
0.0156	0.0097	0.4853	-0.135	0.7023	0.9765	0.1862	0.1086	62	64	7	1	23	0.0023	0.05	0	0.0096
0.0156	0.0412	0.4893	-0.1355	0.7017	0.0493	-0.6561	0.753	63	0	7	1	24	0.0023	0.1	0	0.01
0.0103	0.1443	-0.0697	0.0456	-0.0969	-0.6826	-0.4245	-0.5949	16	66	18	1	1	0.0214	0.3	0	0.0429
0.0089	0.0902	-0.1454	-0.0322	-0.1434	-0.5826	-0.8127	-0.0033	65	67	18	1	2	0.0051	0.375	0	0.0087
0.0088	0.0325	-0.1993	-0.092	-0.1329	-0.7771	-0.4397	0.4504	66	0	18	1	3	0.01	0.05	0	0.01
0.013	0.0444	-0.0402	0.0615	-0.0772	0.7371	0.0476	0.6741	37	69	10	2	1	0.0033	0.5833	0	0.0165
0.0129	0.0092	-0.0167	0.0644	-0.047	0.0053	-0.2277	0.9737	68	70	10	2	2	0.005	0.5417	0	0.0129
0.0129	0.0122	-0.0242	0.0614	-0.0379	0.1139	-0.8546	0.5067	69	0	10	2	3	0.0013	0.3333	0	0.0087
0.0091	0.1569	-0.0342	0.0204	-0.0329	-0.7717	-0.4976	0.3962	42	72	12	2	1	0.001	0.4583	0	0.009
0.0092	0.0098	-0.1588	-0.0615	0.0345	0.1584	0.7394	0.6543	71	73	12	2	2	0.01	0.05	0	0.01
0.0091	0.0075	-0.1565	-0.0563	0.039	-0.6767	-0.6233	0.3918	72	0	12	2	3	0.01	0.05	0	0.01
0.0145	0.0644	-0.004	0.0034	-0.016	-0.1487	0.9856	0.0808	41	75	13	2	1	0.0023	0.5833	1	0.0145
0.0145	0.0579	-0.0136	0.0669	-0.0108	0.6693	0.462	-0.5819	74	76	13	2	2	0.0023	0.5833	0	0.0145
0.014	0.0431	0.0246	0.0994	-0.05	0.6552	0.5561	0.5114	75	0	13	2	3	0.0023	0.5833	0	0.014
0.0187	0.066	0.0757	-0.0563	0.1651	-0.0687	-0.665	0.7437	44	78	19	2	1	0.0047	0.6667	1	0.0197
0.0187	0.0755	0.0711	-0.1002	0.2142	-0.0854	0.2072	0.9746	77	79	19	2	2	0.0047	0.6667	0	0.0197
0.0171	0.0433	0.0822	-0.0928	0.2913	-0.1906	0.025	0.9814	78	80	19	2	3	0.0024	0.7083	0	0.0171
0.0178	0.0513	0.074	-0.0932	0.3336	0.0921	-0.1612	0.9826	79	81	19	2	4	0.0027	0.7083	0	0.0178
0.0189	0.0362	0.087	-0.1021	0.3821	0.2225	-0.0821	0.9715	80	82	19	2	5	0.0022	0.7083	0	0.0189
0.0182	0.0427	0.0922	-0.1009	0.4219	0.3348	-0.5884	0.736	81	83	19	2	6	0.0023	0.75	0	0.0182
0.0142	0.0339	0.1139	-0.1284	0.4536	-0.0471	-0.0294	0.9985	82	84	19	2	7	0.0016	0.5833	0	0.0142
0.015	0.0331	0.1148	-0.1328	0.4879	0.1211	0.239	0.9634	83	85	19	2	8	0.002	0.625	0	0.015
0.0178	0.0451	0.1127	-0.1257	0.5269	0.7275	0.2028	0.6554	84	86	19	2	9	0.0021	0.6667	0	0.0178
0.0134	0.0456	0.1442	-0.1136	0.5624	-0.364	-0.8619	0.353	85	87	19	2	10	0.0015	0.5833	0	0.0112
0.0134	0.0524	0.1236	-0.1449	0.5853	0.8831	0.0485	0.4667	86	88	19	2	11	0.0013	0.5	0	0.0128
0.0147	0.0682	0.1645	-0.1571	0.6175	0.1475	0.4158	0.8974	87	89	19	2	12	0.0014	0.4167	0	0.0147
0.0148	0.0238	0.1682	-0.141	0.678	-0.1704	0.039	0.9846	88	90	19	2	13	0.0018	0.2917	0	0.015
0.0139	0.0187	0.187	-0.1395	0.6972	0.1417	-0.7503	0.6457	89	91	19	2	14	0.0018	0.4583	0	0.0139
0.0134	0.0552	0.1898	-0.1483	0.7165	0.8817	-0.3899	0.2656	90	92	19	2	15	0.0042	0.7917	0	0.0134
0.0137	0.0263	0.1956	-0.1634	0.7509	0.3444	-0.3628	0.8659	91	0	19	2	16	0.0027	0.2083	0	0.0146
0.0172	0.0241	-0.107	-0.0365	0.0031	0.1305	-0.9704	-0.2032	71	94	20	3	1	0.0027	0.5	1	0.0172
0.0172	0.0792	-0.1038	-0.0599	-0.0018	-0.2666	0.8412	-0.4703	93	95	20	3	2	0.0027	0.5	0	0.0172
0.0172	0.0216	-0.1199	0.0055	-0.0414	0.095	0.9497	-0.2983	94	0	20	3	3	0.0026	0.375	0	0.0133
