radius (m)	length (m)	start_point	axis_direction	parent	extension	branch	branch_order	position_in_branch	mad	SurfCov	added	UnmodRadius (m)
0.012	0.3362	-0.4407	0.2236	-0.1015	0.9844	-0.0111	0.1755	0	2	1	0	1	0.0038	0.0833	0	0.0145
0.0091	0.0282	-0.1074	0.2224	-0.0433	-0.6198	0.6714	0.4063	1	3	1	0	2	0.001	0.25	0	0.0091
0.0103	0.0308	-0.1302	0.2372	-0.0392	-0.7778	0.5856	0.2282	2	4	1	0	3	0.0011	0.2917	0	0.0103
0.0079	0.0425	-0.1515	0.2615	-0.035	-0.9189	0.3944	0.0019	3	5	1	0	4	0.005	0.5938	0	0.0069
0.0119	0.0298	-0.1896	0.2791	-0.0265	-0.8984	0.4347	0.0626	4	6	1	0	5	0.0014	0.4583	0	0.0128
0.0096	0.0166	-0.2155	0.2949	-0.0265	-0.9051	0.3812	0.1883	5	7	1	0	6	0.0049	0.6563	0	0.0096
0.0104	0.0416	-0.2263	0.304	-0.0289	-0.5495	0.8354	-0.0105	6	8	1	0	7	0.0015	0.4583	0	0.011
0.0101	0.0284	-0.2437	0.3271	-0.0298	0.9044	0.4266	0.0024	7	9	1	0	8	0.0009	0.3333	0	0.0113
0.0088	0.0102	-0.2259	0.3379	-0.0319	0.218	-0.9565	-0.1938	8	0	1	0	9	0.01	0.05	0	0.01
0.0107	0.2191	-0.2346	0.2939	-0.0279	-0.9817	-0.1343	-0.1352	6	11	2	1	1	0.0019	0.5	0	0.0107
0.0107	0.0855	-0.448	0.2698	-0.0428	0.7134	0.6307	-0.3056	10	12	2	1	2	0.0019	0.4583	0	0.0132
0.0107	0.0495	-0.3898	0.3184	-0.0761	0.1582	-0.8216	0.5477	11	13	2	1	3	0.0057	0.25	0	0.0181
0.0107	0.0096	-0.3779	0.281	-0.0671	-0.2525	-0.9407	-0.2267	12	14	2	1	4	0.01	0.05	0	0.01
0.0107	0.0277	-0.3815	0.2675	-0.066	-0.7934	0.479	0.3756	13	0	2	1	5	0.0013	0.3333	0	0.0085
0.0025	0.1111	-0.0934	0.1943	-0.0539	-0.8786	0.314	0.3598	2	0	4	1	1	0.01	0.05	0	0.01
0.0096	0.0412	-0.2445	0.3182	-0.0363	-0.0696	-0.8063	-0.5875	8	17	33	1	1	0.0043	0.2593	1	0.0408
0.0096	0.0871	-0.2573	0.2824	-0.0351	0.1628	-0.986	-0.0353	16	18	33	1	2	0.0148	0.16	0	0.0408
0.0086	0.0461	-0.2474	0.1782	-0.0366	0.9562	-0.2362	-0.1731	17	19	33	1	3	0.0049	0.5313	0	0.0086
0.0096	0.0395	-0.2092	0.1664	-0.0325	0.7428	-0.5913	0.3141	18	20	33	1	4	0.001	0.3333	0	0.0108
0.0096	0.0931	-0.1817	0.1425	-0.0319	-0.1683	-0.9832	0.0707	19	21	33	1	5	0.0014	0.25	0	0.0142
0.0096	0.0184	-0.1968	0.0508	-0.0247	-0.2973	-0.9548	-0.0022	20	22	33	1	6	0.0012	0.3333	0	0.0106
0.0096	0.0484	-0.2003	0.0353	-0.0242	0.7269	-0.6416	-0.2448	21	23	33	1	7	0.0011	0.4583	0	0.011
0.0095	0.0289	-0.1576	0.0218	-0.0261	0.9177	-0.3973	0.0087	22	24	33	1	8	0.0038	0.25	0	0.0158
0.0095	0.0291	-0.131	0.0096	-0.0283	0.9658	0.2507	-0.0658	23	25	33	1	9	0.0012	0.3333	0	0.0106
0.0095	0.0443	-0.1031	0.0157	-0.0289	0.9838	0.0638	0.1674	24	26	33	1	10	0.0013	0.375	0	0.0105
0.0095	0.0653	-0.0592	0.0175	-0.0247	0.9639	-0.2135	0.1593	25	27	33	1	11	0.0012	0.375	0	0.0113
0.0095	0.0411	-0.0061	-0.003	-0.0077	0.6296	-0.7526	0.193	26	28	33	1	12	0.0057	0.2	0	0.0167
0.0095	0.0348	0.0185	-0.034	-0.0059	0.3399	-0.9389	-0.0542	27	29	33	1	13	0.0015	0.3333	0	0.0106
0.0095	0.0478	0.0368	-0.0645	-0.0101	0.2624	-0.953	-0.1512	28	30	33	1	14	0.001	0.3333	0	0.0099
0.0095	0.0384	0.0567	-0.1038	-0.0067	0.6906	-0.7212	-0.0535	29	31	33	1	15	0.001	0.2917	0	0.0105
0.0086	0.053	0.0843	-0.129	-0.0103	0.9297	-0.2951	0.2205	30	32	33	1	16	0.0008	0.25	0	0.0085
0.0095	0.0402	0.133	-0.1349	0.0077	0.9735	-0.0792	0.2145	31	33	33	1	17	0.001	0.25	0	0.0107
0.0095	0.0457	0.1653	-0.1314	0.0184	0.6127	0.412	0.6744	32	34	33	1	18	0.0008	0.25	0	0.0121
0.0086	0.0359	0.2075	-0.1128	0.0372	0.575	0.4773	0.6646	33	35	33	1	19	0.0046	0.325	0	0.0072
0.0095	0.0292	0.2172	-0.1017	0.0711	0.6718	0.0131	0.7406	34	36	33	1	20	0.0049	0.5313	0	0.0116
0.0093	0.0401	0.2483	-0.1057	0.0764	0.7504	-0.2739	0.6015	35	37	33	1	21	0.01	0.05	0	0.01
0.0094	0.0158	0.2564	-0.0939	0.0841	0.6904	0.1628	-0.7049	36	38	33	1	22	0.0029	0.2	0	0.0181
0.0094	0.0637	0.272	-0.0929	0.093	0.6987	-0.6807	-0.2203	37	39	33	1	23	0.0009	0.25	0	0.0115
0.0094	0.0441	0.3176	-0.1359	0.0762	0.4203	-0.9056	0.057	38	40	33	1	24	0.001	0.2917	0	0.0125
0.0093	0.0367	0.3279	-0.1799	0.0828	0.5231	-0.8251	0.2134	39	41	33	1	25	0.0041	0.2	0	0.019
0.0092	0.0082	0.3366	-0.2084	0.0853	0.1896	-0.7498	-0.6339	40	42	33	1	26	0.01	0.05	0	0.01
0.0086	0.087	0.3369	-0.2225	0.0733	0.8793	-0.3802	0.2868	41	43	33	1	27	0.001	0.25	0	0.008
0.0093	0.0443	0.4144	-0.2537	0.1013	0.8175	-0.5699	0.0827	42	44	33	1	28	0.0013	0.375	0	0.0125
0.0093	0.0316	0.4363	-0.2784	0.091	0.3745	-0.8283	-0.4167	43	45	33	1	29	0.0012	0.2917	0	0.0115
0.0093	0.0424	0.4544	-0.2982	0.0847	0.7618	-0.6385	-0.1092	44	46	33	1	30	0.0014	0.3333	0	0.0123
0.009	0.0508	0.4851	-0.3191	0.0905	0.8809	-0.3373	0.3319	45	47	33	1	31	0.01	0.05	0	0.01
0.009	0.0099	0.4937	-0.3217	0.078	0.5779	-0.1754	-0.797	46	0	33	1	32	0.01	0.05	0	0.01
0.0025	0.0441	-0.2266	0.3097	-0.0212	-0.5856	0.8025	-0.1141	6	49	13	1	1	0.01	0.225	1	0.01
0.0025	0.0253	-0.2605	0.3402	-0.0332	-0.544	0.8382	0.039	48	50	13	1	2	0.0035	0.2	0	0.01
0.0025	0.0341	-0.2726	0.3622	-0.037	-0.1479	0.9811	0.1245	49	0	13	1	3	0.0016	0.2	0	0.01
0.0083	0.0711	-0.3911	0.263	-0.057	0.6534	-0.7547	-0.0585	14	52	10	2	1	0.0019	0.5833	0	0.0083
0.0083	0.0411	-0.3471	0.2093	-0.0481	0.2131	-0.9763	0.037	51	53	10	2	2	0.0014	0.1667	0	0.009
0.0083	0.0131	-0.341	0.1644	-0.0519	-0.6264	-0.4018	0.668	52	0	10	2	3	0.01	0.05	0	0.01
0.0053	0.1453	-0.0279	0.1522	-0.0637	-0.2107	-0.837	0.5051	0	55	11	0	1	0.0069	0.1875	0	0.0124
0.0063	0.0273	-0.0687	0.0353	0.0069	-0.46	-0.6503	0.6046	54	56	11	0	2	0.01	0.05	0	0.01
0.0062	0.004	-0.0714	0.0439	0.0019	-0.9089	0.4087	0.0832	55	0	11	0	3	0.0013	0.2917	0	0.0075
0.0111	0.2077	-0.2541	0.3155	-0.0413	-0.4161	-0.9093	0.0018	16	58	5	2	1	0.0017	0.375	0	0.0095
0.0111	0.049	-0.3092	0.1317	-0.0315	0.04	-0.9302	0.365	57	59	5	2	2	0.0081	0.3125	0	0.0092
0.0111	0.0431	-0.3122	0.0796	-0.0245	0.6493	-0.7457	0.1493	58	60	5	2	3	0.005	0.3542	0	0.0116
0.0111	0.0293	-0.2914	0.045	-0.0248	0.4214	-0.8965	-0.1369	59	61	5	2	4	0.0051	0.475	0	0.013
0.0111	0.013	-0.2666	0.0215	-0.0291	0.2142	-0.9746	-0.0655	60	62	5	2	5	0.0055	0.5	0	0.0111
0.0111	0.0546	-0.2656	0.0072	-0.0218	0.7962	-0.6031	0.0491	61	0	5	2	6	0.0021	0.3333	0	0.01
0.0081	0.0704	-0.2095	0.0406	-0.0278	-0.8299	0.5533	-0.0712	21	64	6	2	1	0.002	0.5417	0	0.0081
0.0081	0.0258	-0.2703	0.077	-0.029	-0.148	0.8591	0.4899	63	0	6	2	2	0.01	0.05	0	0.01
0.0049	0.0611	-0.0423	0.0223	-0.0175	-0.1811	-0.9233	-0.3387	26	66	15	2	1	0.0075	0.25	0	0.0137
0.0027	0.0349	-0.0623	-0.0361	-0.0283	0.2649	-0.9635	0.0393	65	67	15	2	2	0.0059	0.225	0	0.0103
0.0025	0.02	-0.0567	-0.0695	-0.0242	-0.1094	-0.9926	-0.0517	66	0	15	2	3	0.0053	0.15	0	0.01
0.0043	0.0468	-0.0977	0.0078	-0.0292	0.7684	-0.6244	0.1404	25	69	16	2	1	0.0065	0.3	1	0.0115
0.0043	0.0672	-0.0565	-0.0148	-0.0223	0.7796	-0.621	0.0813	68	0	16	2	2	0.0063	0.1	0	0.0115
0.0025	0.043	0.089	-0.1387	-0.0095	0.5302	-0.8438	-0.0836	30	71	18	2	1	0.0071	0.425	1	0.01
0.0025	0.034	0.1119	-0.1794	-0.0128	0.9821	0.0276	0.1864	70	72	18	2	2	0.01	0.05	0	0.01
0.0025	0.0215	0.1459	-0.179	-0.0022	-0.2556	-0.9634	-0.0805	71	0	18	2	3	0.0058	0.175	0	0.01
0.009	0.0782	0.1561	-0.1375	0.0031	0.7578	-0.6484	-0.0733	32	74	19	2	1	0.0028	0.4583	0	0.0131
0.009	0.0419	0.2074	-0.1878	-0.002	-0.0464	-0.9987	-0.0214	73	75	19	2	2	0.0012	0.3333	0	0.0106
0.009	0.0389	0.2008	-0.2283	-0.0075	-0.2666	-0.9637	-0.0168	74	76	19	2	3	0.01	0.05	0	0.01
0.009	0.0324	0.2122	-0.2341	-0.008	0.8227	-0.5668	-0.0431	75	0	19	2	4	0.01	0.05	0	0.01
0.0093	0.0827	0.1695	-0.1291	0.0355	-0.3269	0.9157	-0.2337	33	78	20	2	1	0.0032	0.5	0	0.0093
0.0093	0.0326	0.14	-0.055	0.0138	-0.3838	0.9014	-0.2005	77	79	20	2	2	0.0013	0.3333	0	0.0114
0.0093	0.0402	0.127	-0.0254	0.0013	-0.6566	0.7498	0.0822	78	80	20	2	3	0.0014	0.3333	0	0.0121
0.0093	0.0235	0.1035	0.0051	0.0005	-0.468	0.8466	-0.2536	79	81	20	2	4	0.0056	0.15	0	0.0182
0.0093	0.0309	0.0808	0.0201	0.0042	-0.5818	0.7496	-0.3155	80	82	20	2	5	0.007	0.4375	0	0.0133
0.0093	0.0248	0.0714	0.0518	-0.0167	-0.6743	0.7373	0.0403	81	83	20	2	6	0.01	0.05	0	0.01
0.0093	0.0034	0.0689	0.0368	-0.0036	-0.7336	-0.0665	0.6763	82	0	20	2	7	0.01	0.05	0	0.01
0.0082	0.0221	0.3966	-0.254	0.1007	-0.3123	-0.5152	0.7981	42	85	24	2	1	0.0025	0.375	1	0.0126
0.0081	0.0805	0.3897	-0.2654	0.1183	-0.356	-0.3884	-0.8499	84	86	24	2	2	0.0025	0.375	0	0.0126
0.0078	0.048	0.3536	-0.2876	0.0526	-0.7635	-0.5114	-0.3944	85	87	24	2	3	0.0043	0.175	0	0.0152
0.0076	0.0364	0.3254	-0.3123	0.0252	-0.5855	-0.5693	-0.5771	86	88	24	2	4	0.0011	0.2917	0	0.0109
0.0073	0.0422	0.3005	-0.3311	0.0091	-0.5932	-0.7948	-0.1282	87	89	24	2	5	0.001	0.2917	0	0.009
0.0066	0.0619	0.2978	-0.3688	0.0066	-0.1579	-0.9719	-0.1745	88	90	24	2	6	0.0085	0.275	0	0.011
0.0044	0.0425	0.2916	-0.4264	0.004	0.2726	-0.9445	0.183	89	91	24	2	7	0.0017	0.175	0	0.01
0.0035	0.0277	0.3013	-0.4613	-0.0123	0.2972	-0.9283	-0.2235	90	0	24	2	8	0.0009	0.1	0	0.01
0.0176	0.0493	0.2433	-0.0742	0.0981	0.8252	-0.1597	-0.5418	0	93	35	0	1	0.0036	0.5	0	0.0181
0.0153	0.042	0.2897	-0.0758	0.072	0.5801	-0.5908	0.5607	92	94	35	0	2	0.0107	0.4375	0	0.0149
0.0149	0.0432	0.3097	-0.089	0.0724	0.7823	-0.4857	-0.3901	93	95	35	0	3	0.01	0.05	0	0.01
0.0149	0.0098	0.3041	-0.0885	0.0823	0.2457	-0.5456	0.8012	94	0	35	0	4	0.01	0.05	0	0.01
0.0075	0.0142	0.3312	-0.2938	0.0461	-0.6304	0.7061	0.3226	86	97	29	3	1	0.0028	0.375	1	0.0114
0.0075	0.0568	0.3223	-0.2838	0.0507	-0.3929	0.8587	-0.329	96	98	29	3	2	0.0028	0.375	0	0.0114
0.0075	0.0032	0.3013	-0.2321	0.0295	-0.7387	0.6011	0.3049	97	99	29	3	3	0.01	0.05	0	0.01
0.0075	0.0264	0.2989	-0.2301	0.0304	-0.3478	-0.0124	0.9375	98	0	29	3	4	0.01	0.05	0	0.01
