radius (m)	length (m)	start_point	axis_direction	parent	extension	branch	branch_order	position_in_branch	mad	SurfCov	added	UnmodRadius (m)
0.0147	0.037	-0.2299	-0.0117	-0.1539	0.7526	0.6556	0.0608	0	2	1	0	1	0.0028	0.5833	0	0.0147
0.0137	0.044	-0.2259	0.0037	-0.1338	0.5489	0.168	0.8188	1	3	1	0	2	0.0014	0.5	0	0.0137
0.013	0.047	-0.1994	0.0082	-0.101	0.4416	-0.493	0.7496	2	4	1	0	3	0.0016	0.7083	0	0.013
0.013	0.032	-0.1825	-0.0232	-0.0794	0.5791	-0.7589	0.2978	3	5	1	0	4	0.0011	0.3333	0	0.0114
0.0133	0.0422	-0.1567	-0.0375	-0.055	0.5303	-0.801	0.2777	4	6	1	0	5	0.0013	0.4583	0	0.0133
0.0158	0.0446	-0.1338	-0.0479	-0.0541	0.6396	0.3106	0.7032	5	7	1	0	6	0.0018	0.3333	0	0.0174
0.0137	0.0383	-0.1072	-0.0308	-0.0325	0.5739	0.8043	0.1541	6	8	1	0	7	0.0015	0.3333	0	0.0137
0.013	0.0396	-0.0844	-0.0022	-0.0313	0.665	0.7111	-0.228	7	9	1	0	8	0.0012	0.25	0	0.0106
0.013	0.0246	-0.0541	0.0069	-0.0175	0.9461	0.31	0.0941	8	10	1	0	9	0.007	0.2917	0	0.0119
0.013	0.0247	-0.0328	0.0115	-0.0149	0.6526	-0.3905	0.6493	9	11	1	0	10	0.01	0.05	0	0.01
0.013	0.0257	-0.0187	-0.0077	-0.0101	0.7373	-0.5742	0.3558	10	12	1	0	11	0.0012	0.375	0	0.011
0.013	0.0441	0.0015	-0.0236	-0.0055	0.7696	-0.5321	0.3531	11	13	1	0	12	0.0012	0.3333	0	0.0086
0.013	0.0152	0.0174	0.0055	-0.005	0.9058	0.3702	0.2061	12	14	1	0	13	0.006	0.3438	0	0.0089
0.013	0.0338	0.0251	0.0146	0.006	0.0461	0.9242	-0.3792	13	15	1	0	14	0.004	0.225	0	0.0072
0.013	0.0251	0.0132	0.0346	-0.0125	-0.5398	0.7944	-0.2784	14	16	1	0	15	0.01	0.05	0	0.01
0.013	0.0168	0.0218	0.0371	-0.0153	0.5762	0.5954	-0.5599	15	0	1	0	16	0.01	0.05	0	0.01
0.013	0.0567	-0.2092	0.0231	-0.1017	0.0342	0.9794	-0.1992	2	18	2	1	1	0.0033	0.5	0	0.014
0.013	0.0218	-0.2094	0.0745	-0.1174	-0.756	-0.2533	0.6035	17	19	2	1	2	0.0013	0.375	0	0.0116
0.013	0.0034	-0.2328	0.0764	-0.1118	-0.832	-0.4217	0.3605	18	20	2	1	3	0.01	0.05	0	0.01
0.013	0.0334	-0.2357	0.075	-0.1106	-0.9638	0.1122	-0.2418	19	0	2	1	4	0.01	0.05	0	0.01
0.0025	0.0399	-0.2242	0.0048	-0.1183	0.6308	-0.7219	-0.2845	2	22	59	1	1	0.01	0.05	0	0.01
0.0025	0.0319	-0.1991	-0.024	-0.1296	0.3103	-0.9461	0.0932	21	23	59	1	2	0.01	0.05	0	0.01
0.0025	0.0139	-0.187	-0.054	-0.1235	-0.8024	-0.2001	0.5622	22	0	59	1	3	0.01	0.05	0	0.01
0.0112	0.0354	-0.1675	-0.0235	-0.0705	0.465	0.8216	0.3299	4	25	3	1	1	0.0021	0.5	1	0.0112
0.0112	0.0315	-0.151	0.0056	-0.0588	0.1728	0.7526	0.6354	24	26	3	1	2	0.0021	0.5	0	0.0112
0.0112	0.0469	-0.1595	0.0078	-0.043	0.8231	-0.5553	0.1191	25	0	3	1	3	0.0025	0.3333	0	0.0089
0.0124	0.0714	-0.1613	-0.0701	-0.0575	-0.2688	-0.8559	0.4418	4	28	4	1	1	0.0016	0.2917	0	0.0139
0.0124	0.066	-0.1715	-0.1374	-0.0404	-0.59	-0.8071	-0.0221	27	29	4	1	2	0.0011	0.3333	0	0.0127
0.0121	0.0388	-0.2017	-0.1944	-0.0483	-0.3384	-0.9373	0.0833	28	30	4	1	3	0.01	0.05	0	0.01
0.0121	0.0346	-0.2063	-0.1951	-0.0499	0.7767	-0.2637	-0.5721	29	31	4	1	4	0.0015	0.2917	0	0.0082
0.0121	0.0357	-0.1821	-0.2066	-0.0554	0.7512	-0.6594	0.0302	30	32	4	1	5	0.0011	0.2917	0	0.0117
0.0121	0.0264	-0.1565	-0.2326	-0.0627	0.6934	-0.7134	0.1011	31	33	4	1	6	0.01	0.05	0	0.01
0.0121	0.0026	-0.1429	-0.2506	-0.0473	0.4007	-0.892	0.2094	32	34	4	1	7	0.0012	0.4167	0	0.0121
0.0121	0.0322	-0.1489	-0.2517	-0.0396	-0.1352	-0.99	0.0397	33	35	4	1	8	0.01	0.05	0	0.01
0.0121	0.0189	-0.1489	-0.2514	-0.0397	0.5586	-0.1107	-0.822	34	36	4	1	9	0.01	0.05	0	0.01
0.0121	0.0299	-0.1383	-0.2535	-0.0552	0.35	-0.6488	0.6757	35	0	4	1	10	0.01	0.05	0	0.01
0.0126	0.0147	-0.1416	-0.0805	-0.0348	-0.5952	-0.5612	0.5751	5	38	6	1	1	0.0027	0.375	1	0.0129
0.0125	0.0512	-0.1504	-0.0887	-0.0263	0.3262	-0.9448	-0.0303	37	39	6	1	2	0.0027	0.375	0	0.0129
0.0121	0.0286	-0.1356	-0.1374	-0.0267	0.219	0.8242	0.5222	38	40	6	1	3	0.0019	0.375	0	0.017
0.0116	0.0353	-0.1281	-0.1135	-0.0089	0.8423	0.3495	-0.4104	39	41	6	1	4	0.0012	0.3333	0	0.0137
0.0112	0.0391	-0.0943	-0.1004	-0.0254	0.0425	0.9172	0.3961	40	42	6	1	5	0.0017	0.375	0	0.0144
0.008	0.0007	-0.0983	-0.062	-0.0106	0.4098	0.9121	0.0137	41	43	6	1	6	0.01	0.05	0	0.01
0.0063	0.0284	-0.098	-0.0613	-0.0106	0.8174	-0.5202	-0.2476	42	44	6	1	7	0.01	0.05	0	0.01
0.0053	0.0239	-0.0741	-0.0753	-0.0172	0.5063	-0.7	0.5036	43	0	6	1	8	0.0018	0.3333	0	0.0067
0.0132	0.0323	-0.096	-0.0261	-0.0186	0.3008	-0.3763	0.8763	7	46	7	1	1	0.0015	0.375	1	0.0122
0.0132	0.0363	-0.0863	-0.0383	0.0098	0.6935	-0.4978	-0.5209	45	47	7	1	2	0.0015	0.375	0	0.0122
0.0132	0.01	-0.0585	-0.0532	-0.0073	0.7189	-0.2177	-0.6602	46	0	7	1	3	0.0025	0.4167	0	0.0132
0.0093	0.0785	0.0078	-0.0189	-0.011	0.5276	-0.5897	0.6114	11	49	8	1	1	0.0023	0.4167	0	0.0097
0.0084	0.0358	0.0549	-0.0641	0.0339	0.4867	-0.5831	0.6504	48	50	8	1	2	0.0008	0.3333	0	0.0084
0.0087	0.0289	0.0729	-0.0829	0.057	0.8115	-0.1801	0.5559	49	51	8	1	3	0.0008	0.2083	0	0.0087
0.0088	0.0472	0.0871	-0.1018	0.0569	0.5706	-0.7579	0.3162	50	52	8	1	4	0.0092	0.375	0	0.009
0.0072	0.0242	0.1271	-0.1206	0.086	0.5375	-0.7446	0.3958	51	53	8	1	5	0.0055	0.5	0	0.0072
0.0076	0.029	0.1434	-0.1395	0.0882	0.8412	-0.3436	0.4175	52	54	8	1	6	0.0026	0.5313	0	0.0076
0.0068	0.0358	0.1688	-0.1449	0.0938	0.9669	-0.2533	-0.0305	53	55	8	1	7	0.0034	0.5	0	0.0068
0.0068	0.0279	0.2023	-0.1465	0.0976	0.976	-0.0011	0.2178	54	56	8	1	8	0.0042	0.5	0	0.0068
0.0092	0.0203	0.2191	-0.1656	0.1047	0.865	-0.4669	0.1837	55	57	8	1	9	0.0041	0.375	0	0.0099
0.0082	0.0429	0.2277	-0.1772	0.1018	0.1588	-0.9818	0.1041	56	58	8	1	10	0.0049	0.4375	0	0.0083
0.006	0.0118	0.2387	-0.2183	0.1161	0.1606	-0.9864	0.0356	57	59	8	1	11	0.004	0.4375	0	0.0058
0.0078	0.0363	0.2327	-0.2268	0.0941	0.3324	-0.9104	-0.2461	58	60	8	1	12	0.0053	0.2188	0	0.0078
0.008	0.0166	0.2297	-0.2553	0.0885	-0.338	-0.564	-0.7534	59	61	8	1	13	0.01	0.05	0	0.01
0.0074	0.0471	0.2447	-0.2558	0.0773	0.3097	-0.6168	-0.7236	60	62	8	1	14	0.0005	0.3333	0	0.0074
0.0078	0.0251	0.2653	-0.2842	0.0518	0.6932	-0.5708	-0.44	61	63	8	1	15	0.01	0.05	0	0.01
0.0097	0.033	0.2603	-0.2946	0.0467	-0.1578	-0.9866	0.0421	62	64	8	1	16	0.001	0.4167	0	0.0111
0.0077	0.0212	0.2621	-0.3223	0.0523	0.0071	-0.6605	0.7508	63	65	8	1	17	0.01	0.05	0	0.01
0.0076	0.0146	0.2655	-0.333	0.0509	0.3031	-0.9452	-0.1213	64	0	8	1	18	0.01	0.05	0	0.01
0.0106	0.0552	-0.0424	0.0044	-0.0096	-0.4128	0.6972	-0.586	10	67	12	1	1	0.0019	0.4167	0	0.0105
0.0102	0.0401	-0.0793	0.0544	-0.0452	0.5155	0.7484	0.4173	66	68	12	1	2	0.001	0.4167	0	0.0099
0.0112	0.0306	-0.0605	0.0868	-0.0292	0.7649	0.6389	0.0818	67	69	12	1	3	0.0032	0.5313	0	0.0115
0.0103	0.0039	-0.0424	0.1053	-0.0331	0.5171	0.6633	-0.541	68	0	12	1	4	0.0019	0.2917	0	0.0109
0.0074	0.0334	-0.0474	0.0206	-0.0235	0.4067	0.8363	-0.3678	9	71	13	1	1	0.0025	0.5417	1	0.0074
0.0074	0.0741	-0.0339	0.0485	-0.0358	-0.1056	0.5455	0.8314	70	72	13	1	2	0.0025	0.5417	0	0.0074
0.0106	0.0336	-0.0326	0.0847	0.014	0.6997	0.6449	0.3076	71	73	13	1	3	0.0015	0.5417	0	0.0109
0.0099	0.0379	-0.0146	0.1071	0.0213	0.3558	0.8333	-0.423	72	74	13	1	4	0.001	0.3333	0	0.0101
0.0111	0.0372	-0.0005	0.138	0.0092	0.4872	0.8688	0.0887	73	75	13	1	5	0.0042	0.3	0	0.0164
0.0076	0.0032	0.0187	0.1702	0.0097	0.5493	0.8154	0.1827	74	76	13	1	6	0.0038	0.5417	0	0.0076
0.0108	0.0462	0.0193	0.1714	0.0028	0.0849	0.9763	-0.1988	75	77	13	1	7	0.0013	0.3333	0	0.0139
0.0069	0.0247	0.0054	0.2097	-0.0099	-0.1736	0.7744	-0.6084	76	78	13	1	8	0.0079	0.4167	0	0.0033
0.0085	0.0662	0.016	0.2431	-0.0304	-0.7174	0.6399	-0.2752	77	79	13	1	9	0.0065	0.275	0	0.0085
0.0086	0.0478	-0.0362	0.2816	-0.0497	-0.5337	0.764	-0.3627	78	80	13	1	10	0.01	0.05	0	0.01
0.0084	0.0474	-0.0153	0.3084	-0.0683	0.1749	0.885	-0.4314	79	81	13	1	11	0.0012	0.3333	0	0.0088
0.0095	0.0356	-0.0288	0.3434	-0.0819	-0.4063	0.7161	-0.5676	80	82	13	1	12	0.0036	0.25	0	0.0324
0.0078	0.0274	-0.0201	0.3747	-0.0691	-0.0038	0.9852	-0.1716	81	83	13	1	13	0.01	0.05	0	0.01
0.0096	0.0431	-0.0107	0.3919	-0.094	0.173	0.915	-0.3645	82	84	13	1	14	0.0009	0.4167	0	0.0112
0.0076	0.0321	-0.0108	0.4286	-0.1162	0.04	0.905	-0.4236	83	85	13	1	15	0.0008	0.2917	0	0.0083
0.007	0.0233	0	0.4371	-0.084	0.2751	0.8975	0.3447	84	86	13	1	16	0.01	0.05	0	0.01
0.0068	0.0224	-0.0032	0.4428	-0.1145	0.1636	0.9027	-0.398	85	87	13	1	17	0.01	0.05	0	0.01
0.0067	0.0187	0.0103	0.4569	-0.1022	0.4333	0.8992	0.0602	86	0	13	1	18	0.01	0.05	0	0.01
0.0069	0.0176	-0.0313	-0.0041	-0.0027	-0.2878	-0.844	0.4527	10	89	14	1	1	0.0021	0.5	1	0.007
0.0068	0.051	-0.0364	-0.0189	0.0052	-0.0161	-0.987	0.1599	88	90	14	1	2	0.0021	0.5	0	0.007
0.0059	0.0228	-0.0263	-0.0656	0.012	0.3116	-0.9463	-0.0856	89	0	14	1	3	0.0042	0.5833	0	0.0059
0.0123	0.0371	-0.1622	-0.1115	-0.0328	0.5974	-0.1193	0.793	27	0	10	2	1	0.0037	0.5	0	0.0123
0.0118	0.0519	-0.1653	-0.1031	-0.0535	0.4466	-0.7982	-0.4042	27	93	60	2	1	0.0027	0.5417	0	0.0134
0.0118	0.0056	-0.1518	-0.138	-0.0857	0.023	-0.8542	-0.5194	92	94	60	2	2	0.01	0.05	0	0.01
0.0118	0.0304	-0.1517	-0.1428	-0.0886	-0.8886	-0.4432	-0.1179	93	95	60	2	3	0.01	0.05	0	0.01
0.0118	0.0224	-0.1787	-0.1563	-0.0921	-0.5829	0.2086	-0.7853	94	0	60	2	4	0.01	0.05	0	0.01
0.0111	0.0257	-0.126	-0.2534	-0.0431	0.6798	0.6463	0.3466	36	97	34	2	1	0.0016	0.4167	1	0.0111
0.0111	0.0275	-0.1085	-0.2368	-0.0342	-0.811	0.5161	0.2755	96	98	34	2	2	0.0016	0.4167	0	0.0111
0.0115	0.0355	-0.1283	-0.2243	-0.0256	0.5772	0.8142	-0.0618	97	99	34	2	3	0.0026	0.25	0	0.0229
0.0111	0.0119	-0.1122	-0.1977	-0.0348	0.7566	-0.5912	-0.2793	98	0	34	2	4	0.01	0.05	0	0.01
0.0025	0.0114	0.0358	-0.0432	0.0131	0.0052	0.9727	-0.2318	48	101	17	2	1	0.0084	0.2	1	0.01
0.0025	0.049	0.038	-0.0308	0.0181	-0.1019	0.985	-0.1395	100	102	17	2	2	0.0057	0.1	0	0.01
0.0025	0.0157	0.0343	0.0178	0.0128	-0.7241	-0.052	0.6877	101	0	17	2	3	0.0027	0.1	0	0.01
0.0068	0.068	0.1189	-0.1142	0.0745	-0.5321	0.4135	-0.7388	52	104	19	2	1	0.0049	0.4583	1	0.0112
0.0068	0.0542	0.0827	-0.0861	0.0243	-0.8684	0.4371	-0.2341	103	105	19	2	2	0.0049	0.4583	0	0.0112
0.0068	0.0205	0.0354	-0.0621	0.0113	0.8225	0.2051	-0.5305	104	106	19	2	3	0.01	0.05	0	0.01
0.0068	0.0259	0.0471	-0.0675	0.001	0.3092	-0.2173	-0.9259	105	0	19	2	4	0.01	0.05	0	0.01
0.0025	0.0392	0.0538	-0.0671	0.0465	0.3228	0.7007	-0.6362	49	108	61	2	1	0.0105	0.275	1	0.01
0.0025	0.0161	0.0897	-0.0403	0.0185	-0.017	0.9459	-0.3239	107	109	61	2	2	0.001	0.125	0	0.01
0.0025	0.0383	0.0879	-0.0249	0.0166	0.327	0.9404	0.0932	108	0	61	2	3	0.0053	0.2	0	0.01
0.0035	0.0228	0.1734	-0.1528	0.0954	-0.2483	-0.9324	0.2625	54	111	33	2	1	0.0078	0.4583	1	0.0021
0.0035	0.0209	0.1678	-0.174	0.1014	0.4815	-0.3342	-0.8103	110	112	33	2	2	0.0078	0.4583	0	0.0021
0.0057	0.0495	0.178	-0.1843	0.0907	-0.9766	-0.1996	-0.0803	111	113	33	2	3	0.0058	0.4167	0	0.0069
0.0053	0.0043	0.1471	-0.2057	0.116	-0.8742	-0.188	0.4477	112	114	33	2	4	0.0001	0.05	0	0.0135
0.0054	0.0308	0.1395	-0.2189	0.1015	-0.3256	-0.7161	0.6174	113	115	33	2	5	0.0055	0.375	0	0.0093
0.0042	0.0228	0.1422	-0.2402	0.1297	-0.1887	-0.9196	0.3447	114	116	33	2	6	0.0031	0.2	0	0.01
0.0041	0.0042	0.1329	-0.242	0.1208	-0.6503	-0.5899	-0.4787	115	117	33	2	7	0.0024	0.2	0	0.01
0.0051	0.0336	0.1219	-0.2476	0.1171	0.2138	-0.8381	0.5019	116	0	33	2	8	0.0023	0.15	0	0.0117
0.0064	0.0176	0.1722	-0.1391	0.0958	-0.0532	0.9547	0.2927	54	119	36	2	1	0.01	0.05	1	0.01
0.0063	0.0189	0.1713	-0.1223	0.1009	-0.3388	0.7713	-0.5389	118	120	36	2	2	0.01	0.05	0	0.01
0.0062	0.0439	0.1557	-0.1004	0.0968	0.6808	0.7107	0.177	119	121	36	2	3	0.0011	0.3333	0	0.0098
0.005	0.0408	0.1802	-0.0676	0.1149	0.7323	0.6198	0.2822	120	122	36	2	4	0.0007	0.175	0	0.01
0.0038	0.029	0.2119	-0.0445	0.1121	0.8594	0.5104	0.0311	121	123	36	2	5	0.0019	0.125	0	0.01
0.0029	0.0049	0.1913	-0.0618	0.1065	0.3263	-0.2782	-0.9034	122	0	36	2	6	0.0032	0.125	0	0.01
0.0079	0.0314	0.2411	-0.2155	0.1018	0.7109	-0.5738	0.4066	57	125	37	2	1	0.0017	0.4167	0	0.0079
0.0079	0.0385	0.2699	-0.2284	0.1121	0.6478	-0.7427	0.1695	124	126	37	2	2	0.0011	0.2917	0	0.0082
0.0079	0.0028	0.2984	-0.2564	0.1202	-0.3226	-0.3343	0.8856	125	0	37	2	3	0.01	0.05	0	0.01
0.0025	0.0375	0.2179	-0.2081	0.0976	-0.4759	-0.23	-0.8489	59	0	41	2	1	0.01	0.05	0	0.01
0.0079	0.0445	0.2401	-0.2645	0.0896	-0.8663	0.3523	0.3541	59	129	42	2	1	0.0016	0.4583	0	0.0079
0.0079	0.034	0.2007	-0.26	0.1082	0.9875	-0.0394	0.1528	128	130	42	2	2	0.0012	0.375	0	0.0094
0.0079	0.0352	0.2351	-0.266	0.1098	-0.9338	-0.304	0.1886	129	131	42	2	3	0.0015	0.375	0	0.0098
0.0079	0.0336	0.2024	-0.2635	0.1131	-0.9787	0.0663	0.1943	130	132	42	2	4	0.0059	0.4583	0	0.0108
0.0079	0.021	0.1708	-0.2549	0.1239	-0.8025	0.4287	-0.4151	131	133	42	2	5	0.0062	0.3438	0	0.0087
0.0079	0.0339	0.1521	-0.2629	0.1227	-0.9518	0.2065	0.227	132	134	42	2	6	0.01	0.05	0	0.01
0.0079	0.0001	0.1553	-0.2466	0.1158	-0.3304	0.9166	-0.2252	133	135	42	2	7	0.01	0.05	0	0.01
0.0079	0.0207	0.1551	-0.2468	0.1158	-0.5613	0.2316	-0.7946	134	0	42	2	8	0.01	0.05	0	0.01
0.0091	0.0312	-0.0116	0.1403	0.0064	-0.9279	-0.3055	-0.2136	74	137	21	2	1	0.0012	0.3333	1	0.0091
0.009	0.0307	-0.0406	0.1308	-0.0002	-0.828	-0.3654	-0.4253	136	138	21	2	2	0.0012	0.3333	0	0.0091
0.0058	0.0587	-0.0519	0.1294	-0.0216	-0.6737	0.5096	-0.5352	137	139	21	2	3	0.0055	0.375	0	0.0058
0.0058	0.0235	-0.0702	0.1553	-0.0474	0.2974	0.7359	-0.6083	138	140	21	2	4	0.01	0.05	0	0.01
0.0043	0.0314	-0.0856	0.1666	-0.0597	-0.2547	0.7297	-0.6345	139	0	21	2	5	0.0031	0.15	0	0.01
0.0104	0.0638	-0.0337	0.0666	-0.021	0.8845	0.224	0.4092	71	142	62	2	1	0.0034	0.5417	0	0.0104
0.0104	0.0016	0.0224	0.0786	0.0008	0.9979	-0.0208	-0.0611	141	0	62	2	2	0.0021	0.3333	0	0.0104
0.0087	0.0337	0.0084	0.1311	0.01	0.7267	-0.6846	0.0576	74	144	25	2	1	0.0022	0.4167	1	0.0087
0.0087	0.0417	0.0329	0.1081	0.0119	0.0451	-0.6121	-0.7895	143	145	25	2	2	0.0022	0.4167	0	0.0087
0.0087	0.0217	0.0335	0.0788	-0.0161	-0.6846	-0.4913	-0.5385	144	0	25	2	3	0.01	0.05	0	0.01
0.0065	0.0306	0.0081	0.2255	-0.0254	0.9381	-0.2576	-0.2315	77	147	31	2	1	0.0018	0.375	1	0.0128
0.0065	0.0553	0.0352	0.2215	-0.0267	0.969	0.0632	0.2387	146	148	31	2	2	0.0025	0.175	0	0.0128
0.0065	0.0145	0.0813	0.2356	-0.0165	0.8168	0.4913	-0.3024	147	149	31	2	3	0.0012	0.2917	0	0.0104
0.0065	0.0143	0.0931	0.2464	-0.0189	1	0.0089	-0.0019	148	0	31	2	4	0.01	0.05	0	0.01
0.0127	0.0845	-0.0442	0.2818	-0.0456	0.1183	-0.9917	0.0508	79	151	35	2	1	0.0033	0.18	0	0.0262
0.0127	0.0233	-0.0475	0.206	-0.026	-0.3436	-0.922	0.1787	150	152	35	2	2	0.0011	0.2917	0	0.0084
0.0127	0.0324	-0.0562	0.1925	-0.0225	-0.957	-0.0577	0.2843	151	153	35	2	3	0.01	0.05	0	0.01
0.0127	0.0024	-0.0615	0.171	-0.0108	-0.5998	-0.7496	0.2798	152	154	35	2	4	0.0058	0.4688	0	0.0127
0.0127	0.0118	-0.0676	0.1834	-0.0248	-0.9568	-0.011	0.2905	153	155	35	2	5	0.0018	0.25	0	0.0161
0.0127	0.011	-0.0802	0.1766	-0.0382	-0.9476	0.3156	-0.0502	154	156	35	2	6	0.0019	0.075	0	0.0252
0.0127	0.0402	-0.0813	0.1809	-0.0325	-0.0967	0.9951	0.0214	155	157	35	2	7	0.0026	0.2	0	0.007
0.0127	0.0267	-0.099	0.2181	-0.0355	-0.2801	0.8911	0.357	156	158	35	2	8	0.01	0.05	0	0.01
0.0127	0.0078	-0.0965	0.2174	-0.0388	-0.8559	-0.4677	0.2206	157	159	35	2	9	0.01	0.05	0	0.01
0.0127	0.0491	-0.1131	0.2102	-0.0234	-0.6292	-0.5088	-0.5876	158	160	35	2	10	0.0031	0.225	0	0.0063
0.0127	0.0339	-0.1347	0.1959	-0.0587	0.2301	-0.6465	-0.7274	159	161	35	2	11	0.0009	0.25	0	0.0078
0.0127	0.0331	-0.137	0.1653	-0.0683	-0.1617	-0.8057	-0.5698	160	162	35	2	12	0.0014	0.2917	0	0.0163
0.0127	0.0226	-0.1322	0.1351	-0.091	-0.3741	-0.9118	-0.1692	161	163	35	2	13	0.01	0.05	0	0.01
0.0127	0.0199	-0.1366	0.1433	-0.092	-0.9434	0.1592	-0.2911	162	164	35	2	14	0.01	0.05	0	0.01
0.0127	0.0108	-0.1553	0.1465	-0.0978	-0.778	-0.3411	0.5276	163	0	35	2	15	0.01	0.05	0	0.01
0.0081	0.0316	-0.051	0.2898	-0.0601	-0.0692	-0.9947	-0.0765	79	166	38	2	1	0.0009	0.4583	1	0.0109
0.0081	0.0304	-0.0531	0.2583	-0.0626	-0.2873	0.9199	0.2668	165	167	38	2	2	0.0009	0.4583	0	0.0109
0.0081	0.0307	-0.0607	0.2863	-0.0521	0.0893	0.993	-0.0767	166	168	38	2	3	0.0063	0.5	0	0.0084
0.0069	0.0246	-0.0582	0.3172	-0.0507	0.4546	0.8875	-0.0751	167	169	38	2	4	0.005	0.4688	0	0.0069
0.0071	0.0338	-0.0437	0.3362	-0.0548	0.6888	0.7161	0.1131	168	170	38	2	5	0.01	0.05	0	0.01
0.0069	0.0149	-0.0524	0.3471	-0.0517	-0.3779	0.8975	0.2276	169	0	38	2	6	0.01	0.05	0	0.01
0.0043	0.0764	-0.0086	0.321	-0.0667	0.9555	0.0067	-0.2948	80	172	46	2	1	0.0085	0.375	0	0.0093
0.0025	0.0367	0.0574	0.3296	-0.0879	0.7535	0.6224	0.2117	171	173	46	2	2	0.01	0.05	0	0.01
0.0038	0.0396	0.0663	0.3365	-0.1092	-0.6471	-0.4098	0.6429	172	0	46	2	3	0.0018	0.3333	0	0.0093
0.0043	0.083	-0.0216	0.3155	-0.0671	-0.6471	0.7249	-0.2363	80	175	54	2	1	0.0071	0.2	0	0.015
0.0025	0.0355	-0.0754	0.3698	-0.094	0.0027	0.7837	-0.6211	174	0	54	2	2	0.0037	0.175	0	0.01
0.0025	0.0568	-0.0186	0.384	-0.0825	-0.917	0.0767	-0.3914	83	177	58	2	1	0.01	0.05	0	0.01
0.0025	0.0127	-0.0709	0.3856	-0.1045	-0.9027	0.0149	-0.4301	176	0	58	2	2	0.01	0.05	0	0.01
0.0085	0.0197	0.2739	-0.2404	0.1204	-0.7187	-0.0775	0.691	125	179	45	3	1	0.0019	0.4167	1	0.0099
0.0085	0.0603	0.2598	-0.242	0.134	0.8975	0.2713	-0.3477	178	180	45	3	2	0.0019	0.4167	0	0.0099
0.0085	0.0191	0.3075	-0.2198	0.1107	0.5968	0.3771	-0.7083	179	181	45	3	3	0.0056	0.4167	0	0.0085
0.0085	0.0219	0.3182	-0.2135	0.0954	0.0264	0.8829	-0.4689	180	182	45	3	4	0.01	0.05	0	0.01
0.0085	0.007	0.3141	-0.2175	0.1032	-0.5969	0.5625	0.5721	181	0	45	3	5	0.01	0.05	0	0.01
0.0112	0.0862	0.1945	-0.2578	0.1087	0.2321	0.134	-0.9634	131	184	63	3	1	0.0014	0.4583	0	0.0112
0.0112	0.0018	0.2133	-0.2539	0.0277	-0.0703	-0.2416	-0.9678	183	185	63	3	2	0.01	0.05	0	0.01
0.0112	0.0333	0.2164	-0.2532	0.0203	0.101	-0.9848	-0.1414	184	0	63	3	3	0.0015	0.2917	0	0.0117
0.01	0.0589	-0.0564	0.2037	-0.0163	0.0391	0.8799	0.4735	152	187	39	3	1	0.01	0.05	1	0.01
0.01	0.0456	-0.0541	0.2556	0.0116	-0.4358	0.6312	-0.6417	186	188	39	3	2	0.01	0.05	0	0.01
0.0108	0.0467	-0.0785	0.2976	-0.014	-0.7671	-0.0875	-0.6355	187	189	39	3	3	0.0011	0.3333	0	0.0148
0.0079	0.0028	-0.1234	0.2926	-0.0297	-0.788	-0.3112	-0.5312	188	190	39	3	4	0.01	0.05	0	0.01
0.0063	0.0072	-0.127	0.29	-0.0318	-0.7689	0.5434	0.3369	189	191	39	3	5	0.01	0.05	0	0.01
0.0049	0.0153	-0.1351	0.2914	-0.0295	-0.4737	0.5357	-0.699	190	192	39	3	6	0.0022	0.125	0	0.01
0.0037	0.0094	-0.1444	0.3004	-0.0388	0.36	0.9321	-0.0399	191	0	39	3	7	0.0005	0.075	0	0.01
0.0102	0.0057	-0.1188	0.2387	-0.0239	-0.631	0.7698	-0.0962	157	194	47	3	1	0.0009	0.4167	0	0.0101
0.0105	0.0375	-0.1191	0.2389	-0.0211	0.86	0.4039	-0.3119	193	195	47	3	2	0.0011	0.375	0	0.0107
0.0101	0.028	-0.0849	0.2476	-0.0215	0.9186	-0.2456	-0.3096	194	196	47	3	3	0.01	0.05	0	0.01
0.0101	0.0111	-0.0878	0.253	-0.0281	0.132	0.4651	-0.8754	195	0	47	3	4	0.01	0.05	0	0.01
0.0025	0.0439	-0.0671	0.3052	-0.0431	0.2289	-0.3105	0.9226	168	198	51	3	1	0.01	0.05	0	0.01
0.0025	0.0185	-0.0571	0.2916	-0.0026	-0.143	-0.5272	0.8376	197	0	51	3	2	0.01	0.05	0	0.01
