radius (m)	length (m)	start_point	axis_direction	parent	extension	branch	branch_order	position_in_branch	mad	SurfCov	added	UnmodRadius (m)
0.0165	0.0479	-0.1411	0.0637	-0.2435	-0.036	-0.372	0.9275	0	2	1	0	1	0.0027	0.7083	0	0.0165
0.0163	0.04	-0.1381	0.0421	-0.195	-0.4833	0.2798	0.8295	1	3	1	0	2	0.003	0.75	0	0.0163
0.0166	0.0693	-0.1488	0.0681	-0.1459	-0.0845	-0.7101	0.699	2	4	1	0	3	0.0023	0.75	0	0.0166
0.0161	0.0651	-0.1486	0.0289	-0.1015	0.5025	0.045	0.8634	3	5	1	0	4	0.0022	0.75	0	0.0161
0.0167	0.036	-0.114	0.0166	-0.0424	0.4192	0.217	0.8816	4	6	1	0	5	0.0027	0.7083	0	0.0167
0.0185	0.0582	-0.119	0.0222	-0.0114	0.0306	-0.5374	0.8428	5	7	1	0	6	0.003	0.75	0	0.0185
0.0163	0.0722	-0.0823	0.034	0.0664	-0.4756	-0.1891	0.8591	6	8	1	0	7	0.0025	0.75	0	0.0163
0.0162	0.0859	-0.1449	-0.0005	0.1323	-0.3411	0.5963	0.7267	7	9	1	0	8	0.0027	0.875	0	0.0162
0.0131	0.1349	-0.1761	0.0429	0.196	-0.7292	0.2723	0.6278	8	10	1	0	9	0.007	0.7321	0	0.0131
0.0131	0.0385	-0.2331	0.0987	0.1865	-0.6872	0.7091	-0.1578	9	0	1	0	10	0.0009	0.3333	0	0.0093
0.0137	0.0426	-0.1296	0.0444	-0.0834	0.218	0.8437	-0.4906	4	12	2	1	1	0.0026	0.5833	1	0.0113
0.0137	0.0393	-0.1203	0.0804	-0.1043	-0.603	0.7708	-0.2054	11	13	2	1	2	0.0026	0.5833	0	0.0113
0.0142	0.0335	-0.1303	0.1448	-0.1044	-0.8704	0.4121	-0.2695	12	14	2	1	3	0.0016	0.7083	0	0.0142
0.0157	0.0469	-0.1598	0.1553	-0.1076	-0.4398	0.7926	0.4224	13	15	2	1	4	0.0025	0.8333	0	0.0157
0.0153	0.0609	-0.1736	0.1889	-0.0973	0.574	0.8126	0.1008	14	16	2	1	5	0.0068	0.6	0	0.0218
0.0153	0.0438	-0.15	0.2577	-0.0653	0.8884	0.4562	0.051	15	17	2	1	6	0.0021	0.6667	0	0.0153
0.0164	0.0387	-0.1094	0.2855	-0.0593	0.9742	-0.2254	0.0082	16	18	2	1	7	0.002	0.7083	0	0.0164
0.0153	0.0571	-0.0758	0.2677	-0.0599	0.0471	-0.1268	0.9908	17	19	2	1	8	0.0062	0.375	0	0.0256
0.0149	0.0475	-0.0603	0.2512	-0.0129	-0.0422	-0.7438	0.667	18	20	2	1	9	0.002	0.5833	0	0.0149
0.0138	0.0558	-0.0565	0.2295	0	0.6978	-0.6661	-0.2634	19	21	2	1	10	0.002	0.625	0	0.0138
0.0137	0.0307	-0.0195	0.1848	-0.0055	0.6101	-0.6755	-0.414	20	22	2	1	11	0.0015	0.5417	0	0.0122
0.0137	0.0329	0.0018	0.1654	-0.0156	0.5792	-0.7936	-0.1865	21	23	2	1	12	0.0019	0.7083	0	0.0137
0.0157	0.0426	0.0216	0.1397	-0.0235	0.9128	-0.136	0.385	22	24	2	1	13	0.002	0.7917	0	0.0157
0.0155	0.0317	0.0637	0.1208	-0.0106	0.6795	-0.0301	0.7331	23	25	2	1	14	0.0018	0.5417	0	0.0146
0.0155	0.036	0.0909	0.1278	0.0136	0.4731	-0.4355	0.7659	24	26	2	1	15	0.0019	0.7917	0	0.0155
0.0153	0.038	0.1188	0.113	0.0369	0.3616	0.1021	0.9267	25	27	2	1	16	0.0025	0.6667	0	0.0161
0.0152	0.0445	0.1289	0.0991	0.0871	0.6791	0.3871	0.6236	26	28	2	1	17	0.0023	0.5833	0	0.0159
0.0151	0.0317	0.1733	0.112	0.1024	0.67	0.0763	0.7384	27	0	2	1	18	0.0041	0.375	0	0.0166
0.0087	0.0981	-0.1661	0.0444	-0.1767	-0.9724	-0.2323	-0.0228	2	30	3	1	1	0.0011	0.4167	1	0.0087
0.0087	0.0238	-0.2616	0.0216	-0.179	-0.9501	-0.3114	0.0188	29	31	3	1	2	0.0011	0.4167	0	0.0087
0.0087	0.0301	-0.2846	0.0163	-0.1769	-0.9238	0.0978	-0.3701	30	0	3	1	3	0.0035	0.225	0	0.014
0.0123	0.0986	-0.1081	0.042	-0.0152	0.5666	0.8178	0.1012	6	33	4	1	1	0.0013	0.5833	1	0.0123
0.0123	0.0367	-0.0522	0.1226	-0.0052	-0.3819	0.8973	-0.2215	32	34	4	1	2	0.0013	0.5833	0	0.0123
0.0132	0.0429	-0.058	0.1647	-0.0236	-0.6324	0.7568	0.1653	33	35	4	1	3	0.0017	0.6667	0	0.0132
0.0147	0.0341	-0.0858	0.1963	-0.0176	0.3093	0.6003	-0.7375	34	36	4	1	4	0.0019	0.2917	0	0.0166
0.0123	0.0164	-0.0849	0.2279	-0.0356	0.4973	0.7297	-0.4692	35	0	4	1	5	0.01	0.05	0	0.01
0.0152	0.1265	-0.1097	-0.0026	-0.0028	0.334	-0.8903	0.3094	6	38	56	1	1	0.0021	0.4583	1	0.0156
0.0152	0.0304	-0.0674	-0.1153	0.0364	0.5965	-0.2676	0.7567	37	39	56	1	2	0.0021	0.4583	0	0.0156
0.0169	0.0303	-0.0535	-0.1134	0.0588	-0.3858	-0.1069	0.9164	38	40	56	1	3	0.0016	0.5417	0	0.019
0.0122	0.051	-0.0855	-0.1371	0.0825	-0.2902	0.1006	0.9517	39	41	56	1	4	0.0012	0.5417	0	0.0122
0.0155	0.0332	-0.1072	-0.157	0.1208	-0.5405	-0.187	0.8203	40	42	56	1	5	0.0018	0.5	0	0.016
0.0113	0.0331	-0.1089	-0.1546	0.149	0.4633	-0.8814	0.0921	41	43	56	1	6	0.0012	0.4167	0	0.0113
0.0162	0.0316	-0.0877	-0.1788	0.1518	0.6074	-0.7311	-0.3108	42	44	56	1	7	0.0017	0.4167	0	0.0179
0.0078	0.0109	-0.0896	-0.1936	0.1363	0.2798	0.0521	-0.9586	43	45	56	1	8	0.0036	0.7083	0	0.0078
0.0133	0.0375	-0.0843	-0.1964	0.137	0.9087	-0.3163	-0.2724	44	46	56	1	9	0.0016	0.4583	0	0.0133
0.0104	0.0439	-0.054	-0.2064	0.1329	0.2683	-0.8596	0.4348	45	47	56	1	10	0.0013	0.5417	0	0.0097
0.0104	0.0326	-0.044	-0.2452	0.1526	0.0778	-0.5961	-0.7991	46	48	56	1	11	0.0014	0.5833	0	0.0102
0.0155	0.0584	-0.0417	-0.2728	0.1423	0.9087	-0.3744	-0.1847	47	49	56	1	12	0.0016	0.625	0	0.0157
0.0128	0.0288	0.0115	-0.2983	0.1257	0.5918	-0.6809	0.4314	48	50	56	1	13	0.0016	0.6667	0	0.0128
0.0147	0.0231	0.0302	-0.3206	0.1352	0.4612	-0.5129	0.7241	49	51	56	1	14	0.0018	0.625	0	0.0149
0.0155	0.0638	0.0332	-0.3317	0.1313	0.5179	-0.8266	-0.2201	50	52	56	1	15	0.0074	0.425	0	0.0306
0.0096	0.0705	0.0497	-0.3849	0.1206	-0.0801	-0.8579	-0.5075	51	53	56	1	16	0.0013	0.625	0	0.0092
0.0111	0.0376	0.0375	-0.442	0.082	-0.0447	-0.6923	-0.7203	52	54	56	1	17	0.0014	0.625	0	0.0111
0.0103	0.0431	0.0349	-0.4674	0.0544	-0.0833	-0.6327	-0.7699	53	55	56	1	18	0.0011	0.5	0	0.0103
0.0104	0.0432	0.0335	-0.4917	0.0191	-0.0104	-0.5912	-0.8065	54	56	56	1	19	0.0011	0.5417	0	0.0104
0.0116	0.0345	0.0337	-0.5179	-0.0152	0.0149	-0.5982	-0.8012	55	57	56	1	20	0.0012	0.25	0	0.0116
0.0123	0.0364	0.038	-0.5408	-0.0399	0.1627	-0.6841	-0.711	56	58	56	1	21	0.0014	0.4167	0	0.0127
0.0141	0.0499	0.054	-0.5598	-0.0544	0.77	-0.434	-0.4678	57	59	56	1	22	0.0018	0.5833	0	0.0147
0.0088	0.0099	0.0875	-0.5866	-0.0835	0.8304	-0.4788	-0.2849	58	60	56	1	23	0.0063	0.825	0	0.0088
0.0141	0.0298	0.0864	-0.5919	-0.0989	0.7674	-0.33	-0.5497	59	0	56	1	24	0.0034	0.4167	0	0.0166
0.0131	0.0973	-0.1605	0.1877	-0.0892	0.8532	0.4229	0.3052	14	62	8	2	1	0.0074	0.4167	1	0.0131
0.0131	0.0564	-0.0775	0.2288	-0.0595	0.2224	-0.1304	0.9662	61	63	8	2	2	0.0074	0.4167	0	0.0131
0.0131	0.0039	-0.0682	0.2232	-0.02	-0.5994	0.7708	0.2159	62	0	8	2	3	0.01	0.05	0	0.01
0.0165	0.1167	-0.1665	0.1477	-0.1074	-0.8638	0.4359	-0.2529	13	65	11	2	1	0.0023	0.625	0	0.0165
0.0165	0.0265	-0.2807	0.1876	-0.1192	0.05	0.8301	0.5553	64	66	11	2	2	0.0013	0.375	0	0.0128
0.0165	0.0373	-0.277	0.2147	-0.108	0.7387	0.123	0.6627	65	0	11	2	3	0.0015	0.3333	0	0.0147
0.0141	0.06	-0.1757	0.2016	-0.0998	-0.2849	0.9578	0.0381	14	0	14	2	1	0.0025	0.5417	0	0.0141
0.0121	0.0973	0.1511	0.1233	0.0974	0.2236	0.8668	-0.4458	27	69	18	2	1	0.0015	0.625	1	0.0117
0.0121	0.0431	0.1729	0.2076	0.054	0.239	0.8571	-0.4564	68	70	18	2	2	0.0015	0.625	0	0.0117
0.0121	0.0425	0.1794	0.234	0.0296	-0.3817	0.4883	-0.7848	69	71	18	2	3	0.0015	0.75	0	0.0121
0.013	0.0272	0.1666	0.2584	-0.0046	-0.4112	0.1858	-0.8924	70	72	18	2	4	0.0015	0.5417	0	0.013
0.0143	0.0402	0.1758	0.2591	-0.0308	-0.0909	0.0257	-0.9955	71	73	18	2	5	0.0017	0.5417	0	0.0147
0.0142	0.0277	0.1576	0.2655	-0.0777	0.5069	0.3727	-0.7773	72	74	18	2	6	0.0015	0.5	0	0.0163
0.0143	0.0354	0.1713	0.2826	-0.0944	0.1931	0.5686	-0.7996	73	75	18	2	7	0.0031	0.5833	0	0.0175
0.0125	0.067	0.1495	0.3032	-0.1138	-0.1802	0.7713	-0.6105	74	76	18	2	8	0.0017	0.5417	0	0.0125
0.0134	0.0345	0.1376	0.3518	-0.1537	0.8927	-0.1033	-0.4387	75	77	18	2	9	0.0019	0.5833	0	0.0134
0.0136	0.0321	0.1782	0.3532	-0.1639	0.5763	-0.427	-0.6968	76	0	18	2	10	0.0031	0.375	0	0.0138
0.01	0.0553	0.0862	0.1166	-0.0084	0.3927	-0.2086	-0.8957	24	79	19	2	1	0.01	0.05	1	0.01
0.01	0.0327	0.108	0.1051	-0.0579	0.3412	0.7014	0.6258	78	0	19	2	2	0.01	0.05	0	0.01
0.0241	0.0674	0.0364	0.1402	-0.0342	0.5218	0.0921	-0.8481	23	81	57	2	1	0.0071	0.4643	1	0.0241
0.0241	0.1938	0.0715	0.1464	-0.0914	-0.5202	-0.6347	0.5714	80	0	57	2	2	0.0071	0.4643	0	0.0241
0.0128	0.0514	0.1215	0.093	0.099	-0.0497	-0.9289	-0.367	27	83	25	2	1	0.0021	0.6667	0	0.0134
0.0127	0.0409	0.1155	0.043	0.0762	0.4977	-0.8645	0.07	82	0	25	2	2	0.0022	0.6667	0	0.0127
0.0084	0.0324	-0.0877	-0.1401	0.1235	0.325	-0.8904	-0.3187	40	85	6	2	1	0.0027	0.5	0	0.0082
0.0093	0.018	-0.0823	-0.1642	0.1117	-0.6947	-0.6424	0.3236	84	86	6	2	2	0.0012	0.2917	0	0.0102
0.0085	0.0121	-0.0998	-0.1779	0.1075	-0.6007	-0.6608	0.45	85	87	6	2	3	0.01	0.05	0	0.01
0.0082	0.0136	-0.1039	-0.1822	0.1109	-0.0806	-0.4166	-0.9055	86	0	6	2	4	0.0011	0.375	0	0.0079
0.0127	0.0908	-0.0657	-0.1485	0.0353	0.4344	0.0891	-0.8963	41	89	58	2	1	0.0018	0.875	1	0.0127
0.0127	0.0436	-0.0263	-0.1404	-0.0461	0.9928	-0.0212	-0.1179	88	90	58	2	2	0.0018	0.875	0	0.0127
0.0127	0.0378	0.0171	-0.1375	-0.0503	0.9936	0.0003	-0.1132	89	0	58	2	3	0.0036	0.5417	0	0.0131
0.0115	0.0284	-0.1226	-0.1661	0.1196	-0.961	0.2583	0.0991	41	92	21	2	1	0.0017	0.5833	0	0.0116
0.0104	0.0833	-0.1553	-0.1563	0.1223	-0.1317	-0.2469	0.9601	91	93	21	2	2	0.0016	0.5	0	0.0103
0.0103	0.0075	-0.1551	-0.1807	0.201	-0.0016	-0.3354	0.9421	92	94	21	2	3	0.01	0.05	0	0.01
0.0103	0.0234	-0.1551	-0.1832	0.208	-0.9211	0.3726	0.1129	93	0	21	2	4	0.01	0.05	0	0.01
0.0079	0.0532	-0.1325	-0.1497	0.1464	-0.2812	-0.1267	0.9512	41	0	26	2	1	0.0015	0.4167	0	0.0079
0.0086	0.0795	-0.1234	-0.1398	0.1569	-0.0663	-0.6449	0.7614	42	0	27	2	1	0.0025	0.4583	0	0.0086
0.0147	0.0945	0.0465	-0.3404	0.1424	0.6875	-0.4461	0.5731	51	98	28	2	1	0.0014	0.625	1	0.0164
0.0147	0.0434	0.1115	-0.3825	0.1965	0.3214	0.1825	0.9292	97	99	28	2	2	0.0014	0.625	0	0.0164
0.0105	0.0228	0.1282	-0.3768	0.238	0.3646	0.7561	0.5435	98	100	28	2	3	0.0052	0.5417	0	0.0103
0.0103	0.0235	0.1367	-0.3613	0.2468	0.3455	0.8462	-0.4056	99	0	28	2	4	0.01	0.05	0	0.01
0.0109	0.0498	-0.028	-0.2869	0.1525	-0.302	-0.947	-0.1093	48	102	30	2	1	0.0023	0.4167	0	0.0109
0.0103	0.0345	-0.0367	-0.3333	0.1507	-0.0342	-0.9659	0.2566	101	103	30	2	2	0.0042	0.5833	0	0.0103
0.0077	0.0186	-0.0258	-0.3653	0.1463	0.2795	-0.9473	0.1567	102	104	30	2	3	0.0053	0.4167	0	0.0077
0.0091	0.0182	-0.0213	-0.3794	0.1591	0.606	-0.7341	0.3064	103	105	30	2	4	0.01	0.05	0	0.01
0.0089	0.0157	-0.0322	-0.3708	0.1587	0.043	-0.2236	-0.9737	104	0	30	2	5	0.0011	0.375	0	0.0094
0.0108	0.0571	-0.0519	-0.2452	0.1558	0.5114	-0.8047	0.3015	46	107	31	2	1	0.0018	0.5417	0	0.0108
0.0108	0.0214	-0.025	-0.2909	0.1692	-0.334	-0.9283	0.1634	106	108	31	2	2	0.0012	0.5	0	0.0134
0.0108	0.0315	-0.0224	-0.3151	0.1935	-0.4321	-0.9017	0.014	107	0	31	2	3	0.01	0.05	0	0.01
0.0097	0.0323	-0.0429	-0.282	0.1546	-0.6725	-0.647	-0.3593	48	110	32	2	1	0.002	0.625	0	0.0097
0.0089	0.0636	-0.065	-0.3024	0.1432	-0.5718	-0.1921	-0.7976	109	111	32	2	2	0.0013	0.5833	0	0.0089
0.0105	0.0303	-0.1042	-0.3146	0.1065	-0.9767	0.0892	-0.1953	110	112	32	2	3	0.0011	0.2083	0	0.0124
0.0085	0.0034	-0.1314	-0.3246	0.0942	-0.9444	-0.2706	0.1867	111	113	32	2	4	0.0038	0.625	0	0.0085
0.0088	0.0149	-0.1344	-0.3253	0.0947	-0.7034	0.7082	0.0602	112	0	32	2	5	0.01	0.05	0	0.01
0.0092	0.0374	-0.0071	-0.2712	0.1415	0.9986	0.0466	-0.0237	48	115	34	2	1	0.0021	0.5417	1	0.0087
0.0092	0.081	0.0302	-0.2695	0.1406	0.8507	-0.5146	0.1074	114	116	34	2	2	0.0021	0.5417	0	0.0087
0.0106	0.072	0.0939	-0.31	0.1536	0.4089	-0.6342	0.6562	115	117	34	2	3	0.0012	0.5417	0	0.0108
0.0092	0.0063	0.1288	-0.3526	0.1989	0.5463	-0.683	0.4848	116	118	34	2	4	0.0046	0.6667	0	0.0076
0.0092	0.0236	0.1279	-0.3553	0.2097	0.8721	0.0164	0.4891	117	0	34	2	5	0.0041	0.7083	0	0.0092
0.0103	0.0669	0.0335	-0.336	0.1462	0.0546	-0.3298	0.9425	51	120	36	2	1	0.0028	0.5417	1	0.0103
0.0103	0.0305	0.0372	-0.3581	0.2093	0.368	0.9199	0.1353	119	0	36	2	2	0.0028	0.5417	0	0.0103
0.0147	0.047	0.0146	-0.3026	0.1448	0.0438	-0.4479	0.893	48	122	37	2	1	0.0036	0.4063	1	0.0166
0.0146	0.1157	0.0166	-0.3237	0.1868	-0.8158	-0.493	-0.3022	121	123	37	2	2	0.0036	0.4063	0	0.0166
0.014	0.0152	-0.0722	-0.3787	0.152	0.1908	-0.6071	0.7714	122	124	37	2	3	0.0013	0.2917	0	0.014
0.0131	0.0311	-0.0759	-0.386	0.1556	0.1189	0.9839	0.1337	123	125	37	2	4	0.0013	0.7917	0	0.0131
0.0133	0.0314	-0.0786	-0.3574	0.1588	-0.2098	0.8844	-0.4169	124	126	37	2	5	0.0013	0.5833	0	0.0133
0.0131	0.0271	-0.0846	-0.3251	0.141	-0.9438	-0.1719	-0.2822	125	0	37	2	6	0.0037	0.6667	0	0.0072
0.011	0.073	0.0538	-0.5721	-0.0677	-0.4302	-0.6126	-0.663	58	128	47	2	1	0.0031	0.5	1	0.0111
0.0109	0.0461	0.0223	-0.6169	-0.1162	0.2102	0.1606	-0.9644	127	129	47	2	2	0.0031	0.5	0	0.0111
0.0105	0.0349	0.0277	-0.6041	-0.1575	0.8178	0.4961	0.2916	128	130	47	2	3	0.0011	0.5417	0	0.0106
0.0101	0.0154	0.0542	-0.5852	-0.1462	0.6897	0.4699	0.5509	129	0	47	2	4	0.0025	0.4583	0	0.0101
0.012	0.0185	0.0922	-0.5811	-0.108	-0.0178	0.9424	-0.3339	60	132	48	2	1	0.0029	0.5833	1	0.012
0.012	0.0769	0.0918	-0.5636	-0.1142	-0.9372	0.1245	-0.3258	131	133	48	2	2	0.0029	0.5833	0	0.012
0.0125	0.0389	0.0295	-0.5501	-0.1636	-0.9265	0.1472	-0.3464	132	134	48	2	3	0.0012	0.4167	0	0.0125
0.0124	0.0777	-0.0188	-0.5384	-0.1764	0.4168	0.8728	-0.2538	133	135	48	2	4	0.0016	0.3333	0	0.0124
0.012	0.0489	0.0221	-0.4776	-0.1968	0.6332	0.7723	0.0509	134	136	48	2	5	0.01	0.05	0	0.01
0.012	0.046	0.0196	-0.44	-0.193	0	0.9952	0.0977	135	137	48	2	6	0.01	0.05	0	0.01
0.012	0.0375	0.044	-0.4207	-0.1922	0.7371	0.6748	0.0358	136	0	48	2	7	0.01	0.05	0	0.01
0.0145	0.0738	0.1661	0.2949	-0.1265	0.8365	-0.4397	0.327	74	139	29	3	1	0.0074	0.34	0	0.03
0.0147	0.0403	0.238	0.2661	-0.1172	0.8092	-0.3526	0.47	138	140	29	3	2	0.0016	0.7083	0	0.0147
0.0136	0.0398	0.2701	0.2439	-0.1009	0.707	-0.27	0.6537	139	141	29	3	3	0.0026	0.9167	0	0.0175
0.0162	0.0362	0.31	0.2312	-0.0828	0.5073	-0.2729	0.8174	140	142	29	3	4	0.0021	0.7917	0	0.0162
0.0145	0.0275	0.3226	0.2141	-0.0502	0.8056	-0.5086	0.3038	141	143	29	3	5	0.0017	0.75	0	0.0145
0.0145	0.0203	0.35	0.1981	-0.036	0.3406	-0.7573	-0.5572	142	144	29	3	6	0.0013	0.2083	0	0.0117
0.0145	0.0185	0.3484	0.1827	-0.0507	0.1712	-0.8928	-0.4167	143	0	29	3	7	0.0027	0.175	0	0.0092
0.0101	0.0284	0.1842	0.2132	0.0412	0.6567	-0.5328	-0.5337	69	146	38	3	1	0.0029	0.5417	1	0.0101
0.0101	0.0407	0.2028	0.198	0.026	0.6297	0.516	0.5807	145	147	38	3	2	0.0029	0.5417	0	0.0101
0.0107	0.0573	0.2216	0.2175	0.0439	0.4201	0.6155	-0.6669	146	148	38	3	3	0.0015	0.5417	0	0.0107
0.0097	0.0442	0.2472	0.2495	0.008	0.9181	0.2156	-0.3325	147	149	38	3	4	0.0015	0.5417	0	0.0097
0.0094	0.0187	0.2852	0.2625	-0.0016	0.9014	0.371	0.2234	148	150	38	3	5	0.0068	0.75	0	0.0094
0.0097	0.0293	0.3043	0.273	0.0062	0.3644	0.5454	-0.7548	149	0	38	3	6	0.0013	0.3333	0	0.0098
0.0132	0.1688	0.1951	0.2506	0.0219	0.1024	-0.8082	-0.58	69	152	40	3	1	0.0017	0.4167	0	0.0132
0.0132	0.0378	0.2041	0.1187	-0.0712	-0.285	-0.8886	0.3594	151	153	40	3	2	0.0011	0.2917	0	0.0116
0.0132	0.0314	0.2011	0.0825	-0.0554	-0.3667	-0.8956	0.2519	152	154	40	3	3	0.01	0.05	0	0.01
0.0132	0.0032	0.187	0.084	-0.0612	-0.9443	-0.2041	-0.258	153	155	40	3	4	0.01	0.05	0	0.01
0.0132	0.0136	0.1876	0.0824	-0.0605	0.385	-0.0764	-0.9197	154	0	40	3	5	0.01	0.05	0	0.01
0.0134	0.0154	0.1597	0.2468	0.0165	-0.8737	0.0865	0.4788	70	157	41	3	1	0.0028	0.4583	1	0.0134
0.0134	0.0524	0.1462	0.2481	0.0239	-0.6061	-0.7733	-0.1862	156	0	41	3	2	0.0028	0.4583	0	0.0134
0.0141	0.0549	0.1652	0.2539	-0.0818	0.5269	-0.8012	-0.2835	73	159	42	3	1	0.0019	0.5833	1	0.0134
0.0141	0.0652	0.1941	0.21	-0.0973	0.8704	-0.4629	-0.1676	158	160	42	3	2	0.0019	0.5833	0	0.0134
0.0141	0.0227	0.2436	0.1811	-0.1208	0.8531	-0.1119	-0.5095	159	161	42	3	3	0.0019	0.5	0	0.0136
0.0141	0.0434	0.2669	0.1788	-0.1316	0.0775	-0.9951	-0.0615	160	162	42	3	4	0.0017	0.7083	0	0.0141
0.0141	0.0492	0.2736	0.1336	-0.1359	-0.6027	-0.7071	-0.3698	161	0	42	3	5	0.0019	0.625	0	0.0123
0.0052	0.0768	0.1777	0.3366	-0.1738	0.3158	0.213	0.9246	77	164	43	3	1	0.0114	0.4	1	0.0109
0.0052	0.0084	0.2077	0.3716	-0.1098	0.3552	0.2316	0.9057	163	0	43	3	2	0.0055	0.225	0	0.0109
0.012	0.052	-0.0591	-0.1411	0.0446	0.8814	-0.4263	-0.2033	88	0	7	3	1	0.0026	0.5	0	0.012
0.0037	0.0487	-0.0322	-0.3083	0.1832	0.3447	-0.3735	-0.8612	107	167	59	3	1	0.0068	0.425	1	0.0131
0.0037	0.0258	-0.0176	-0.3186	0.1371	0.3351	-0.3688	-0.867	166	0	59	3	2	0.0073	0.25	0	0.0131
0.0103	0.0591	-0.1338	-0.3104	0.1112	0.7609	0.5718	-0.3067	111	169	60	3	1	0.003	0.5417	0	0.0103
0.0103	0.0141	-0.0903	-0.2794	0.0912	0.5374	0.2357	-0.8097	168	0	60	3	2	0.0023	0.375	0	0.0094
0.0107	0.0177	-0.0211	-0.5401	-0.1884	-0.4461	0.7498	-0.4886	134	171	62	3	1	0.0021	0.625	0	0.0121
0.0107	0.029	-0.0296	-0.5267	-0.1989	0.0496	0.9982	0.0328	170	0	62	3	2	0.0014	0.4167	0	0.0107
0.0138	0.0408	0.1895	0.2707	-0.1259	0.0757	-0.8364	-0.5428	138	173	44	4	1	0.0024	0.625	1	0.0146
0.0138	0.0359	0.1926	0.2366	-0.148	0.4131	-0.4724	-0.7785	172	174	44	4	2	0.0024	0.625	0	0.0146
0.0138	0.0268	0.2153	0.2126	-0.17	-0.41	-0.8137	-0.4121	173	175	44	4	3	0.0015	0.2917	0	0.0136
0.0138	0.0193	0.196	0.1886	-0.1757	0.4154	-0.8637	0.2855	174	0	44	4	4	0.0028	0.375	0	0.011
0.0089	0.049	0.282	0.1547	-0.128	0.8869	0.2828	0.3652	161	177	51	4	1	0.0025	0.5	1	0.0089
0.0089	0.0549	0.3254	0.1686	-0.1101	-0.3286	-0.3058	-0.8936	176	0	51	4	2	0.0025	0.5	0	0.0089
0.0143	0.0552	-0.0087	-0.1524	0.0315	-0.4209	-0.4086	0.8099	165	0	64	4	1	0.002	0.625	0	0.0143
