radius (m)	length (m)	start_point	axis_direction	parent	extension	branch	branch_order	position_in_branch	mad	SurfCov	added	UnmodRadius (m)
0.0121	0.0859	-0.0324	-0.0201	-0.1371	-0.2338	0.0988	0.9672	0	2	1	0	1	0.0043	0.6667	0	0.0121
0.016	0.0575	-0.0444	0.0033	-0.0578	-0.0386	0.2669	0.9629	1	3	1	0	2	0.005	0.375	0	0.0174
0.0106	0.0571	-0.0651	0.0205	-0.0055	-0.0805	0.5387	0.8386	2	4	1	0	3	0.0116	0.375	0	0.0069
0.0122	0.0248	-0.0834	0.0369	0.0142	-0.8646	0.4693	0.1795	3	5	1	0	4	0.0013	0.2917	0	0.0122
0.0143	0.0239	-0.0653	0.0106	0.0034	0.3271	-0.0391	0.9442	4	6	1	0	5	0.0108	0.4583	0	0.0146
0.0141	0.0406	-0.0516	0.025	0.0167	0.9459	-0.3156	0.0752	5	7	1	0	6	0.0075	0.325	0	0.015
0.01	0.0144	-0.0327	0.0173	0.0385	0.6382	0.5809	0.5052	6	8	1	0	7	0.01	0.05	0	0.01
0.016	0.0158	-0.0306	0.0341	0.0439	0.2474	0.3986	0.8831	7	9	1	0	8	0.0013	0.3333	0	0.0196
0.01	0.0483	-0.0145	0.0497	0.0408	0.0847	0.8478	0.5234	8	10	1	0	9	0.01	0.05	0	0.01
0.0087	0.0316	-0.0375	0.0804	0.0596	-0.4077	0.8046	0.4317	9	11	1	0	10	0.001	0.375	0	0.0061
0.01	0.0254	-0.041	0.107	0.0676	0.0383	0.9615	0.2722	10	12	1	0	11	0.01	0.05	0	0.01
0.011	0.0586	-0.0489	0.1102	0.0604	-0.4884	-0.3316	0.8071	11	13	1	0	12	0.0015	0.4167	0	0.0113
0.0077	0.0042	-0.0839	0.0889	0.1018	-0.0013	-0.9516	0.3072	12	14	1	0	13	0.0063	0.5833	0	0.0077
0.0116	0.0248	-0.0797	0.0881	0.0953	-0.5299	-0.6484	-0.5466	13	0	1	0	14	0.0015	0.375	0	0.0135
0.0117	0.0186	-0.0401	-0.0201	-0.0639	0.8036	-0.5946	-0.0272	1	16	52	1	1	0.0027	0.5833	1	0.0123
0.0117	0.0652	-0.0251	-0.0312	-0.0644	0.9258	0.2591	-0.2751	15	17	52	1	2	0.0027	0.5833	0	0.0123
0.0117	0.0398	0.0239	-0.0252	-0.0467	0.8823	-0.4488	0.1421	16	18	52	1	3	0.0087	0.25	0	0.026
0.0117	0.0348	0.0575	-0.0426	-0.037	-0.1695	-0.9844	0.0468	17	19	52	1	4	0.0013	0.3333	0	0.0142
0.0117	0.0457	0.0512	-0.0681	-0.0318	0.0332	-0.3748	0.9265	18	20	52	1	5	0.0013	0.5417	0	0.0148
0.0117	0.0275	0.0532	-0.0826	-0.0018	0.9443	0.3129	0.1023	19	21	52	1	6	0.0017	0.2917	0	0.0147
0.0117	0.0716	0.0791	-0.0846	0.0009	0.7723	0.0051	-0.6353	20	22	52	1	7	0.0051	0.225	0	0.0188
0.0117	0.0429	0.1375	-0.1056	-0.0403	0.5194	-0.0942	-0.8493	21	23	52	1	8	0.0016	0.4167	0	0.0155
0.0117	0.0006	0.1529	-0.0978	-0.0805	0.5045	0.0146	-0.8633	22	24	52	1	9	0.0068	0.625	0	0.0117
0.0117	0.0416	0.1536	-0.0956	-0.0781	0.9534	-0.2913	0.0786	23	25	52	1	10	0.0011	0.3333	0	0.0087
0.0117	0.0245	0.1945	-0.1028	-0.0719	0.9032	0.0138	-0.4291	24	0	52	1	11	0.01	0.05	0	0.01
0.0144	0.0963	-0.0145	0.0416	0.0448	0.248	0.4828	-0.8399	8	27	10	1	1	0.003	0.4167	0	0.0144
0.0144	0.0501	-0.0065	0.08	-0.0356	-0.0969	0.127	-0.9872	26	28	10	1	2	0.01	0.05	0	0.01
0.0144	0.0107	0.0119	0.0661	-0.051	0.5954	-0.4432	-0.6702	27	29	10	1	3	0.01	0.05	0	0.01
0.0144	0.0481	0.0182	0.0614	-0.0581	-0.6306	-0.5515	-0.5461	28	0	10	1	4	0.01	0.05	0	0.01
0.0147	0.0519	-0.0464	0.1269	0.0813	-0.6298	-0.1528	0.7616	11	31	42	1	1	0.0014	0.4167	1	0.0147
0.0147	0.0418	-0.0791	0.1189	0.1208	-0.8353	0.3772	-0.4	30	32	42	1	2	0.0014	0.4167	0	0.0147
0.0147	0.034	-0.1263	0.1212	0.105	-0.6989	0.6148	-0.3655	31	0	42	1	3	0.01	0.05	0	0.01
0.0109	0.0617	-0.0709	0.1085	0.0843	0.2019	0.6706	0.7138	12	34	43	1	1	0.0035	0.4167	0	0.0113
0.0109	0.0574	-0.0586	0.1473	0.1271	0.2984	0.4198	-0.8571	33	35	43	1	2	0.0062	0.25	0	0.0201
0.0109	0.0524	-0.0431	0.1765	0.0746	-0.2049	0.4841	0.8507	34	36	43	1	3	0.0045	0.175	0	0.017
0.0109	0.0351	-0.0664	0.1946	0.1133	-0.4941	0.1543	0.8556	35	37	43	1	4	0.01	0.05	0	0.01
0.0109	0.0041	-0.0725	0.2125	0.1416	-0.4748	0.5243	0.7068	36	38	43	1	5	0.0006	0.4167	0	0.0109
0.0109	0.0167	-0.0654	0.2186	0.1388	-0.3616	0.9303	0.0622	37	39	43	1	6	0.01	0.05	0	0.01
0.0109	0.0017	-0.0598	0.2252	0.1519	0.6203	0.7842	-0.0165	38	40	43	1	7	0.01	0.05	0	0.01
0.0109	0.0287	-0.0611	0.2282	0.1479	-0.5056	0.6418	0.5765	39	0	43	1	8	0.01	0.05	0	0.01
0.0111	0.0755	-0.0189	-0.0363	-0.0758	0.3492	-0.8965	-0.2726	16	42	3	2	1	0.0035	0.4167	0	0.015
0.011	0.0339	0.0051	-0.1028	-0.0754	0.2463	-0.9656	0.0831	41	43	3	2	2	0.0015	0.3333	0	0.0119
0.011	0.0405	0.0138	-0.1481	-0.0846	0.1134	-0.688	0.7168	42	44	3	2	3	0.0058	0.275	0	0.0205
0.01	0.0329	0.0096	-0.1729	-0.071	-0.4077	-0.912	0.0457	43	45	3	2	4	0.0051	0.4167	0	0.01
0.0101	0.0409	-0.0043	-0.2004	-0.0668	-0.9042	-0.3892	0.1759	44	46	3	2	5	0.001	0.2917	0	0.0101
0.01	0.0021	-0.0422	-0.2142	-0.0575	-0.7981	-0.5628	0.2151	45	47	3	2	6	0.01	0.05	0	0.01
0.01	0.0102	-0.045	-0.2177	-0.0578	-0.7945	0.4925	-0.3554	46	48	3	2	7	0.01	0.05	0	0.01
0.01	0.0325	-0.0518	-0.2107	-0.0563	0.0395	-0.9343	0.3543	47	0	3	2	8	0.01	0.05	0	0.01
0.0053	0.057	0.04	-0.0712	-0.0326	0.2104	0.5967	-0.7744	19	50	4	2	1	0.0053	0.275	0	0.0112
0.0053	0.0498	0.0554	-0.0367	-0.081	0.3834	0.8347	0.3953	49	51	4	2	2	0.0042	0.25	0	0.0114
0.0025	0.035	0.0723	0.0029	-0.0601	-0.0191	0.5665	0.8238	50	0	4	2	3	0.0045	0.175	0	0.01
0.0135	0.0687	0.0171	-0.0118	-0.0408	-0.4233	0.8298	0.3636	17	53	53	2	1	0.0019	0.5833	1	0.0146
0.0135	0.0407	-0.012	0.0453	-0.0158	-0.6381	-0.1003	0.7634	52	54	53	2	2	0.0019	0.5833	0	0.0146
0.0135	0.0549	-0.0455	0.0387	0.0056	-0.7991	0.0936	0.5939	53	55	53	2	3	0.0016	0.4167	0	0.0135
0.0135	0.0267	-0.0869	0.0445	0.036	-0.4314	0.8784	-0.2055	54	56	53	2	4	0.0013	0.2083	0	0.0142
0.0135	0.035	-0.1037	0.0579	0.0221	-0.0859	0.6655	-0.7414	55	57	53	2	5	0.01	0.05	0	0.01
0.0135	0.0039	-0.1108	0.0708	0.0268	-0.4512	0.862	0.231	56	0	53	2	6	0.01	0.05	0	0.01
0.0134	0.0461	0.0612	-0.0922	0.0041	-0.9069	-0.3884	0.1635	21	59	16	2	1	0.0033	0.4583	1	0.0134
0.0134	0.0893	0.0195	-0.1101	0.0116	-0.7709	0.5798	-0.2638	58	60	16	2	2	0.0033	0.4583	0	0.0134
0.0134	0.0569	-0.0498	-0.0582	0.0009	-0.8449	0.534	-0.032	59	61	16	2	3	0.01	0.05	0	0.01
0.0134	0.0555	-0.0481	-0.0287	-0.0237	0.4124	-0.0951	0.906	60	62	16	2	4	0.0076	0.25	0	0.0245
0.0134	0.0084	-0.0207	-0.0207	0.0208	0.8699	-0.0816	0.4864	61	63	16	2	5	0.01	0.05	0	0.01
0.0134	0.0211	-0.0143	-0.0204	0.0238	-0.3424	0.5188	0.7833	62	0	16	2	6	0.01	0.05	0	0.01
0.0105	0.0309	0.1459	-0.1087	-0.0762	-0.8376	0.0138	-0.5461	22	65	26	2	1	0.0031	0.5	1	0.0105
0.0105	0.0762	0.12	-0.1083	-0.0931	0.1051	-0.9502	0.2934	64	66	26	2	2	0.0031	0.5	0	0.0105
0.0105	0.0009	0.1222	-0.1787	-0.0831	-0.1382	-0.986	-0.0935	65	67	26	2	3	0.01	0.05	0	0.01
0.0105	0.0322	0.1221	-0.1796	-0.0832	0.1485	-0.762	0.6303	66	0	26	2	4	0.01	0.05	0	0.01
0.0106	0.0261	0.0095	0.067	0.0123	0.9807	0.1932	-0.0314	26	69	29	2	1	0.003	0.4167	0	0.0106
0.0106	0.0013	0.0237	0.0809	0.0155	0.6382	0.6005	0.4817	68	70	29	2	2	0.01	0.05	0	0.01
0.0106	0.0394	0.0245	0.0817	0.0162	0.8083	0.5674	0.1573	69	71	29	2	3	0.01	0.05	0	0.01
0.0106	0.0271	0.0563	0.104	0.0224	0.537	0.8253	-0.1744	70	0	29	2	4	0.01	0.05	0	0.01
0.0116	0.1152	-0.0099	0.0939	-0.0335	0.2179	-0.2219	0.9504	27	73	30	2	1	0.0035	0.4583	0	0.0116
0.0116	0.0472	0.021	0.0775	0.0803	0.8389	-0.3218	-0.439	72	74	30	2	2	0.0045	0.2	0	0.0208
0.0116	0.0205	0.0586	0.0702	0.0636	0.9069	0.0168	0.4209	73	0	30	2	3	0.01	0.05	0	0.01
0.01	0.0306	-0.008	-0.0946	-0.0905	-0.6489	-0.6835	0.3343	41	76	11	3	1	0.01	0.05	0	0.01
0.01	0.0126	-0.0278	-0.1155	-0.0802	-0.8277	-0.4218	-0.3701	75	77	11	3	2	0.01	0.05	0	0.01
0.0103	0.0265	-0.0325	-0.1251	-0.0844	-0.4052	-0.4501	0.7958	76	78	11	3	3	0.0016	0.375	0	0.0147
0.0074	0.0385	-0.0401	-0.142	-0.0624	-0.5378	-0.2009	0.8188	77	79	11	3	4	0.003	0.4063	0	0.0074
0.0079	0.0256	-0.0661	-0.1539	-0.0344	-0.4983	-0.0939	0.8619	78	0	11	3	5	0.01	0.05	0	0.01
0.0025	0.0875	0.019	-0.1127	-0.1214	0.7763	0.5216	0.354	43	81	54	3	1	0.01	0.05	0	0.01
0.0044	0.0744	0.0938	-0.0633	-0.0979	0.5565	0.4177	0.7182	80	0	54	3	2	0.0024	0.2917	0	0.02
0.0058	0.1472	-0.0803	0.045	0.0242	0.7647	-0.4835	-0.4259	55	83	56	3	1	0.01	0.1857	1	0.0122
0.0058	0.0437	0.0302	-0.0347	-0.0263	0.9146	0.2422	0.3237	82	84	56	3	2	0.0055	0.225	0	0.0122
0.0025	0.0406	0.0667	-0.0323	-0.0116	0.8378	-0.316	0.4452	83	0	56	3	3	0.0032	0.125	0	0.01
0.0159	0.057	0.1362	-0.1631	-0.0726	0.9354	0.0623	0.3482	65	86	32	3	1	0.0029	0.5417	0	0.0159
0.0159	0.0194	0.1891	-0.1566	-0.055	0.582	0.543	0.6053	85	0	32	3	2	0.0035	0.3333	0	0.0141
0.0095	0.0485	0.0016	-0.2052	-0.0303	-0.8289	0.5105	-0.2288	0	88	61	0	1	0.0026	0.4583	0	0.0095
0.0095	0.023	-0.041	-0.1824	-0.0459	-0.1883	0.9345	-0.302	87	0	61	0	2	0.01	0.05	0	0.01
0.0125	0.0711	-0.0048	0.004	-0.0154	0.7035	-0.2391	0.6693	82	90	64	4	1	0.0031	0.5417	0	0.0125
0.0125	0.025	0.0464	-0.0098	0.0297	0.9609	-0.2011	0.1903	89	91	64	4	2	0.01	0.05	0	0.01
0.0125	0.0297	0.0495	-0.0036	0.0231	0.2637	0.8826	0.3892	90	0	64	4	3	0.01	0.05	0	0.01
0.0084	0.0544	-0.0396	0.0589	0.0075	-0.4722	0.6275	0.6192	0	93	65	0	1	0.0073	0.25	0	0.0156
0.0085	0.0449	-0.0625	0.0931	0.0171	0.6183	0.7827	0.0712	92	0	65	0	2	0.01	0.05	0	0.01
