radius (m)	length (m)	start_point	axis_direction	parent	extension	branch	branch_order	position_in_branch	mad	SurfCov	added	UnmodRadius (m)
0.0151	0.0646	-0.062	-0.1489	-1.0412	-0.0678	0.0002	0.9977	0	2	1	0	1	0.0028	0.9583	0	0.0151
0.0123	0.0383	-0.0687	-0.1559	-0.9761	-0.1365	0.1404	0.9806	1	3	1	0	2	0.0014	0.875	0	0.0123
0.0123	0.0459	-0.0741	-0.1505	-0.9386	0.083	-0.0096	0.9965	2	4	1	0	3	0.0014	0.7917	0	0.0123
0.013	0.0454	-0.0688	-0.1478	-0.8931	-0.0709	0.1122	0.9911	3	5	1	0	4	0.0015	0.875	0	0.013
0.0135	0.0372	-0.0687	-0.1399	-0.8492	-0.0363	0.391	0.9197	4	6	1	0	5	0.0019	0.9167	0	0.0135
0.0153	0.0484	-0.0698	-0.1349	-0.8009	-0.3401	0.7744	0.5335	5	7	1	0	6	0.0023	0.75	0	0.0153
0.0188	0.0632	-0.0818	-0.0957	-0.7749	-0.0273	-0.0669	0.9974	6	8	1	0	7	0.0062	0.825	0	0.0244
0.0209	0.0545	-0.0865	-0.0855	-0.7134	0.2806	0.1635	0.9458	7	9	1	0	8	0.0034	0.7917	0	0.0209
0.0188	0.0512	-0.1003	-0.077	-0.6491	0.3928	0.1946	0.8988	8	10	1	0	9	0.0099	0.75	0	0.0262
0.0188	0.074	-0.0866	-0.0553	-0.6032	0.1117	0.0804	0.9905	9	11	1	0	10	0.0094	0.825	0	0.0275
0.0188	0.0481	-0.0734	-0.046	-0.5304	-0.0709	0.2362	0.9691	10	12	1	0	11	0.0114	0.85	0	0.031
0.0188	0.0454	-0.0657	-0.0438	-0.4833	0.2054	0.2936	0.9336	11	13	1	0	12	0.0058	0.8	0	0.0251
0.0188	0.0533	-0.0648	-0.0282	-0.4415	-0.0226	0.1821	0.983	12	14	1	0	13	0.0081	0.875	0	0.0252
0.0194	0.0403	-0.0693	-0.0195	-0.3872	0.5122	0.0045	0.8589	13	15	1	0	14	0.0022	0.7083	0	0.0194
0.019	0.0447	-0.0685	-0.0115	-0.3468	0.29	0.043	0.9561	14	16	1	0	15	0.0026	0.7917	0	0.019
0.0219	0.0442	-0.0675	0.0002	-0.3003	0.2693	-0.0411	0.9622	15	17	1	0	16	0.0025	0.7083	0	0.0219
0.0188	0.0515	-0.0601	0.0032	-0.2565	0.1356	-0.1384	0.981	16	18	1	0	17	0.0079	0.775	0	0.0251
0.0198	0.0401	-0.0531	0.0013	-0.2062	0.4519	0.0492	0.8907	17	19	1	0	18	0.0025	0.75	0	0.0198
0.0188	0.0546	-0.0374	0.0034	-0.1705	0.0273	0.4623	0.8863	18	20	1	0	19	0.0077	0.8	0	0.0247
0.0191	0.04	-0.0265	0.0022	-0.1248	0.2185	-0.0214	0.9756	19	21	1	0	20	0.0027	0.8333	0	0.0191
0.0191	0.0608	-0.0211	0.0082	-0.0853	0.3433	0.0995	0.934	20	22	1	0	21	0.0032	0.7083	0	0.0191
0.0188	0.0601	-0.0243	0.0221	-0.0307	-0.0288	0.1805	0.9831	21	23	1	0	22	0.0069	0.675	0	0.0253
0.0178	0.0591	-0.0067	0.0174	0.0227	0.4522	0.2435	0.858	22	24	1	0	23	0.0027	0.7083	0	0.0178
0.0225	0.0414	-0.0134	0.0322	0.0868	0.3722	0.1042	0.9223	23	25	1	0	24	0.0019	0.7917	0	0.0225
0.0149	0.0542	0.0125	0.0391	0.1176	0.5969	-0.2235	0.7706	24	26	1	0	25	0.0022	0.7083	0	0.0149
0.0187	0.0355	0.0162	0.0408	0.1738	0.4412	-0.0248	0.8971	25	27	1	0	26	0.0025	0.75	0	0.0187
0.0155	0.0509	0.0449	0.0324	0.2018	0.3638	0.1545	0.9186	26	28	1	0	27	0.002	0.7083	0	0.0155
0.0186	0.0357	0.0497	0.0422	0.2544	0.4045	0.1203	0.9066	27	29	1	0	28	0.0019	0.625	0	0.02
0.0175	0.038	0.0561	0.0417	0.2888	0.2131	0.0606	0.9752	28	30	1	0	29	0.0026	0.5417	0	0.0178
0.0124	0.027	0.0676	0.0363	0.3251	-0.0619	-0.1234	0.9904	29	31	1	0	30	0.0018	0.5417	0	0.0117
0.0124	0.0389	0.0823	0.048	0.3534	0.0968	-0.2049	0.974	30	32	1	0	31	0.0016	0.75	0	0.0124
0.0142	0.0303	0.0781	0.0266	0.3929	0.2316	-0.0292	0.9724	31	33	1	0	32	0.0014	0.6667	0	0.0142
0.0136	0.03	0.093	0.0438	0.418	0.1122	0.1842	0.9765	32	34	1	0	33	0.0014	0.5417	0	0.0136
0.0123	0.0372	0.0889	0.0508	0.4467	0.1428	0.8956	0.4213	33	35	1	0	34	0.0013	0.4167	0	0.0111
0.0123	0.0054	0.0893	0.0785	0.4737	-0.1688	0.9088	0.3815	34	36	1	0	35	0.0057	0.5833	0	0.0103
0.0123	0.0199	0.0891	0.0845	0.4753	0.3414	0.2195	0.9139	35	37	1	0	36	0.01	0.05	0	0.01
0.0123	0.0241	0.098	0.0831	0.4918	-0.8713	-0.4034	0.2796	36	0	1	0	37	0.01	0.05	0	0.01
0.0095	0.1124	-0.085	-0.1377	-0.8024	-0.1188	-0.9706	-0.2094	6	39	2	1	1	0.0018	0.5833	0	0.0095
0.0113	0.0348	-0.1024	-0.2481	-0.8111	-0.0295	-0.9949	-0.0967	38	40	2	1	2	0.0014	0.5417	0	0.0115
0.0105	0.0608	-0.1095	-0.2813	-0.8133	-0.2347	-0.9721	-0.0018	39	41	2	1	3	0.0014	0.5833	0	0.0107
0.0076	0.0202	-0.1204	-0.3426	-0.8178	-0.4857	-0.8721	0.0592	40	42	2	1	4	0.0047	0.5417	0	0.0076
0.0058	0.0348	-0.1318	-0.362	-0.8096	0.6382	-0.7678	-0.0559	41	43	2	1	5	0.0021	0.5	0	0.003
0.0085	0.0273	-0.12	-0.3845	-0.8142	-0.3847	-0.9217	0.0496	42	44	2	1	6	0.0011	0.2917	0	0.0106
0.0066	0.0407	-0.1258	-0.4043	-0.8032	-0.5841	-0.5485	0.5983	43	45	2	1	7	0.0075	0.2813	0	0.0078
0.0046	0.0337	-0.1478	-0.4201	-0.7783	-0.387	0.0201	0.9218	44	0	2	1	8	0.0016	0.175	0	0.01
0.0153	0.0442	-0.0304	0.0206	-0.1204	-0.2548	0.967	-0.0062	20	47	4	1	1	0.0026	0.5417	1	0.0152
0.0152	0.0483	-0.0417	0.0634	-0.1206	-0.5254	-0.2583	0.8107	46	48	4	1	2	0.0026	0.5417	0	0.0152
0.0164	0.0226	-0.0563	0.0547	-0.0806	0.2094	-0.7319	0.6484	47	49	4	1	3	0.0015	0.625	0	0.0166
0.0152	0.0305	-0.0553	0.042	-0.0491	0.2272	-0.9377	0.2628	48	0	4	1	4	0.0021	0.1667	0	0.0106
0.0132	0.021	0.0192	0.0462	0.1407	-0.4087	0.7992	0.4407	25	51	5	1	1	0.0022	0.5833	1	0.0132
0.0132	0.0418	0.0106	0.063	0.1499	-0.8756	-0.0115	0.4829	50	52	5	1	2	0.0022	0.5833	0	0.0132
0.0126	0.0372	-0.0102	0.0498	0.1843	-0.0463	0.718	0.6945	51	53	5	1	3	0.0014	0.5417	0	0.0126
0.0105	0.0362	-0.016	0.0726	0.2124	0.3166	0.2061	0.9259	52	54	5	1	4	0.0015	0.5833	0	0.0105
0.0106	0.0242	-0.0073	0.0729	0.2536	0.9674	-0.1409	0.2103	53	55	5	1	5	0.0014	0.625	0	0.0106
0.0133	0.0447	0.0127	0.0781	0.2599	0.6066	0.1367	0.7831	54	56	5	1	6	0.0014	0.5417	0	0.0136
0.0113	0.0305	0.0288	0.0749	0.2783	-0.8303	-0.0032	0.5572	55	57	5	1	7	0.0015	0.4167	0	0.0113
0.0106	0.0211	0.0111	0.0672	0.3035	-0.8078	-0.5303	0.2575	56	58	5	1	8	0.0011	0.375	0	0.0106
0.0102	0.0484	0.005	0.0703	0.3101	0.0064	-0.0894	0.996	57	59	5	1	9	0.0013	0.3333	0	0.0102
0.0117	0.0356	0.0044	0.05	0.358	0.2911	-0.034	0.9561	58	60	5	1	10	0.0011	0.2917	0	0.0132
0.0074	0.0402	0.0107	0.0629	0.395	0.0118	-0.1986	0.98	59	61	5	1	11	0.0035	0.6667	0	0.0065
0.0122	0.0158	0.0163	0.0436	0.3984	-0.3597	-0.9034	0.2333	60	62	5	1	12	0.0011	0.5417	0	0.0131
0.0086	0.008	0.0142	0.0255	0.4071	-0.8701	-0.3498	0.3473	61	63	5	1	13	0.01	0.05	0	0.01
0.0081	0.0139	0.0072	0.0227	0.4099	-0.2617	-0.434	0.8621	62	0	5	1	14	0.01	0.05	0	0.01
0.0083	0.0143	0.0538	0.0253	0.2991	-0.2746	-0.9548	-0.1136	29	65	6	1	1	0.002	0.5417	1	0.0083
0.0083	0.0455	0.0499	0.0116	0.2975	-0.8804	-0.0567	-0.4708	64	66	6	1	2	0.002	0.5417	0	0.0083
0.0088	0.0022	0.0162	0.0144	0.2716	-0.4709	0.8227	0.3184	65	67	6	1	3	0.01	0.05	0	0.01
0.0088	0.0245	0.0125	0.0128	0.2714	-0.7946	0.5454	0.2667	66	68	6	1	4	0.01	0.05	0	0.01
0.0086	0.0218	-0.0069	0.0262	0.2779	-0.8449	-0.3305	0.4205	67	0	6	1	5	0.01	0.05	0	0.01
0.009	0.0231	0.0719	0.0471	0.3313	0.3689	0.9119	0.1798	30	70	7	1	1	0.0026	0.5	1	0.0086
0.0089	0.0558	0.0804	0.0682	0.3355	-0.7879	0.2983	0.5388	69	71	7	1	2	0.0026	0.5	0	0.0086
0.0117	0.021	0.0479	0.0846	0.3649	-0.0472	0.3708	-0.9275	70	72	7	1	3	0.0014	0.25	0	0.0156
0.0117	0.0145	0.0468	0.091	0.3463	0.8579	-0.317	-0.4044	71	0	7	1	4	0.0025	0.4167	0	0.0128
0.0081	0.0296	0.0572	0.0425	0.3401	-0.7406	0.6581	-0.1361	30	74	8	1	1	0.001	0.4583	1	0.0081
0.0081	0.0288	0.0353	0.062	0.3361	0.3441	0.8766	-0.3364	73	75	8	1	2	0.001	0.4583	0	0.0081
0.0081	0.018	0.0482	0.0852	0.3228	-0.3612	0.6481	-0.6705	74	0	8	1	3	0.01	0.05	0	0.01
0.0117	0.017	0.0574	0.0267	0.3372	-0.7561	-0.6537	-0.0314	30	77	9	1	1	0.0031	0.5833	1	0.0144
0.0117	0.0616	0.0446	0.0156	0.3367	-0.8204	0.4687	0.3277	76	78	9	1	2	0.0031	0.5833	0	0.0144
0.01	0.043	-0.0032	0.0331	0.365	0.5792	-0.3725	-0.7251	77	79	9	1	3	0.0013	0.2917	0	0.01
0.0105	0.0211	0.0151	0.0271	0.3243	0.8274	0.0138	-0.5615	78	80	9	1	4	0.0013	0.2917	0	0.0125
0.0064	0.0246	0.0304	0.0288	0.3129	0.1054	0.4245	-0.8993	79	81	9	1	5	0.0062	0.4167	0	0.006
0.0069	0.0424	0.0327	0.0409	0.2929	0.0548	0.79	-0.6106	80	0	9	1	6	0.01	0.05	0	0.01
0.0025	0.1347	0.0862	0.0587	0.4547	-0.6087	-0.3105	-0.7301	33	83	10	1	1	0.01	0.05	0	0.01
0.0025	0.0152	0.0034	0.0151	0.3551	0.6874	0.1881	-0.7015	82	0	10	1	2	0.01	0.05	0	0.01
0.0072	0.0207	0.0865	0.0559	0.4181	-0.0267	0.6391	-0.7687	33	85	12	1	1	0.0015	0.5	0	0.0072
0.0072	0.0174	0.086	0.0682	0.403	0.7006	-0.42	-0.5768	84	86	12	1	2	0.01	0.05	0	0.01
0.0072	0.0207	0.0982	0.0609	0.3929	0.4394	-0.5172	-0.7345	85	0	12	1	3	0.01	0.05	0	0.01
0.0025	0.0843	0.0959	0.0742	0.4752	-0.4577	-0.8649	-0.206	36	88	14	1	1	0.0068	0.275	1	0.01
0.0025	0.0175	0.044	0.0107	0.4579	-0.1143	-0.1605	-0.9804	87	0	14	1	2	0.0055	0.05	0	0.01
0.0093	0.0598	0.0855	0.0694	0.4433	-0.9104	0.1561	-0.3831	34	90	15	1	1	0.0032	0.5417	0	0.0093
0.0093	0.0296	0.0309	0.0663	0.4217	-0.9997	0.0045	-0.0224	89	0	15	1	2	0.0036	0.4063	0	0.0123
0.0127	0.0459	0.09	0.0392	0.4562	-0.0782	-0.1194	0.9898	33	92	89	1	1	0.0014	0.625	1	0.0141
0.0127	0.0319	0.0864	0.0337	0.5017	0.087	0.4991	0.8622	91	93	89	1	2	0.0014	0.625	0	0.0141
0.0108	0.0388	0.0946	0.0468	0.5258	0.6319	0.4372	0.64	92	94	89	1	3	0.0013	0.625	0	0.0108
0.0083	0.0436	0.1154	0.0674	0.5539	-0.0441	-0.6854	0.7268	93	95	89	1	4	0.0009	0.5417	0	0.0083
0.0096	0.024	0.1132	0.0442	0.5939	-0.6423	-0.6093	0.465	94	96	89	1	5	0.0008	0.2917	0	0.0096
0.0078	0.0374	0.0981	0.0296	0.6039	0.4934	0.8537	0.1669	95	97	89	1	6	0.0007	0.3333	0	0.0078
0.0082	0.0202	0.1157	0.0632	0.6088	0.6072	0.6718	0.4242	96	98	89	1	7	0.0007	0.375	0	0.0082
0.0111	0.0153	0.1199	0.0612	0.6265	-0.5441	0.6162	0.5694	97	99	89	1	8	0.0038	0.2	0	0.0183
0.0075	0.0273	0.1163	0.0841	0.6251	0.7379	-0.5497	-0.3915	98	100	89	1	9	0.0035	0.6667	0	0.0069
0.0098	0.062	0.1376	0.0646	0.6138	-0.0189	-0.1461	0.9891	99	101	89	1	10	0.0011	0.4583	0	0.0099
0.007	0.0365	0.1293	0.0633	0.6746	0.111	0.1713	0.9789	100	102	89	1	11	0.004	0.5	0	0.0053
0.0067	0.0184	0.1479	0.0761	0.7076	-0.0447	0.4723	0.8803	101	103	89	1	12	0.0048	0.5	0	0.0061
0.0089	0.0314	0.1436	0.0767	0.7274	0.2147	0.3197	0.9229	102	104	89	1	13	0.0012	0.4167	0	0.009
0.0083	0.0165	0.1537	0.0762	0.754	0.0412	-0.2092	0.977	103	105	89	1	14	0.0007	0.3333	0	0.0083
0.0103	0.0258	0.1463	0.0778	0.7688	-0.1541	0.0261	0.9877	104	106	89	1	15	0.0054	0.4583	0	0.0114
0.0058	0.0224	0.1602	0.0675	0.7966	-0.0553	0.1241	0.9907	105	107	89	1	16	0.0058	0.4167	0	0.0055
0.0075	0.0234	0.1586	0.0772	0.8194	0.4001	-0.0602	0.9145	106	108	89	1	17	0.0009	0.25	0	0.0077
0.0069	0.0156	0.1665	0.072	0.8417	0.5716	-0.031	0.8199	107	109	89	1	18	0.0006	0.3333	0	0.0069
0.0071	0.0205	0.1795	0.0674	0.847	0.4743	-0.6365	0.6082	108	110	89	1	19	0.0043	0.5417	0	0.0072
0.0067	0.0312	0.1774	0.0498	0.8515	0.5657	-0.689	-0.453	109	111	89	1	20	0.01	0.05	0	0.01
0.0064	0.0102	0.1849	0.0564	0.852	0.4956	-0.2535	0.8307	110	112	89	1	21	0.01	0.05	0	0.01
0.0062	0.0167	0.1891	0.0543	0.8608	0.4227	0.9045	-0.0572	111	0	89	1	22	0.01	0.05	0	0.01
0.0034	0.052	-0.1298	-0.4009	-0.7976	-0.2501	0.9668	-0.0523	44	114	24	2	1	0.0052	0.4	0	0.0095
0.0025	0.0285	-0.1403	-0.3535	-0.7928	-0.9372	0.0695	0.3419	113	0	24	2	2	0.0036	0.175	0	0.01
0.0158	0.012	-0.1137	-0.3021	-0.8028	0.0668	-0.9353	0.3475	40	116	90	2	1	0.0029	0.5417	0	0.0158
0.0158	0.0464	-0.1139	-0.3137	-0.7893	-0.6074	-0.7885	-0.0966	115	0	90	2	2	0.0031	0.15	0	0.01
0.0092	0.0574	-0.1339	-0.403	-0.8009	-0.8081	0.5448	0.2242	44	118	37	2	1	0.0021	0.4583	0	0.0092
0.0092	0.0292	-0.173	-0.3675	-0.793	-0.4778	0.8777	0.0361	117	119	37	2	2	0.01	0.05	0	0.01
0.0092	0.0069	-0.177	-0.3728	-0.7936	-0.8723	-0.2596	-0.4144	118	0	37	2	3	0.01	0.05	0	0.01
0.0116	0.0235	0.0373	0.0636	0.3933	0.6879	0.7029	-0.181	61	121	26	2	1	0.0015	0.4583	1	0.0151
0.0116	0.0306	0.0535	0.0801	0.389	0.6832	0.6939	-0.2273	120	122	26	2	2	0.0015	0.4583	0	0.0151
0.0116	0.0206	0.0811	0.0983	0.3719	0.3161	0.9457	-0.0761	121	123	26	2	3	0.01	0.05	0	0.01
0.0116	0.0157	0.0798	0.0947	0.373	0.0585	0.0952	0.9937	122	0	26	2	4	0.01	0.05	0	0.01
0.0117	0.0547	0.0795	0.0211	0.39	-0.8635	-0.3509	0.3623	0	125	91	0	1	0.0054	0.25	0	0.0245
0.0078	0.0163	0.0318	0.0025	0.4184	-0.6353	0.7672	-0.0881	124	0	91	0	2	0.0021	0.375	0	0.0078
0.0065	0.0217	0.0734	0.0331	0.4981	-0.9941	0.1083	-0.0085	92	127	18	2	1	0.0016	0.5	1	0.0065
0.0065	0.055	0.0519	0.0354	0.4979	0.025	-0.5717	0.8201	126	0	18	2	2	0.0016	0.5	0	0.0065
0.0114	0.0449	0.0809	0.0393	0.5311	-0.6243	-0.6535	0.428	92	129	19	2	1	0.0035	0.4167	1	0.0114
0.0114	0.0381	0.0529	0.01	0.5503	-0.5096	0.7805	-0.3621	128	130	19	2	2	0.0035	0.4167	0	0.0114
0.0114	0.0324	0.0226	0.0308	0.5354	-0.4633	0.6378	-0.6153	129	131	19	2	3	0.01	0.05	0	0.01
0.0114	0.0157	0.0028	0.0297	0.5257	-0.9636	0.0943	-0.25	130	132	19	2	4	0.01	0.05	0	0.01
0.0114	0.0272	0.0248	0.0333	0.5214	0.0303	-0.3431	0.9388	131	0	19	2	5	0.01	0.05	0	0.01
0.0117	0.0289	0.1097	0.0388	0.5865	-0.637	-0.7578	-0.1414	95	134	20	2	1	0.0027	0.5	0	0.0117
0.0117	0.0306	0.0848	0.0074	0.5783	-0.3054	-0.19	0.9331	133	0	20	2	2	0.01	0.05	0	0.01
0.0067	0.0531	0.0876	0.0479	0.4905	-0.0339	0.7427	0.6688	91	136	21	2	1	0.0017	0.5417	1	0.0067
0.0067	0.0524	0.0858	0.0873	0.526	-0.4636	-0.3003	-0.8336	135	137	21	2	2	0.0017	0.5417	0	0.0067
0.007	0.0297	0.0551	0.0723	0.4867	-0.563	-0.3006	-0.7699	136	138	21	2	3	0.0008	0.3333	0	0.007
0.0067	0.035	0.039	0.0636	0.4634	-0.5425	-0.1059	-0.8334	137	139	21	2	4	0.0008	0.2917	0	0.0063
0.0073	0.0296	0.0247	0.0644	0.4319	-0.3937	-0.0642	-0.917	138	140	21	2	5	0.01	0.05	0	0.01
0.0073	0.0039	0.011	0.0515	0.4274	-0.7058	-0.6115	-0.3577	139	0	21	2	6	0.01	0.05	0	0.01
0.0082	0.0102	0.1103	0.0749	0.5554	-0.6102	0.3391	0.716	94	142	22	2	1	0.0028	0.4583	1	0.0082
0.0082	0.0255	0.1041	0.0784	0.5627	-0.9159	-0.2226	0.3341	141	143	22	2	2	0.0028	0.4583	0	0.0082
0.0082	0.0198	0.0832	0.0768	0.5684	-0.204	0.6397	0.7411	142	144	22	2	3	0.0011	0.3333	0	0.0086
0.0082	0.019	0.0829	0.0937	0.5846	0.1879	-0.4692	0.8629	143	145	22	2	4	0.01	0.05	0	0.01
0.0082	0.0194	0.0865	0.0848	0.6009	-0.3881	-0.7414	0.5475	144	0	22	2	5	0.01	0.05	0	0.01
0.0065	0.0441	0.1068	0.0325	0.61	-0.1909	-0.4303	0.8823	96	147	32	2	1	0.0025	0.4583	0	0.0065
0.0065	0.0048	0.0881	0.0178	0.6424	-0.5397	-0.0182	0.8417	146	148	32	2	2	0.01	0.05	0	0.01
0.0065	0.0048	0.085	0.0151	0.6518	-0.9422	-0.2687	-0.2003	147	0	32	2	3	0.01	0.05	0	0.01
0.0087	0.0316	0.1274	0.0623	0.6404	-0.9451	0.2016	0.2571	100	150	33	2	1	0.0021	0.375	0	0.0087
0.0077	0.0444	0.0967	0.068	0.6489	-0.6634	0.4554	-0.5937	149	151	33	2	2	0.0009	0.375	0	0.0077
0.0091	0.0249	0.0717	0.0806	0.6202	-0.3071	0.1123	-0.945	150	152	33	2	3	0.001	0.3333	0	0.0115
0.0079	0.0127	0.0637	0.0825	0.5968	0.1664	-0.1409	-0.9759	151	153	33	2	4	0.0043	0.5833	0	0.0079
0.009	0.0387	0.0543	0.0796	0.5855	-0.1301	0.3121	-0.9411	152	154	33	2	5	0.001	0.3333	0	0.0113
0.0064	0.0341	0.0537	0.0794	0.555	-0.416	-0.513	-0.7509	153	155	33	2	6	0.0041	0.5	0	0.0062
0.0088	0.0305	0.0412	0.0919	0.5207	-0.5223	-0.2117	-0.826	154	156	33	2	7	0.0065	0.375	0	0.0098
0.0059	0.0021	0.0284	0.086	0.4953	-0.1412	0.4128	-0.8998	155	157	33	2	8	0.0045	0.5313	0	0.0053
0.0089	0.0294	0.0319	0.0818	0.4959	0.7835	0.3393	-0.5205	156	158	33	2	9	0.0009	0.625	0	0.0091
0.0088	0.0289	0.0384	0.0871	0.4797	-0.1237	0.5718	-0.811	157	159	33	2	10	0.0035	0.5417	0	0.0092
0.007	0.0314	0.0308	0.0935	0.4666	-0.9623	0.1901	-0.1944	158	0	33	2	11	0.01	0.05	0	0.01
0.0072	0.0634	0.1179	0.0775	0.6123	-0.4986	0.6359	0.5892	97	161	35	2	1	0.0008	0.375	0	0.0071
0.0078	0.0172	0.0871	0.1076	0.6473	0.8541	-0.0464	0.518	160	162	35	2	2	0.01	0.05	0	0.01
0.0078	0.0128	0.1018	0.1068	0.6562	0.2347	0.764	0.601	161	163	35	2	3	0.01	0.05	0	0.01
0.0078	0.0147	0.1028	0.1156	0.664	-0.3798	0.7184	-0.5828	162	0	35	2	4	0.01	0.05	0	0.01
0.0104	0.0481	0.1195	0.0704	0.643	0.0211	0.4422	0.8967	98	165	44	2	1	0.0029	0.375	0	0.0137
0.0085	0.0145	0.1282	0.1033	0.6833	0.3734	-0.026	0.9273	164	166	44	2	2	0.0009	0.4167	0	0.0085
0.0103	0.0363	0.1273	0.1061	0.6873	-0.8358	-0.3008	0.4594	165	167	44	2	3	0.001	0.3333	0	0.0114
0.0074	0.026	0.0995	0.0917	0.7071	-0.8668	-0.4474	0.2203	166	168	44	2	4	0.0032	0.5	0	0.0073
0.0098	0.0269	0.0914	0.0806	0.7271	-0.6357	-0.4104	0.6538	167	169	44	2	5	0.0065	0.3333	0	0.0102
0.0093	0.0246	0.0732	0.0887	0.7344	-0.2928	0.4392	0.8493	168	170	44	2	6	0.01	0.05	0	0.01
0.0097	0.0174	0.0748	0.084	0.7436	-0.1883	-0.659	0.7282	169	171	44	2	7	0.0025	0.25	0	0.0165
0.0088	0.0104	0.079	0.0738	0.7541	0.2246	0.2513	0.9415	170	172	44	2	8	0.01	0.05	0	0.01
0.0085	0.0203	0.0813	0.0764	0.7639	-0.4463	0.7742	0.4488	171	173	44	2	9	0.01	0.05	0	0.01
0.0083	0.0174	0.0723	0.0921	0.773	-0.7835	0.2372	0.5743	172	0	44	2	10	0.01	0.05	0	0.01
0.0067	0.0563	0.1345	0.07	0.6811	-0.9727	0.0138	0.2315	101	175	50	2	1	0.0021	0.4583	0	0.0082
0.0067	0.0381	0.0822	0.0631	0.6911	-0.9582	-0.2782	-0.0671	174	176	50	2	2	0.01	0.05	0	0.01
0.0067	0.0177	0.056	0.0439	0.6792	-0.7603	-0.5526	-0.3414	175	177	50	2	3	0.01	0.05	0	0.01
0.0067	0.0245	0.0513	0.0601	0.6699	-0.7677	0.1798	-0.6151	176	0	50	2	4	0.01	0.05	0	0.01
0.0097	0.0487	0.1399	0.0694	0.7308	-0.0135	-0.6338	-0.7733	103	179	53	2	1	0.0019	0.4583	0	0.0097
0.0097	0.027	0.1339	0.0412	0.7031	-0.7986	0.3159	-0.5123	178	180	53	2	2	0.0009	0.2917	0	0.0086
0.0097	0.0298	0.1117	0.0622	0.6802	-0.2454	-0.5775	-0.7786	179	181	53	2	3	0.0008	0.3333	0	0.0136
0.0097	0.0328	0.0921	0.0325	0.6698	-0.7873	0.5912	-0.1749	180	182	53	2	4	0.0009	0.4167	0	0.0128
0.0097	0.0063	0.069	0.0454	0.6618	-0.9262	-0.3696	-0.0752	181	0	53	2	5	0.01	0.05	0	0.01
0.007	0.0607	0.142	0.0894	0.7431	-0.7494	0.6089	-0.2603	103	184	56	2	1	0.0023	0.5417	0	0.007
0.007	0.003	0.0983	0.1146	0.7382	-0.9467	0.1321	0.2936	183	185	56	2	2	0.01	0.05	0	0.01
0.007	0.0278	0.0978	0.1173	0.7406	0.207	0.3831	-0.9002	184	0	56	2	3	0.01	0.05	0	0.01
0.0085	0.0173	0.1446	0.0833	0.7085	-0.4376	0.6254	-0.6461	102	187	57	2	1	0.0021	0.4583	1	0.0085
0.0085	0.0283	0.137	0.0941	0.6973	-0.5467	-0.3282	0.7703	186	0	57	2	2	0.0021	0.4583	0	0.0085
0.0084	0.0876	0.1593	0.0602	0.7828	-0.5393	-0.1331	0.8316	106	189	62	2	1	0.0045	0.3438	0	0.0067
0.0084	0.0212	0.1106	0.0709	0.8449	-0.2551	0.4043	0.8783	188	190	62	2	2	0.0069	0.375	0	0.0094
0.0084	0.0201	0.0917	0.0728	0.8519	-0.5107	0.8536	0.1027	189	191	62	2	3	0.01	0.05	0	0.01
0.0084	0.0214	0.0985	0.0586	0.8611	-0.8835	-0.4553	0.1102	190	192	62	2	4	0.0058	0.5417	0	0.0084
0.0084	0.001	0.0986	0.0617	0.8509	0.2537	-0.8428	-0.4747	191	193	62	2	5	0.01	0.05	0	0.01
0.0084	0.0184	0.0989	0.0609	0.8505	-0.4754	-0.387	0.7901	192	0	62	2	6	0.01	0.05	0	0.01
0.0066	0.0941	0.1807	0.0781	0.8634	-0.8019	0.2967	-0.5185	108	195	65	2	1	0.001	0.375	0	0.008
0.0066	0.0259	0.1157	0.1084	0.8066	-0.6241	0.2945	-0.7237	194	196	65	2	2	0.0054	0.625	0	0.0067
0.0065	0.0268	0.0979	0.1098	0.7861	-0.4124	0.3579	-0.8378	195	197	65	2	3	0.0006	0.375	0	0.0082
0.0065	0.0288	0.0845	0.1162	0.7645	-0.4232	0.0442	-0.905	196	198	65	2	4	0.0035	0.4688	0	0.0065
0.0065	0.0037	0.075	0.1254	0.7489	-0.2423	0.802	-0.546	197	0	65	2	5	0.0024	0.3333	0	0.0094
0.008	0.0345	0.1631	0.0689	0.8306	-0.5219	-0.6442	-0.5592	107	200	66	2	1	0.001	0.4167	0	0.008
0.008	0.029	0.1461	0.0452	0.8168	0.0376	-0.9632	-0.2662	199	201	66	2	2	0.0045	0.4167	0	0.0095
0.008	0.0018	0.1478	0.0172	0.8094	-0.247	-0.9602	0.1306	200	0	66	2	3	0.0016	0.375	0	0.0058
0.0079	0.0474	0.158	0.0781	0.8362	-0.5533	-0.8053	0.2129	107	203	67	2	1	0.0022	0.4167	0	0.0079
0.0079	0.0001	0.1291	0.0434	0.845	-0.5933	-0.6452	-0.4814	202	204	67	2	2	0.01	0.05	0	0.01
0.0079	0.0172	0.1275	0.0447	0.8431	-0.0856	-0.8464	-0.5256	203	0	67	2	3	0.01	0.05	0	0.01
0.0065	0.0806	-0.1296	-0.3012	-0.8039	0.0448	0.9961	-0.0764	115	206	94	3	1	0.0014	0.375	0	0.0121
0.0071	0.0238	-0.1282	-0.221	-0.8007	0.1994	0.9783	0.0558	205	207	94	3	2	0.01	0.05	0	0.01
0.0067	0.0125	-0.13	-0.2226	-0.801	0.0537	-0.0794	0.9954	206	0	94	3	3	0.01	0.05	0	0.01
0.0076	0.0459	0.0747	0.0149	0.5891	-0.1846	-0.1099	-0.9767	134	209	31	3	1	0.0018	0.5	0	0.0076
0.0076	0.0255	0.0741	0.0095	0.5459	0.1859	-0.194	-0.9632	208	210	31	3	2	0.0009	0.3333	0	0.0071
0.0076	0.0161	0.0826	0.001	0.5216	0.3007	0.2488	-0.9207	209	0	31	3	3	0.01	0.05	0	0.01
0.0032	0.0258	0.0215	0.0523	0.4502	-0.1668	-0.2611	0.9508	137	212	29	3	1	0.0013	0.3333	0	0.0093
0.0025	0.0246	0.0139	0.0408	0.4768	0.2401	-0.5218	-0.8186	211	0	29	3	2	0.01	0.05	0	0.01
0.0067	0.0648	0.0589	0.0827	0.6036	0.242	0.1656	0.956	153	214	41	3	1	0.0007	0.3333	1	0.0067
0.0067	0.021	0.0746	0.0934	0.6655	0.4678	0.0118	0.8837	213	215	41	3	2	0.0007	0.3333	0	0.0067
0.0078	0.0337	0.0874	0.0928	0.6854	-0.0419	0.8055	0.5912	214	216	41	3	3	0.0009	0.375	0	0.01
0.006	0.0023	0.0825	0.1164	0.71	0.349	0.6027	0.7176	215	217	41	3	4	0.01	0.05	0	0.01
0.0064	0.019	0.0817	0.121	0.7096	-0.6765	0.1131	0.7277	216	0	41	3	5	0.0016	0.3333	0	0.0084
0.0084	0.0186	0.0302	0.0797	0.5083	-0.2751	-0.9552	0.1089	155	219	48	3	1	0.002	0.4167	1	0.0088
0.0084	0.0292	0.0251	0.062	0.5103	0.2181	-0.933	-0.2861	218	220	48	3	2	0.002	0.4167	0	0.0088
0.0084	0.0185	0.0281	0.0418	0.4993	0.9144	0.3818	-0.1348	219	221	48	3	3	0.01	0.05	0	0.01
0.0084	0.0211	0.045	0.0488	0.4968	0.4934	0.5216	0.696	220	0	48	3	4	0.01	0.05	0	0.01
0.0025	0.035	0.0522	0.0754	0.5539	-0.303	-0.7188	0.6257	154	223	52	3	1	0.0038	0.325	1	0.01
0.0025	0.0155	0.0359	0.0508	0.5721	-0.4746	-0.6032	0.6411	222	224	52	3	2	0.0022	0.175	0	0.01
0.0025	0.0254	0.0284	0.0417	0.5773	0.5474	-0.8346	-0.0611	223	0	52	3	3	0.0019	0.125	0	0.01
0.01	0.0311	0.1177	0.1011	0.7328	-0.3395	0.1693	0.9252	183	226	58	3	1	0.0034	0.4167	0	0.01
0.01	0.0184	0.1042	0.1039	0.7587	0.3273	-0.848	0.4169	225	0	58	3	2	0.01	0.05	0	0.01
0.0073	0.0337	0.1581	0.1113	0.7665	-0.7068	-0.2745	0.6519	0	228	97	0	1	0.0022	0.5	0	0.0102
0.0068	0.0167	0.1441	0.1024	0.7904	-0.1135	-0.7105	0.6945	227	0	97	0	2	0.0018	0.4167	0	0.0068
0.0063	0.0117	0.1634	0.0869	0.8445	0.5637	0.1531	-0.8117	194	230	75	3	1	0.0022	0.4167	1	0.0084
0.0063	0.0408	0.17	0.0887	0.835	-0.0312	-0.8459	-0.5325	229	231	75	3	2	0.0022	0.4167	0	0.0084
0.0063	0.0089	0.1685	0.0559	0.8164	-0.6694	-0.6717	0.3174	230	232	75	3	3	0.01	0.05	0	0.01
0.0063	0.0111	0.164	0.0515	0.8174	0.7592	-0.6475	0.0665	231	0	75	3	4	0.01	0.05	0	0.01
0.0063	0.0223	0.1307	0.1036	0.8297	0.5377	0.8299	0.1488	194	234	79	3	1	0.002	0.4583	1	0.0099
0.0063	0.0265	0.1426	0.1221	0.833	0.1953	0.6427	0.7408	233	235	79	3	2	0.002	0.4583	0	0.0099
0.0063	0.0294	0.1423	0.1378	0.8296	0.9408	-0.2679	-0.2077	234	236	79	3	3	0.01	0.05	0	0.01
0.0063	0.0145	0.17	0.1299	0.8235	0.4605	-0.7252	0.5119	235	0	79	3	4	0.01	0.05	0	0.01
0.0025	0.0344	0.1082	0.1071	0.8234	0.1153	0.2358	0.9649	194	238	80	3	1	0.0075	0.3	1	0.01
0.0025	0.0227	0.113	0.1139	0.8561	-0.8197	-0.2902	-0.4939	237	239	80	3	2	0.01	0.05	0	0.01
0.0025	0.018	0.0922	0.1093	0.844	-0.7206	-0.6011	0.3456	238	0	80	3	3	0.0027	0.2	0	0.01
0.0072	0.0208	0.1072	0.1056	0.8031	-0.6093	-0.7461	0.2684	195	241	81	3	1	0.0018	0.5417	1	0.0101
0.0072	0.0267	0.0945	0.09	0.8087	0.7253	-0.6861	-0.0564	240	242	81	3	2	0.0018	0.5417	0	0.0101
0.0072	0.0409	0.101	0.0727	0.8011	0.2649	-0.6901	-0.6735	241	243	81	3	3	0.0012	0.3333	0	0.0087
0.0072	0.0382	0.105	0.0607	0.7694	-0.1799	-0.3183	-0.9308	242	244	81	3	4	0.0049	0.3438	0	0.0084
0.0072	0.0059	0.1173	0.0335	0.7326	-0.2945	-0.3004	-0.9072	243	245	81	3	5	0.0105	0.4167	0	0.0079
0.0072	0.0134	0.1238	0.0378	0.7449	0.8249	-0.5255	-0.2083	244	246	81	3	6	0.0041	0.4167	0	0.0072
0.0072	0.0063	0.1357	0.0339	0.74	0.8902	0.0535	0.4525	245	247	81	3	7	0.01	0.05	0	0.01
0.0072	0.0285	0.1413	0.0342	0.7429	0.8646	-0.062	-0.4986	246	0	81	3	8	0.01	0.05	0	0.01
0.0082	0.0321	0.0935	0.1051	0.784	-0.591	0.0951	0.801	196	249	82	3	1	0.0019	0.375	0	0.0112
0.0082	0.0205	0.0752	0.1024	0.81	0.4383	0.094	0.8939	248	0	82	3	2	0.003	0.4167	0	0.0082
0.0025	0.0198	0.1387	0.0488	0.852	0.8269	-0.0152	0.5622	202	251	74	3	1	0.0071	0.25	1	0.01
0.0025	0.0347	0.1616	0.0481	0.8582	-0.4555	-0.704	-0.5449	250	0	74	3	2	0.0046	0.2	0	0.01
0.0072	0.05	0.0777	0.0155	0.5675	-0.1476	0.7406	-0.6556	208	253	100	4	1	0.0024	0.5	0	0.0094
0.0072	0.0011	0.0702	0.0528	0.5446	-0.4974	0.8667	-0.0371	252	254	100	4	2	0.01	0.05	0	0.01
0.0072	0.0263	0.0696	0.0538	0.5446	-0.2473	0.194	-0.9493	253	255	100	4	3	0.01	0.05	0	0.01
0.0072	0.0145	0.0631	0.0589	0.5196	-0.8534	-0.2789	0.4404	254	0	100	4	4	0.01	0.05	0	0.01
0.0025	0.026	0.1047	0.0802	0.8152	-0.3174	-0.3779	0.8697	241	257	83	4	1	0.0072	0.3	1	0.01
0.0025	0.0309	0.0983	0.0682	0.8386	-0.457	-0.6114	-0.646	256	0	83	4	2	0.004	0.2	0	0.01
