radius (m)	length (m)	start_point	axis_direction	parent	extension	branch	branch_order	position_in_branch	mad	SurfCov	added	UnmodRadius (m)
0.0142	0.0633	-0.2681	0.141	-0.1109	0.4943	-0.5472	0.6754	0	2	1	0	1	0.0026	0.75	0	0.0142
0.0142	0.0838	-0.2272	0.1134	-0.0699	0.4855	-0.4824	0.7291	1	3	1	0	2	0.0017	0.375	0	0.0139
0.0145	0.063	-0.1894	0.073	-0.0124	0.2488	-0.9433	-0.2196	2	4	1	0	3	0.0018	0.4167	0	0.0145
0.0142	0.0326	-0.1838	0.0199	-0.0216	-0.5515	-0.8322	-0.058	3	5	1	0	4	0.0014	0.4167	0	0.0142
0.0142	0.0279	-0.2056	0.0147	-0.0236	-0.9615	-0.1616	0.2224	4	6	1	0	5	0.0012	0.4167	0	0.0129
0.0144	0.0408	-0.2273	0.0172	-0.0176	-0.7619	0.5661	0.3149	5	7	1	0	6	0.0013	0.3333	0	0.0144
0.0142	0.0257	-0.2628	0.0341	-0.0055	-0.8104	0.5853	-0.0237	6	8	1	0	7	0.0059	0.075	0	0.0089
0.0142	0.0313	-0.2759	0.0439	-0.0167	-0.8224	-0.4029	-0.4016	7	9	1	0	8	0.01	0.05	0	0.01
0.0142	0.0062	-0.2825	0.0286	-0.01	-0.431	-0.8468	0.3117	8	0	1	0	9	0.01	0.05	0	0.01
0.0137	0.0803	-0.1498	-0.0236	-0.031	0.768	0.3742	0.5198	3	11	2	1	1	0.0013	0.4583	0	0.0266
0.0124	0.029	-0.0884	-0.0039	-0.0087	-0.1963	-0.865	0.4617	10	12	2	1	2	0.001	0.3333	0	0.0124
0.0136	0.0674	-0.092	-0.0298	0.0041	-0.215	-0.8868	0.4091	11	13	2	1	3	0.0011	0.375	0	0.0137
0.0126	0.0253	-0.0994	-0.0934	0.0236	-0.034	-0.9108	0.4114	12	14	2	1	4	0.0049	0.375	0	0.0126
0.01	0.0268	-0.0976	-0.1135	0.0285	0.0065	-0.8783	-0.4781	13	15	2	1	5	0.01	0.05	0	0.01
0.0125	0.0241	-0.0812	-0.1129	0.0314	0.8711	-0.4335	-0.2305	14	16	2	1	6	0.0017	0.25	0	0.0125
0.0135	0.0456	-0.0607	-0.1218	0.0361	0.7188	0.6913	-0.0731	15	17	2	1	7	0.0013	0.375	0	0.0144
0.0121	0.0341	-0.0293	-0.0973	0.0082	0.4972	0.8255	-0.267	16	18	2	1	8	0.0012	0.2917	0	0.0121
0.0133	0.034	-0.0084	-0.0692	0.0023	0.0697	0.9938	-0.0868	17	19	2	1	9	0.001	0.375	0	0.0135
0.0097	0.0362	0.0012	-0.0419	-0.0058	0.716	0.6821	0.1487	18	20	2	1	10	0.005	0.5	0	0.0078
0.01	0.0308	0.0171	-0.0161	0.0094	0.4569	0.8068	0.3745	19	21	2	1	11	0.01	0.05	0	0.01
0.0132	0.034	0.0375	-0.001	0.0173	0.8301	0.3903	0.3982	20	22	2	1	12	0.0012	0.375	0	0.0147
0.0117	0.0356	0.0627	0.0026	0.0327	0.8933	-0.2024	0.4013	21	23	2	1	13	0.0018	0.2917	0	0.0117
0.013	0.0327	0.0863	-0.007	0.0432	0.4793	-0.4703	-0.741	22	24	2	1	14	0.0011	0.3333	0	0.0156
0.0104	0.0183	0.1208	-0.0167	0.0327	0.6174	-0.3781	-0.6898	23	25	2	1	15	0.0071	0.4167	0	0.0104
0.0118	0.0371	0.1172	-0.0207	0.0304	0.4445	0.7949	0.4131	24	26	2	1	16	0.0009	0.3333	0	0.0118
0.0118	0.0406	0.142	0.0141	0.0274	0.4589	0.7755	0.4336	25	27	2	1	17	0.001	0.4167	0	0.0119
0.0124	0.0353	0.1694	0.0266	0.0484	0.7182	0.2121	-0.6627	26	28	2	1	18	0.0012	0.2917	0	0.0178
0.0083	0.0473	0.1951	0.0322	0.0292	0.5081	-0.7606	-0.4042	27	29	2	1	19	0.0062	0.325	0	0.006
0.0102	0.0202	0.2246	0.004	0.0206	0.7307	-0.672	0.1204	28	30	2	1	20	0.0048	0.4063	0	0.0102
0.0103	0.0378	0.2286	0.0026	0.0125	0.8129	0.5478	-0.1978	29	31	2	1	21	0.0015	0.2917	0	0.0106
0.009	0.0296	0.2623	0.0222	0.0126	0.6752	0.7183	-0.1679	30	32	2	1	22	0.0036	0.5625	0	0.009
0.0093	0.0172	0.2787	0.0382	-0.0041	0.7582	0.4764	-0.4451	31	33	2	1	23	0.0048	0.4583	0	0.0093
0.009	0.028	0.2927	0.049	-0.0096	0.5582	0.3965	-0.7288	32	34	2	1	24	0.01	0.05	0	0.01
0.0088	0.0225	0.2955	0.0441	-0.0149	0.4241	-0.7789	-0.462	33	35	2	1	25	0.01	0.05	0	0.01
0.0086	0.0118	0.3024	0.0456	-0.0091	0.8998	-0.2059	0.3847	34	0	2	1	26	0.01	0.05	0	0.01
0.013	0.0518	-0.1916	-0.0067	-0.0348	0.403	-0.9018	-0.156	4	37	3	1	1	0.0037	0.4167	0	0.013
0.013	0.032	-0.1705	-0.0491	-0.04	0.8525	-0.316	0.4163	36	38	3	1	2	0.0009	0.3333	0	0.0093
0.013	0.031	-0.1425	-0.0555	-0.0178	0.9131	0.3447	-0.2178	37	0	3	1	3	0.01	0.05	0	0.01
0.0064	0.0295	-0.2398	0.044	-0.0038	0.6848	0.3588	0.6343	6	0	51	1	1	0.005	0.3	0	0.012
0.0112	0.0838	-0.0911	0.0095	-0.0054	0.0113	0.7975	-0.6033	10	41	4	2	1	0.0027	0.375	0	0.0121
0.0087	0.0622	-0.0915	0.0805	-0.0484	-0.3649	0.7839	-0.5023	40	42	4	2	2	0.0063	0.3	0	0.0078
0.0087	0.0401	-0.0845	0.1052	-0.0876	0.1909	0.5137	-0.8365	41	43	4	2	3	0.01	0.05	0	0.01
0.008	0.0186	-0.0959	0.1117	-0.0823	-0.6809	0.7289	-0.0711	42	0	4	2	4	0.01	0.05	0	0.01
0.0105	0.0357	-0.113	-0.1246	0.0396	-0.9225	-0.2775	0.2684	13	45	52	2	1	0.0014	0.2917	1	0.0096
0.0105	0.0479	-0.146	-0.1345	0.0492	-0.2694	-0.9542	-0.1301	44	46	52	2	2	0.0014	0.2917	0	0.0096
0.0105	0.0072	-0.1537	-0.178	0.0388	0.2672	-0.946	-0.1836	45	47	52	2	3	0.01	0.05	0	0.01
0.0117	0.0748	-0.1528	-0.1906	0.024	-0.2316	-0.8868	0.3999	46	48	52	2	4	0.001	0.375	0	0.0151
0.0105	0.0176	-0.1687	-0.2592	0.0465	-0.5876	-0.7979	0.1347	47	49	52	2	5	0.0068	0.5	0	0.0105
0.0105	0.0272	-0.1793	-0.2583	0.049	-0.606	0.0003	-0.7955	48	50	52	2	6	0.01	0.05	0	0.01
0.0105	0.0153	-0.1751	-0.2586	0.0469	0.3562	-0.8498	-0.3886	49	51	52	2	7	0.01	0.05	0	0.01
0.0105	0.0695	-0.1754	-0.2705	0.0414	-0.1827	-0.9704	-0.1577	50	52	52	2	8	0.0009	0.375	0	0.0086
0.0114	0.0436	-0.1859	-0.3396	0.0319	-0.4686	-0.8485	-0.2457	51	53	52	2	9	0.0011	0.2917	0	0.0119
0.0105	0.0321	-0.1993	-0.3769	0.0334	-0.4178	-0.8826	0.2156	52	54	52	2	10	0.01	0.05	0	0.01
0.0105	0.0309	-0.2126	-0.4055	0.0322	-0.4227	-0.9058	0.028	53	55	52	2	11	0.01	0.05	0	0.01
0.0105	0.0263	-0.2177	-0.4	0.0522	-0.5069	-0.3317	0.7956	54	0	52	2	12	0.01	0.05	0	0.01
0.0128	0.0134	-0.029	-0.1082	0.0395	0.5257	-0.7313	0.4346	16	57	13	2	1	0.0024	0.5	1	0.0131
0.0128	0.0366	-0.022	-0.118	0.0453	0.5139	-0.8392	-0.178	56	58	13	2	2	0.0024	0.5	0	0.0131
0.0116	0.0593	-0.0203	-0.1519	0.0319	0.1178	-0.9794	0.1642	57	59	13	2	3	0.0016	0.4167	0	0.0116
0.0116	0.0046	-0.0086	-0.2017	0.0337	0.792	-0.5909	-0.1537	58	60	13	2	4	0.01	0.05	0	0.01
0.0116	0.0174	-0.0091	-0.2053	0.0351	0.464	-0.6193	0.6334	59	0	13	2	5	0.01	0.05	0	0.01
0.0099	0.1063	0.003	-0.0672	0.0093	0.8123	-0.559	-0.1665	18	62	17	2	1	0.0015	0.375	0	0.0099
0.0086	0.051	0.0746	-0.1291	-0.0068	0.1612	-0.9861	-0.0399	61	63	17	2	2	0.0013	0.25	0	0.0086
0.0086	0.0301	0.0863	-0.1759	-0.0184	0.0175	-0.9391	-0.3433	62	64	17	2	3	0.01	0.05	0	0.01
0.0087	0.0109	0.0872	-0.1941	-0.0099	0.0839	-0.878	0.4712	63	65	17	2	4	0.001	0.3333	0	0.0107
0.0057	0.01	0.084	-0.2063	-0.0086	0.7153	-0.612	-0.3373	64	66	17	2	5	0.01	0.05	0	0.01
0.0048	0.0086	0.0899	-0.2127	-0.011	0.622	-0.3067	0.7205	65	0	17	2	6	0.003	0.1	0	0.01
0.0147	0.0463	0.0809	-0.0036	0.0309	-0.5547	0.4044	-0.7271	23	68	24	2	1	0.0039	0.4167	1	0.0147
0.0147	0.0742	0.0553	0.0151	-0.0028	0.53	0.7766	0.3405	67	69	24	2	2	0.0039	0.4167	0	0.0147
0.0147	0.006	0.0916	0.0613	0.0108	0.8918	0.1878	-0.4116	68	70	24	2	3	0.01	0.05	0	0.01
0.0147	0.065	0.0902	0.064	0.0175	0.4299	0.8898	0.1528	69	71	24	2	4	0.0016	0.3333	0	0.0132
0.0147	0.031	0.1197	0.1206	0.0336	0.3047	0.944	0.1267	70	72	24	2	5	0.01	0.05	0	0.01
0.0147	0.0035	0.1131	0.1296	0.0274	-0.7715	0.6339	-0.0544	71	73	24	2	6	0.01	0.05	0	0.01
0.0147	0.0277	0.1166	0.1194	0.0326	0.2604	0.4882	0.833	72	0	24	2	7	0.0015	0.1	0	0.0079
0.012	0.0753	0.0814	0.0157	0.0672	0.7153	0.5162	-0.471	23	75	31	2	1	0.0013	0.4167	0	0.012
0.012	0.0101	0.1288	0.0584	0.0272	0.0908	-0.6948	-0.7135	74	0	31	2	2	0.01	0.05	0	0.01
0.0091	0.1055	0.1707	0.0786	0.0455	0.5252	0.466	-0.712	28	77	34	2	1	0.0016	0.25	0	0.0113
0.0091	0.0292	0.2197	0.1317	-0.0088	0.2711	0.9576	-0.098	76	78	34	2	2	0.0073	0.375	0	0.0158
0.0091	0.0344	0.2187	0.1523	-0.0293	-0.8194	0.5418	0.1873	77	79	34	2	3	0.0011	0.375	0	0.0172
0.0091	0.0459	0.2166	0.1852	-0.0089	-0.4612	0.8861	-0.0447	78	80	34	2	4	0.0066	0.4063	0	0.0131
0.0091	0.0281	0.1835	0.2085	-0.0046	-0.4066	0.5483	0.7308	79	81	34	2	5	0.01	0.05	0	0.01
0.0091	0.0764	0.1912	0.2083	0.0009	-0.0341	0.6721	-0.7397	80	82	34	2	6	0.0013	0.4167	0	0.0091
0.0091	0.0521	0.1899	0.2746	-0.0412	0.2023	0.6723	-0.7121	81	83	34	2	7	0.0107	0.2	0	0.0074
0.0091	0.0187	0.1783	0.3049	-0.0642	-0.2898	0.9464	-0.1426	82	84	34	2	8	0.0056	0.4063	0	0.0125
0.0091	0.0184	0.1622	0.3051	-0.0721	-0.8605	0.5047	0.0692	83	85	34	2	9	0.0079	0.2917	0	0.0102
0.0091	0.0176	0.1571	0.3008	-0.0633	-0.6934	-0.6811	-0.2352	84	86	34	2	10	0.01	0.05	0	0.01
0.0091	0.0517	0.1614	0.3094	-0.0645	-0.7524	0.6293	-0.1949	85	87	34	2	11	0.0012	0.3333	0	0.0091
0.0091	0.0198	0.1324	0.3428	-0.0801	-0.175	0.9711	-0.1623	86	88	34	2	12	0.01	0.05	0	0.01
0.0091	0.0075	0.1216	0.358	-0.081	-0.5058	0.8596	-0.0727	87	89	34	2	13	0.01	0.05	0	0.01
0.0091	0.0276	0.1178	0.3645	-0.0816	0.1448	0.9784	-0.1477	88	90	34	2	14	0.01	0.05	0	0.01
0.0091	0.0182	0.1222	0.391	-0.0876	0.9126	0.397	0.0975	89	0	34	2	15	0.01	0.05	0	0.01
0.0082	0.0342	0.3113	0.0347	-0.0048	-0.0189	0.8263	0.5629	35	92	36	2	1	0.0102	0.225	0	0.0224
0.0082	0.0189	0.3253	0.0639	0.0044	-0.5226	0.4615	-0.7169	91	93	36	2	2	0.01	0.05	0	0.01
0.0082	0.0339	0.3154	0.0726	-0.0091	-0.8425	0.4778	-0.2489	92	94	36	2	3	0.01	0.05	0	0.01
0.0082	0.0202	0.2869	0.0888	-0.0176	-0.304	0.6285	-0.7159	93	0	36	2	4	0.01	0.05	0	0.01
0.0025	0.0472	0.2863	0.0533	-0.0051	-0.6661	0.7367	0.1167	32	96	37	2	1	0.0097	0.275	1	0.01
0.0025	0.0212	0.256	0.0924	0.0031	0.5647	0.3271	-0.7577	95	97	37	2	2	0.009	0.2	0	0.01
0.0037	0.0277	0.265	0.1002	-0.012	-0.3993	-0.5942	-0.6982	96	0	37	2	3	0.0046	0.075	0	0.0118
0.0025	0.0786	-0.1534	-0.1224	0.0522	-0.8827	-0.3521	-0.3112	45	99	6	3	1	0.01	0.05	0	0.01
0.0025	0.029	-0.2253	-0.1571	0.0311	0.6634	-0.5052	-0.552	98	100	6	3	2	0.01	0.05	0	0.01
0.0025	0.0265	-0.2061	-0.1717	0.0151	0.9023	-0.2995	0.3102	99	0	6	3	3	0.01	0.05	0	0.01
0.0099	0.0663	-0.1602	-0.1473	0.0498	-0.7432	-0.6683	0.0327	45	102	8	3	1	0.001	0.375	1	0.0099
0.0098	0.035	-0.2095	-0.1916	0.052	0.3369	-0.8322	0.4405	101	103	8	3	2	0.001	0.375	0	0.0099
0.0094	0.0645	-0.227	-0.2031	0.0553	-0.5782	-0.5512	0.6016	102	104	8	3	3	0.0087	0.25	0	0.0127
0.0082	0.0322	-0.2628	-0.2303	0.0639	-0.9938	-0.0832	-0.0736	103	105	8	3	4	0.01	0.05	0	0.01
0.008	0.0342	-0.2639	-0.2324	0.0981	-0.7567	-0.1229	0.6421	104	106	8	3	5	0.0008	0.3333	0	0.0091
0.0059	0.0118	-0.291	-0.2358	0.1154	-0.7683	0.5737	0.2838	105	107	8	3	6	0.01	0.05	0	0.01
0.005	0.0247	-0.2996	-0.2307	0.1179	-0.5832	-0.5175	0.6261	106	108	8	3	7	0.0016	0.175	0	0.01
0.004	0.0249	-0.3126	-0.2395	0.1321	-0.9474	0.305	-0.0974	107	0	8	3	8	0.0006	0.125	0	0.01
0.0086	0.0591	-0.1966	-0.3353	0.0318	-0.9102	0.2376	-0.3392	52	110	21	3	1	0.0022	0.4583	0	0.0082
0.0109	0.0276	-0.2441	-0.3268	0.0225	-0.6679	-0.7442	0.0094	109	111	21	3	2	0.0045	0.2	0	0.0179
0.0087	0.0087	-0.2517	-0.3503	0.0275	-0.4367	-0.71	0.5524	110	112	21	3	3	0.01	0.05	0	0.01
0.0083	0.0277	-0.2556	-0.3565	0.0323	-0.7211	-0.2394	-0.6502	111	0	21	3	4	0.01	0.05	0	0.01
0.0112	0.0398	0.1254	0.1321	0.0293	0.4887	0.6657	-0.5639	73	114	32	3	1	0.0013	0.375	1	0.0116
0.0108	0.0438	0.1448	0.1585	0.0069	-0.9527	0.2065	0.2231	113	115	32	3	2	0.0013	0.375	0	0.0116
0.009	0.0286	0.1031	0.1751	0.0103	-0.9903	0.0926	0.1039	114	116	32	3	3	0.01	0.05	0	0.01
0.0081	0.011	0.0878	0.1683	0.025	-0.7261	-0.1826	0.6629	115	0	32	3	4	0.0025	0.2917	0	0.0081
0.0087	0.0356	0.2137	0.1052	-0.0091	0.6468	-0.572	-0.5044	76	118	38	3	1	0.0031	0.5417	1	0.0121
0.0087	0.068	0.2368	0.0848	-0.0271	-0.8612	0.4207	0.285	117	119	38	3	2	0.0031	0.5417	0	0.0121
0.0087	0.017	0.1798	0.1088	-0.0019	-0.9757	-0.1073	0.1909	118	120	38	3	3	0.0013	0.3333	0	0.0121
0.0087	0.0156	0.1634	0.1014	0.0038	-0.6011	0.3033	0.7394	119	0	38	3	4	0.0021	0.25	0	0.008
0.0087	0.0499	0.215	0.1898	-0.0182	0.5945	0.6327	-0.4962	79	122	41	3	1	0.0028	0.4583	0	0.0093
0.0087	0.0292	0.2476	0.2156	-0.0451	0.7653	0.5188	-0.3809	121	123	41	3	2	0.01	0.05	0	0.01
0.0087	0.0065	0.2378	0.2278	-0.0532	-0.129	0.8171	-0.5619	122	124	41	3	3	0.01	0.05	0	0.01
0.0087	0.0278	0.2369	0.2331	-0.0569	-0.0577	0.9812	0.1843	123	0	41	3	4	0.01	0.05	0	0.01
0.0094	0.0531	0.1829	0.2178	-0.017	-0.0926	-0.9896	0.1099	81	126	43	3	1	0.003	0.5	0	0.0142
0.0094	0.0265	0.1841	0.1727	-0.0133	0.5344	-0.6124	-0.5825	125	0	43	3	2	0.0019	0.4167	0	0.0094
0.0087	0.0321	0.1935	0.2695	-0.0483	0.3927	-0.4616	-0.7954	82	128	46	3	1	0.0032	0.5	1	0.0097
0.0087	0.0435	0.2061	0.2547	-0.0739	0.9066	0.0029	-0.4221	127	129	46	3	2	0.0032	0.5	0	0.0097
0.0087	0.0283	0.2448	0.2503	-0.0948	0.7805	0.189	-0.5958	128	130	46	3	3	0.01	0.05	0	0.01
0.0087	0.0007	0.258	0.267	-0.0878	0.8441	0.5332	0.0571	129	0	46	3	4	0.0036	0.2	0	0.0201
0.0065	0.0752	0.1616	0.3054	-0.0812	0.9589	-0.276	-0.0663	84	132	47	3	1	0.0013	0.4167	0	0.0063
0.0087	0.0165	0.2343	0.29	-0.0859	0.9857	-0.1184	0.1202	131	133	47	3	2	0.01	0.05	0	0.01
0.0087	0.0266	0.2505	0.2881	-0.0839	0.5982	0.7976	0.0771	132	134	47	3	3	0.01	0.05	0	0.01
0.0087	0.0207	0.2664	0.3093	-0.0818	0.2816	0.956	-0.0823	133	0	47	3	4	0.01	0.05	0	0.01
0.0087	0.0186	0.1146	0.3943	-0.0807	-0.7919	-0.2295	0.5659	89	136	50	3	1	0.0027	0.5	1	0.012
0.0087	0.0354	0.0999	0.39	-0.0702	-0.6097	-0.7598	-0.2256	135	137	50	3	2	0.0027	0.5	0	0.012
0.0087	0.0237	0.0676	0.3681	-0.0844	-0.4881	-0.8623	0.135	136	138	50	3	3	0.0037	0.5	0	0.0114
0.0087	0.0289	0.0559	0.3511	-0.083	-0.8823	-0.243	-0.4032	137	0	50	3	4	0.01	0.05	0	0.01
0.0076	0.0504	-0.2648	-0.2245	0.0964	-0.7627	0.5849	0.2759	105	140	16	4	1	0.0017	0.4583	0	0.01
0.0076	0.0463	-0.3083	-0.1959	0.0945	-0.9296	-0.2017	0.3085	139	141	16	4	2	0.0008	0.375	0	0.0121
0.0076	0.0267	-0.3504	-0.201	0.1099	-0.9775	0.1931	0.0847	140	142	16	4	3	0.01	0.05	0	0.01
0.0076	0.0189	-0.3501	-0.205	0.1156	0.3372	0.7668	-0.5462	141	0	16	4	4	0.01	0.05	0	0.01
0.0138	0.0322	-0.0511	-0.2074	0.0292	0.5958	-0.7429	0.305	0	144	14	0	1	0.0027	0.4583	0	0.0138
0.0138	0.0122	-0.0336	-0.2241	0.0387	-0.5556	-0.1734	-0.8132	143	145	14	0	2	0.01	0.05	0	0.01
0.0138	0.0266	-0.0449	-0.2191	0.0404	-0.9511	-0.1619	-0.2631	144	0	14	0	3	0.0043	0.15	0	0.0079
