radius (m)	length (m)	start_point	axis_direction	parent	extension	branch	branch_order	position_in_branch	mad	SurfCov	added	UnmodRadius (m)
0.0128	0.0297	-0.1591	-0.0927	-0.1287	0.9546	0.2946	-0.0444	0	2	1	0	1	0.0032	0.5417	0	0.0128
0.0134	0.0809	-0.1369	-0.0819	-0.119	0.8406	-0.1963	0.5048	1	3	1	0	2	0.0013	0.4167	0	0.0139
0.0109	0.0205	-0.068	-0.108	-0.0761	0.9852	0.1162	0.1263	2	4	1	0	3	0.0043	0.625	0	0.0109
0.009	0.0316	-0.0481	-0.1042	-0.0792	0.7393	-0.6434	-0.1986	3	5	1	0	4	0.0043	0.5	0	0.0081
0.0117	0.0625	-0.0288	-0.1132	-0.0773	0.8374	-0.0905	0.539	4	6	1	0	5	0.0008	0.3333	0	0.0119
0.0099	0.0447	0.028	-0.1185	-0.0478	0.6379	0.3092	0.7053	5	7	1	0	6	0.0008	0.25	0	0.0099
0.0114	0.0262	0.0575	-0.1027	-0.0197	0.9517	0.039	0.3044	6	8	1	0	7	0.0013	0.25	0	0.013
0.0099	0.045	0.0713	-0.1247	-0.0113	0.8904	-0.4334	-0.1392	7	9	1	0	8	0.0083	0.4	0	0.01
0.0089	0.0407	0.1044	-0.1451	-0.014	0.2215	-0.9558	0.1933	8	0	1	0	9	0.01	0.05	0	0.01
0.0151	0.0473	0.0249	-0.1098	-0.0415	0.174	0.9725	0.1551	6	11	6	1	1	0.0042	0.225	1	0.0287
0.0151	0.0739	0.0328	-0.0622	-0.0373	0.0971	0.9002	0.4245	10	12	6	1	2	0.0028	0.225	0	0.0287
0.0151	0.0439	0.036	0.0088	-0.0071	0.7273	0.6738	0.1305	11	13	6	1	3	0.001	0.3333	0	0.0117
0.0151	0.0452	0.0757	0.0287	0.0075	0.6004	0.7448	0.2912	12	14	6	1	4	0.0046	0.12	0	0.0096
0.0151	0.0284	0.0924	0.0661	0.0267	0.5082	0.7569	0.4109	13	15	6	1	5	0.003	0.175	0	0.01
0.0151	0.0035	0.0728	0.0708	0.0319	-0.4667	0.8032	0.3703	14	16	6	1	6	0.0016	0.4583	0	0.0153
0.0151	0.0392	0.0729	0.0677	0.0361	-0.5667	0.2299	0.7912	15	17	6	1	7	0.0009	0.2917	0	0.0154
0.0151	0.0456	0.0554	0.0946	0.0234	-0.3774	0.8706	0.3156	16	18	6	1	8	0.0099	0.4063	0	0.0151
0.0151	0.0171	0.0215	0.1286	0.0654	-0.3362	0.9417	-0.0118	17	19	6	1	9	0.0057	0.325	0	0.013
0.0151	0.0561	0.0083	0.1252	0.0492	-0.9577	0.1819	0.2228	18	20	6	1	10	0.0066	0.2917	0	0.0105
0.0151	0.0597	-0.0382	0.1574	0.0389	-0.9431	-0.0347	-0.3306	19	21	6	1	11	0.0032	0.175	0	0.01
0.0151	0.039	-0.0331	0.1304	0.0691	0.0261	0.9075	0.4193	20	22	6	1	12	0.0013	0.375	0	0.0192
0.0151	0.0263	-0.0388	0.1652	0.0759	-0.0807	0.9966	-0.0149	21	23	6	1	13	0.0024	0.15	0	0.01
0.0151	0.0257	-0.0569	0.1758	0.0886	-0.533	0.7953	0.2887	22	24	6	1	14	0.001	0.375	0	0.0109
0.0151	0.0201	-0.0518	0.1902	0.0863	0.4784	0.081	0.8744	23	25	6	1	15	0.0018	0.3333	0	0.0194
0.0151	0.0671	-0.0482	0.2072	0.1069	0.8966	0.2817	0.3416	24	26	6	1	16	0.0063	0.35	0	0.013
0.0151	0.0273	-0.0077	0.2351	0.1263	0.3365	0.8759	0.3457	25	27	6	1	17	0	0.04	0	0.0084
0.0151	0.0339	0.0074	0.2509	0.1075	0.1158	0.9612	-0.2505	26	28	6	1	18	0.0031	0.15	0	0.01
0.0151	0.0155	0.0006	0.2599	0.1287	-0.9415	0.3272	-0.0801	27	29	6	1	19	0.0016	0.125	0	0.01
0.0151	0.0172	-0.0133	0.2615	0.1292	-0.316	0.3713	0.8731	28	0	6	1	20	0.001	0.075	0	0.01
0.0103	0.0511	-0.052	-0.117	-0.0735	0.366	-0.7059	-0.6064	3	31	43	1	1	0.0037	0.4063	0	0.012
0.0092	0.0321	-0.0304	-0.1497	-0.1023	0.7794	-0.6262	-0.0185	30	32	43	1	2	0.0012	0.4167	0	0.0092
0.0103	0.0514	-0.002	-0.1664	-0.1042	0.7151	-0.6678	0.2066	31	33	43	1	3	0.0011	0.3333	0	0.0115
0.0102	0.0225	0.0357	-0.1972	-0.0997	0.8914	-0.4375	-0.118	32	34	43	1	4	0.001	0.2917	0	0.0128
0.0102	0.036	0.0641	-0.1932	-0.0969	0.8424	-0.5349	0.0644	33	35	43	1	5	0.0097	0.275	0	0.0211
0.0092	0.0443	0.0903	-0.1891	-0.1019	0.9234	0.2532	0.2884	34	36	43	1	6	0.0057	0.425	0	0.0092
0.0092	0.0394	0.1309	-0.183	-0.0964	0.9003	0.3385	-0.2737	35	0	43	1	7	0.01	0.05	0	0.01
0.0144	0.089	-0.1741	-0.0998	-0.0803	0.9762	0.1446	0.1617	0	38	44	0	1	0.0038	0.4167	0	0.0144
0.0144	0.0225	-0.104	-0.0887	-0.0654	-0.0674	0.3973	-0.9152	37	0	44	0	2	0.01	0.05	0	0.01
0.0088	0.0492	0.0565	0.0391	0.0102	-0.4418	0.7746	0.4526	12	40	21	2	1	0.0023	0.375	0	0.0084
0.0092	0.0507	0.0418	0.0805	0.0381	-0.5113	0.8453	0.1552	39	41	21	2	2	0.001	0.375	0	0.0095
0.0088	0.0045	0.015	0.1216	0.0441	-0.6077	0.6942	-0.3857	40	42	21	2	3	0.01	0.05	0	0.01
0.0086	0.0379	0.0123	0.1247	0.0424	-0.2145	0.3403	-0.9155	41	0	21	2	4	0.01	0.05	0	0.01
0.0102	0.0583	-0.0762	0.1863	0.0828	-0.3587	-0.9192	-0.1623	23	44	37	2	1	0.0023	0.5417	0	0.0102
0.0121	0.0686	-0.0938	0.1378	0.0757	-0.8369	0.5472	-0.0081	43	45	37	2	2	0.0014	0.2917	0	0.013
0.0102	0.0413	-0.1455	0.1777	0.0629	-0.596	0.7934	-0.124	44	46	37	2	3	0.01	0.05	0	0.01
0.0102	0.0242	-0.1531	0.1676	0.0774	-0.5711	0.1432	0.8083	45	47	37	2	4	0.01	0.05	0	0.01
0.0102	0.0212	-0.1688	0.1726	0.0988	-0.6276	-0.7785	-0.0024	46	48	37	2	5	0.01	0.05	0	0.01
0.0102	0.0134	-0.1792	0.1544	0.0967	-0.5225	-0.8489	-0.0798	47	0	37	2	6	0.01	0.05	0	0.01
