radius (m)	length (m)	start_point	axis_direction	parent	extension	branch	branch_order	position_in_branch	mad	SurfCov	added	UnmodRadius (m)
0.0238	0.0845	-0.0322	-0.0452	-0.1131	-0.7501	0.5847	0.309	0	2	1	0	1	0.0041	0.5	0	0.0221
0.044	0.1384	-0.0448	0.0089	-0.0532	-0.0897	-0.9598	0.266	1	3	1	0	2	0.0052	0.7	0	0.044
0.0245	0.197	-0.0984	-0.1086	-0.0054	0.4192	0.7367	0.5306	2	4	1	0	3	0.0051	0.5893	0	0.0249
0.0188	0.0312	-0.0088	0.0421	0.0901	0.2774	0.7138	0.6431	3	0	1	0	4	0.0298	0.6543	0	0.0188
0.0235	0.1472	-0.0635	-0.0185	0.031	0.1837	0.9829	-0.0119	3	0	2	1	1	0.0068	0.6458	0	0.0235
0.0179	0.2309	-0.0266	0.013	0.0851	-0.5159	-0.8443	-0.1451	4	7	3	1	1	0.0027	0.4583	1	0.0179
0.0179	0.0516	-0.1457	-0.182	0.0516	-0.6062	0.5894	-0.5339	6	0	3	1	2	0.0027	0.4583	0	0.0179
0.0178	0.3346	-0.0081	0.0294	0.1039	-0.2128	-0.8882	-0.4071	4	9	4	1	1	0.0083	0.2	1	0.0365
0.0175	0.0853	-0.0714	-0.276	-0.0426	-0.7411	-0.6703	-0.0386	8	10	4	1	2	0.0151	0.38	0	0.0365
0.0158	0.1911	-0.1284	-0.3513	-0.0749	-0.849	-0.5108	0.1351	9	11	4	1	3	0.0023	0.4286	0	0.0159
0.0155	0.0546	-0.2751	-0.4532	-0.0723	-0.1132	-0.9879	0.1062	10	12	4	1	4	0.0017	0.7083	0	0.0155
0.0136	0.0624	-0.2883	-0.5146	-0.0647	0.5226	-0.6245	-0.5805	11	0	4	1	5	0.0027	0.7083	0	0.0136
0.0159	0.1024	-0.0257	-0.0286	0.0533	0.9913	0.086	0.0995	3	14	5	1	1	0.0034	0.625	1	0.0159
0.0159	0.1015	0.0758	-0.0198	0.0635	0.9695	0.2362	-0.066	13	15	5	1	2	0.0034	0.625	0	0.0159
0.0179	0.0615	0.1739	0.004	0.0511	0.9987	-0.0019	-0.0512	14	16	5	1	3	0.0026	0.7083	0	0.0179
0.0177	0.0704	0.2375	0.0276	0.0401	0.9462	0.0203	0.323	15	17	5	1	4	0.003	0.5833	0	0.0183
0.0175	0.048	0.3047	0.0253	0.0534	0.3239	0.8881	-0.326	16	18	5	1	5	0.0022	0.875	0	0.0175
0.0178	0.0532	0.3267	0.0707	0.0344	-0.561	0.474	-0.6786	17	19	5	1	6	0.0021	0.5417	0	0.0178
0.0181	0.0428	0.3134	0.1139	-0.0012	-0.565	0.5391	-0.6247	18	20	5	1	7	0.0023	0.7083	0	0.0181
0.0157	0.0355	0.2971	0.1368	-0.0266	0.018	0.9984	0.0528	19	21	5	1	8	0.0018	0.7917	0	0.0157
0.0219	0.0576	0.2963	0.1742	-0.0306	0.5517	0.8228	0.1365	20	22	5	1	9	0.003	0.8333	0	0.0219
0.0172	0.0681	0.3195	0.2216	-0.0247	0.0649	0.9535	-0.2943	21	23	5	1	10	0.0031	0.7917	0	0.0172
0.0169	0.0569	0.3377	0.2925	-0.0365	-0.2533	0.9343	-0.2509	22	0	5	1	11	0.003	0.75	0	0.0169
0.0182	0.0592	-0.0195	0.0322	0.0668	0.3756	0.7398	-0.5583	3	25	6	1	1	0.0028	0.4583	1	0.0144
0.0182	0.0489	0.0027	0.076	0.0337	0.6866	0.5471	-0.4788	24	26	6	1	2	0.0028	0.4583	0	0.0144
0.0182	0.1214	0.0417	0.1095	0.024	0.7221	0.4646	-0.5126	25	27	6	1	3	0.0021	0.5625	0	0.0143
0.0182	0.0417	0.1207	0.1731	-0.0419	0.6812	0.709	-0.1823	26	28	6	1	4	0.0022	0.6667	0	0.0176
0.0182	0.0586	0.1673	0.188	-0.054	0.6186	0.7838	-0.0535	27	29	6	1	5	0.0031	0.7917	0	0.0182
0.0195	0.0356	0.2158	0.2198	-0.0442	0.6485	0.7373	0.1891	28	0	6	1	6	0.0033	0.4167	0	0.0198
0.0232	0.1901	-0.0044	0.0073	0.0886	-0.5424	0.838	-0.0591	3	31	11	1	1	0.0122	0.3727	0	0.0358
0.0232	0.0572	-0.0646	0.2033	0.0887	-0.6335	0.7684	-0.0908	30	32	11	1	2	0.0069	0.525	0	0.0283
0.0158	0.0482	-0.1302	0.2434	0.0981	0.1441	0.8469	0.5119	31	33	11	1	3	0.0022	0.5417	0	0.0155
0.016	0.0244	-0.1174	0.2962	0.125	-0.879	0.3801	0.2879	32	0	11	1	4	0.0023	0.375	0	0.0164
0.0119	0.0935	-0.1697	-0.3653	-0.082	-0.8384	0.5234	-0.1523	10	35	12	2	1	0.0026	0.6	0	0.0119
0.0119	0.0433	-0.2483	-0.318	-0.0989	-0.8596	0.4757	-0.1866	34	0	12	2	2	0.0021	0.4583	0	0.012
0.0173	0.1089	0.1268	0.148	-0.0452	0.6519	-0.7096	-0.2674	26	37	10	2	1	0.0027	0.8333	0	0.0173
0.0173	0.0441	0.1987	0.0745	-0.0785	0.8947	-0.4088	-0.1802	36	0	10	2	2	0.0024	0.6667	0	0.0205
