radius (m)	length (m)	start_point	axis_direction	parent	extension	branch	branch_order	position_in_branch	mad	SurfCov	added	UnmodRadius (m)
0.013	0.0371	-0.0957	-0.5572	-0.0964	0.2005	0.9259	0.3202	0	2	1	0	1	0.0019	0.4583	0	0.0107
0.0224	0.1171	-0.0967	-0.5211	-0.0974	-0.1446	0.9632	0.2268	1	3	1	0	2	0.0033	0.375	0	0.027
0.0169	0.0636	-0.1556	-0.3928	-0.0706	0.3459	0.9347	0.0821	2	4	1	0	3	0.0024	0.5	0	0.0171
0.0153	0.0733	-0.1608	-0.3133	-0.0688	0.5799	0.8073	0.1093	3	5	1	0	4	0.002	0.5417	0	0.0153
0.0108	0.0313	-0.1148	-0.2441	-0.0658	-0.9115	0.3854	0.1436	4	6	1	0	5	0.0009	0.3333	0	0.0091
0.0099	0.0885	-0.1438	-0.236	-0.0632	-0.9339	-0.0671	0.3511	5	7	1	0	6	0.0012	0.6667	0	0.0089
0.0113	0.0379	-0.2252	-0.2371	-0.0288	-0.9665	0.0723	0.2464	6	8	1	0	7	0.0012	0.4167	0	0.0113
0.0089	0.0505	-0.2571	-0.2355	-0.0242	-0.4342	-0.8706	-0.2312	7	9	1	0	8	0.001	0.375	0	0.0086
0.0108	0.0318	-0.2829	-0.2775	-0.0347	-0.2708	-0.8274	0.492	8	0	1	0	9	0.0013	0.4167	0	0.0119
0.0123	0.1532	-0.0928	-0.5651	-0.086	0.9606	-0.1858	0.2067	1	11	2	1	1	0.0021	0.5313	0	0.0124
0.012	0.0549	0.0557	-0.5901	-0.0521	0.9291	-0.3674	0.0424	10	12	2	1	2	0.0016	0.625	0	0.012
0.0121	0.0809	0.1019	-0.6134	-0.0538	0.4017	-0.8891	0.2193	11	13	2	1	3	0.0021	0.4583	0	0.0131
0.0117	0.0559	0.1505	-0.6903	-0.0374	-0.2908	-0.9541	0.0717	12	14	2	1	4	0.0016	0.5417	0	0.0119
0.012	0.1119	0.1357	-0.7449	-0.0253	-0.1359	-0.9832	-0.1222	13	15	2	1	5	0.003	0.5625	0	0.0153
0.0104	0.0578	0.1262	-0.8554	-0.0272	-0.0995	-0.995	0.008	14	16	2	1	6	0.0033	0.2083	0	0.0125
0.0095	0.0444	0.1184	-0.9134	-0.0279	0.2232	-0.9714	0.0814	15	17	2	1	7	0.0008	0.5	0	0.0098
0.0083	0.0206	0.1235	-0.9655	-0.0218	0.7787	-0.5161	-0.3569	16	0	2	1	8	0.0023	0.5417	0	0.0083
0.0106	0.0435	-0.1073	-0.5655	-0.0907	-0.7927	-0.2997	0.5308	1	19	3	1	1	0.0042	0.5313	1	0.0106
0.0106	0.0974	-0.1418	-0.5786	-0.0677	-0.9414	-0.1942	0.2757	18	20	3	1	2	0.0042	0.5313	0	0.0106
0.0104	0.0459	-0.231	-0.5968	-0.0407	0.2331	-0.939	0.2529	19	21	3	1	3	0.0012	0.375	0	0.0094
0.0104	0.1209	-0.2159	-0.6389	-0.0183	0.8094	-0.5189	-0.275	20	22	3	1	4	0.0017	0.5625	0	0.0104
0.0121	0.0374	-0.1211	-0.7136	-0.0433	0.9339	-0.3337	-0.1285	21	23	3	1	5	0.0019	0.5417	0	0.0152
0.0117	0.0187	-0.0822	-0.7251	-0.054	0.1702	-0.9844	-0.0438	22	24	3	1	6	0.0014	0.2917	0	0.0128
0.0116	0.0865	-0.0642	-0.7566	-0.0555	0.6604	0.7509	0.0046	23	0	3	1	7	0.0025	0.2188	0	0.0132
0.0133	0.1225	-0.1332	-0.3807	-0.0702	0.8237	-0.5603	-0.0874	3	26	4	1	1	0.0036	0.5417	1	0.0133
0.0133	0.0384	-0.0324	-0.4494	-0.0809	0.2101	0.7449	0.6332	25	0	4	1	2	0.0036	0.5417	0	0.0133
0.0182	0.2717	-0.2829	-0.2964	-0.0349	0.0009	-0.9999	-0.0114	9	28	5	1	1	0.0024	0.4167	1	0.0182
0.0182	0.0326	-0.2827	-0.5681	-0.038	0.2675	-0.96	-0.0831	27	0	5	1	2	0.0024	0.4167	0	0.0182
0.0144	0.0746	-0.1248	-0.2836	-0.0735	0.7675	0.6332	-0.0994	4	30	64	1	1	0.0021	0.5	1	0.0154
0.0144	0.08	-0.0675	-0.2364	-0.0809	-0.4037	0.8744	0.2691	29	31	64	1	2	0.0021	0.5	0	0.0154
0.0117	0.067	-0.0861	-0.1669	-0.0518	-0.0107	0.9968	0.0796	30	32	64	1	3	0.0016	0.5833	0	0.0117
0.0143	0.1096	-0.1027	-0.0959	-0.0579	0.0564	0.9615	0.269	31	33	64	1	4	0.0022	0.4688	0	0.0148
0.0143	0.1482	-0.1111	0.0078	-0.0202	-0.0689	0.9943	0.0817	32	34	64	1	5	0.0029	0.475	0	0.0186
0.0134	0.0528	-0.1238	0.1502	0.0075	-0.1916	0.9449	0.2654	33	35	64	1	6	0.0021	0.5417	0	0.0134
0.0142	0.086	-0.0961	0.1567	0.0118	0.76	0.6464	0.0674	34	36	64	1	7	0.0019	0.375	0	0.018
0.0141	0.1214	-0.0493	0.2663	0.04	0.8925	0.3955	-0.2167	35	37	64	1	8	0.0079	0.3857	0	0.0338
0.0109	0.0263	0.0638	0.3061	0.0259	0.9193	0.3798	-0.1033	36	38	64	1	9	0.0072	0.5417	0	0.0096
0.0117	0.0612	0.0866	0.3428	0.0309	0.9957	0.0282	0.0884	37	39	64	1	10	0.002	0.4167	0	0.0117
0.0109	0.0405	0.1675	0.3339	0.0352	0.4691	0.8804	0.0695	38	40	64	1	11	0.0013	0.7083	0	0.0109
0.0109	0.0508	0.1865	0.3698	0.0387	0.7341	0.6603	-0.1581	39	41	64	1	12	0.0016	0.4167	0	0.0105
0.0121	0.1169	0.2278	0.4068	0.0418	0.9372	-0.2115	-0.2773	40	42	64	1	13	0.0015	0.5625	0	0.0121
0.0116	0.0336	0.3369	0.3865	0.0121	0.9581	0.2214	-0.1816	41	43	64	1	14	0.0014	0.5833	0	0.0116
0.0109	0.0348	0.3764	0.391	0.0025	0.3732	0.9277	-0.0112	42	44	64	1	15	0.0014	0.4167	0	0.0104
0.0137	0.1138	0.3906	0.4259	0.0045	0.9469	-0.238	-0.2161	43	45	64	1	16	0.0017	0.5625	0	0.0139
0.0109	0.0039	0.4839	0.3842	-0.0244	0.722	-0.6837	-0.1057	44	46	64	1	17	0.0034	0.5625	0	0.0084
0.013	0.0514	0.49	0.3798	-0.0127	0.2554	0.9643	0.0695	45	47	64	1	18	0.0014	0.4167	0	0.0133
0.014	0.0874	0.4797	0.4348	-0.0056	0.2637	0.8391	0.4759	46	48	64	1	19	0.0018	0.5417	0	0.0156
0.0113	0.0611	0.4931	0.5148	0.0318	0.4374	0.838	0.3261	47	49	64	1	20	0.0012	0.4167	0	0.0113
0.0109	0.0809	0.5198	0.5658	0.0528	0.2445	0.9539	0.1742	48	50	64	1	21	0.0013	0.4167	0	0.0093
0.0118	0.0648	0.5331	0.6432	0.0542	-0.0806	0.9951	0.0579	49	51	64	1	22	0.0014	0.4167	0	0.0119
0.0109	0.0275	0.5281	0.7056	0.0501	-0.1391	0.9551	-0.2617	50	52	64	1	23	0.0012	0.4583	0	0.0095
0.0109	0.0441	0.5218	0.7314	0.0467	-0.0802	0.9944	0.0689	51	53	64	1	24	0.0009	0.5417	0	0.0099
0.0109	0.0269	0.5183	0.7753	0.0483	-0.3479	0.9365	0.0443	52	54	64	1	25	0.0011	0.3333	0	0.01
0.0109	0.0236	0.5088	0.7994	0.0471	0.9294	0.3067	-0.2056	53	55	64	1	26	0.01	0.05	0	0.01
0.0109	0.0182	0.5307	0.8067	0.0422	-0.1849	0.9821	0.0367	54	0	64	1	27	0.01	0.05	0	0.01
0.009	0.1049	-0.2369	-0.2333	-0.0144	0.0678	0.9397	0.3353	7	57	26	1	1	0.0018	0.5417	0	0.009
0.0107	0.0911	-0.2324	-0.1365	0.0237	-0.5111	0.8588	0.0368	56	58	26	1	2	0.0016	0.5833	0	0.0123
0.0098	0.052	-0.2657	-0.0521	0.0391	-0.3253	0.938	-0.1198	57	59	26	1	3	0.0037	0.25	0	0.0227
0.0098	0.035	-0.2787	-0.0038	0.0322	0.1333	0.9896	-0.0533	58	60	26	1	4	0.0011	0.375	0	0.0116
0.0083	0.0614	-0.2758	0.0256	0.0402	-0.8518	0.5101	0.1193	59	61	26	1	5	0.0014	0.3333	0	0.0089
0.006	0.0145	-0.3272	0.0595	0.0484	-0.9518	0.2681	0.1488	60	0	26	1	6	0.0027	0.4583	0	0.006
0.0178	0.0463	-0.0097	-0.5692	-0.0651	0.5316	0.7778	0.3352	10	63	15	2	1	0.0034	0.4583	1	0.0178
0.0178	0.0667	0.0149	-0.5332	-0.0496	0.7106	0.6777	-0.1893	62	64	15	2	2	0.0034	0.4583	0	0.0178
0.0178	0.036	0.0595	-0.4944	-0.0528	-0.9626	0.2364	-0.1326	63	0	15	2	3	0.0044	0.2	0	0.0099
0.0122	0.104	0.0232	-0.6001	-0.0591	-0.0105	-0.9883	0.1525	10	66	17	2	1	0.0018	0.5833	1	0.0122
0.0122	0.079	0.0221	-0.7029	-0.0432	0.0285	-0.9994	-0.0221	65	67	17	2	2	0.0018	0.5833	0	0.0122
0.0122	0.0681	0.0402	-0.7884	-0.0439	-0.3658	-0.9091	-0.1994	66	0	17	2	3	0.0022	0.6667	0	0.0131
0.0108	0.0999	0.134	-0.6551	-0.0434	0.7776	0.6288	-0.0018	12	69	18	2	1	0.0023	0.5417	0	0.0114
0.0108	0.0559	0.2099	-0.5889	-0.0439	0.8826	0.4689	-0.0346	68	0	18	2	2	0.0015	0.5833	0	0.0108
0.0106	0.1135	0.1362	-0.8164	-0.0278	0.7195	0.6907	-0.0722	14	71	20	2	1	0.0042	0.375	0	0.0119
0.0106	0.0545	0.2191	-0.7323	-0.0318	0.9783	-0.0635	-0.1971	70	0	20	2	2	0.0013	0.75	0	0.0106
0.0098	0.0938	-0.2103	-0.6514	-0.0141	-0.258	-0.9652	-0.0431	21	73	21	2	1	0.0026	0.4583	0	0.0098
0.0098	0.0065	-0.2368	-0.7404	-0.018	-0.4648	-0.7687	0.4395	72	0	21	2	2	0.0011	0.3333	0	0.0111
0.0075	0.0926	-0.0859	-0.7639	-0.0576	-0.9432	-0.3198	-0.0905	24	75	22	2	1	0.0011	0.2917	1	0.0074
0.0074	0.0375	-0.1733	-0.7935	-0.0659	-0.9453	0.1358	0.2965	74	76	22	2	2	0.0011	0.2917	0	0.0074
0.0077	0.0298	-0.2132	-0.7809	-0.0561	-0.8455	-0.4429	0.2983	75	0	22	2	3	0.0013	0.375	0	0.0079
0.0099	0.1641	-0.012	-0.4575	-0.0703	0.8555	0.4671	0.2234	25	78	65	2	1	0.0043	0.5625	0	0.0098
0.0111	0.0597	0.1284	-0.3809	-0.0337	-0.6904	0.6837	0.2366	77	79	65	2	2	0.0015	0.5417	0	0.0113
0.0109	0.0565	0.0866	-0.3416	-0.0192	-0.9392	0.3397	0.0501	78	80	65	2	3	0.0015	0.4583	0	0.0114
0.0094	0.0296	0.0266	-0.328	-0.0226	-0.7386	0.6132	0.28	79	0	65	2	4	0.0031	0.4167	0	0.0094
0.0072	0.0574	-0.2825	-0.404	-0.0543	0.0129	-0.6648	-0.7469	27	82	25	2	1	0.0037	0.2917	1	0.0364
0.0072	0.0781	-0.2724	-0.4443	-0.0657	0.1248	0.9918	0.0282	81	0	25	2	2	0.006	0.45	0	0.0364
0.0118	0.1632	-0.0851	0.2591	0.0359	-0.9742	-0.1971	-0.1098	36	84	7	2	1	0.0021	0.5833	1	0.0118
0.0117	0.057	-0.244	0.2269	0.018	-0.3688	-0.9172	0.1505	83	85	7	2	2	0.0021	0.5833	0	0.0118
0.0093	0.0461	-0.2761	0.1773	0.0205	-0.3579	-0.8959	0.2631	84	86	7	2	3	0.0012	0.625	0	0.0093
0.0096	0.041	-0.2852	0.123	0.0348	-0.8268	-0.4014	0.394	85	87	7	2	4	0.0013	0.2917	0	0.0096
0.0093	0.0111	-0.3191	0.1067	0.0531	0.4335	-0.8974	0.0819	86	0	7	2	5	0.0026	0.2917	0	0.0063
0.012	0.2425	-0.0826	0.2577	0.0343	-0.9396	0.2447	-0.2394	36	89	8	2	1	0.0019	0.75	0	0.012
0.0133	0.1136	-0.3126	0.3158	-0.0115	-0.1512	0.9861	0.0683	88	90	8	2	2	0.0027	0.5313	0	0.0191
0.0132	0.0492	-0.3227	0.43	0.0195	-0.4261	0.9036	0.0432	89	91	8	2	3	0.0012	0.4167	0	0.0289
0.012	0.0373	-0.34	0.4801	0.0087	-0.0319	0.9169	0.3979	90	92	8	2	4	0.0073	0.625	0	0.0117
0.012	0.0491	-0.3426	0.5061	0.0214	-0.9693	0.1989	-0.1446	91	93	8	2	5	0.0009	0.375	0	0.0083
0.012	0.0305	-0.3903	0.5157	0.0145	-0.9132	0.4059	-0.0369	92	0	8	2	6	0.002	0.5417	0	0.0092
0.01	0.1333	-0.0504	0.2802	0.0338	-0.8117	0.5472	-0.2045	36	95	9	2	1	0.0015	0.5417	1	0.01
0.01	0.0584	-0.1585	0.3531	0.0066	-0.7863	0.6022	0.1378	94	96	9	2	2	0.0015	0.5417	0	0.01
0.01	0.0412	-0.2146	0.3821	0.013	-0.5303	0.8286	0.1793	95	0	9	2	3	0.0019	0.4167	0	0.0117
0.008	0.0673	0.1651	0.3526	0.0363	-0.9335	0.3585	-0.0078	39	98	10	2	1	0.0015	0.625	1	0.008
0.008	0.0731	0.1023	0.3767	0.0358	-0.8842	0.3492	-0.3103	97	99	10	2	2	0.0015	0.625	0	0.008
0.0103	0.0585	0.036	0.4078	0.0099	-0.9649	-0.1922	0.1788	98	100	10	2	3	0.0013	0.625	0	0.0104
0.0103	0.0678	-0.0203	0.4	0.0206	-0.9965	0.0586	-0.0604	99	101	10	2	4	0.0017	0.5833	0	0.0113
0.0103	0.0522	-0.0871	0.4306	0.0181	-0.9951	0.0236	0.0964	100	102	10	2	5	0.0021	0.5	0	0.0124
0.0102	0.0474	-0.1509	0.4354	0.0182	0.0226	0.8324	0.5537	101	103	10	2	6	0.006	0.225	0	0.0164
0.0102	0.0867	-0.1481	0.4759	0.0515	-0.7998	0.5904	0.1089	102	104	10	2	7	0.0061	0.375	0	0.0193
0.0101	0.0563	-0.2137	0.5302	0.0689	-0.7725	0.6262	0.1049	103	105	10	2	8	0.0014	0.5833	0	0.0101
0.0101	0.062	-0.2529	0.5685	0.0803	-0.744	0.6246	0.2374	104	106	10	2	9	0.0012	0.5833	0	0.0101
0.0101	0.0505	-0.2798	0.6131	0.0907	-0.1655	0.8783	0.4486	105	107	10	2	10	0.0012	0.4583	0	0.0103
0.0089	0.062	-0.3014	0.6618	0.1138	0.3131	0.9367	0.1564	106	108	10	2	11	0.001	0.2083	0	0.0089
0.0094	0.0021	-0.2858	0.7173	0.1308	0.0458	0.9333	0.3561	107	109	10	2	12	0.01	0.05	0	0.01
0.0093	0.0247	-0.2857	0.7192	0.1315	-0.068	0.9507	-0.3025	108	0	10	2	13	0.01	0.05	0	0.01
0.0112	0.2028	0.1273	0.3322	0.0339	-0.1582	-0.9855	-0.0607	38	111	11	2	1	0.0018	0.5833	1	0.0132
0.0111	0.0417	0.0953	0.1323	0.0216	-0.1697	-0.984	0.054	110	112	11	2	2	0.0018	0.5833	0	0.0132
0.0111	0.0723	0.0742	0.0891	0.0397	-0.1407	-0.9554	-0.2597	111	113	11	2	3	0.0099	0.475	0	0.0249
0.0111	0.056	0.0475	0.0063	0.0391	0.6724	-0.7381	0.0545	112	114	11	2	4	0.0016	0.5417	0	0.0134
0.011	0.0985	0.0855	-0.0349	0.0433	0.5807	-0.8127	-0.0487	113	115	11	2	5	0.0063	0.42	0	0.019
0.0109	0.0886	0.1637	-0.097	0.0485	0.615	-0.7811	0.1084	114	116	11	2	6	0.0015	0.4583	0	0.0125
0.0109	0.0788	0.202	-0.1817	0.0342	0.6414	-0.7645	0.0647	115	117	11	2	7	0.0073	0.35	0	0.0185
0.008	0.0329	0.2433	-0.2517	0.0274	0.7234	-0.6904	-0.0008	116	118	11	2	8	0.0006	0.375	0	0.008
0.0105	0.0825	0.2815	-0.2638	0.0195	0.6714	-0.6472	0.3611	117	119	11	2	9	0.0073	0.2	0	0.0199
0.01	0.0521	0.2908	-0.3267	0.0299	0.2242	-0.9731	-0.0522	118	120	11	2	10	0.0131	0.35	0	0.0104
0.0101	0.0419	0.297	-0.3693	0.0233	-0.8061	-0.5842	-0.0946	119	121	11	2	11	0.0011	0.2917	0	0.0129
0.0092	0.0653	0.2691	-0.3972	0.0152	-0.6549	-0.6645	-0.3599	120	122	11	2	12	0.0012	0.5	0	0.0093
0.0078	0.0025	0.2211	-0.4334	-0.0106	-0.676	-0.6082	-0.4162	121	123	11	2	13	0.0039	0.4063	0	0.0078
0.0098	0.0448	0.2228	-0.444	-0.0009	0.7842	-0.3316	-0.5245	122	124	11	2	14	0.0066	0.225	0	0.0158
0.0084	0.0426	0.2595	-0.4693	-0.016	0.965	0.2379	0.1108	123	125	11	2	15	0.01	0.05	0	0.01
0.0082	0.017	0.3005	-0.4592	-0.0113	0.9915	-0.102	0.081	124	0	11	2	16	0.01	0.05	0	0.01
0.009	0.0952	0.2396	0.4166	0.039	-0.7165	0.6284	-0.303	41	127	12	2	1	0.0013	0.4583	0	0.009
0.009	0.034	0.1655	0.4741	0.0124	-0.369	0.9294	0.008	126	0	12	2	2	0.0021	0.4167	0	0.009
0.0103	0.1533	0.2187	0.3853	0.0373	-0.1453	-0.9892	0.0186	40	129	66	2	1	0.0023	0.575	0	0.0113
0.0103	0.0636	0.1843	0.233	0.0411	0.0611	-0.9949	0.0803	128	130	66	2	2	0.0049	0.475	0	0.0156
0.0093	0.0263	0.2078	0.1603	0.0494	-0.4484	-0.8744	0.1852	129	131	66	2	3	0.0013	0.4583	0	0.0093
0.0101	0.0449	0.1813	0.125	0.0527	0.6337	-0.7654	0.112	130	132	66	2	4	0.0044	0.225	0	0.0297
0.0101	0.1073	0.2169	0.0857	0.0748	0.847	-0.2973	-0.4407	131	133	66	2	5	0.0022	0.4688	0	0.0138
0.0081	0.0789	0.3113	0.0557	0.0375	0.9395	0.0415	-0.3401	132	134	66	2	6	0.005	0.7188	0	0.0081
0.0102	0.0233	0.3263	0.0163	0.0169	0.4974	-0.752	-0.4326	133	135	66	2	7	0.0012	0.625	0	0.011
0.0094	0.0392	0.3233	0	0.0039	0.0396	-0.835	-0.5489	134	0	66	2	8	0.0031	0.625	0	0.0095
0.0083	0.0457	0.4154	0.4337	-0.0021	-0.2171	0.9694	-0.1145	44	137	35	2	1	0.0019	0.5417	0	0.0083
0.0083	0.0145	0.4036	0.4795	-0.0012	-0.588	0.7174	-0.3737	136	0	35	2	2	0.0021	0.2917	0	0.0109
0.0146	0.0203	0.3009	0.3823	0.0101	-0.3705	-0.5812	-0.7245	41	139	44	2	1	0.0038	0.4167	1	0.0146
0.0146	0.0685	0.2934	0.3705	-0.0046	-0.1805	-0.9282	0.3255	138	140	44	2	2	0.0038	0.4167	0	0.0146
0.0146	0.0297	0.2825	0.3082	0.0219	-0.5771	-0.7026	0.4163	139	0	44	2	3	0.01	0.05	0	0.01
0.0096	0.067	0.3839	0.3969	-0.0074	0.4999	-0.8585	-0.1145	43	142	46	2	1	0.0023	0.5833	0	0.0096
0.0096	0.0516	0.4175	0.3394	-0.0158	0.0806	-0.9873	-0.1368	141	0	46	2	2	0.01	0.05	0	0.01
0.0085	0.058	0.5021	0.4603	0.0076	0.6509	-0.6276	-0.427	47	144	55	2	1	0.0028	0.5	1	0.0108
0.0085	0.0335	0.5398	0.4239	-0.0171	0.2839	-0.9586	0.0227	143	145	55	2	2	0.0028	0.5	0	0.0108
0.0085	0.034	0.5484	0.3893	-0.0139	0.714	-0.6161	-0.3327	144	0	55	2	3	0.0022	0.5	0	0.0085
0.0088	0.0956	0.5053	0.4947	0.0503	0.9877	0.1474	0.0527	49	0	60	2	1	0.0014	0.5	0	0.0088
0.0099	0.0249	0.5417	0.6816	0.0542	0.8267	0.5459	-0.1361	50	148	63	2	1	0.0033	0.4167	1	0.0099
0.0099	0.0897	0.5623	0.6952	0.0508	0.0157	0.8756	-0.4829	147	149	63	2	2	0.0033	0.4167	0	0.0099
0.0099	0.0052	0.5687	0.7735	0.0121	0.4755	0.726	-0.4968	148	0	63	2	3	0.01	0.05	0	0.01
0.0094	0.0974	-0.243	-0.2112	-0.0018	-0.2897	0.9158	0.2782	56	151	39	2	1	0.0018	0.6667	0	0.0094
0.0094	0.0085	-0.2754	-0.1235	0.0232	0.1394	0.6416	-0.7543	150	0	39	2	2	0.01	0.05	0	0.01
0.0055	0.0424	0.1653	-0.6431	-0.0406	0.8447	-0.4735	0.2495	68	153	36	3	1	0.0025	0.375	1	0.0114
0.0055	0.0673	0.1999	-0.6611	-0.0311	0.8231	0.1637	-0.5438	152	0	36	3	2	0.0056	0.375	0	0.0114
0.0093	0.0947	0.2094	-0.5775	-0.047	0.0957	0.9861	0.1358	69	0	37	3	1	0.0032	0.5	0	0.0093
0.0101	0.0941	0.0429	-0.3249	-0.006	0.8396	0.5375	0.0789	79	156	24	3	1	0.0028	0.5	0	0.0114
0.0101	0.045	0.1183	-0.2776	-0.0006	-0.6653	0.7462	-0.0255	155	157	24	3	2	0.0013	0.4167	0	0.0101
0.0101	0.0332	0.0882	-0.2389	-0.0075	-0.9209	-0.302	-0.2465	156	0	24	3	3	0.0012	0.3333	0	0.0104
0.0032	0.0691	-0.2723	0.2089	0.0075	-0.8426	0.5384	-0.0139	85	159	27	3	1	0.0012	0.25	0	0.0131
0.0025	0.0535	-0.3314	0.2427	0.0138	-0.9181	0.3911	0.0646	158	0	27	3	2	0.01	0.05	0	0.01
0.0108	0.05	-0.2484	0.1856	0.027	0.062	-0.9686	0.2406	84	161	67	3	1	0.0018	0.5	1	0.0108
0.0108	0.0673	-0.2453	0.1371	0.039	0.0245	-0.9973	0.0699	160	162	67	3	2	0.0018	0.5	0	0.0108
0.0108	0.0195	-0.2435	0.0694	0.046	-0.9682	0.2228	0.1142	161	0	67	3	3	0.0011	0.2917	0	0.0077
0.0119	0.0711	-0.3313	0.3503	-0.008	-0.8919	-0.4491	0.053	89	164	28	3	1	0.0018	0.5417	1	0.0121
0.0118	0.0662	-0.3947	0.3184	-0.0042	-0.5447	-0.5344	0.6463	163	165	28	3	2	0.0018	0.5417	0	0.0121
0.0101	0.0467	-0.4294	0.2801	0.038	-0.8634	-0.4482	0.2316	164	166	28	3	3	0.0012	0.5417	0	0.01
0.0104	0.0252	-0.475	0.2543	0.0529	-0.5764	0.7921	0.2011	165	0	28	3	4	0.0035	0.4583	0	0.0106
0.0088	0.0988	-0.3227	0.4608	0.0203	0.966	0.0336	0.2562	90	168	29	3	1	0.0015	0.5833	0	0.0088
0.0088	0.0253	-0.2254	0.4611	0.045	0.8295	0.405	0.3846	167	0	29	3	2	0.0016	0.4167	0	0.0116
0.009	0.1501	-0.1155	0.4642	0.0454	-0.0747	0.9969	-0.0233	103	170	30	3	1	0.0011	0.5833	0	0.009
0.009	0.0651	-0.1285	0.6138	0.0421	0.0066	0.9992	-0.0394	169	171	30	3	2	0.0012	0.5	0	0.0091
0.009	0.0352	-0.1291	0.6814	0.0505	0.1333	0.9677	-0.214	170	0	30	3	3	0.0013	0.375	0	0.0094
0.0098	0.108	-0.0229	0.4102	0.0184	0.3407	0.9254	-0.1659	100	173	68	3	1	0.0022	0.5625	1	0.0107
0.0098	0.1073	0.0139	0.5102	0.0005	0.3439	0.912	-0.2235	172	174	68	3	2	0.0022	0.5625	0	0.0107
0.0097	0.1204	0.0404	0.6028	-0.0132	-0.6321	0.7266	-0.2694	173	175	68	3	3	0.0023	0.375	0	0.0143
0.0092	0.0179	-0.0287	0.7026	-0.0352	-0.8428	0.5344	-0.064	174	176	68	3	4	0.0045	0.5	0	0.0092
0.0095	0.03	-0.0446	0.7113	-0.0334	-0.898	0.4229	-0.1213	175	0	68	3	5	0.0026	0.4167	0	0.0108
0.0099	0.0174	-0.1861	0.5087	0.0665	0.2788	0.2523	0.9266	103	178	48	3	1	0.002	0.5417	1	0.012
0.0099	0.0648	-0.1813	0.5131	0.0826	0.0608	0.9724	-0.2252	177	179	48	3	2	0.002	0.5417	0	0.012
0.0099	0.0412	-0.1751	0.5763	0.0695	-0.1013	0.9944	0.0291	178	0	48	3	3	0.003	0.4583	0	0.0099
0.0054	0.0689	-0.2521	0.5492	0.0698	-0.4879	-0.7981	-0.3535	104	0	49	3	1	0.0044	0.5417	0	0.0054
0.0105	0.1475	0.0062	0.0359	0.0333	0.2074	-0.9759	-0.0674	113	182	33	3	1	0.0016	0.5833	0	0.011
0.0105	0.0585	0.0425	-0.1064	0.0269	0.3927	-0.8916	-0.2253	181	183	33	3	2	0.0014	0.5417	0	0.0139
0.0089	0.0634	0.0596	-0.1717	0.023	0.9344	-0.34	0.1062	182	184	33	3	3	0.001	0.5417	0	0.0088
0.0088	0.0123	0.122	-0.1945	0.0285	0.4829	0.7776	0.4027	183	0	33	3	4	0.0018	0.3333	0	0.0082
0.0105	0.0764	0.0933	-0.0276	0.0435	0.9895	-0.0767	0.1228	113	186	34	3	1	0.0036	0.4375	1	0.0138
0.0104	0.1194	0.1689	-0.0334	0.0529	0.8232	-0.4833	-0.298	185	187	34	3	2	0.0036	0.4375	0	0.0138
0.0101	0.0748	0.2518	-0.1028	0.0229	0.5878	-0.8066	-0.0622	186	188	34	3	3	0.0036	0.3	0	0.0159
0.0089	0.0637	0.2994	-0.1398	0.0109	0.98	-0.1807	-0.0839	187	189	34	3	4	0.0012	0.3333	0	0.0089
0.0096	0.0585	0.3534	-0.1689	0.0079	0.8991	-0.4126	0.146	188	190	34	3	5	0.0049	0.3	0	0.0164
0.0077	0.0492	0.3931	-0.1965	0.0101	0.2451	-0.9689	0.0337	189	191	34	3	6	0.0029	0.625	0	0.0077
0.008	0.006	0.4239	-0.2208	0.0178	0.7438	-0.6426	0.1841	190	0	34	3	7	0.0041	0.4063	0	0.0082
0.0037	0.0845	0.2102	-0.1747	0.0357	-0.4612	-0.8785	-0.125	116	0	69	3	1	0.0066	0.2	0	0.0109
0.01	0.0148	0.3224	-0.289	0.0404	0.7579	0.5751	0.308	118	194	43	3	1	0.0037	0.4167	1	0.0153
0.01	0.0612	0.335	-0.2782	0.0513	0.9136	0.2686	-0.3054	193	195	43	3	2	0.0043	0.35	0	0.0153
0.01	0.0522	0.3931	-0.2597	0.0353	0.7468	-0.6519	-0.1319	194	0	43	3	3	0.0014	0.5	0	0.01
0.0106	0.051	0.2501	-0.4046	0.0121	-0.9502	0.2359	-0.2036	121	0	61	3	1	0.0027	0.625	0	0.0106
0.0092	0.0675	0.1877	0.1417	0.0547	-0.3599	-0.8905	0.2785	130	198	13	3	1	0.0024	0.5417	0	0.0092
0.0092	0.0201	0.1704	0.0807	0.0728	-0.1188	-0.9852	0.1231	197	199	13	3	2	0.001	0.2917	0	0.0095
0.0092	0.0412	0.1717	0.0609	0.0681	0.3338	-0.9288	0.161	198	0	13	3	3	0.01	0.05	0	0.01
0.0098	0.1318	0.1934	0.2496	0.0379	0.9024	-0.4254	0.0691	129	201	70	3	1	0.0022	0.5417	0	0.0178
0.0098	0.1039	0.3107	0.1893	0.0088	0.999	0.007	-0.0443	200	202	70	3	2	0.0024	0.4063	0	0.0272
0.007	0.01	0.3999	0.2238	-0.0065	0.8868	0.2621	-0.3807	201	203	70	3	3	0.0035	0.5833	0	0.0069
0.0098	0.0491	0.4085	0.2263	-0.0102	0.263	-0.921	0.2875	202	0	70	3	4	0.01	0.05	0	0.01
0.0025	0.1007	0.3183	0.0102	0.0182	-0.0611	0.9702	0.2346	134	205	57	3	1	0.0122	0.25	1	0.01
0.0025	0.0139	0.313	0.1182	0.0281	-0.8296	0.471	0.2997	204	0	57	3	2	0.0056	0.125	0	0.01
0.0075	0.1126	0.2856	0.2598	0.0394	0.7348	0.5814	-0.3493	139	0	54	3	1	0.0016	0.375	0	0.0075
0.0112	0.0642	-0.4198	0.3075	0.0259	-0.2838	0.9006	-0.3292	164	208	71	4	1	0.0038	0.375	0	0.0155
0.0112	0.0634	-0.4418	0.3713	0	0.8816	0.4538	-0.1297	207	209	71	4	2	0.0013	0.4167	0	0.0112
0.0112	0.0422	-0.3793	0.3949	-0.0138	0.6933	0.6997	0.1723	208	0	71	4	3	0.0019	0.5	0	0.0119
0.0091	0.0484	-0.1134	0.4956	0.0369	0.8625	0.3043	-0.4044	169	211	72	4	1	0.0032	0.5417	0	0.0111
0.0091	0.0466	-0.0732	0.5105	0.0187	-0.0338	0.9895	-0.1406	210	212	72	4	2	0.001	0.5	0	0.0091
0.0091	0.0431	-0.0898	0.5632	0.0151	0.3651	0.9126	-0.1839	211	0	72	4	3	0.01	0.05	0	0.01
0.0082	0.0798	0.0329	0.533	-0.0068	0.94	-0.2525	0.2294	173	214	31	4	1	0.0026	0.4583	0	0.0082
0.0082	0.0364	0.1182	0.5238	0.0081	-0.74	0.6689	-0.07	213	215	31	4	2	0.0078	0.275	0	0.0182
0.0082	0.0462	0.0959	0.5577	-0.0076	-0.9578	0.2233	-0.1808	214	0	31	4	3	0.0013	0.4167	0	0.0082
0.0111	0.3937	-0.0402	0.2092	0.0503	0.0244	-0.9911	-0.1308	181	217	73	4	1	0.0012	0.5	0	0.0111
0.0111	0.0222	-0.034	-0.1837	0.0001	0.6596	-0.5956	0.4584	216	0	73	4	2	0.0028	0.3333	0	0.0138
0.0084	0.0741	0.3338	-0.1426	0.0162	0.837	0.5235	-0.1592	188	219	51	4	1	0.0025	0.4583	0	0.0087
0.0084	0.0709	0.3873	-0.0994	0.0128	0.4527	0.8916	-0.0046	218	220	51	4	2	0.0011	0.625	0	0.009
0.0084	0.0179	0.4161	-0.0349	0.017	0.5532	0.817	0.1626	219	221	51	4	3	0.01	0.05	0	0.01
0.0084	0.0417	0.4259	-0.0203	0.0136	0.1699	0.9854	-0.0072	220	0	51	4	4	0.0008	0.3333	0	0.0081
0.0054	0.0682	0.324	-0.1443	-0.0001	-0.0675	0.9977	0.002	188	223	58	4	1	0.0075	0.275	0	0.0132
0.0054	0.0263	0.3198	-0.0763	-0.009	-0.3469	0.9376	-0.0231	222	0	58	4	2	0.0044	0.4688	0	0.0054
0.0083	0.0628	0.4258	-0.2119	0.0166	0.2134	0.9679	-0.1328	191	225	59	4	1	0.0016	0.4167	1	0.0083
0.0083	0.0402	0.4392	-0.1512	0.0082	-0.8266	0.4949	0.2678	224	0	59	4	2	0.0016	0.4167	0	0.0083
0.0077	0.097	0.3812	-0.2744	0.0401	-0.0229	-0.9927	0.1182	194	227	52	4	1	0.0013	0.5417	0	0.0077
0.0077	0.0156	0.3816	-0.3738	0.0486	-0.812	-0.5718	-0.1168	226	0	52	4	2	0.01	0.05	0	0.01
0.0051	0.1329	-0.4497	0.3691	-0.0029	-0.6799	0.7322	-0.0402	207	0	41	5	1	0.0018	0.3333	0	0.0117
