radius (m)	length (m)	start_point	axis_direction	parent	extension	branch	branch_order	position_in_branch	mad	SurfCov	added	UnmodRadius (m)
0.015	0.0489	-0.2311	0.0377	-0.1571	-0.0027	-0.4355	0.9002	0	2	1	0	1	0.0027	0.6667	0	0.0129
0.015	0.0559	-0.2282	0.0195	-0.1082	-0.877	0.3629	0.315	1	3	1	0	2	0.0019	0.7083	0	0.015
0.015	0.0454	-0.2725	0.0286	-0.0848	-0.922	-0.2292	0.3119	2	4	1	0	3	0.0029	0.25	0	0.009
0.0173	0.047	-0.3166	0.0504	-0.0774	-0.9797	-0.0288	0.1985	3	5	1	0	4	0.001	0.3333	0	0.021
0.015	0.0271	-0.3586	0.026	-0.0594	-0.9387	-0.0358	0.3429	4	6	1	0	5	0.0062	0.4063	0	0.0104
0.015	0.0262	-0.3739	0.0368	-0.0505	0.0416	-0.005	0.9991	5	7	1	0	6	0.01	0.05	0	0.01
0.015	0.0337	-0.388	0.0281	-0.046	-0.4014	-0.7186	0.5679	6	0	1	0	7	0.0034	0.125	0	0.008
0.0107	0.0555	-0.2214	0.0018	-0.1064	0.6473	0.0668	0.7593	2	0	2	1	1	0.0063	0.45	0	0.0107
0.0126	0.1072	-0.2775	0.0296	-0.0796	0.9846	-0.0791	-0.1562	2	10	84	1	1	0.011	0.2167	0	0.0254
0.0131	0.0494	-0.1752	0.0154	-0.1077	0.9682	-0.0951	-0.2314	9	11	84	1	2	0.0023	0.4583	0	0.0142
0.0119	0.0413	-0.128	0.0163	-0.1234	0.8248	0.3966	0.403	10	12	84	1	3	0.0014	0.4167	0	0.0126
0.0116	0.0367	-0.0964	0.0393	-0.1115	0.7636	0.5388	0.3558	11	13	84	1	4	0.0012	0.4583	0	0.0119
0.0131	0.0411	-0.0802	0.0646	-0.0926	0.5339	0.3083	0.7873	12	14	84	1	5	0.0014	0.4583	0	0.0148
0.0124	0.0069	-0.0608	0.0757	-0.0599	0.0826	0.0636	0.9946	13	15	84	1	6	0.0048	0.4688	0	0.0132
0.0082	0.0465	-0.0593	0.0749	-0.048	0.8791	-0.4035	-0.2537	14	16	84	1	7	0.0006	0.2917	0	0.0072
0.0081	0.0492	-0.024	0.0472	-0.053	0.7254	-0.64	-0.2533	15	17	84	1	8	0.006	0.2292	0	0.0059
0.01	0.0241	0.0121	0.0215	-0.0775	0.5074	-0.7835	-0.3586	16	18	84	1	9	0.01	0.05	0	0.01
0.0081	0.001	0.0185	-0.0028	-0.0732	0.3738	-0.9031	-0.2113	17	19	84	1	10	0.0008	0.4167	0	0.0079
0.0091	0.0244	0.026	-0.0045	-0.0685	0.4987	-0.3709	-0.7834	18	20	84	1	11	0.0008	0.2917	0	0.0091
0.0104	0.0279	0.0432	-0.011	-0.0721	0.5593	0.769	-0.3096	19	21	84	1	12	0.0012	0.3333	0	0.0104
0.0092	0.0255	0.0611	0.0045	-0.082	0.5	0.3665	-0.7846	20	22	84	1	13	0.0009	0.4167	0	0.0092
0.01	0.0042	0.0673	0.0177	-0.0948	0.1908	0.9283	-0.3191	21	23	84	1	14	0.01	0.05	0	0.01
0.008	0.0292	0.0701	0.0198	-0.0983	0.8028	0.2342	0.5483	22	24	84	1	15	0.0011	0.2917	0	0.0073
0.008	0.0404	0.087	0.0154	-0.1002	0.9126	-0.4003	-0.0825	23	25	84	1	16	0.0071	0.4167	0	0.0068
0.0094	0.0108	0.1318	0.0154	-0.099	0.8371	-0.2719	-0.4746	24	26	84	1	17	0.0079	0.375	0	0.0094
0.0079	0.026	0.1369	-0.0088	-0.0911	0.9727	-0.2209	-0.0708	25	27	84	1	18	0.0103	0.3333	0	0.006
0.0078	0.0296	0.162	-0.018	-0.1118	0.7341	-0.6694	0.1137	26	28	84	1	19	0.0069	0.3438	0	0.0076
0.0078	0.0244	0.1622	-0.0427	-0.0964	0.152	-0.9799	-0.1295	27	29	84	1	20	0.0085	0.4167	0	0.0074
0.0077	0.0193	0.1661	-0.0556	-0.0897	-0.3089	-0.6287	0.7136	28	30	84	1	21	0.004	0.4583	0	0.007
0.0094	0.0296	0.1758	-0.0774	-0.0932	0.2752	-0.7083	0.6501	29	31	84	1	22	0.0064	0.4167	0	0.0094
0.0081	0.0272	0.1905	-0.0877	-0.0787	0.85	-0.5268	-0.0068	30	32	84	1	23	0.003	0.5313	0	0.0081
0.0076	0.0346	0.2131	-0.0936	-0.0843	0.9402	-0.1322	-0.3139	31	33	84	1	24	0.0008	0.2083	0	0.0074
0.0109	0.0221	0.2409	-0.0962	-0.1027	0.8379	0.3132	-0.4469	32	34	84	1	25	0.0009	0.375	0	0.0117
0.009	0.0264	0.2698	-0.0997	-0.105	0.7446	0.3174	-0.5872	33	35	84	1	26	0.0008	0.2917	0	0.009
0.0101	0.0269	0.2927	-0.0952	-0.1122	0.944	0.1387	-0.2993	34	36	84	1	27	0.0011	0.25	0	0.0104
0.0084	0.0306	0.3128	-0.1053	-0.1108	0.9422	-0.1585	0.2953	35	37	84	1	28	0.0069	0.2813	0	0.0084
0.0098	0.0225	0.3311	-0.1143	-0.1085	0.1728	-0.9333	0.3148	36	38	84	1	29	0.01	0.05	0	0.01
0.0119	0.0311	0.3436	-0.1228	-0.1075	0.8313	-0.3809	0.4048	37	39	84	1	30	0.0036	0.3	0	0.0249
0.0097	0.0161	0.356	-0.1261	-0.0976	-0.5041	-0.8478	-0.1649	38	40	84	1	31	0.01	0.05	0	0.01
0.0099	0.0399	0.356	-0.1331	-0.1023	0.6478	-0.6923	0.3179	39	41	84	1	32	0.0009	0.2917	0	0.0104
0.0084	0.0282	0.3868	-0.1496	-0.0829	0.9261	-0.2367	-0.2939	40	42	84	1	33	0.0009	0.375	0	0.0084
0.0098	0.0145	0.4119	-0.159	-0.0906	0.8293	-0.1888	0.5259	41	43	84	1	34	0.0013	0.25	0	0.0104
0.0098	0.0273	0.4219	-0.1618	-0.0825	0.0357	-0.9982	-0.0479	42	44	84	1	35	0.0012	0.3333	0	0.0102
0.012	0.0313	0.4376	-0.168	-0.0875	0.7907	-0.5854	-0.1791	43	45	84	1	36	0.0112	0.375	0	0.0153
0.0078	0.024	0.4631	-0.1827	-0.0851	0.9338	0.2866	-0.2141	44	46	84	1	37	0.003	0.4063	0	0.0078
0.0068	0.0135	0.4841	-0.1855	-0.0796	0.9629	0.1282	0.2373	45	47	84	1	38	0.0049	0.5	0	0.0064
0.008	0.0326	0.5063	-0.1812	-0.0826	0.5893	-0.404	0.6996	46	48	84	1	39	0.006	0.4167	0	0.008
0.009	0.0346	0.5282	-0.1867	-0.0657	0.9237	-0.0273	0.3821	47	49	84	1	40	0.01	0.05	0	0.01
0.0101	0.0213	0.5173	-0.2018	-0.0502	0.2861	-0.7701	0.5702	48	50	84	1	41	0.0008	0.2917	0	0.012
0.0089	0.0424	0.5272	-0.2204	-0.0407	0.6467	0.6724	0.36	49	51	84	1	42	0.001	0.375	0	0.0091
0.0088	0.0254	0.5551	-0.2005	-0.0367	0.9559	0.2508	-0.1527	50	52	84	1	43	0.004	0.4583	0	0.0089
0.0089	0.0075	0.5805	-0.2073	-0.0211	0.8873	-0.3549	-0.2945	51	53	84	1	44	0.0042	0.4167	0	0.0092
0.0085	0.0251	0.5925	-0.203	-0.025	0.7737	-0.489	0.4029	52	54	84	1	45	0.01	0.05	0	0.01
0.0084	0.0312	0.5785	-0.2093	-0.0183	-0.1954	-0.7164	0.6698	53	0	84	1	46	0.01	0.05	0	0.01
0.01	0.0312	-0.3472	0.0153	-0.0528	0.6743	-0.6288	0.3871	5	56	37	1	1	0.01	0.05	1	0.01
0.01	0.0455	-0.3262	-0.0043	-0.0407	-0.9431	-0.2235	-0.2463	55	57	37	1	2	0.01	0.05	0	0.01
0.01	0.0224	-0.3691	-0.0145	-0.0519	-0.2532	-0.957	-0.1418	56	58	37	1	3	0.01	0.05	0	0.01
0.01	0.0274	-0.3747	-0.0351	-0.0499	-0.7997	-0.5886	0.1183	57	0	37	1	4	0.01	0.05	0	0.01
0.0108	0.0819	-0.2415	0.0399	-0.0874	-0.0655	0.0468	0.9968	9	60	3	2	1	0.0032	0.5	0	0.0108
0.0108	0.0097	-0.2459	0.0413	-0.0047	0.3016	0.4852	0.8208	59	0	3	2	2	0.01	0.05	0	0.01
0.0068	0.05	-0.1973	0.0357	-0.0908	0.1269	0.9867	0.1014	9	62	4	2	1	0.0027	0.375	1	0.0068
0.0068	0.0464	-0.1909	0.085	-0.0857	0.2569	0.227	0.9394	61	0	4	2	2	0.0027	0.375	0	0.0068
0.0113	0.0633	-0.1334	0.0267	-0.121	-0.5454	0.4838	0.6844	11	64	85	2	1	0.0063	0.425	1	0.0166
0.0113	0.0551	-0.1459	0.0652	-0.0689	-0.241	-0.3441	0.9075	63	65	85	2	2	0.0043	0.5	0	0.0166
0.0105	0.0436	-0.1597	0.0556	-0.0172	0.9722	0.0147	0.2335	64	66	85	2	3	0.0014	0.5417	0	0.0105
0.0113	0.055	-0.1062	0.0494	-0.0118	0.6001	0.6322	0.4901	65	67	85	2	4	0.0014	0.5833	0	0.0131
0.0113	0.041	-0.0847	0.0831	0.0037	0.6683	0.2596	-0.6971	66	68	85	2	5	0.0016	0.2083	0	0.0116
0.0108	0.0164	-0.0512	0.0865	-0.0234	0.2889	0.0456	-0.9563	67	69	85	2	6	0.0046	0.4063	0	0.0108
0.0113	0.051	-0.0536	0.0848	-0.0243	0.8771	0.162	0.4521	68	70	85	2	7	0.0017	0.5	0	0.0132
0.0088	0.0438	-0.0041	0.0844	-0.0096	0.8983	0.4363	0.052	69	71	85	2	8	0.0009	0.4583	0	0.0088
0.0112	0.0272	0.0351	0.0913	0.0099	0.9772	0.1709	0.1263	70	72	85	2	9	0.0014	0.375	0	0.0154
0.0112	0.0217	0.0545	0.0946	0.0182	0.5287	-0.5631	0.6351	71	73	85	2	10	0.0047	0.4688	0	0.0121
0.0111	0.0483	0.0574	0.0826	0.0304	-0.0987	0.7697	0.6307	72	74	85	2	11	0.0014	0.4167	0	0.0151
0.0082	0.0325	0.0536	0.1196	0.0508	-0.9469	0.3072	-0.0943	73	75	85	2	12	0.0009	0.2917	0	0.0082
0.0111	0.0526	0.0258	0.1306	0.0531	-0.7884	-0.376	0.4869	74	76	85	2	13	0.0013	0.4583	0	0.014
0.0109	0.0616	-0.0102	0.1141	0.0802	0.1702	-0.6293	0.7583	75	77	85	2	14	0.0014	0.5833	0	0.011
0.0107	0.0299	0.006	0.0707	0.1186	0.2868	-0.7341	0.6155	76	78	85	2	15	0.0018	0.2917	0	0.0135
0.0094	0.0323	0.02	0.0593	0.1359	0.8868	-0.4495	0.108	77	79	85	2	16	0.0012	0.375	0	0.0094
0.0107	0.0404	0.0471	0.0406	0.14	0.9311	-0.3434	0.1232	78	80	85	2	17	0.0011	0.3333	0	0.0121
0.0085	0.0279	0.0761	0.0202	0.1351	0.124	-0.875	0.468	79	81	85	2	18	0.0009	0.2917	0	0.0085
0.0075	0.0341	0.0829	0.0001	0.1482	0.717	-0.567	0.4054	80	82	85	2	19	0.0011	0.2917	0	0.0075
0.0102	0.0339	0.1006	-0.0248	0.1719	0.8586	-0.2645	0.4392	81	83	85	2	20	0.0009	0.2083	0	0.0143
0.0097	0.0293	0.1268	-0.0342	0.1874	0.1793	0.1284	0.9754	82	84	85	2	21	0.0012	0.25	0	0.0099
0.0097	0.0153	0.1288	-0.0305	0.2153	-0.2082	0.0078	0.9781	83	85	85	2	22	0.001	0.2917	0	0.0099
0.007	0.051	0.1259	-0.0468	0.2198	-0.4261	-0.4943	0.7577	84	86	85	2	23	0.0062	0.4167	0	0.0069
0.0092	0.0281	0.1138	-0.0732	0.2587	-0.122	-0.8365	0.5342	85	87	85	2	24	0.01	0.05	0	0.01
0.0085	0.0371	0.0975	-0.0885	0.2479	-0.5617	-0.8271	0.0185	86	88	85	2	25	0.0008	0.5	0	0.0085
0.0074	0.0544	0.063	-0.098	0.26	-0.819	-0.5682	0.0799	87	89	85	2	26	0.005	0.4167	0	0.0074
0.0069	0.0457	0.0835	-0.063	0.2749	-0.4258	0.2811	0.8601	88	90	85	2	27	0.0126	0.375	0	0.0056
0.0089	0.0597	0.0947	-0.0555	0.3066	0.2898	0.6172	0.7315	89	91	85	2	28	0.0062	0.375	0	0.0095
0.0082	0.0225	0.1071	-0.0122	0.3477	0.3306	0.5575	0.7615	90	92	85	2	29	0.01	0.05	0	0.01
0.009	0.0135	0.0827	-0.065	0.307	0.2547	-0.7076	0.6591	91	93	85	2	30	0.001	0.3333	0	0.0103
0.0079	0.0111	0.0945	-0.0773	0.3095	-0.0304	-0.9271	0.3735	92	94	85	2	31	0.01	0.05	0	0.01
0.0078	0.0026	0.0947	-0.0864	0.313	0.8873	-0.4404	-0.1373	93	95	85	2	32	0.01	0.05	0	0.01
0.0076	0.0095	0.0948	-0.091	0.3153	0.335	0.4308	0.838	94	0	85	2	33	0.01	0.05	0	0.01
0.0073	0.0643	-0.1145	0.0012	-0.112	0.8497	-0.5233	-0.0651	10	97	18	2	1	0.0069	0.4167	0	0.0073
0.0082	0.0306	-0.0729	-0.0353	-0.1158	0.1897	-0.9247	-0.33	96	98	18	2	2	0.01	0.05	0	0.01
0.008	0.0233	-0.057	-0.0334	-0.1165	0.95	-0.27	-0.1566	97	99	18	2	3	0.01	0.05	0	0.01
0.0079	0.0156	-0.0387	-0.024	-0.1195	0.9308	0.2418	-0.274	98	100	18	2	4	0.01	0.05	0	0.01
0.0078	0.004	-0.0411	-0.0352	-0.1213	0.5825	-0.7193	-0.3785	99	0	18	2	5	0.01	0.05	0	0.01
0.0107	0.0549	-0.0531	0.0662	-0.0696	0.634	0.2762	-0.7223	13	102	19	2	1	0.0031	0.3333	0	0.0109
0.0103	0.0349	-0.0179	0.0792	-0.1058	0.9933	0.0516	-0.1033	101	103	19	2	2	0.001	0.375	0	0.0103
0.0102	0.0025	0.0151	0.0733	-0.1134	0.8968	0.0339	-0.4412	102	104	19	2	3	0.01	0.05	0	0.01
0.01	0.0035	0.0153	0.0736	-0.1135	-0.4121	-0.2295	-0.8818	103	0	19	2	4	0.01	0.05	0	0.01
0.0025	0.044	0.1125	0.0127	-0.1042	-0.2228	0.6179	0.7541	24	106	50	2	1	0.0092	0.125	1	0.01
0.0025	0.0328	0.1067	0.0375	-0.0581	0.3083	-0.9149	-0.2606	105	107	50	2	2	0.0041	0.175	0	0.01
0.0032	0.0175	0.1157	0.0052	-0.0694	0.0199	-0.7808	0.6245	106	0	50	2	3	0.0042	0.225	0	0.0088
0.0086	0.0398	0.0927	0.0254	-0.0925	0.9527	-0.2952	-0.0719	23	109	51	2	1	0.0015	0.5417	0	0.0094
0.0086	0.01	0.1316	0.0245	-0.0964	0.9947	-0.0949	-0.0403	108	110	51	2	2	0.01	0.05	0	0.01
0.0086	0.0393	0.1517	0.0125	-0.0941	0.7417	0.6692	-0.0451	109	111	51	2	3	0.0016	0.2917	0	0.0104
0.0086	0.0078	0.1736	0.0286	-0.0953	-0.47	0.3819	0.7958	110	112	51	2	4	0.01	0.05	0	0.01
0.0086	0.039	0.1741	0.0328	-0.0944	-0.2897	0.957	-0.0147	111	113	51	2	5	0.0037	0.35	0	0.0299
0.0086	0.0148	0.171	0.0586	-0.0902	-0.7686	-0.6201	-0.1573	112	114	51	2	6	0.01	0.05	0	0.01
0.0086	0.0309	0.1457	0.0577	-0.0967	0.4432	0.8653	0.2342	113	115	51	2	7	0.0047	0.3	0	0.014
0.0086	0.0224	0.1642	0.0783	-0.0912	0.7897	0.6115	0.0496	114	116	51	2	8	0.0046	0.4375	0	0.0086
0.0086	0.0409	0.176	0.0829	-0.084	0.8314	-0.1934	0.5209	115	117	51	2	9	0.01	0.05	0	0.01
0.0086	0.0001	0.1821	0.0935	-0.0922	0.6889	0.6924	-0.2146	116	0	51	2	10	0.01	0.05	0	0.01
0.0111	0.0395	0.1619	-0.0285	-0.1103	-0.3462	-0.472	0.8108	27	119	58	2	1	0.0017	0.5	0	0.0124
0.0111	0.0344	0.1415	-0.0438	-0.0891	-0.5268	0.661	0.5344	118	120	58	2	2	0.0013	0.3333	0	0.0099
0.0111	0.0328	0.1151	-0.0338	-0.0758	-0.8427	0.5377	0.0256	119	121	58	2	3	0.0024	0.25	0	0.0195
0.0111	0.0662	0.1	-0.0233	-0.0805	-0.5533	-0.8008	-0.2293	120	122	58	2	4	0.0012	0.2917	0	0.0114
0.0111	0.0396	0.0536	-0.0708	-0.1005	-0.4465	-0.8891	-0.1007	121	123	58	2	5	0.0048	0.4	0	0.0111
0.0111	0.0282	0.035	-0.0971	-0.11	-0.8906	-0.3022	-0.3399	122	0	58	2	6	0.01	0.05	0	0.01
0.0074	0.0236	0.1724	-0.0578	-0.0996	0.9847	-0.072	-0.1589	28	125	60	2	1	0.01	0.05	1	0.01
0.0074	0.014	0.1956	-0.0595	-0.1033	0.5143	-0.5601	0.6495	124	126	60	2	2	0.01	0.05	0	0.01
0.0074	0.0103	0.2057	-0.0615	-0.093	0.9002	-0.4355	-0.0031	125	127	60	2	3	0.01	0.05	0	0.01
0.0074	0.0176	0.2125	-0.0687	-0.1014	0.3763	0.8432	-0.3841	126	0	60	2	4	0.01	0.05	0	0.01
0.0048	0.0153	0.1711	-0.0904	-0.0811	-0.9989	0.0401	-0.0245	30	129	62	2	1	0.0021	0.375	1	0.0101
0.0048	0.0357	0.1582	-0.0887	-0.0743	-0.8977	0.3693	0.2403	128	130	62	2	2	0.0028	0.175	0	0.0101
0.0025	0.0146	0.1308	-0.0776	-0.0692	-0.1164	0.7804	-0.6144	129	0	62	2	3	0.01	0.05	0	0.01
0.0074	0.0206	0.2138	-0.0937	-0.0925	0.0258	-0.0015	-0.9997	32	132	66	2	1	0.001	0.4167	1	0.0112
0.0074	0.0373	0.2144	-0.0937	-0.1131	-0.5667	-0.6273	0.5342	131	133	66	2	2	0.001	0.4167	0	0.0112
0.0074	0.0263	0.2027	-0.1217	-0.1067	0.0053	-0.9447	0.3278	132	134	66	2	3	0.0078	0.5	0	0.0074
0.0074	0.0326	0.2053	-0.1446	-0.1012	0.5813	-0.8115	-0.0594	133	135	66	2	4	0.01	0.05	0	0.01
0.0074	0.0534	0.1933	-0.1623	-0.1039	-0.2478	-0.9037	-0.3491	134	136	66	2	5	0.001	0.4167	0	0.0079
0.0074	0.0369	0.1813	-0.2115	-0.1207	-0.2418	-0.9188	-0.3121	135	137	66	2	6	0.01	0.05	0	0.01
0.0074	0.0181	0.1738	-0.2399	-0.1426	-0.3444	-0.8102	-0.4743	136	138	66	2	7	0.01	0.05	0	0.01
0.0074	0.0132	0.1522	-0.2363	-0.1414	-0.8017	-0.5056	-0.3189	137	0	66	2	8	0.01	0.05	0	0.01
0.0049	0.0632	0.339	-0.1297	-0.0987	0.2864	-0.39	0.8752	38	140	73	2	1	0.0031	0.375	0	0.0092
0.0025	0.0257	0.3644	-0.1556	-0.0455	0.2051	-0.3143	0.9269	139	141	73	2	2	0.0012	0.125	0	0.01
0.0025	0.0178	0.363	-0.1515	-0.0465	-0.9623	-0.2274	0.149	140	0	73	2	3	0.0038	0.175	0	0.01
0.0094	0.0113	0.3711	-0.1595	-0.0998	-0.1527	-0.8198	-0.5519	40	143	76	2	1	0.0012	0.3333	1	0.014
0.0094	0.0366	0.3694	-0.1687	-0.106	-0.3577	-0.8853	0.297	142	144	76	2	2	0.0012	0.3333	0	0.014
0.0094	0.0334	0.3545	-0.1986	-0.0978	-0.8439	-0.5278	0.0957	143	145	76	2	3	0.001	0.375	0	0.0102
0.0084	0.0325	0.3263	-0.2135	-0.0975	-0.4987	-0.6391	-0.5856	144	146	76	2	4	0.0007	0.4167	0	0.0084
0.0082	0.015	0.3122	-0.2345	-0.1183	-0.4665	-0.713	-0.5234	145	147	76	2	5	0.0045	0.7083	0	0.0082
0.0082	0.0267	0.3038	-0.2376	-0.113	-0.045	-0.8692	0.4924	146	148	76	2	6	0.0011	0.4167	0	0.0079
0.0082	0.0218	0.2995	-0.2665	-0.1099	-0.2326	-0.8154	0.5301	147	149	76	2	7	0.0037	0.4167	0	0.0058
0.0086	0.0255	0.2885	-0.2793	-0.0917	-0.6441	-0.7649	0.0017	148	150	76	2	8	0.01	0.05	0	0.01
0.0085	0.0076	0.2944	-0.2878	-0.1017	0.1193	-0.7924	-0.5982	149	151	76	2	9	0.01	0.05	0	0.01
0.0083	0.0166	0.2953	-0.2939	-0.1063	0.1162	-0.9457	0.3036	150	0	76	2	10	0.01	0.05	0	0.01
0.0088	0.047	0.5165	-0.1956	-0.0734	-0.8827	-0.4224	0.2061	47	153	81	2	1	0.0026	0.4583	0	0.0088
0.0088	0.0022	0.4757	-0.2153	-0.0599	-0.7386	-0.6571	0.1507	152	154	81	2	2	0.01	0.05	0	0.01
0.0088	0.0286	0.4741	-0.2167	-0.0596	-0.5565	-0.4383	0.7058	153	0	81	2	3	0.01	0.05	0	0.01
0.0083	0.0617	0.5177	-0.229	-0.0378	-0.8706	-0.3719	0.322	49	156	82	2	1	0.0009	0.3333	0	0.0083
0.0093	0.0283	0.4656	-0.2619	-0.0242	-0.9486	-0.2608	0.1795	155	157	82	2	2	0.0008	0.4167	0	0.0101
0.0073	0.0107	0.4417	-0.2718	-0.0177	-0.6753	-0.709	0.2031	156	158	82	2	3	0.0025	0.625	0	0.0073
0.0081	0.014	0.4365	-0.2803	-0.0106	-0.8183	-0.5286	0.2259	157	159	82	2	4	0.01	0.05	0	0.01
0.0077	0.0166	0.425	-0.2877	-0.0075	-0.7732	0.1923	0.6043	158	0	82	2	5	0.01	0.05	0	0.01
0.0068	0.0251	0.5409	-0.2163	-0.0301	-0.2241	-0.8856	0.4068	50	161	83	2	1	0.001	0.4167	0	0.0064
0.0085	0.0279	0.5394	-0.2353	-0.0112	-0.7216	-0.4599	0.5175	160	162	83	2	2	0.0023	0.25	0	0.0136
0.0085	0.0047	0.5253	-0.2522	0.0064	-0.6548	-0.6067	0.4508	161	163	83	2	3	0.01	0.05	0	0.01
0.0085	0.0146	0.5222	-0.2551	0.0085	-0.5284	-0.0505	-0.8475	162	0	83	2	4	0.01	0.05	0	0.01
0.0126	0.0416	-0.3246	0.0545	-0.1244	-0.1187	-0.1619	0.9797	0	165	86	0	1	0.0026	0.3333	0	0.0134
0.0111	0.0401	-0.3381	0.0496	-0.0883	-0.4375	-0.7459	0.5022	164	166	86	0	2	0.0011	0.3333	0	0.0109
0.0106	0.0279	-0.3537	0.0228	-0.0596	-0.4901	-0.7817	0.3856	165	167	86	0	3	0.01	0.05	0	0.01
0.01	0.0271	-0.3493	0.0096	-0.0437	0.1127	-0.6748	0.7293	166	0	86	0	4	0.01	0.05	0	0.01
0.01	0.0667	-0.1492	0.0592	-0.0249	0.9933	0.0446	-0.1069	65	169	5	3	1	0.0024	0.5	0	0.013
0.01	0.0194	-0.0821	0.0749	-0.0252	0.7519	-0.3521	0.5574	168	170	5	3	2	0.0062	0.3438	0	0.0089
0.01	0.0307	-0.0687	0.0701	-0.0154	0.6419	0.6191	0.4524	169	171	5	3	3	0.01	0.05	0	0.01
0.01	0.019	-0.0729	0.0842	-0.0018	-0.1555	0.7193	0.677	170	0	5	3	4	0.01	0.05	0	0.01
0.0108	0.0678	-0.1227	0.0387	-0.0197	-0.8406	0.533	-0.0963	66	173	6	3	1	0.0069	0.225	1	0.0246
0.0106	0.0701	-0.1657	0.1038	-0.0017	-0.7753	0.5818	-0.2458	172	174	6	3	2	0.0075	0.325	0	0.0246
0.0074	0.0498	-0.212	0.1572	-0.0102	-0.6158	0.6734	-0.409	173	175	6	3	3	0.0072	0.4	0	0.0074
0.0085	0.0369	-0.2371	0.1819	-0.0546	-0.8083	0.4661	-0.3598	174	176	6	3	4	0.01	0.05	0	0.01
0.0078	0.0104	-0.2372	0.1855	-0.0379	-0.5027	0.4832	0.7168	175	0	6	3	5	0.01	0.05	0	0.01
0.0108	0.1651	-0.1715	0.0441	-0.0167	-0.8692	-0.3414	0.3576	64	178	87	3	1	0.0018	0.5625	0	0.0132
0.0108	0.0334	-0.3141	-0.0157	0.0513	-0.9669	0.19	0.1702	177	179	87	3	2	0.0014	0.4167	0	0.0156
0.0092	0.0256	-0.3356	-0.0209	0.0596	-0.6362	-0.4566	0.622	178	180	87	3	3	0.0056	0.5833	0	0.0092
0.0092	0.0178	-0.3512	-0.0258	0.0784	-0.8473	-0.1442	0.5111	179	0	87	3	4	0.01	0.05	0	0.01
0.0119	0.0528	-0.0893	0.06	0.0108	-0.4211	-0.2143	0.8813	66	182	21	3	1	0.0025	0.5	0	0.0119
0.0119	0.0066	-0.1078	0.0414	0.0467	-0.9174	0.095	-0.3864	181	183	21	3	2	0.01	0.05	0	0.01
0.0119	0.0233	-0.1139	0.0421	0.0442	0.1383	0.9328	0.3328	182	0	21	3	3	0.01	0.05	0	0.01
0.0102	0.0315	-0.0364	0.0894	-0.0359	0.4229	-0.0137	-0.9061	68	185	23	3	1	0.0025	0.4167	0	0.014
0.0102	0.0054	-0.0133	0.0824	-0.0652	0.2786	0.5127	-0.8121	184	186	23	3	2	0.01	0.05	0	0.01
0.0102	0.0111	-0.0126	0.0847	-0.0673	-0.8565	-0.377	-0.3527	185	187	23	3	3	0.01	0.05	0	0.01
0.0102	0.0084	-0.0212	0.079	-0.0754	-0.4025	-0.8886	0.2201	186	0	23	3	4	0.01	0.05	0	0.01
0.007	0.0463	0.0682	0.0615	0.0221	0.8171	-0.5745	-0.0479	73	189	24	3	1	0.0034	0.4583	0	0.007
0.007	0.0026	0.101	0.0352	0.0192	-0.1352	-0.7528	0.6443	188	0	24	3	2	0.01	0.05	0	0.01
0.0103	0.0545	0.0627	0.1086	0.0416	0.6042	0.7959	0.0389	73	191	26	3	1	0.002	0.5	0	0.0103
0.0087	0.0332	0.0889	0.1469	0.0443	-0.092	0.0118	-0.9957	190	192	26	3	2	0.0008	0.3333	0	0.0079
0.0104	0.0414	0.0904	0.151	0.0062	-0.8039	0.2679	-0.5309	191	193	26	3	3	0.0047	0.225	0	0.0201
0.01	0.009	0.0728	0.1679	-0.0057	-0.0882	0.9159	-0.3915	192	194	26	3	4	0.01	0.05	0	0.01
0.0087	0.0813	0.0739	0.1751	-0.0141	-0.8575	0.3125	-0.4088	193	195	26	3	5	0.0009	0.375	0	0.0069
0.01	0.0263	0.0024	0.1932	-0.0455	-0.954	0.1802	-0.2396	194	196	26	3	6	0.01	0.05	0	0.01
0.0087	0.0785	-0.0101	0.1972	-0.0392	0.671	0.3651	-0.6453	195	197	26	3	7	0.0009	0.4167	0	0.0087
0.0101	0.0374	0.0356	0.2385	-0.0862	0.632	0.5212	-0.5735	196	198	26	3	8	0.0011	0.3333	0	0.0108
0.01	0.0257	0.0553	0.2532	-0.104	-0.8353	0.3571	-0.4181	197	199	26	3	9	0.0011	0.25	0	0.0108
0.0096	0.0159	0.031	0.267	-0.121	-0.8173	-0.5744	-0.0447	198	200	26	3	10	0.001	0.2917	0	0.0097
0.0095	0.0218	0.0248	0.255	-0.1109	0.2841	0.9559	0.0744	199	201	26	3	11	0.01	0.05	0	0.01
0.0094	0.0203	0.031	0.2758	-0.1093	0.2515	0.21	-0.9448	200	0	26	3	12	0.01	0.05	0	0.01
0.0105	0.0401	0.0179	0.1387	0.0586	0.4404	0.8977	-0.0131	75	203	32	3	1	0.003	0.5417	0	0.0117
0.0105	0.0024	0.0415	0.1704	0.049	0.8327	0.4315	0.347	202	204	32	3	2	0.01	0.05	0	0.01
0.0105	0.0222	0.0443	0.172	0.0502	0.0865	0.3448	-0.9347	203	205	32	3	3	0.01	0.05	0	0.01
0.0105	0.0132	0.0461	0.1786	0.0292	0.926	-0.1235	0.3568	204	0	32	3	4	0.01	0.05	0	0.01
0.0037	0.0358	0.049	0.1232	0.0582	0.1678	0.3191	0.9328	74	207	39	3	1	0.0012	0.3333	0	0.0077
0.0025	0.0242	0.0632	0.1297	0.0861	0.638	0.2652	0.7229	206	208	39	3	2	0.0058	0.275	0	0.0125
0.0025	0.0134	0.0782	0.1374	0.1031	-0.8315	-0.0105	0.5555	207	0	39	3	3	0.0029	0.125	0	0.01
0.0025	0.0727	0.0213	0.0596	0.1266	-0.7932	0.1264	-0.5957	78	210	43	3	1	0.007	0.3	1	0.01
0.0025	0.0347	-0.0369	0.0702	0.084	0.5048	0.5455	-0.6691	209	0	43	3	2	0.0031	0.075	0	0.01
0.0114	0.0593	-0.0128	0.1216	0.0665	-0.6644	0.206	0.7184	75	212	45	3	1	0.0028	0.5	0	0.0114
0.0114	0.0392	-0.0509	0.1342	0.1075	0.6894	-0.6076	0.3943	211	213	45	3	2	0.0011	0.375	0	0.0082
0.0114	0.0147	-0.0239	0.1109	0.1193	0.0282	-0.9908	-0.1325	212	0	45	3	3	0.0023	0.1	0	0.006
0.0048	0.0558	0.0875	0.0364	0.1483	-0.4608	0.7108	-0.5314	79	215	49	3	1	0.0049	0.275	0	0.0149
0.0029	0.0098	0.0617	0.0763	0.1196	-0.5977	0.7478	-0.2892	214	0	49	3	2	0.0036	0.1	0	0.008
0.008	0.0619	0.0867	0.0044	0.1428	0.4564	0.108	-0.8832	80	217	57	3	1	0.0026	0.4583	0	0.01
0.008	0.0171	0.1167	0.0139	0.0902	0.7619	0.0408	-0.6464	216	218	57	3	2	0.0012	0.2917	0	0.0104
0.008	0.0403	0.1311	0.0095	0.0768	0.8973	0.3696	-0.2412	217	219	57	3	3	0.0014	0.4167	0	0.0114
0.0079	0.0183	0.1664	0.0195	0.0639	0.9851	-0.0659	-0.1589	218	220	57	3	4	0.0041	0.5	0	0.0102
0.0078	0.0287	0.192	0.0231	0.0683	0.4344	-0.8898	0.1398	219	221	57	3	5	0.0038	0.25	0	0.0138
0.0065	0.019	0.201	-0.0014	0.073	-0.1086	-0.7987	0.5919	220	222	57	3	6	0.0042	0.625	0	0.0065
0.0075	0.0265	0.2036	-0.0054	0.0818	0.7066	-0.4214	-0.5685	221	223	57	3	7	0.0011	0.2917	0	0.0106
0.0077	0.0078	0.2225	-0.0124	0.0679	0.9594	0.0385	-0.2795	222	224	57	3	8	0.004	0.5	0	0.0083
0.0067	0.0024	0.2277	-0.011	0.0662	0.3921	0.8873	-0.2427	223	0	57	3	9	0.01	0.05	0	0.01
0.0079	0.0647	0.1392	-0.03	0.2026	0.6541	-0.0448	0.7551	83	226	63	3	1	0.0017	0.5	0	0.0077
0.0092	0.0059	0.1838	-0.0454	0.2489	0.8186	0.0341	0.5733	225	227	63	3	2	0.0008	0.375	0	0.0095
0.0092	0.01	0.194	-0.0463	0.2503	0.2174	-0.4672	0.857	226	228	63	3	3	0.01	0.05	0	0.01
0.0092	0.0106	0.1944	-0.049	0.2573	0.7753	0.6122	-0.1554	227	0	63	3	4	0.01	0.05	0	0.01
0.0069	0.0534	0.1049	0.0265	-0.0861	0.392	0.9198	0.0205	108	230	56	3	1	0.0015	0.4167	0	0.0067
0.0081	0.0079	0.1219	0.075	-0.0912	-0.1393	0.9902	-0.0065	229	231	56	3	2	0.01	0.05	0	0.01
0.0081	0.0108	0.1238	0.0813	-0.0908	-0.0386	0.2196	0.9748	230	232	56	3	3	0.01	0.05	0	0.01
0.0081	0.0083	0.1222	0.0869	-0.08	0.9258	0.3523	0.1375	231	0	56	3	4	0.01	0.05	0	0.01
0.0102	0.0932	0.3644	-0.1633	-0.0944	0.052	-0.868	0.4938	142	234	79	3	1	0.0022	0.5833	0	0.0102
0.0102	0.0272	0.3719	-0.2406	-0.0481	0.4488	-0.4007	0.7987	233	0	79	3	2	0.01	0.05	0	0.01
0.009	0.0728	-0.1823	0.1041	-0.0094	0.0869	0.324	-0.9421	173	236	91	4	1	0.0025	0.5	0	0.009
0.009	0.0336	-0.1743	0.1288	-0.0776	0.131	0.1677	-0.9771	235	237	91	4	2	0.01	0.05	0	0.01
0.009	0.0279	-0.1566	0.1276	-0.0971	0.7365	0.1453	-0.6607	236	0	91	4	3	0.0012	0.3333	0	0.0115
0.0102	0.094	-0.1854	0.0486	-0.0182	-0.9288	0.0255	0.3697	177	239	9	4	1	0.0027	0.5417	0	0.0121
0.0102	0.0172	-0.269	0.0462	0.0123	-0.556	-0.748	0.3625	238	240	9	4	2	0.01	0.05	0	0.01
0.0102	0.0369	-0.2786	0.0333	0.0185	-0.9686	0.0056	-0.2485	239	241	9	4	3	0.01	0.05	0	0.01
0.0102	0.0106	-0.3129	0.0333	0.0094	-0.0911	-0.5501	-0.8301	240	0	9	4	4	0.01	0.05	0	0.01
0.0025	0.0338	-0.1708	0.0349	-0.0135	0.3739	-0.6648	0.6467	177	243	10	4	1	0.0107	0.175	1	0.01
0.0025	0.0527	-0.1434	0.0083	0.0033	0.3481	0.8884	0.2992	242	244	10	4	2	0.0009	0.15	0	0.01
0.0025	0.0299	-0.1246	0.0556	0.0174	0.962	-0.0748	0.2626	243	0	10	4	3	0.0036	0.225	0	0.01
0.013	0.0401	-0.2076	0.0231	0.0085	0.4775	-0.4383	0.7615	177	246	11	4	1	0.0045	0.5417	1	0.013
0.013	0.0693	-0.1885	0.0055	0.039	0.3483	-0.6831	-0.6419	245	247	11	4	2	0.0045	0.5417	0	0.013
0.013	0.042	-0.1622	-0.0336	-0.0048	0.9498	-0.2314	-0.2106	246	248	11	4	3	0.0012	0.2917	0	0.0107
0.013	0.0042	-0.1234	-0.0361	-0.0142	0.2666	-0.0251	-0.9635	247	249	11	4	4	0.01	0.05	0	0.01
0.013	0.0217	-0.1223	-0.0362	-0.0182	0.7775	-0.5474	-0.3095	248	0	11	4	5	0.01	0.05	0	0.01
0.01	0.06	-0.2483	0.0057	0.0242	0.4633	-0.5773	0.6724	177	251	13	4	1	0.0013	0.375	1	0.01
0.0093	0.0294	-0.2205	-0.0289	0.0646	0.4407	-0.371	0.8174	250	252	13	4	2	0.0013	0.375	0	0.01
0.0074	0.0028	-0.2078	-0.0421	0.0845	0.7012	0.604	-0.3788	251	253	13	4	3	0.01	0.05	0	0.01
0.0063	0.0191	-0.2075	-0.0417	0.0842	-0.5911	0.2548	-0.7653	252	254	13	4	4	0.01	0.05	0	0.01
0.0044	0.0057	-0.2051	-0.0404	0.0798	0.4997	-0.3518	-0.7915	253	0	13	4	5	0.0014	0.2	0	0.01
0.0091	0.0358	-0.2729	-0.0073	0.0257	0.4861	-0.8629	-0.1379	177	256	14	4	1	0.0025	0.5417	1	0.0091
0.0091	0.0605	-0.2556	-0.0382	0.0208	-0.6713	0.6064	-0.4261	255	257	14	4	2	0.0025	0.5417	0	0.0091
0.0101	0.0392	-0.2857	-0.0002	0.0001	0.4408	-0.3979	-0.8046	256	258	14	4	3	0.0013	0.3333	0	0.0135
0.01	0.0179	-0.2656	-0.0175	-0.0209	0.8562	-0.4212	-0.2994	257	259	14	4	4	0.0057	0.3438	0	0.0133
0.0096	0.0199	-0.2593	-0.0159	-0.0357	0.6293	0.7648	0.1379	258	260	14	4	5	0.01	0.05	0	0.01
0.0095	0.0171	-0.2605	-0.0213	-0.0361	0.683	-0.5304	0.5022	259	0	14	4	6	0.01	0.05	0	0.01
0.0102	0.0406	-0.2415	0.005	0.0142	-0.2855	-0.9211	0.2646	177	262	15	4	1	0.0025	0.4583	1	0.0118
0.0102	0.0804	-0.2531	-0.0324	0.0249	-0.4372	-0.8993	0.0044	261	263	15	4	2	0.0025	0.4583	0	0.0118
0.0102	0.016	-0.2772	-0.0991	0.0176	0.2761	-0.9206	-0.2761	262	264	15	4	3	0.01	0.05	0	0.01
0.0102	0.025	-0.2727	-0.1138	0.0132	0.415	-0.2429	-0.8768	263	0	15	4	4	0.01	0.05	0	0.01
0.0025	0.066	-0.2897	-0.0188	0.0363	-0.3827	-0.0747	-0.9208	178	266	16	4	1	0.01	0.05	0	0.01
0.0025	0.0175	-0.315	-0.0237	-0.0245	-0.262	0.079	-0.9618	265	0	16	4	2	0.01	0.05	0	0.01
0.0131	0.0854	-0.3266	-0.0109	0.0364	0.4009	0.8492	-0.3438	177	268	92	4	1	0.0029	0.5417	0	0.015
0.0131	0.038	-0.278	0.0497	-0.0133	0.7815	0.5876	0.2098	267	269	92	4	2	0.001	0.4583	0	0.0131
0.0131	0.0628	-0.2488	0.0779	-0.0016	0.8568	-0.2191	0.4667	268	270	92	4	3	0.0012	0.2083	0	0.01
0.0131	0.0307	-0.203	0.0594	0.0303	0.5123	-0.4611	0.7245	269	271	92	4	4	0.01	0.05	0	0.01
0.0131	0.0281	-0.1943	0.0678	0.0396	0.4545	0.545	0.7046	270	272	92	4	5	0.01	0.05	0	0.01
0.0131	0.0079	-0.1798	0.0659	0.042	0.9767	-0.0939	0.193	271	0	92	4	6	0.01	0.05	0	0.01
0.013	0.0476	0.0683	0.171	0.0027	0.0769	-0.8949	0.4395	193	274	33	4	1	0.0028	0.4583	0	0.013
0.013	0.0197	0.059	0.1392	0.0061	0.2699	-0.7184	-0.6412	273	275	33	4	2	0.0012	0.2917	0	0.009
0.013	0.0325	0.0605	0.1281	-0.0063	-0.4959	-0.5615	-0.6624	274	0	33	4	3	0.0023	0.3333	0	0.0099
0.0097	0.0258	0.0827	0.1412	0.0526	-0.0909	0.4593	0.8836	190	277	34	4	1	0.0021	0.4583	1	0.0129
0.0096	0.0416	0.0803	0.1531	0.0754	0.2846	-0.9481	-0.1417	276	278	34	4	2	0.0021	0.4583	0	0.0129
0.0092	0.0213	0.0963	0.119	0.0973	0.1107	-0.9789	0.1715	277	279	34	4	3	0.0042	0.2	0	0.0163
0.0081	0.005	0.1067	0.1098	0.1041	0.2753	-0.4171	0.8662	278	280	34	4	4	0.01	0.05	0	0.01
0.0065	0.0265	0.1101	0.1059	0.1105	-0.6867	-0.7264	0.0292	279	0	34	4	5	0.0013	0.4167	0	0.0065
0.0145	0.0523	0.0873	0.1559	0.0183	0.6064	0.5512	-0.5732	191	282	35	4	1	0.0028	0.4167	0	0.0145
0.0145	0.0316	0.1075	0.1831	-0.0046	-0.3468	0.8639	-0.3652	281	283	35	4	2	0.001	0.2917	0	0.0113
0.0145	0.0114	0.0965	0.2083	-0.014	-0.6288	-0.5566	-0.543	282	0	35	4	3	0.01	0.05	0	0.01
0.0041	0.0227	0.1666	0.0309	0.0615	-0.3611	0.6946	-0.6222	218	285	65	4	1	0.0019	0.375	1	0.0105
0.0041	0.0176	0.1608	0.0426	0.0502	-0.5443	0.2374	0.8046	284	286	65	4	2	0.0048	0.225	0	0.0105
0.0025	0.022	0.1478	0.0509	0.0656	0.3414	0.0089	0.9399	285	0	65	4	3	0.0071	0.2	0	0.01
0.0071	0.0747	-0.128	0.0534	0.0166	-0.1295	-0.9915	0.0154	244	288	96	5	1	0.0023	0.4167	1	0.0117
0.0071	0.0394	-0.1377	-0.0207	0.0178	-0.7507	0.0234	0.6603	287	289	96	5	2	0.0023	0.4167	0	0.0117
0.0071	0.0209	-0.1657	-0.0231	0.0477	-0.8631	-0.4973	-0.0881	288	290	96	5	3	0.0048	0.2	0	0.0131
0.0071	0.0281	-0.1669	-0.0438	0.0535	-0.5953	-0.5194	0.613	289	291	96	5	4	0.0009	0.4583	0	0.0103
0.0071	0.0226	-0.1817	-0.0602	0.0697	-0.2055	-0.609	0.7661	290	292	96	5	5	0.0034	0.625	0	0.0071
0.0071	0.0047	-0.1824	-0.0667	0.0752	-0.4254	-0.7009	-0.5725	291	293	96	5	6	0.01	0.05	0	0.01
0.0071	0.0174	-0.1837	-0.0698	0.073	0.4548	0.3586	-0.8152	292	0	96	5	7	0.0011	0.25	0	0.0042
0.0066	0.0525	-0.1347	-0.0418	-0.0171	-0.3034	-0.0316	0.9523	248	295	97	5	1	0.0084	0.275	0	0.0214
0.0025	0.0081	-0.1557	-0.0493	0.023	0.1567	0.811	-0.5636	294	296	97	5	2	0.0028	0.15	0	0.01
0.0025	0.0294	-0.1588	-0.0389	0.0206	0.7124	0.6533	0.2564	295	0	97	5	3	0.0042	0.2	0	0.01
