radius (m)	length (m)	start_point	axis_direction	parent	extension	branch	branch_order	position_in_branch	mad	SurfCov	added	UnmodRadius (m)
0.0179	0.1714	0.1088	-0.0273	-0.2361	-0.0466	0.8791	0.4743	0	2	1	0	1	0.0222	0.0667	0	0.05
0.0096	0.0808	0.1244	0.1183	-0.148	-0.2855	-0.0439	0.9574	1	3	1	0	2	0.0008	0.4583	0	0.0071
0.0092	0.0476	0.0995	0.1175	-0.0717	-0.443	0.0663	0.8941	2	4	1	0	3	0.0041	0.4792	0	0.0062
0.01	0.0229	0.0817	0.1205	-0.0278	-0.3767	0.2133	0.9014	3	5	1	0	4	0.0048	0.4688	0	0.01
0.0129	0.0384	0.1033	0.1356	-0.0141	0.1906	0.1042	0.9761	4	6	1	0	5	0.0047	0.375	0	0.0144
0.009	0.0443	0.096	0.1487	-0.0073	0.4007	0.9124	0.0832	5	7	1	0	6	0.0055	0.4	0	0.009
0.011	0.028	0.1159	0.1884	0.0037	0.1088	0.9914	0.0722	6	8	1	0	7	0.0012	0.2917	0	0.0125
0.0083	0.0325	0.129	0.2096	0.004	0.5428	0.7372	0.4024	7	9	1	0	8	0.0009	0.4583	0	0.0083
0.0073	0.0056	0.1486	0.2298	0.0178	0.8917	0.447	0.0716	8	10	1	0	9	0.0041	0.7083	0	0.0073
0.0091	0.0254	0.1585	0.2339	0.0099	-0.0107	-0.9799	-0.1991	9	11	1	0	10	0.0009	0.3333	0	0.0097
0.0087	0.0215	0.158	0.2096	0.0048	-0.4072	-0.1872	0.8939	10	0	1	0	11	0.0028	0.3333	0	0.0096
0.0127	0.2158	0.0957	0.1273	-0.1721	-0.0721	-0.9959	0.0542	1	13	43	1	1	0.0048	0.0917	0	0.0222
0.0092	0.0466	0.084	-0.0808	-0.1541	-0.6698	-0.2672	0.6928	12	14	43	1	2	0.0009	0.375	0	0.0092
0.0103	0.0243	0.0533	-0.0892	-0.1187	-0.4844	-0.4844	0.7285	13	15	43	1	3	0.0012	0.375	0	0.0103
0.0108	0.0342	0.0394	-0.1006	-0.1025	-0.5661	-0.3556	0.7436	14	16	43	1	4	0.0009	0.375	0	0.0108
0.0097	0.0301	0.0185	-0.1116	-0.0821	-0.9376	-0.2721	0.2166	15	17	43	1	5	0.0008	0.375	0	0.0097
0.0089	0.0448	-0.0094	-0.1198	-0.0746	-0.9526	0.1396	0.2702	16	18	43	1	6	0.0013	0.25	0	0.0089
0.0086	0.0441	-0.0496	-0.1306	-0.062	-0.9725	-0.1352	0.1895	17	19	43	1	7	0.0057	0.325	0	0.0081
0.0122	0.0272	-0.092	-0.1297	-0.0409	-0.7888	-0.5301	0.3111	18	20	43	1	8	0.0068	0.325	0	0.0132
0.01	0.0361	-0.1188	-0.1366	-0.0474	-0.9404	0.0119	0.3399	19	21	43	1	9	0.01	0.05	0	0.01
0.0109	0.0297	-0.1134	-0.1334	-0.0296	-0.1376	-0.0274	0.9901	20	22	43	1	10	0.0011	0.2917	0	0.0109
0.0102	0.0416	-0.119	-0.1433	0.0042	-0.152	0.4555	0.8772	21	23	43	1	11	0.0015	0.375	0	0.0102
0.012	0.0288	-0.1151	-0.1421	0.0409	-0.3504	-0.1917	0.9168	22	24	43	1	12	0.0011	0.25	0	0.0141
0.0109	0.0092	-0.1232	-0.1396	0.0703	-0.0489	-0.3348	0.941	23	25	43	1	13	0.0054	0.5	0	0.0109
0.0124	0.0552	-0.1284	-0.1446	0.073	-0.7952	0.1582	0.5853	24	26	43	1	14	0.001	0.3333	0	0.0144
0.0085	0.0409	-0.1659	-0.1323	0.1129	-0.7883	0.1703	0.5913	25	27	43	1	15	0.0012	0.375	0	0.0085
0.0088	0.029	-0.1979	-0.1246	0.1364	-0.8287	0.4885	0.2733	26	28	43	1	16	0.0008	0.375	0	0.0088
0.0085	0.0297	-0.2206	-0.1102	0.1478	-0.8114	0.5015	0.3002	27	29	43	1	17	0.003	0.5938	0	0.0085
0.0127	0.0274	-0.2324	-0.1111	0.1538	-0.5728	-0.5575	0.6008	28	30	43	1	18	0.0011	0.3333	0	0.0158
0.0072	0.0266	-0.2513	-0.1169	0.1767	-0.1617	-0.5889	0.7919	29	31	43	1	19	0.0032	0.5417	0	0.0066
0.0095	0.0429	-0.2574	-0.1374	0.1906	-0.9569	-0.0491	0.2864	30	32	43	1	20	0.0008	0.375	0	0.0096
0.0097	0.0723	-0.2946	-0.1474	0.2141	-0.959	-0.2117	0.1883	31	33	43	1	21	0.006	0.25	0	0.0109
0.0086	0.0227	-0.3684	-0.1557	0.2227	-0.8692	-0.2574	0.4221	32	34	43	1	22	0.0038	0.35	0	0.0086
0.0078	0.0151	-0.3874	-0.1633	0.2266	-0.9564	-0.2901	-0.0331	33	35	43	1	23	0.003	0.625	0	0.0078
0.0081	0.0136	-0.4016	-0.1628	0.2248	-0.8688	-0.0811	-0.4884	34	0	43	1	24	0.01	0.05	0	0.01
0.0141	0.0125	0.0955	0.1191	-0.1376	-0.0265	0.3904	0.9203	1	37	3	1	1	0.0034	0.5	0	0.0141
0.0141	0.0503	0.1038	0.1269	-0.1199	-0.5971	0.058	0.8001	36	38	3	1	2	0.0012	0.375	0	0.0111
0.0162	0.0225	0.0956	0.139	-0.0677	-0.5588	0.6371	0.5309	37	39	3	1	3	0.001	0.2917	0	0.0188
0.0159	0.0446	0.088	0.1367	-0.0549	0.4237	0.1731	0.8891	38	40	3	1	4	0.0016	0.25	0	0.0203
0.0141	0.0126	0.1214	0.1437	-0.0271	0.0851	-0.983	0.1625	39	0	3	1	5	0.01	0.05	0	0.01
0.0116	0.0526	0.1078	0.1508	0.0074	-0.2825	0.8247	0.4899	5	42	14	1	1	0.0038	0.4583	0	0.0116
0.0116	0.0068	0.0979	0.1886	0.0414	0.171	0.8575	0.4853	41	43	14	1	2	0.01	0.05	0	0.01
0.0116	0.0226	0.0991	0.1944	0.0447	-0.1212	-0.4632	0.8779	42	0	14	1	3	0.01	0.05	0	0.01
0.0079	0.0571	0.1272	0.2021	0.0102	0.6678	0.0946	-0.7383	8	45	15	1	1	0.0054	0.425	0	0.0134
0.0079	0.0435	0.1704	0.1959	-0.0319	0.6904	0.2953	-0.6604	44	46	15	1	2	0.0065	0.25	0	0.015
0.0079	0.0403	0.2024	0.1998	-0.0574	0.8395	-0.008	-0.5433	45	47	15	1	3	0.0013	0.2917	0	0.0094
0.0079	0.0405	0.2275	0.2115	-0.0837	0.7897	0.3976	-0.4672	46	48	15	1	4	0.0034	0.4167	0	0.0079
0.0079	0.0149	0.2546	0.2025	-0.1124	0.5195	0.2228	-0.8249	47	49	15	1	5	0.0065	0.4167	0	0.0095
0.0079	0.0321	0.2705	0.2089	-0.1141	0.7451	-0.5184	-0.4197	48	50	15	1	6	0.01	0.05	0	0.01
0.0079	0.0186	0.2627	0.2076	-0.1237	-0.2672	-0.327	-0.9064	49	0	15	1	7	0.01	0.05	0	0.01
0.0079	0.0147	0.1461	0.2328	0.0076	0.4975	0.6781	-0.5411	8	52	18	1	1	0.0028	0.5833	1	0.0152
0.0079	0.0442	0.1517	0.2471	-0.0008	0.9269	0.374	0.0318	51	53	18	1	2	0.0065	0.3	0	0.0152
0.0079	0.018	0.1801	0.2679	-0.0022	0.376	0.8371	-0.3974	52	54	18	1	3	0.0056	0.3	0	0.0139
0.0079	0.0463	0.1873	0.2897	0.0071	-0.3492	0.8703	-0.3474	53	55	18	1	4	0.0067	0.275	0	0.0156
0.0079	0.0211	0.1708	0.33	-0.0093	-0.3099	0.9061	0.288	54	56	18	1	5	0.0036	0.7917	0	0.0079
0.0079	0.0259	0.162	0.3473	-0.0035	-0.6273	0.7294	0.2729	55	0	18	1	6	0.01	0.05	0	0.01
0.0088	0.0234	0.0892	-0.0782	-0.1469	0.4867	0.2499	0.8371	13	58	2	2	1	0.0044	0.2333	1	0.0456
0.0085	0.0699	0.0708	-0.0618	-0.1503	-0.1714	0.7918	0.5862	57	59	2	2	2	0.016	0.125	0	0.0456
0.0078	0.0655	0.0379	-0.0028	-0.12	-0.3404	0.4631	0.8183	58	60	2	2	3	0.0033	0.225	0	0.0155
0.0058	0.0233	0.0164	0.0198	-0.0633	-0.4976	0.2786	0.8215	59	61	2	2	4	0.01	0.05	0	0.01
0.0069	0.0233	0.0178	0.0409	-0.0441	-0.3415	0.2991	0.891	60	62	2	2	5	0.0045	0.275	0	0.0169
0.004	0.0089	0.0287	0.0353	-0.0495	-0.0785	-0.9195	0.3851	61	0	2	2	6	0.0015	0.125	0	0.01
0.0025	0.0552	0.0512	-0.1035	-0.0982	0.4824	-0.3634	-0.797	14	0	44	2	1	0.01	0.05	0	0.01
0.0085	0.0577	-0.0312	-0.1081	-0.0714	-0.769	0.5146	-0.3793	17	65	12	2	1	0.0033	0.4583	0	0.0125
0.0085	0.0402	-0.0642	-0.0789	-0.1087	0.458	0.8303	0.3175	64	66	12	2	2	0.0068	0.225	0	0.0246
0.0085	0.0147	-0.0504	-0.055	-0.1064	0.6939	0.3525	-0.6279	65	67	12	2	3	0.01	0.05	0	0.01
0.0085	0.0202	-0.0402	-0.0499	-0.1157	0.9003	-0.0635	-0.4306	66	0	12	2	4	0.01	0.05	0	0.01
0.0116	0.0311	-0.112	-0.1474	-0.0445	-0.7099	-0.408	0.5741	19	69	19	2	1	0.0024	0.4583	0	0.0123
0.0116	0.0021	-0.1368	-0.1796	-0.0469	-0.8632	-0.2978	0.4077	68	70	19	2	2	0.01	0.05	0	0.01
0.0116	0.0022	-0.1469	-0.1772	-0.0356	-0.7801	-0.3509	-0.518	69	71	19	2	3	0.01	0.05	0	0.01
0.0116	0.0215	-0.1415	-0.1744	-0.0359	-0.3198	0.4324	0.8431	70	0	19	2	4	0.01	0.05	0	0.01
0.009	0.03	-0.1106	-0.1319	0.0456	0.3872	0.851	-0.3549	23	73	23	2	1	0.0021	0.4167	0	0.009
0.0088	0.0666	-0.0979	-0.1056	0.0446	0.9579	0.2564	-0.1292	72	74	23	2	2	0.0014	0.5417	0	0.0088
0.0101	0.0091	-0.0602	-0.0736	0.0206	0.6333	0.5661	-0.5277	73	75	23	2	3	0.0086	0.5	0	0.0103
0.0072	0.0174	-0.0422	-0.102	0.0197	-0.8216	-0.3542	-0.4467	74	76	23	2	4	0.0091	0.375	0	0.0065
0.0096	0.0161	-0.0334	-0.0769	0.0168	0.7911	-0.5375	-0.292	75	77	23	2	5	0.0049	0.4167	0	0.0097
0.0105	0.0323	-0.0223	-0.0952	-0.0013	0.9118	0.2711	-0.3086	76	78	23	2	6	0.0042	0.4375	0	0.0119
0.0063	0.0309	0.0085	-0.0957	-0.0064	0.8504	-0.1323	-0.5093	77	79	23	2	7	0.0034	0.5	0	0.0063
0.0076	0.0193	0.0227	-0.0821	-0.0322	0.7443	0.137	-0.6536	78	80	23	2	8	0.0061	0.375	0	0.0076
0.0075	0.0326	0.0487	-0.0939	-0.0269	0.88	0.4098	-0.2401	79	81	23	2	9	0.01	0.05	0	0.01
0.0071	0.033	0.0443	-0.0999	-0.0241	-0.5534	0.6786	-0.483	80	0	23	2	10	0.01	0.05	0	0.01
0.0082	0.0478	-0.1502	-0.1285	0.1082	0.934	0.2233	-0.2788	26	83	28	2	1	0.0027	0.3333	1	0.0143
0.0082	0.0645	-0.1093	-0.1199	0.0938	0.5168	-0.8446	-0.14	82	84	28	2	2	0.0051	0.275	0	0.0143
0.0082	0.0572	-0.0646	-0.1611	0.0949	0.7532	-0.6576	0.0153	83	85	28	2	3	0.0012	0.4167	0	0.0082
0.0082	0.0251	-0.0196	-0.1768	0.0883	0.8774	-0.2196	-0.4265	84	86	28	2	4	0.0067	0.4167	0	0.012
0.0082	0.0367	0.0078	-0.1847	0.0875	0.7786	0.552	-0.2983	85	87	28	2	5	0.0051	0.4063	0	0.0125
0.0082	0.0304	0.0371	-0.1727	0.0672	0.9516	0.2633	-0.1583	86	88	28	2	6	0.01	0.05	0	0.01
0.0082	0.0388	0.0398	-0.1526	0.0834	0.6133	0.7041	0.3579	87	0	28	2	7	0.01	0.05	0	0.01
0.0087	0.0177	0.1002	0.1016	-0.1444	0.2445	-0.9034	-0.3522	36	90	45	2	1	0.0016	0.4583	1	0.0087
0.0087	0.0699	0.1046	0.0857	-0.1506	-0.3759	-0.2903	0.88	89	91	45	2	2	0.0016	0.4583	0	0.0087
0.0088	0.0217	0.0816	0.0586	-0.0884	-0.5502	-0.187	0.8138	90	92	45	2	3	0.01	0.05	0	0.01
0.0089	0.0176	0.0684	0.0607	-0.0728	-0.8509	0.0113	0.5252	91	0	45	2	4	0.0023	0.25	0	0.0094
0.0075	0.0236	0.2327	0.1922	-0.0734	0.1426	-0.9213	0.3616	46	94	17	2	1	0.0029	0.5417	1	0.0109
0.0075	0.0632	0.236	0.1705	-0.0649	0.4124	0.8209	0.395	93	95	17	2	2	0.0029	0.5417	0	0.0109
0.0075	0.0089	0.2617	0.2202	-0.0458	0.1298	0.9283	-0.3485	94	96	17	2	3	0.01	0.05	0	0.01
0.0075	0.0279	0.2629	0.2285	-0.0489	0.58	0.3974	0.7111	95	0	17	2	4	0.01	0.05	0	0.01
0.0075	0.0814	0.2179	0.2199	-0.0691	0.5982	0.2784	0.7514	45	98	20	2	1	0.0012	0.3333	0	0.0091
0.0072	0.0432	0.2683	0.2441	-0.0103	-0.8422	0.3991	-0.3624	97	99	20	2	2	0.0008	0.375	0	0.0113
0.0066	0.0528	0.2424	0.2595	-0.0269	0.1914	0.8994	0.393	98	100	20	2	3	0.0011	0.2917	0	0.0106
0.0048	0.0454	0.2474	0.3057	-0.0199	-0.0818	0.9941	-0.0709	99	101	20	2	4	0.01	0.05	0	0.01
0.0035	0.0113	0.2627	0.3174	-0.0072	0.6168	0.5961	0.514	100	0	20	2	5	0.01	0.05	0	0.01
0.0025	0.0471	0.2398	0.2305	-0.1053	0.3632	0.9172	-0.1638	49	103	25	2	1	0.01	0.05	0	0.01
0.0025	0.0211	0.2569	0.2737	-0.1131	0.541	0.7974	-0.2673	102	0	25	2	2	0.01	0.05	0	0.01
0.0158	0.0642	0.0554	-0.0305	-0.1292	-0.0654	0.9469	-0.3148	58	105	46	3	1	0.0018	0.5417	0	0.0122
0.0081	0.0335	0.0535	0.0306	-0.1432	0.0374	0.997	-0.0677	104	106	46	3	2	0.0076	0.6	0	0.0158
0.0158	0.0426	0.0606	0.0579	-0.1446	0.4046	0.2706	-0.8736	105	0	46	3	3	0.0051	0.3	0	0.0102
0.0119	0.0515	-0.1077	-0.1211	0.0853	0.934	-0.3569	-0.0177	83	108	49	3	1	0.0025	0.4167	0	0.0119
0.0119	0.0531	-0.0668	-0.1334	0.0806	0.7088	0.5691	-0.4167	107	0	49	3	2	0.0018	0.2	0	0.0059
0.0103	0.0576	0.0477	0.0076	-0.1262	0.152	0.5734	0.805	104	110	53	4	1	0.0024	0.4583	0	0.0103
0.0103	0.0125	0.0569	0.0351	-0.0872	-0.4567	-0.725	0.5155	109	111	53	4	2	0.01	0.05	0	0.01
0.0103	0.0253	0.0512	0.026	-0.0808	0.0376	0.5225	0.8518	110	0	53	4	3	0.01	0.05	0	0.01
