radius (m)	length (m)	start_point	axis_direction	parent	extension	branch	branch_order	position_in_branch	mad	SurfCov	added	UnmodRadius (m)
0.0165	0.0886	0.2775	0.1551	-0.065	-0.7079	-0.5218	0.476	0	2	1	0	1	0.0036	0.6667	0	0.0165
0.0146	0.0842	0.2059	0.1287	-0.0138	-0.8804	-0.4537	0.1382	1	3	1	0	2	0.0022	0.6667	0	0.0146
0.0143	0.0463	0.1327	0.0836	-0.0108	-0.8523	-0.4471	0.2715	2	4	1	0	3	0.0016	0.75	0	0.0143
0.0166	0.0428	0.1021	0.055	-0.0167	-0.689	-0.7244	-0.0217	3	5	1	0	4	0.0018	0.6667	0	0.0166
0.0189	0.0773	0.0638	0.0257	-0.0072	-0.0571	-0.9924	0.1089	4	6	1	0	5	0.0052	0.375	0	0.0248
0.0143	0.0027	0.0706	-0.0539	-0.016	0.1078	-0.9674	0.2289	5	7	1	0	6	0.0065	0.6042	0	0.0126
0.0143	0.015	0.072	-0.0573	-0.0187	-0.1927	-0.9675	0.1637	6	8	1	0	7	0.01	0.05	0	0.01
0.0143	0.0002	0.0689	-0.0729	-0.016	0.0644	-0.2845	-0.9565	7	9	1	0	8	0.01	0.05	0	0.01
0.0143	0.0138	0.0689	-0.0729	-0.0161	0.4461	-0.7138	0.5398	8	0	1	0	9	0.01	0.05	0	0.01
0.0127	0.0603	0.0451	0.0232	-0.0035	-0.9732	-0.1276	0.1911	5	11	3	1	1	0.002	0.625	1	0.0127
0.0127	0.0539	-0.0137	0.0155	0.0081	-0.5479	-0.8364	0.0161	10	12	3	1	2	0.002	0.625	0	0.0127
0.0145	0.0593	-0.045	-0.0271	0.0172	-0.5319	-0.8363	0.1329	11	13	3	1	3	0.0018	0.5417	0	0.0145
0.0142	0.0555	-0.0816	-0.073	0.0416	-0.6295	-0.7769	-0.0151	12	14	3	1	4	0.0015	0.5417	0	0.0142
0.0149	0.0376	-0.1189	-0.1055	0.035	-0.9633	-0.2585	-0.0731	13	15	3	1	5	0.0021	0.6667	0	0.0149
0.0166	0.0543	-0.1474	-0.1419	0.025	-0.9622	-0.2448	-0.1191	14	16	3	1	6	0.0065	0.4	0	0.0297
0.0116	0.0153	-0.1852	-0.1457	0.0031	-0.4065	-0.5569	-0.7243	15	17	3	1	7	0.0069	0.75	0	0.0116
0.0128	0.058	-0.1943	-0.1556	-0.0153	-0.9316	-0.0262	0.3627	16	18	3	1	8	0.001	0.4583	0	0.0128
0.0116	0.0438	-0.2484	-0.1579	0.0046	-0.9935	0.0477	0.1032	17	19	3	1	9	0.001	0.2917	0	0.0111
0.0116	0.0278	-0.2907	-0.1454	0.0114	-0.9891	0.1345	-0.0604	18	20	3	1	10	0.01	0.05	0	0.01
0.0116	0.022	-0.2996	-0.1542	0.0104	-0.5552	-0.8113	0.183	19	21	3	1	11	0.0011	0.25	0	0.008
0.0116	0.0188	-0.3154	-0.1697	0.0129	-0.122	-0.665	-0.7368	20	0	3	1	12	0.01	0.05	0	0.01
0.01	0.048	0.289	0.166	-0.0548	0.365	-0.1493	0.919	1	0	4	1	1	0.01	0.05	0	0.01
0.0139	0.0894	0.2329	0.1422	-0.0371	0.1176	0.9884	0.0966	1	24	14	1	1	0.0028	0.425	0	0.0139
0.0139	0.003	0.2359	0.2308	-0.0184	0.095	0.9942	0.051	23	25	14	1	2	0.01	0.05	0	0.01
0.0139	0.0249	0.2362	0.2338	-0.0183	-0.1721	0.9499	-0.261	24	0	14	1	3	0.01	0.05	0	0.01
0.0121	0.0532	-0.0156	0.027	0.0029	-0.646	0.5902	-0.4841	10	27	6	2	1	0.0062	0.625	0	0.0168
0.0121	0.0453	-0.0458	0.0674	-0.0169	-0.5413	-0.2778	0.7936	26	28	6	2	2	0.0013	0.4167	0	0.0126
0.0121	0.0303	-0.0645	0.0506	0.0233	-0.7084	-0.5925	0.3836	27	29	6	2	3	0.01	0.05	0	0.01
0.0121	0.0155	-0.0684	0.0482	0.0171	-0.5168	-0.3265	-0.7914	28	0	6	2	4	0.01	0.05	0	0.01
0.01	0.0248	-0.127	-0.1133	0.0203	-0.161	-0.3987	-0.9028	14	31	10	2	1	0.0024	0.5417	1	0.01
0.01	0.0687	-0.131	-0.1232	-0.0021	0.2191	0.9244	0.3121	30	32	10	2	2	0.0024	0.5417	0	0.01
0.0109	0.075	-0.1116	-0.051	0.0112	-0.8986	0.4385	-0.0174	31	33	10	2	3	0.0015	0.5	0	0.0109
0.0102	0.0039	-0.1592	0.0019	0.016	-0.7245	0.6522	0.2229	32	34	10	2	4	0.0101	0.5833	0	0.0102
0.01	0.0324	-0.1738	0.0084	0.0167	0.3058	0.9075	0.2879	33	35	10	2	5	0.01	0.05	0	0.01
0.0113	0.0318	-0.1782	0.008	0.0023	-0.7902	0.5664	-0.234	34	36	10	2	6	0.0009	0.2917	0	0.0115
0.0131	0.0174	-0.193	0.03	0.0079	0.0551	0.9434	-0.3271	35	37	10	2	7	0.0057	0.4583	0	0.0145
0.01	0.0013	-0.2051	0.0443	0.0002	-0.2072	0.8802	0.427	36	38	10	2	8	0.01	0.05	0	0.01
0.01	0.0282	-0.2063	0.0422	0.0037	0.968	-0.0486	0.246	37	0	10	2	9	0.01	0.05	0	0.01
0.0134	0.0665	-0.1755	-0.132	0.0194	0.2847	0.9554	-0.0779	15	40	11	2	1	0.0038	0.4583	1	0.0134
0.0134	0.0633	-0.1565	-0.0684	0.0142	-0.4946	-0.6427	-0.5851	39	41	11	2	2	0.0038	0.4583	0	0.0134
0.0134	0.0226	-0.1828	-0.1206	-0.0318	-0.7386	-0.5842	0.3363	40	42	11	2	3	0.01	0.05	0	0.01
0.0134	0.0226	-0.2008	-0.1349	-0.0221	0.367	-0.8905	-0.269	41	0	11	2	4	0.01	0.05	0	0.01
0.0161	0.0667	-0.3049	-0.1815	0.0038	0.2118	0.398	-0.8926	21	44	13	2	1	0.003	0.5	0	0.0161
0.0161	0.0197	-0.2957	-0.1641	-0.0256	-0.5655	-0.7584	-0.3241	43	45	13	2	2	0.0031	0.2	0	0.01
0.0161	0.0391	-0.3027	-0.1848	-0.0285	0.7721	0.1952	-0.6047	44	0	13	2	3	0.001	0.125	0	0.01
0.0132	0.0253	0.2506	0.208	-0.0404	0.6267	-0.3621	-0.69	23	47	15	2	1	0.0047	0.375	1	0.0249
0.0132	0.1003	0.2746	0.19	-0.0525	-0.2462	0.3334	0.9101	46	48	15	2	2	0.0061	0.35	0	0.0249
0.0109	0.0069	0.2494	0.2175	0.0418	-0.6158	0.3933	0.6827	47	49	15	2	3	0.01	0.05	0	0.01
0.01	0.0299	0.2451	0.2203	0.0465	-0.293	0.2636	-0.9191	48	0	15	2	4	0.01	0.05	0	0.01
