radius (m)	length (m)	start_point	axis_direction	parent	extension	branch	branch_order	position_in_branch	mad	SurfCov	added	UnmodRadius (m)
0.0175	0.0628	-0.1448	0.0362	-0.1656	0.4103	-0.1622	0.8974	0	2	1	0	1	0.0037	0.6667	0	0.0175
0.0171	0.0834	-0.1176	0.028	-0.1095	0.7795	-0.5298	0.3342	1	3	1	0	2	0.0016	0.2917	0	0.0171
0.0201	0.0663	-0.0519	-0.0303	-0.078	0.996	0.0619	0.065	2	4	1	0	3	0.005	0.15	0	0.0255
0.0132	0.0408	0.0154	-0.0511	-0.0702	0.2654	0.1497	0.9524	3	5	1	0	4	0.0007	0.375	0	0.0132
0.0121	0.0175	0.0271	-0.0337	-0.0348	0.9958	-0.086	-0.0297	4	6	1	0	5	0.01	0.05	0	0.01
0.0117	0.0589	0.0477	-0.0388	-0.0339	-0.3412	-0.5952	-0.7276	5	7	1	0	6	0.0016	0.4167	0	0.0098
0.0112	0.0361	0.028	-0.0657	-0.0661	0.3117	-0.7588	0.5719	6	8	1	0	7	0.0009	0.3333	0	0.0112
0.0147	0.0407	0.0369	-0.1047	-0.0518	0.138	-0.4998	0.8551	7	9	1	0	8	0.0014	0.2083	0	0.0159
0.01	0.0471	0.0266	-0.1174	-0.0262	-0.5816	-0.6803	0.4461	8	10	1	0	9	0.01	0.05	0	0.01
0.0153	0.0148	0.0232	-0.1334	-0.0123	0.5872	-0.7783	0.2224	9	11	1	0	10	0.0025	0.1	0	0.0703
0.01	0.0134	0.0324	-0.1399	-0.0223	0.9717	0.2051	0.1174	10	0	1	0	11	0.01	0.05	0	0.01
0.0091	0.0711	0.0361	-0.0607	-0.0598	0.6569	0.7448	-0.1174	7	13	3	1	1	0.0025	0.4167	0	0.0091
0.0091	0.0072	0.0746	-0.0079	-0.0724	0.1201	0.958	-0.2606	12	14	3	1	2	0.01	0.05	0	0.01
0.0091	0.0252	0.075	-0.0014	-0.0753	-0.7641	0.6254	0.1581	13	0	3	1	3	0.01	0.05	0	0.01
0.0124	0.0468	0.0189	-0.0603	-0.0457	0.3725	0.5358	0.7578	4	16	4	1	1	0.0032	0.4167	0	0.0131
0.0123	0.0406	0.0148	-0.039	-0.0025	0.1947	0.5508	0.8116	15	17	4	1	2	0.0057	0.225	0	0.0237
0.012	0.0259	0.0248	-0.0164	0.0145	-0.2917	0.9563	-0.0213	16	18	4	1	3	0.0011	0.4583	0	0.012
0.0096	0.0558	0.0242	0.006	0.0259	-0.6604	0.5621	0.4979	17	19	4	1	4	0.0077	0.375	0	0.0081
0.0096	0.0079	-0.0074	0.0453	0.0509	-0.3899	0.5204	0.7597	18	20	4	1	5	0.0041	0.425	0	0.0096
0.0116	0.0151	0.0081	0.0497	0.0607	-0.173	0.5371	0.8256	19	21	4	1	6	0.0051	0.4583	0	0.0116
0.01	0.0198	-0.002	0.058	0.0581	0.2479	0.9621	-0.1139	20	22	4	1	7	0.01	0.05	0	0.01
0.012	0.0277	-0.0019	0.0544	0.0694	0.9507	-0.0193	0.3095	21	23	4	1	8	0.002	0.3333	0	0.0126
0.0114	0.0361	0.0166	0.0554	0.0888	-0.0057	0.989	-0.1479	22	24	4	1	9	0.0013	0.3333	0	0.0114
0.01	0.0036	0.0171	0.0873	0.0767	-0.5375	0.7025	-0.4664	23	25	4	1	10	0.01	0.05	0	0.01
0.0101	0.0589	0.0114	0.0859	0.0868	-0.0822	0.9535	0.2901	24	26	4	1	11	0.0012	0.4167	0	0.0101
0.0108	0.0338	0.0037	0.1375	0.1072	-0.2628	0.6636	0.7004	25	27	4	1	12	0.0008	0.2917	0	0.0108
0.0096	0.0289	-0.002	0.1652	0.1079	-0.506	0.8532	0.1265	26	28	4	1	13	0.0056	0.375	0	0.0071
0.0096	0.0373	-0.0113	0.1935	0.1186	-0.4896	0.8676	-0.0863	27	29	4	1	14	0.0013	0.2917	0	0.009
0.01	0.0403	-0.026	0.2247	0.1234	-0.3524	0.8888	0.293	28	30	4	1	15	0.01	0.05	0	0.01
0.0102	0.0125	-0.0297	0.2291	0.1087	-0.3361	0.5385	-0.7727	29	0	4	1	16	0.0023	0.2917	0	0.0106
0.01	0.0596	0.0005	-0.053	-0.0747	-0.3585	-0.9199	0.1589	4	32	6	1	1	0.01	0.05	0	0.01
0.0116	0.0413	-0.012	-0.1123	-0.0614	0.0294	-0.6278	-0.7778	31	33	6	1	2	0.001	0.375	0	0.0119
0.0091	0.0395	-0.0134	-0.1351	-0.0898	-0.4625	-0.8105	0.3594	32	34	6	1	3	0.0009	0.4167	0	0.0091
0.0093	0.0476	-0.0272	-0.1426	-0.093	-0.946	-0.054	-0.3196	33	35	6	1	4	0.0101	0.3438	0	0.0093
0.01	0.0274	-0.0774	-0.1449	-0.0999	-0.8294	0.2094	-0.5178	34	36	6	1	5	0.01	0.05	0	0.01
0.0117	0.0287	-0.0675	-0.1501	-0.0876	0.2871	-0.7083	-0.6449	35	37	6	1	6	0.0009	0.4167	0	0.016
0.01	0.0069	-0.073	-0.1707	-0.0992	0.1166	-0.9748	0.1901	36	38	6	1	7	0.01	0.05	0	0.01
0.01	0.0357	-0.0722	-0.1774	-0.0979	0.4967	-0.8668	-0.0441	37	39	6	1	8	0.01	0.05	0	0.01
0.0097	0.0373	-0.0544	-0.2084	-0.0995	0.2217	-0.8746	-0.4312	38	0	6	1	9	0.01	0.05	0	0.01
0.0095	0.0494	0.0182	-0.1426	-0.0133	0.9277	-0.3576	-0.1067	9	41	8	1	1	0.001	0.3333	1	0.0096
0.009	0.0418	0.064	-0.1602	-0.0186	0.8337	0.3955	0.3854	40	42	8	1	2	0.001	0.3333	0	0.0096
0.0076	0.0035	0.0904	-0.1405	-0.0018	0.3663	0.8892	0.2743	41	43	8	1	3	0.01	0.05	0	0.01
0.0063	0.0231	0.0957	-0.1368	-0.0047	0.6356	0.3388	0.6938	42	44	8	1	4	0.01	0.05	0	0.01
0.0043	0.0312	0.1116	-0.1278	0.0116	0.5747	-0.4009	-0.7135	43	0	8	1	5	0.0033	0.15	0	0.01
0.0105	0.0906	0.0209	-0.0176	0.0258	0.4295	0.727	0.5357	17	46	15	2	1	0.0025	0.5	0	0.0105
0.0113	0.051	0.0578	0.0451	0.075	0.7951	-0.3929	0.462	45	47	15	2	2	0.002	0.275	0	0.0171
0.0112	0.0544	0.0913	0.0422	0.0818	-0.2701	0.6137	0.7419	46	48	15	2	3	0.0012	0.375	0	0.0113
0.0105	0.0024	0.0668	0.0753	0.1198	-0.1716	0.7629	0.6233	47	49	15	2	4	0.01	0.05	0	0.01
0.0105	0.0247	0.0663	0.0772	0.1212	0.2305	0.9219	0.3115	48	50	15	2	5	0.01	0.05	0	0.01
0.0105	0.0182	0.072	0.1	0.129	-0.7289	-0.1687	0.6635	49	0	15	2	6	0.01	0.05	0	0.01
0.0096	0.0605	-0.0038	0.0275	0.0352	-0.6697	0.1816	-0.7201	18	52	16	2	1	0.0024	0.4583	0	0.0096
0.0096	0.0398	-0.0371	0.0435	-0.0096	-0.3428	0.2721	-0.8991	51	53	16	2	2	0.01	0.05	0	0.01
0.0096	0.0816	-0.0614	0.0598	-0.0304	0.684	0.691	0.2337	52	54	16	2	3	0.0082	0.2	0	0.0445
0.0096	0.0074	-0.0137	0.1235	-0.0123	0.6328	0.7332	0.249	53	55	16	2	4	0.01	0.05	0	0.01
0.0096	0.0385	-0.009	0.1288	-0.0104	0.2427	0.6163	-0.7492	54	0	16	2	5	0.01	0.05	0	0.01
0.004	0.0327	-0.0074	0.1368	0.1075	-0.5364	-0.4572	0.7093	26	57	39	2	1	0.0023	0.3333	0	0.0085
0.0025	0.0282	-0.0226	0.1223	0.1269	0.855	-0.179	0.4868	56	58	39	2	2	0.006	0.2	0	0.01
0.0025	0.025	0.004	0.1164	0.1436	-0.213	-0.9722	-0.0978	57	0	39	2	3	0.0046	0.175	0	0.01
0.0114	0.07	-0.0224	-0.1188	-0.0616	-0.4173	0.8989	-0.1332	32	60	10	2	1	0.0033	0.4167	0	0.0114
0.0114	0.0038	-0.0458	-0.0566	-0.0727	0.0095	0.9482	-0.3174	59	61	10	2	2	0.01	0.05	0	0.01
0.0114	0.0263	-0.0509	-0.0517	-0.0613	0.8089	0.5217	0.2712	60	62	10	2	3	0.0013	0.2917	0	0.0156
0.0114	0.0325	-0.0414	-0.0388	-0.0416	0.7071	0.2112	0.6749	61	63	10	2	4	0.01	0.05	0	0.01
0.0114	0.0023	-0.0203	-0.0206	-0.0313	0.7245	0.547	0.4193	62	64	10	2	5	0.01	0.05	0	0.01
0.0114	0.0315	-0.0186	-0.0193	-0.0303	0.9134	0.3755	0.1571	63	0	10	2	6	0.01	0.05	0	0.01
0.0105	0.0578	-0.0209	-0.1186	-0.0801	-0.9557	-0.0301	-0.2929	32	66	14	2	1	0.002	0.5417	0	0.0105
0.0105	0.0373	-0.0686	-0.1034	-0.0893	-0.7939	0.506	-0.3373	65	67	14	2	2	0.01	0.05	0	0.01
0.0105	0.0034	-0.068	-0.1127	-0.1045	-0.3153	-0.252	-0.9149	66	0	14	2	3	0.01	0.05	0	0.01
0.01	0.0704	0.0354	-0.0096	0.0423	0.976	0.1557	0.1522	45	69	17	3	1	0.0027	0.4167	0	0.0106
0.01	0.0093	0.0894	0.003	0.0534	0.047	0.1835	0.9819	68	70	17	3	2	0.01	0.05	0	0.01
0.01	0.0214	0.0898	0.0047	0.0626	0.7881	-0.5993	0.1406	69	71	17	3	3	0.01	0.05	0	0.01
0.01	0.0327	0.1066	-0.0081	0.0656	0.8744	0.2872	0.3911	70	0	17	3	4	0.01	0.05	0	0.01
0.0051	0.0323	0.0559	0.0518	0.0839	0.8142	-0.5805	-0.0014	46	73	19	3	1	0.0067	0.25	0	0.0146
0.0025	0.0498	0.0833	0.0311	0.0854	0.8248	-0.0076	-0.5654	72	74	19	3	2	0.0027	0.15	0	0.01
0.0025	0.0438	0.1226	0.0289	0.0534	0.8109	-0.5774	-0.0949	73	0	19	3	3	0.0026	0.125	0	0.01
0.0114	0.061	0.0563	0.0324	0.0535	0.2381	-0.9169	0.3203	45	76	42	3	1	0.0029	0.4583	0	0.0114
0.0114	0.0282	0.0684	-0.0088	0.0834	0.0848	-0.5625	0.8224	75	77	42	3	2	0.01	0.05	0	0.01
0.0114	0.0014	0.06	-0.0243	0.0703	-0.2596	-0.9634	0.0669	76	0	42	3	3	0.01	0.05	0	0.01
0.0174	0.0208	-0.0167	0.0351	0.0327	-0.5409	0.5792	0.61	51	79	43	3	1	0.0027	0.4167	1	0.0174
0.0174	0.0393	-0.028	0.0471	0.0454	0.772	0.6343	-0.0417	78	80	43	3	2	0.0027	0.4167	0	0.0174
0.0174	0.03	-0.0321	0.082	0.047	-0.0373	-0.4299	0.9021	79	81	43	3	3	0.0026	0.3	0	0.0252
0.0174	0.012	-0.032	0.0717	0.0641	-0.9124	0.4092	-0.0127	80	82	43	3	4	0.0001	0.05	0	0.01
0.0174	0.0245	-0.0522	0.0764	0.0721	-0.1203	0.9854	-0.1206	81	83	43	3	5	0.004	0.225	0	0.01
0.0174	0.026	-0.0453	0.1026	0.0687	-0.2056	0.9786	-0.0089	82	0	43	3	6	0.003	0.1	0	0.01
0.0091	0.0047	-0.0407	0.0401	-0.0298	-0.4415	-0.8668	-0.232	52	85	32	3	1	0.0034	0.4583	0	0.0125
0.0091	0.0296	-0.0406	0.0563	-0.0412	-0.6675	-0.2791	-0.6903	84	86	32	3	2	0.01	0.05	0	0.01
0.0091	0.0662	-0.0366	0.0446	-0.0635	-0.0075	-0.5042	0.8636	85	87	32	3	3	0.0104	0.175	0	0.0225
0.0091	0.0286	-0.0411	0.0014	-0.0126	-0.2699	-0.4332	0.8599	86	0	32	3	4	0.01	0.05	0	0.01
