radius (m)	length (m)	start_point	axis_direction	parent	extension	branch	branch_order	position_in_branch	mad	SurfCov	added	UnmodRadius (m)
0.009	0.0346	0.1888	-0.2202	-0.0804	-0.5527	-0.3521	0.7553	0	2	1	0	1	0.0018	0.4583	0	0.009
0.01	0.0139	0.1769	-0.229	-0.0592	-0.3884	0.9195	0.0601	1	3	1	0	2	0.01	0.05	0	0.01
0.0135	0.0149	0.1593	-0.2115	-0.0669	-0.6089	-0.5712	0.5504	2	4	1	0	3	0.0007	0.375	0	0.0152
0.009	0.022	0.1527	-0.2139	-0.0528	-0.3507	-0.5725	0.7411	3	5	1	0	4	0.001	0.2917	0	0.0079
0.009	0.0426	0.1503	-0.2187	-0.0366	-0.7215	0.4964	0.4827	4	6	1	0	5	0.0012	0.3333	0	0.0089
0.009	0.0352	0.1206	-0.1977	-0.0258	-0.3671	0.9285	-0.0562	5	7	1	0	6	0.001	0.2917	0	0.0074
0.009	0.0473	0.1079	-0.165	-0.0258	-0.544	0.8371	0.0579	6	8	1	0	7	0.0006	0.2917	0	0.0064
0.01	0.0355	0.0824	-0.1258	-0.0292	-0.5413	0.8379	-0.0695	7	9	1	0	8	0.01	0.05	0	0.01
0.0134	0.0357	0.0737	-0.0942	-0.0115	-0.3115	0.9473	0.0748	8	10	1	0	9	0.0006	0.4167	0	0.0146
0.0096	0.058	0.0379	-0.0742	-0.0045	-0.4684	0.8741	0.129	9	11	1	0	10	0.007	0.4167	0	0.0096
0.01	0.0217	0.0024	-0.05	0.0159	-0.7692	0.4579	0.4458	10	12	1	0	11	0.01	0.05	0	0.01
0.0118	0.0586	0.0246	-0.0186	0.0154	-0.4005	0.8666	0.2977	11	13	1	0	12	0.001	0.2917	0	0.0122
0.0114	0.0403	-0.0035	0.0279	0.0023	-0.4183	0.9059	-0.0663	12	14	1	0	13	0.001	0.25	0	0.0115
0.01	0.0262	0.004	0.0637	0.0282	-0.2927	0.9175	0.2691	13	15	1	0	14	0.01	0.05	0	0.01
0.0096	0.006	-0.02	0.0046	0.0389	-0.6964	0.1682	0.6977	14	16	1	0	15	0.0008	0.3333	0	0.0096
0.01	0.0249	-0.0277	-0.0017	0.0303	-0.8452	-0.334	0.4172	15	17	1	0	16	0.01	0.05	0	0.01
0.0139	0.0675	-0.0318	-0.0091	0.0363	-0.1034	0.9756	-0.1939	16	18	1	0	17	0.0034	0.15	0	0.0208
0.0116	0.0541	-0.0307	0.0591	0.03	0.1802	0.8448	-0.5038	17	19	1	0	18	0.001	0.25	0	0.0127
0.01	0.0055	-0.0359	0.0901	-0.0084	-0.3451	0.7653	-0.5433	18	20	1	0	19	0.01	0.05	0	0.01
0.01	0.016	-0.0377	0.0941	-0.0112	-0.4357	-0.6989	-0.5671	19	21	1	0	20	0.01	0.05	0	0.01
0.01	0.0192	-0.038	0.0938	-0.0107	-0.381	-0.4708	0.7957	20	22	1	0	21	0.01	0.05	0	0.01
0.01	0.0165	-0.0408	0.098	-0.0083	-0.5294	0.6748	0.5142	21	0	1	0	22	0.01	0.05	0	0.01
0.0063	0.0524	0.1796	-0.2272	-0.0686	0.423	-0.8753	0.2343	2	24	14	1	1	0.002	0.375	0	0.0063
0.0075	0.0025	0.2058	-0.2732	-0.0689	0.33	-0.9363	0.12	23	25	14	1	2	0.01	0.05	0	0.01
0.0069	0.0288	0.2067	-0.2758	-0.0633	0.7902	-0.6113	-0.0425	24	26	14	1	3	0.0008	0.3333	0	0.0074
0.0054	0.0144	0.2312	-0.2936	-0.0673	0.6302	-0.6677	0.3963	25	27	14	1	4	0.01	0.05	0	0.01
0.0041	0.0066	0.2398	-0.3031	-0.0635	0.6912	0.7146	-0.1078	26	0	14	1	5	0.0005	0.1	0	0.01
0.0084	0.0384	-0.0345	-0.0146	0.0321	-0.0671	-0.878	0.474	16	29	7	1	1	0.0016	0.4583	0	0.0084
0.0084	0.0081	-0.0321	-0.0462	0.0437	0.6038	-0.7711	0.2021	28	30	7	1	2	0.01	0.05	0	0.01
0.0084	0.0413	-0.0272	-0.0525	0.0454	0.0303	-0.9699	-0.2417	29	0	7	1	3	0.01	0.05	0	0.01
0.0094	0.0908	-0.0475	0.0966	0.001	-0.3722	0.9184	0.134	21	32	8	1	1	0.0006	0.375	0	0.0076
0.0095	0.0188	-0.0844	0.1797	-0.0017	-0.4629	0.8827	0.0805	31	33	8	1	2	0.0048	0.3	0	0.0205
0.0094	0.0321	-0.086	0.1958	-0.0008	0.0269	0.9087	-0.4165	32	34	8	1	3	0.001	0.25	0	0.0144
0.0094	0.016	-0.0987	0.2162	-0.0084	-0.4122	0.8527	0.321	33	35	8	1	4	0.0007	0.4167	0	0.0094
0.0094	0.04	-0.1104	0.2279	-0.0045	-0.3922	0.5167	0.7611	34	36	8	1	5	0.0011	0.2917	0	0.0116
0.0094	0.0327	-0.1271	0.2527	0.0154	-0.7827	0.5484	0.2942	35	37	8	1	6	0.01	0.05	0	0.01
0.0094	0.0011	-0.1202	0.2673	0.0176	0.1457	0.9666	0.2107	36	38	8	1	7	0.01	0.05	0	0.01
0.0094	0.0399	-0.1201	0.2684	0.0179	-0.2663	0.9188	-0.2912	37	0	8	1	8	0.01	0.05	0	0.01
0.0109	0.0371	0.0341	0.0029	-0.0163	-0.5907	0.5609	-0.5801	0	40	6	0	1	0.002	0.375	0	0.0109
0.01	0.0044	0.0108	0.0208	-0.029	0.4376	0.8315	0.3422	39	41	6	0	2	0.01	0.05	0	0.01
0.0091	0.0167	0.0127	0.0244	-0.0274	-0.1593	0.3787	-0.9117	40	42	6	0	3	0.01	0.05	0	0.01
0.007	0.0165	0.0102	0.0324	-0.0433	-0.5337	-0.2921	-0.7936	41	43	6	0	4	0.01	0.05	0	0.01
0.0045	0.0051	0.0006	0.0262	-0.0568	-0.0278	0.3286	-0.9441	42	0	6	0	5	0.0024	0.1	0	0.01
0.008	0.0358	-0.0325	-0.0741	0.0339	-0.5808	0.7101	-0.398	30	45	15	2	1	0.0014	0.25	1	0.0151
0.0075	0.0875	-0.0544	-0.0523	0.0288	-0.689	0.6983	0.194	44	46	15	2	2	0.0022	0.16	0	0.0151
0.0064	0.0425	-0.111	0.0102	0.0412	0.1329	0.916	0.3785	45	47	15	2	3	0.0008	0.375	0	0.0073
0.0043	0.0078	-0.1026	0.0488	0.0516	0.8236	0.4179	0.3835	46	48	15	2	4	0.0033	0.175	0	0.01
0.0034	0.0105	-0.0959	0.0517	0.0529	0.5563	-0.7823	0.2802	47	0	15	2	5	0.0003	0.1	0	0.01
0.0089	0.0116	-0.0748	0.1535	0.0181	-0.4864	0.2645	0.8327	31	50	9	2	1	0.0019	0.3333	1	0.011
0.0089	0.0475	-0.0804	0.1566	0.0277	-0.8739	0.446	0.1931	49	51	9	2	2	0.0019	0.3333	0	0.011
0.0078	0.039	-0.1205	0.1769	0.0413	-0.4798	0.8191	0.3145	50	52	9	2	3	0.001	0.375	0	0.0077
0.0089	0.0034	-0.1452	0.2012	0.0548	-0.7895	0.613	-0.0304	51	0	9	2	4	0.01	0.05	0	0.01
0.0062	0.0573	-0.0764	0.1429	0.0079	-0.6159	-0.4672	0.6343	31	54	10	2	1	0.0009	0.4167	0	0.0061
0.0084	0.0395	-0.1127	0.1157	0.042	0.9149	-0.134	-0.3809	53	55	10	2	2	0.0012	0.3333	0	0.0102
0.0081	0.0257	-0.0882	0.0972	0.0274	0.7148	-0.6217	0.3202	54	56	10	2	3	0.0025	0.225	0	0.0131
0.0074	0.0142	-0.0725	0.0824	0.0351	-0.4282	-0.7037	0.5669	55	57	10	2	4	0.01	0.05	0	0.01
0.007	0.0226	-0.0786	0.0724	0.0432	0.1079	-0.8651	0.4899	56	0	10	2	5	0.01	0.05	0	0.01
