radius (m)	length (m)	start_point	axis_direction	parent	extension	branch	branch_order	position_in_branch	mad	SurfCov	added	UnmodRadius (m)
0.0101	0.0745	-0.0833	0.0019	-0.1412	-0.2349	-0.1004	0.9668	0	2	1	0	1	0.0031	0.625	0	0.0101
0.01	0.0201	-0.0988	-0.0006	-0.0681	-0.176	-0.1438	0.9738	1	3	1	0	2	0.0013	0.2917	0	0.01
0.0081	0.0339	-0.0986	-0.0086	-0.0674	0.3842	-0.8681	0.3143	2	4	1	0	3	0.0085	0.5	0	0.0081
0.0102	0.0029	-0.1016	-0.0378	-0.0605	0.0341	-0.9757	-0.2163	3	5	1	0	4	0.007	0.5	0	0.0102
0.0105	0.0228	-0.1041	-0.039	-0.0571	-0.7317	-0.6443	-0.2227	4	6	1	0	5	0.001	0.4167	0	0.0107
0.0104	0.0193	-0.1207	-0.0519	-0.054	-0.9057	-0.4121	0.1	5	7	1	0	6	0.0011	0.4167	0	0.0106
0.0105	0.031	-0.1274	-0.0479	-0.0513	-0.712	0.6235	0.323	6	8	1	0	7	0.0039	0.5	0	0.0108
0.0095	0.0218	-0.1514	-0.0325	-0.0476	-0.4152	0.8237	-0.3862	7	9	1	0	8	0.01	0.05	0	0.01
0.0093	0.021	-0.1557	-0.0372	-0.0398	-0.681	0.3275	0.655	8	10	1	0	9	0.01	0.05	0	0.01
0.0091	0.0237	-0.151	-0.0423	-0.0362	-0.1846	0.4537	-0.8718	9	0	1	0	10	0.01	0.05	0	0.01
0.0095	0.0729	-0.0987	-0.0096	-0.0748	0.0146	-0.8	-0.5998	2	12	2	1	1	0.0016	0.4167	1	0.0111
0.0095	0.0362	-0.0976	-0.068	-0.1186	0.3166	-0.816	0.4836	11	13	2	1	2	0.0016	0.4167	0	0.0111
0.0095	0.0531	-0.0839	-0.0915	-0.1061	0.9568	-0.1374	0.2563	12	14	2	1	3	0.0013	0.2917	0	0.0097
0.0095	0.0305	-0.033	-0.1002	-0.0905	0.6553	-0.5884	-0.4737	13	15	2	1	4	0.0026	0.225	0	0.0177
0.0094	0.0181	-0.0046	-0.1205	-0.089	0.5029	-0.7774	-0.3779	14	16	2	1	5	0.0013	0.2083	0	0.0121
0.0084	0.0415	-0.0003	-0.1277	-0.0943	0.78	0.4469	0.438	15	17	2	1	6	0.0011	0.2917	0	0.0084
0.0093	0.023	0.0315	-0.1048	-0.0802	0.6976	0.5285	0.4838	16	18	2	1	7	0.01	0.05	0	0.01
0.0094	0.0368	0.038	-0.1053	-0.0685	0.0662	-0.0105	0.9977	17	19	2	1	8	0.0011	0.375	0	0.0096
0.0092	0.0304	0.0513	-0.1093	-0.0346	0.2208	-0.0776	0.9722	18	20	2	1	9	0.01	0.05	0	0.01
0.0093	0.0279	0.0656	-0.1103	-0.0244	-0.9051	0.2584	-0.3375	19	21	2	1	10	0.0016	0.2917	0	0.0127
0.0093	0.036	0.0544	-0.1036	-0.0265	-0.2767	0.7663	0.5799	20	22	2	1	11	0.0014	0.375	0	0.0124
0.0091	0.0246	0.0452	-0.0764	-0.0186	0.4264	0.9045	-0.0027	21	23	2	1	12	0.01	0.05	0	0.01
0.0084	0.038	0.0502	-0.0626	-0.0098	-0.4948	0.762	0.4177	22	24	2	1	13	0.0011	0.5	0	0.0084
0.0091	0.0273	0.0305	-0.0359	-0.0028	-0.8847	0.4655	-0.0258	23	25	2	1	14	0.0015	0.2917	0	0.0106
0.0091	0.0358	0.0233	-0.0093	0.0086	-0.6329	0.7742	-0.0048	24	26	2	1	15	0.0058	0.3438	0	0.0101
0.0087	0.0275	0.0033	0.0185	0.0069	-0.0764	0.9934	-0.0854	25	27	2	1	16	0.01	0.05	0	0.01
0.0088	0.0207	-0.0025	0.0377	0.0184	-0.4998	0.799	0.3343	26	28	2	1	17	0.0012	0.4167	0	0.009
0.0088	0.036	0.0028	0.0501	0.0327	-0.1282	0.7302	0.6711	27	29	2	1	18	0.0041	0.3438	0	0.0093
0.0075	0.0194	0.0159	0.0785	0.0476	0.3004	0.6322	0.7142	28	30	2	1	19	0.0048	0.5	0	0.0075
0.0064	0.0261	0.0212	0.0916	0.0615	0.8295	0.5317	0.1712	29	31	2	1	20	0.0038	0.625	0	0.0064
0.0064	0.0418	0.0344	0.0967	0.0814	0.8037	0.2082	0.5574	30	32	2	1	21	0.007	0.3125	0	0.0064
0.0075	0.0291	0.0687	0.1105	0.1036	0.5618	0.1081	0.8202	31	33	2	1	22	0.01	0.05	0	0.01
0.0086	0.005	0.0898	0.1037	0.1129	0.8761	-0.2166	0.4306	32	34	2	1	23	0.0041	0.325	0	0.0163
0.0072	0.0115	0.089	0.1052	0.1101	0.7339	0.409	-0.5423	33	35	2	1	24	0.01	0.05	0	0.01
0.0071	0.0193	0.0975	0.1099	0.1039	0.8644	-0.428	0.2639	34	36	2	1	25	0.01	0.05	0	0.01
0.007	0.014	0.1141	0.1016	0.1089	0.7026	0.1075	0.7034	35	0	2	1	26	0.01	0.05	0	0.01
0.009	0.0306	-0.0895	-0.05	-0.1106	0.3952	-0.3937	0.8299	11	38	31	2	1	0.0058	0.3	0	0.0195
0.0082	0.0316	-0.0654	-0.0668	-0.0834	-0.1094	0.1024	0.9887	37	39	31	2	2	0.0061	0.4167	0	0.0081
0.009	0.009	-0.0811	-0.0549	-0.068	-0.6705	-0.733	0.1144	38	40	31	2	3	0.01	0.05	0	0.01
0.009	0.021	-0.086	-0.0606	-0.0627	0.9505	-0.2298	-0.2089	39	0	31	2	4	0.01	0.05	0	0.01
0.0108	0.0369	-0.0293	-0.1115	-0.1045	-0.9019	0.0422	-0.43	14	42	6	2	1	0.0011	0.4167	1	0.0108
0.0108	0.0425	-0.0626	-0.11	-0.1203	0.9542	0.1231	0.2727	41	43	6	2	2	0.0011	0.4167	0	0.0108
0.0108	0.0289	-0.0252	-0.106	-0.1071	0.475	-0.8327	0.2846	42	44	6	2	3	0.0012	0.2917	0	0.0132
0.0108	0.0454	-0.0154	-0.1293	-0.1068	-0.568	-0.7996	0.1948	43	45	6	2	4	0.0011	0.25	0	0.0077
0.0108	0.0435	-0.0448	-0.1625	-0.097	-0.6223	-0.7755	0.1064	44	46	6	2	5	0.0012	0.25	0	0.0112
0.0108	0.0538	-0.0416	-0.1997	-0.0945	-0.1058	-0.9886	0.107	45	47	6	2	6	0.005	0.275	0	0.0123
0.0108	0.0311	-0.0302	-0.2359	-0.0948	0.6542	-0.7289	-0.2018	46	48	6	2	7	0.0051	0.325	0	0.0064
0.0108	0.039	-0.0131	-0.2541	-0.0836	0.9072	-0.3354	0.2539	47	49	6	2	8	0.01	0.05	0	0.01
0.0108	0.0383	0.0118	-0.2563	-0.1048	0.8917	-0.2385	-0.3847	48	50	6	2	9	0.01	0.05	0	0.01
0.0108	0.0272	-0.006	-0.2648	-0.0935	-0.3557	0.5918	-0.7233	49	0	6	2	10	0.01	0.05	0	0.01
0.0094	0.1077	-0.0872	-0.0784	-0.1027	0.9801	0.001	0.1983	12	52	7	2	1	0.003	0.4167	0	0.0094
0.0094	0.0108	0.0154	-0.0766	-0.0655	0.9383	0.3167	0.1389	51	53	7	2	2	0.01	0.05	0	0.01
0.0094	0.0094	0.0195	-0.0813	-0.0565	0.8054	-0.0666	0.589	52	54	7	2	3	0.01	0.05	0	0.01
0.0094	0.018	0.0275	-0.0872	-0.082	0.651	-0.7464	0.1386	53	55	7	2	4	0.01	0.05	0	0.01
0.0094	0.0234	0.0295	-0.0829	-0.0859	-0.7823	-0.219	0.5832	54	56	7	2	5	0.01	0.05	0	0.01
0.0094	0.0177	0.0112	-0.0881	-0.0723	-0.1088	0.8583	0.5015	55	0	7	2	6	0.01	0.05	0	0.01
0.0082	0.0325	-0.0067	0.0357	0.0043	-0.9449	0.2291	-0.2338	26	58	13	2	1	0.0028	0.375	0	0.0088
0.0081	0.0091	-0.03	0.0356	-0.003	-0.6426	-0.6234	0.4455	57	59	13	2	2	0.01	0.05	0	0.01
0.008	0.046	-0.0337	0.0354	0.0016	-0.7437	0.3583	-0.5644	58	60	13	2	3	0.0008	0.375	0	0.0091
0.0071	0.0219	-0.0666	0.0455	-0.0269	-0.5434	0.2178	-0.8107	59	61	13	2	4	0.01	0.05	0	0.01
0.007	0.0261	-0.0758	0.0576	-0.0307	-0.806	0.5742	-0.1442	60	62	13	2	5	0.0021	0.25	0	0.0168
0.005	0.0131	-0.0901	0.0803	-0.0289	-0.659	0.7255	-0.1985	61	63	13	2	6	0.0007	0.15	0	0.01
0.0037	0.0255	-0.1011	0.087	-0.0301	-0.5512	0.6949	0.4618	62	0	13	2	7	0.0006	0.125	0	0.01
0.0061	0.0544	0.031	0.0954	0.0868	-0.8632	-0.2551	-0.4358	31	65	14	2	1	0.0024	0.3333	0	0.0096
0.006	0.0018	-0.0377	0.0923	0.0628	-0.4405	-0.8913	0.1077	64	66	14	2	2	0.01	0.05	0	0.01
0.0057	0.0218	-0.0398	0.0807	0.0616	-0.7798	0.1854	-0.5979	65	67	14	2	3	0.01	0.05	0	0.01
0.0052	0.0063	-0.0392	0.0819	0.0609	-0.1253	0.912	0.3906	66	68	14	2	4	0.01	0.05	0	0.01
0.0044	0.024	-0.0384	0.086	0.0666	-0.7211	0.4171	0.5531	67	69	14	2	5	0.0022	0.15	0	0.01
0.0033	0.0153	-0.0546	0.0953	0.0789	-0.4916	0.2698	-0.828	68	0	14	2	6	0.001	0.075	0	0.01
0.0097	0.0124	0.0902	0.0948	0.1144	-0.2395	-0.9702	0.0357	33	71	21	2	1	0.0022	0.5417	1	0.0099
0.0097	0.0327	0.0873	0.0828	0.1149	0.4466	-0.3087	-0.8398	70	72	21	2	2	0.0022	0.5417	0	0.0099
0.0097	0.0233	0.1061	0.0803	0.1063	0.9769	-0.137	-0.1639	71	73	21	2	3	0.01	0.05	0	0.01
0.0097	0.0319	0.1011	0.0749	0.1016	0.0601	-0.9208	0.3854	72	74	21	2	4	0.0009	0.4167	0	0.0097
0.0097	0.0089	0.1046	0.0433	0.1119	-0.7933	-0.6059	0.0595	73	75	21	2	5	0.01	0.05	0	0.01
0.0097	0.0159	0.1003	0.0398	0.1107	0.6834	-0.5488	0.4815	74	0	21	2	6	0.01	0.05	0	0.01
0.0078	0.0471	0.0907	0.1113	0.1169	0.6721	0.7206	0.1704	33	77	22	2	1	0.0018	0.375	0	0.0078
0.0078	0.0446	0.1225	0.1459	0.1245	0.8516	0.0793	0.5181	76	78	22	2	2	0.0007	0.2917	0	0.0081
0.007	0.0303	0.1613	0.142	0.142	0.9788	-0.0429	0.2004	77	79	22	2	3	0.01	0.05	0	0.01
0.0071	0.0275	0.1679	0.1505	0.1502	0.2694	0.4574	0.8474	78	80	22	2	4	0.0008	0.375	0	0.0116
0.0047	0.01	0.1715	0.1552	0.1759	0.7298	-0.156	0.6656	79	81	22	2	5	0.0022	0.15	0	0.01
0.0036	0.0188	0.1813	0.1516	0.1813	0.6602	0.4287	0.6167	80	0	22	2	6	0.0034	0.15	0	0.01
0.0095	0.0457	0.0916	0.075	0.1034	-0.4309	0.8525	-0.2959	73	83	33	3	1	0.0029	0.4167	0	0.0095
0.0095	0.0027	0.0793	0.1106	0.0859	0.2522	0.9124	-0.3224	82	84	33	3	2	0.01	0.05	0	0.01
0.0095	0.0292	0.08	0.113	0.085	0.5598	0.763	0.3232	83	0	33	3	3	0.01	0.05	0	0.01
