radius (m)	length (m)	start_point	axis_direction	parent	extension	branch	branch_order	position_in_branch	mad	SurfCov	added	UnmodRadius (m)
0.0186	0.8708	0.0346	0.0419	0.1582	-0.8905	-0.0352	-0.4535	0	2	1	0	1	0.0011	0.0037	0	0.2803
0.0085	0.0978	-0.7386	-0.2011	-0.0638	0.9858	0.1124	0.1247	1	3	1	0	2	0.0035	0.725	0	0.0085
0.0095	0.0269	-0.6429	-0.1856	-0.0724	0.9934	0.1146	-0.0084	2	4	1	0	3	0.0011	0.4583	0	0.0092
0.0165	0.0479	-0.6433	-0.1763	-0.1116	0.8075	0.2813	-0.5184	3	5	1	0	4	0.0012	0.375	0	0.0203
0.0117	0.047	-0.6434	-0.1902	-0.057	0.8261	0.2688	0.4953	4	6	1	0	5	0.0011	0.2083	0	0.0124
0.0085	0.0522	-0.6016	-0.1887	-0.0434	0.9444	-0.0348	0.327	5	7	1	0	6	0.001	0.4167	0	0.0085
0.01	0.0147	-0.5594	-0.195	-0.0323	0.6397	-0.7428	-0.1977	6	8	1	0	7	0.01	0.05	0	0.01
0.0092	0.0307	-0.5593	-0.1884	-0.0366	0.8434	0.4701	0.2599	7	9	1	0	8	0.0012	0.4167	0	0.0092
0.0094	0.0245	-0.5337	-0.1712	-0.0322	0.9175	0.3504	0.1881	8	10	1	0	9	0.01	0.05	0	0.01
0.009	0.0042	-0.5258	-0.1793	-0.0256	0.7206	-0.5805	0.3791	9	11	1	0	10	0.01	0.05	0	0.01
0.0086	0.0182	-0.5228	-0.1818	-0.024	0.875	0.4753	-0.0916	10	0	1	0	11	0.01	0.05	0	0.01
0.0141	0.2682	0.1088	0.0508	0.1764	0.043	0.2965	-0.9541	1	13	2	1	1	0.0011	0.3333	1	0.0141
0.0134	0.0321	0.1204	0.1303	-0.0795	0.0211	0.2854	0.9582	12	14	2	1	2	0.0011	0.3333	0	0.0141
0.0124	0.0481	0.1504	0.1219	-0.0449	0.1646	0.465	0.8699	13	15	2	1	3	0.0019	0.3333	0	0.0132
0.0074	0.0429	0.1631	0.1373	-0.0107	0.8581	0.0294	0.5127	14	16	2	1	4	0.004	0.4688	0	0.0058
0.0078	0.0617	0.1919	0.1249	0.003	0.7879	-0.5832	0.1977	15	17	2	1	5	0.01	0.05	0	0.01
0.0063	0.0059	0.1938	0.1371	0.0074	0.5956	0.6534	0.4673	16	0	2	1	6	0.01	0.05	0	0.01
0.0115	0.2338	-0.0886	0.0461	0.0774	0.7968	0.44	-0.4142	1	19	3	1	1	0.01	0.05	1	0.01
0.01	0.0284	0.0977	0.1489	-0.0195	0.6721	0.7404	-0.0061	18	20	3	1	2	0.01	0.05	0	0.01
0.0121	0.0389	0.1266	0.1783	-0.0125	0.1455	0.5355	-0.8319	19	21	3	1	3	0.0009	0.375	0	0.0128
0.0073	0.0432	0.1365	0.2017	-0.0399	-0.4763	0.8779	-0.0493	20	22	3	1	4	0.0008	0.3333	0	0.0071
0.0083	0.03	0.1131	0.2335	-0.0501	-0.6165	0.7175	-0.3242	21	23	3	1	5	0.01	0.05	0	0.01
0.0069	0.0279	0.1206	0.2474	-0.038	0.1677	0.9755	0.1426	22	24	3	1	6	0.0005	0.375	0	0.0073
0.0046	0.0138	0.1213	0.2723	-0.0367	-0.5409	0.8369	0.0835	23	0	3	1	7	0.0027	0.15	0	0.01
0.0085	0.7014	-0.4999	-0.1607	-0.0347	0.9529	0.2952	-0.0695	9	26	4	1	1	0.0021	0.5833	1	0.0085
0.0085	0.047	0.1685	0.0464	-0.0835	0.1966	-0.3172	0.9278	25	27	4	1	2	0.0021	0.5833	0	0.0085
0.0085	0.1518	0.1886	0.0211	-0.0467	-0.6783	-0.7335	0.0435	26	28	4	1	3	0.0056	0.1	0	0.0155
0.0076	0.0406	0.0977	-0.0874	-0.0385	-0.209	0.3638	0.9077	27	29	4	1	4	0.0049	0.375	0	0.0076
0.0082	0.0378	0.0921	-0.0755	-0.0013	0.2583	0.392	0.883	28	30	4	1	5	0.01	0.05	0	0.01
0.0085	0.0334	0.0855	-0.0712	0.0039	-0.8149	0.504	0.2864	29	31	4	1	6	0.0013	0.375	0	0.011
0.0081	0.0281	0.0587	-0.0623	0.0195	-0.963	0.1313	0.2355	30	32	4	1	7	0.01	0.05	0	0.01
0.0085	0.0101	0.0416	-0.0747	0.0235	-0.8316	-0.4762	-0.286	31	33	4	1	8	0.0049	0.3	0	0.014
0.0082	0.0266	0.0323	-0.0768	0.0266	-0.9422	0.219	-0.2535	32	34	4	1	9	0.0007	0.25	0	0.0088
0.0077	0.0333	0.0071	-0.0714	0.0233	-0.8136	-0.5715	-0.107	33	35	4	1	10	0.0008	0.3333	0	0.0077
0.0079	0.0229	-0.0165	-0.0879	0.0129	-0.7091	-0.4581	-0.5361	34	36	4	1	11	0.01	0.05	0	0.01
0.0071	0.0246	-0.024	-0.0894	0.0157	-0.8226	-0.1316	0.5532	35	37	4	1	12	0.0009	0.3333	0	0.0071
0.0083	0.0497	-0.0446	-0.0928	0.0238	-0.9602	-0.268	0.0782	36	38	4	1	13	0.0009	0.375	0	0.011
0.0062	0.0283	-0.0917	-0.1088	0.0415	-0.9975	-0.0594	0.039	37	39	4	1	14	0.0038	0.3125	0	0.0048
0.0066	0.0228	-0.1196	-0.1105	0.0323	-0.9987	-0.0397	-0.0309	38	40	4	1	15	0.0033	0.5	0	0.0066
0.0062	0.0391	-0.1431	-0.1154	0.0379	-0.9601	-0.1751	-0.2179	39	41	4	1	16	0.0039	0.5313	0	0.0062
0.0074	0.0256	-0.1622	-0.1348	0.0358	-0.5898	-0.798	0.1242	40	42	4	1	17	0.01	0.05	0	0.01
0.0078	0.0107	-0.18	-0.1195	0.0284	-0.9752	-0.1276	-0.1808	41	43	4	1	18	0.0009	0.4583	0	0.0081
0.0072	0	-0.186	-0.1182	0.0263	-0.512	0.8354	-0.1999	42	44	4	1	19	0.01	0.05	0	0.01
0.008	0.0483	-0.1861	-0.1195	0.0275	-0.9737	-0.1001	-0.2048	43	45	4	1	20	0.0008	0.4583	0	0.0086
0.007	0.0255	-0.2261	-0.1302	0.0232	-0.7155	-0.6727	0.1883	44	46	4	1	21	0.01	0.05	0	0.01
0.007	0.021	-0.2446	-0.1309	0.0207	-0.9902	-0.0693	-0.1212	45	47	4	1	22	0.01	0.05	0	0.01
0.0069	0.0032	-0.2569	-0.1209	0.0162	-0.7933	0.55	-0.2611	46	0	4	1	23	0.01	0.05	0	0.01
0.0025	0.788	-0.6775	-0.1857	-0.0547	0.8818	0.4712	-0.0165	2	49	34	1	1	0.0011	0.0231	0	0.0196
0.0025	0.0272	0.0114	0.1964	-0.0551	0.4591	0.7682	-0.4463	48	50	34	1	2	0.01	0.05	0	0.01
0.0025	0.0227	0.0239	0.2173	-0.0673	0.7387	0.659	0.1416	49	0	34	1	3	0.01	0.05	0	0.01
0.0081	0.071	-0.57	-0.1814	-0.0325	0.9253	0.3783	0.0269	6	52	9	1	1	0.0018	0.3333	0	0.0096
0.0081	0.0155	-0.5006	-0.1559	-0.0295	0.0641	0.7278	0.6828	51	53	9	1	2	0.0007	0.3333	0	0.0102
0.0079	0.0468	-0.5	-0.1503	-0.0209	0.9913	-0.1	0.0851	52	54	9	1	3	0.0009	0.4167	0	0.0079
0.008	0.0214	-0.4584	-0.1529	-0.0089	0.8644	0.0643	0.4986	53	55	9	1	4	0.0012	0.2083	0	0.0081
0.008	0.0399	-0.4424	-0.1473	-0.0082	0.9094	0.4133	-0.0466	54	56	9	1	5	0.0008	0.25	0	0.0098
0.008	0.0333	-0.4088	-0.1384	0.0016	0.8708	0.291	0.3962	55	57	9	1	6	0.0009	0.25	0	0.0096
0.008	0.0421	-0.3781	-0.1351	0.0046	0.9894	0.0995	0.1062	56	58	9	1	7	0.0008	0.2083	0	0.0092
0.0079	0.0376	-0.3382	-0.139	0.0189	0.987	-0.0248	0.1585	57	59	9	1	8	0.0033	0.35	0	0.0068
0.0079	0.0354	-0.3062	-0.1389	0.01	0.917	-0.227	-0.3281	58	60	9	1	9	0.01	0.05	0	0.01
0.0079	0.0282	-0.2807	-0.135	0.0175	0.955	0.1352	0.2639	59	61	9	1	10	0.01	0.05	0	0.01
0.0079	0.0194	-0.2708	-0.119	0.0196	0.5517	0.8253	0.1205	60	0	9	1	11	0.01	0.05	0	0.01
0.0147	0.0512	0.1203	0.1663	-0.011	0.9836	-0.1661	-0.0696	19	63	5	2	1	0.0025	0.375	0	0.0133
0.0147	0.0441	0.1708	0.1572	-0.0209	0.6442	0.7627	-0.0562	62	64	5	2	2	0.0016	0.4167	0	0.0147
0.0147	0.0055	0.1899	0.1877	-0.0242	-0.1844	0.7203	-0.6687	63	65	5	2	3	0.01	0.05	0	0.01
0.0147	0.0186	0.1855	0.1962	-0.0273	-0.5802	-0.3311	-0.7442	64	66	5	2	4	0.01	0.05	0	0.01
0.0147	0.0181	0.1893	0.1949	-0.0297	0.6486	-0.3647	-0.668	65	67	5	2	5	0.01	0.05	0	0.01
0.0147	0.0277	0.2011	0.1883	-0.0418	0.8187	0.5455	-0.1795	66	0	5	2	6	0.01	0.05	0	0.01
0.0082	0.0515	0.1079	0.1468	-0.0239	0.8202	-0.5289	0.2179	19	69	35	2	1	0.0021	0.5	0	0.0082
0.0093	0.029	0.1301	0.1097	-0.0166	0.4298	-0.8997	0.0764	68	70	35	2	2	0.0069	0.375	0	0.0093
0.0093	0.0692	0.1266	0.1048	-0.0135	-0.7956	-0.5966	-0.1056	69	71	35	2	3	0.0055	0.2292	0	0.0117
0.0091	0.0233	0.0909	0.0859	0.0118	-0.8373	-0.0671	0.5426	70	72	35	2	4	0.01	0.05	0	0.01
0.0092	0.0167	0.088	0.0687	-0.0132	-0.9129	-0.2985	-0.2784	71	73	35	2	5	0.0005	0.375	0	0.0094
0.0088	0.0072	0.0722	0.0636	-0.0167	-0.2407	-0.9453	-0.2202	72	74	35	2	6	0.01	0.05	0	0.01
0.0087	0.0139	0.0736	0.0599	-0.0167	0.0229	0.4522	-0.8916	73	0	35	2	7	0.01	0.05	0	0.01
0.0058	0.047	0.1717	0.0366	-0.0368	0.3345	-0.5042	0.7961	26	76	7	2	1	0.0014	0.4167	0	0.0058
0.0066	0.039	0.1816	0.0176	0.0031	0.0074	-0.4686	0.8834	75	77	7	2	2	0.0011	0.2083	0	0.0066
0.0078	0.0307	0.1805	0.0042	0.0448	-0.457	-0.7733	0.4396	76	78	7	2	3	0.0028	0.275	0	0.0165
0.0074	0.0045	0.1795	-0.0019	0.0527	0.3345	0.0532	0.9409	77	79	7	2	4	0.01	0.05	0	0.01
0.0068	0.0308	0.1739	-0.0055	0.0584	0.5056	-0.7518	0.4233	78	80	7	2	5	0.0009	0.25	0	0.0068
0.0076	0.0457	0.1937	-0.0261	0.0739	0.2262	-0.834	0.5033	79	81	7	2	6	0.0042	0.275	0	0.0234
0.0075	0.0205	0.1889	-0.0582	0.0926	-0.432	-0.8267	0.3605	80	82	7	2	7	0.0036	0.3438	0	0.0089
0.0049	0.0451	0.1954	-0.0793	0.0991	0.1011	0.1662	0.9809	81	83	7	2	8	0.0039	0.5	0	0.0046
0.0061	0.0175	0.2029	-0.0734	0.1416	0.5571	0.093	0.8252	82	84	7	2	9	0.0028	0.4375	0	0.0061
0.0057	0.0167	0.2091	-0.0596	0.1433	0.6593	0.6257	0.4169	83	85	7	2	10	0.01	0.05	0	0.01
0.0056	0.0112	0.2073	-0.0646	0.1451	0.5439	-0.6325	0.5516	84	86	7	2	11	0.01	0.05	0	0.01
0.0053	0.0148	0.2165	-0.069	0.1516	0.2177	-0.3431	0.9137	85	0	7	2	12	0.01	0.05	0	0.01
0.0081	0.0222	0.1714	0.0414	-0.0463	-0.4385	0.6776	0.5905	26	88	8	2	1	0.0024	0.375	1	0.0173
0.008	0.0572	0.16	0.0627	-0.0375	0.5536	0.5699	0.6073	87	89	8	2	2	0.0078	0.175	0	0.0173
0.007	0.0332	0.1832	0.1004	0.0019	0.6324	0.5911	0.5008	88	90	8	2	3	0.01	0.05	0	0.01
0.0069	0.012	0.2002	0.1241	-0.0006	0.749	0.6625	-0.0148	89	91	8	2	4	0.0012	0.3333	0	0.0088
0.0046	0.0203	0.2076	0.1363	-0.0083	0.6618	0.7036	0.2586	90	92	8	2	5	0.0003	0.125	0	0.01
0.0037	0.0132	0.2073	0.1346	-0.0024	0.0114	0.0353	0.9993	91	0	8	2	6	0.003	0.175	0	0.01
0.0072	0.023	0.1018	-0.06	0.0156	0.6637	0.6889	-0.2915	29	94	16	2	1	0.0024	0.4583	0	0.0072
0.0078	0.0002	0.1161	-0.0491	0.0055	0.6858	0.3199	-0.6538	93	95	16	2	2	0.01	0.05	0	0.01
0.0078	0.0419	0.1169	-0.0427	0.0102	-0.19	0.6048	-0.7733	94	96	16	2	3	0.0008	0.3333	0	0.008
0.0076	0.0266	0.1142	-0.0244	-0.0243	-0.1119	0.2084	-0.9716	95	97	16	2	4	0.01	0.05	0	0.01
0.0075	0.0024	0.1058	-0.0094	-0.0283	-0.4147	0.7924	-0.4474	96	98	16	2	5	0.01	0.05	0	0.01
0.0073	0.0117	0.1096	-0.0071	-0.029	0.1045	-0.8536	-0.5104	97	0	16	2	6	0.01	0.05	0	0.01
0.0025	0.0371	0.0986	-0.0563	0.0218	-0.6988	-0.6818	0.2163	29	100	21	2	1	0.0073	0.25	1	0.01
0.0025	0.0472	0.0877	-0.0767	0.0367	0.239	-0.9566	0.167	99	101	21	2	2	0.0021	0.15	0	0.01
0.0025	0.0205	0.0982	-0.123	0.0439	-0.7352	0.1755	0.6547	100	0	21	2	3	0.0028	0.125	0	0.01
0.0081	0.0178	-0.6733	-0.1828	-0.0523	-0.5532	-0.0717	0.83	48	103	36	2	1	0.0018	0.4167	1	0.0081
0.0081	0.0521	-0.6831	-0.1841	-0.0375	0.9549	-0.1868	-0.2307	102	104	36	2	2	0.0018	0.4167	0	0.0081
0.0081	0.0045	-0.6371	-0.1957	-0.0516	0.2692	0.4195	-0.867	103	105	36	2	3	0.01	0.05	0	0.01
0.0081	0.0285	-0.637	-0.1918	-0.0518	0.9655	0.2073	0.1573	104	106	36	2	4	0.0007	0.2917	0	0.0061
0.0081	0.022	-0.6082	-0.1874	-0.0497	0.897	0.3829	0.2207	105	0	36	2	5	0.01	0.05	0	0.01
0.0082	0.0727	0.1394	0.1779	-0.0504	0.432	0.9009	-0.0413	0	108	39	0	1	0.0019	0.4583	0	0.0082
0.0082	0.0347	0.1699	0.2424	-0.0522	0.6096	-0.7741	-0.1707	107	109	39	0	2	0.0009	0.375	0	0.0071
0.0082	0.0211	0.1881	0.2162	-0.0547	0.1288	-0.9524	0.2763	108	0	39	0	3	0.01	0.05	0	0.01
0.0088	0.0102	0.2002	-0.0585	0.0847	-0.2051	-0.2805	-0.9377	80	111	24	3	1	0.002	0.3333	1	0.012
0.0088	0.0404	0.1981	-0.0613	0.0751	-0.8852	0.2688	-0.3796	110	112	24	3	2	0.002	0.3333	0	0.012
0.0088	0.0259	0.1631	-0.0492	0.0606	0.7262	-0.6069	0.323	111	113	24	3	3	0.0007	0.4167	0	0.0088
0.0088	0.0442	0.1604	-0.0606	0.0577	0.3734	0.8415	-0.3905	112	114	24	3	4	0.0085	0.3333	0	0.008
0.0088	0.0144	0.1945	-0.0239	0.0531	0.3205	0.8527	-0.4125	113	115	24	3	5	0.01	0.05	0	0.01
0.0088	0.0109	0.1792	-0.0408	0.0432	-0.1528	0.2337	-0.9602	114	116	24	3	6	0.0036	0.3	0	0.0172
0.0088	0.0044	0.1698	-0.0405	0.0367	-0.0061	-0.8686	-0.4955	115	117	24	3	7	0.01	0.05	0	0.01
0.0088	0.0231	0.1705	-0.0418	0.0352	0.9572	-0.2839	0.0554	116	118	24	3	8	0.01	0.05	0	0.01
0.0088	0.0274	0.1926	-0.0484	0.0366	0.0275	-0.4048	-0.914	117	119	24	3	9	0.01	0.05	0	0.01
0.0088	0.0266	0.1933	-0.0594	0.0116	-0.2582	0.2303	-0.9382	118	0	24	3	10	0.01	0.05	0	0.01
0.0207	0.0361	0.1244	-0.0957	0.0339	-0.7385	-0.6669	0.0993	0	121	47	0	1	0.0025	0.4167	0	0.0207
0.0207	0.0031	0.0957	-0.1096	0.0383	-0.975	-0.2061	0.083	120	122	47	0	2	0.003	0.225	0	0.0091
0.0207	0.0257	0.0939	-0.1105	0.0798	-0.2342	0.9721	0.0127	121	0	47	0	3	0.0014	0.15	0	0.01
