radius (m)	length (m)	start_point	axis_direction	parent	extension	branch	branch_order	position_in_branch	mad	SurfCov	added	UnmodRadius (m)
0.0162	0.0683	-0.0008	0.3569	-0.2853	-0.4634	-0.7238	0.5113	0	2	1	0	1	0.0029	0.7083	0	0.0162
0.0147	0.0915	-0.0217	0.3023	-0.244	-0.5615	-0.158	0.8122	1	3	1	0	2	0.0018	0.5	0	0.0149
0.0147	0.0401	-0.0872	0.2909	-0.1773	-0.3676	-0.8698	0.3291	2	4	1	0	3	0.0012	0.2917	0	0.0157
0.0102	0.0241	-0.098	0.2573	-0.1525	-0.6977	-0.6483	0.305	3	5	1	0	4	0.0053	0.5	0	0.0088
0.0121	0.0323	-0.0918	0.2342	-0.1558	0.1966	-0.5526	0.81	4	6	1	0	5	0.0062	0.4583	0	0.0121
0.0093	0.0164	-0.0832	0.2167	-0.1335	0.6452	-0.7005	0.305	5	7	1	0	6	0.0028	0.5	0	0.0063
0.01	0.0004	-0.0726	0.2052	-0.1285	0.6414	-0.6913	0.3329	6	8	1	0	7	0.01	0.05	0	0.01
0.01	0.0365	-0.0727	0.2029	-0.1249	0.629	-0.6865	-0.3647	7	9	1	0	8	0.01	0.05	0	0.01
0.0135	0.0242	-0.0473	0.1801	-0.1519	0.9709	-0.1968	0.1367	8	10	1	0	9	0.001	0.4583	0	0.0151
0.01	0.0158	-0.026	0.1671	-0.1411	0.9815	-0.1245	0.1455	9	11	1	0	10	0.01	0.05	0	0.01
0.0073	0.0274	-0.0379	0.1695	-0.1235	0.4354	-0.2733	0.8577	10	12	1	0	11	0.009	0.4167	0	0.0057
0.0103	0.0317	-0.0167	0.184	-0.1293	-0.246	0.8115	0.53	11	13	1	0	12	0.0088	0.3125	0	0.0123
0.0077	0.0459	-0.0155	0.1882	-0.098	0.6765	0.5838	0.4489	12	14	1	0	13	0.01	0.05	0	0.01
0.0069	0.0158	-0.0219	0.1949	-0.1062	-0.1491	0.8913	-0.4281	13	0	1	0	14	0.01	0.05	0	0.01
0.0103	0.0862	0.0037	0.3519	-0.267	0.4756	-0.7559	0.45	1	16	2	1	1	0.0019	0.375	0	0.0107
0.007	0.0274	0.0439	0.2855	-0.2345	-0.8949	-0.4013	0.1952	15	17	2	1	2	0.0035	0.5313	0	0.0068
0.0089	0.0205	0.0172	0.2796	-0.2297	-0.8602	-0.3397	0.3805	16	18	2	1	3	0.01	0.05	0	0.01
0.0087	0.0155	0.017	0.2729	-0.2306	-0.397	-0.4261	-0.8129	17	19	2	1	4	0.01	0.05	0	0.01
0.0099	0.0173	0.0179	0.2678	-0.2356	0.7359	-0.0569	-0.6747	18	0	2	1	5	0.0016	0.4167	0	0.0111
0.014	0.0847	-0.0714	0.2878	-0.1971	0.3112	-0.7509	0.5825	2	21	4	1	1	0.0028	0.375	0	0.0171
0.0101	0.0419	-0.0356	0.2356	-0.1574	0.8064	-0.1998	0.5565	20	22	4	1	2	0.0016	0.2917	0	0.0101
0.0087	0.032	-0.0158	0.2248	-0.1162	0.7593	-0.3408	0.5543	21	23	4	1	3	0.0064	0.375	0	0.0087
0.0116	0.0291	0.0119	0.2071	-0.1084	-0.8565	-0.513	0.057	22	24	4	1	4	0.0009	0.3333	0	0.0158
0.0081	0.0269	-0.0057	0.191	-0.0939	-0.4189	-0.8936	0.1614	23	25	4	1	5	0.01	0.05	0	0.01
0.0063	0.014	-0.0075	0.1841	-0.1104	-0.2654	-0.6847	-0.6788	24	26	4	1	6	0.01	0.05	0	0.01
0.0045	0.0163	-0.0112	0.1744	-0.12	0.0365	-0.6893	-0.7236	25	0	4	1	7	0.0009	0.1	0	0.01
0.0123	0.0523	-0.0766	0.2833	-0.1685	0.9376	-0.2739	-0.2142	3	28	5	1	1	0.0032	0.4583	0	0.0123
0.0123	0.0036	-0.0348	0.2832	-0.1822	0.8916	0.4526	0.0164	27	29	5	1	2	0.01	0.05	0	0.01
0.0123	0.022	-0.0316	0.2849	-0.1821	0.0739	-0.7314	0.6779	28	30	5	1	3	0.01	0.05	0	0.01
0.0123	0.0203	-0.03	0.2688	-0.1672	0.5665	-0.5633	0.6015	29	0	5	1	4	0.01	0.05	0	0.01
0.0127	0.0257	-0.0519	0.1681	-0.1475	-0.335	-0.8849	0.3235	9	32	10	1	1	0.0017	0.4167	1	0.0151
0.0127	0.0378	-0.0605	0.1454	-0.1392	0.7037	-0.5476	0.4526	31	33	10	1	2	0.0017	0.4167	0	0.0151
0.0126	0.0258	-0.0465	0.1208	-0.1084	0.003	-0.9632	-0.2688	32	34	10	1	3	0.0038	0.225	0	0.018
0.0126	0.054	-0.0377	0.1032	-0.1021	0.3883	-0.8911	0.2348	33	35	10	1	4	0.0053	0.325	0	0.015
0.0093	0.0382	-0.0119	0.0543	-0.0932	0.2946	-0.7904	0.5371	34	36	10	1	5	0.0032	0.3542	0	0.0082
0.0114	0.0277	0.0158	0.0337	-0.0714	0.3544	-0.6886	0.6326	35	37	10	1	6	0.0064	0.375	0	0.0114
0.01	0.0297	0.0216	0.0082	-0.0554	0.5775	-0.515	0.6335	36	38	10	1	7	0.01	0.05	0	0.01
0.0123	0.0292	0.0244	-0.0068	-0.0361	0.0073	-0.6304	0.7763	37	39	10	1	8	0.0009	0.4167	0	0.0124
0.01	0.0277	0.0267	-0.0347	-0.0389	-0.1618	-0.929	0.3327	38	40	10	1	9	0.01	0.05	0	0.01
0.0091	0.0118	0.0435	-0.0322	-0.0253	0.4894	-0.4813	0.7272	39	41	10	1	10	0.0008	0.375	0	0.0088
0.01	0.0004	0.0497	-0.035	-0.0164	0.8368	-0.203	0.5085	40	42	10	1	11	0.01	0.05	0	0.01
0.0091	0.0636	0.0414	-0.0356	-0.0117	0.121	-0.9867	0.1085	41	43	10	1	12	0.0012	0.4167	0	0.009
0.01	0.0011	0.0457	-0.0934	0.0008	-0.1792	-0.7848	0.5932	42	44	10	1	13	0.01	0.05	0	0.01
0.0125	0.0489	0.0544	-0.095	-0.0045	-0.028	-0.9957	0.088	43	45	10	1	14	0.0013	0.4167	0	0.0154
0.009	0.0452	0.0525	-0.1377	0.0075	0.5176	-0.657	0.5482	44	46	10	1	15	0.0012	0.3333	0	0.0083
0.01	0.0008	0.0777	-0.1532	0.0256	0.8478	0.1288	0.5144	45	47	10	1	16	0.01	0.05	0	0.01
0.011	0.0654	0.0801	-0.1552	0.0232	-0.721	-0.6896	0.0679	46	48	10	1	17	0.0011	0.375	0	0.011
0.01	0.0344	0.042	-0.2068	0.0294	-0.566	-0.8159	-0.1181	47	49	10	1	18	0.01	0.05	0	0.01
0.0122	0.0487	0.0426	-0.2224	0.021	-0.3599	0.7679	0.5298	48	50	10	1	19	0.0013	0.2917	0	0.0129
0.0121	0.0423	0.0328	-0.1795	0.0481	-0.2681	0.1502	0.9516	49	51	10	1	20	0.0032	0.275	0	0.018
0.0096	0.0586	0.0161	-0.1848	0.0831	-0.1538	-0.3435	0.9265	50	52	10	1	21	0.0015	0.25	0	0.0096
0.01	0.0335	0.0008	-0.2091	0.1314	-0.3616	-0.5348	0.7637	51	53	10	1	22	0.01	0.05	0	0.01
0.011	0.0254	-0.0124	-0.2017	0.1527	-0.6616	0.0976	0.7435	52	54	10	1	23	0.001	0.5	0	0.011
0.0119	0.0034	-0.0139	-0.1897	0.1745	-0.154	-0.0568	0.9864	53	55	10	1	24	0.0016	0.25	0	0.0135
0.0122	0.029	-0.0302	-0.1976	0.1699	-0.3675	-0.1941	0.9095	54	56	10	1	25	0.0036	0.125	0	0.019
0.01	0.0228	-0.0302	-0.2068	0.1919	0.023	-0.7358	0.6769	55	57	10	1	26	0.01	0.05	0	0.01
0.0109	0.0314	-0.0347	-0.2114	0.1929	-0.8533	0.2149	0.4751	56	58	10	1	27	0.0016	0.3333	0	0.0109
0.0116	0.0482	-0.0543	-0.2115	0.2237	-0.5029	0.6882	0.523	57	59	10	1	28	0.0016	0.25	0	0.0165
0.01	0.0047	-0.0688	-0.2001	0.2498	-0.228	-0.0596	0.9718	58	60	10	1	29	0.01	0.05	0	0.01
0.0108	0.0872	-0.0909	-0.186	0.2488	-0.4804	-0.3937	0.7837	59	61	10	1	30	0.0098	0.225	0	0.0112
0.009	0.0254	-0.1071	-0.2424	0.322	-0.4561	-0.3506	0.8179	60	62	10	1	31	0.0103	0.2917	0	0.0082
0.01	0.0497	-0.1264	-0.2532	0.3415	0.0733	-0.7636	0.6415	61	63	10	1	32	0.01	0.05	0	0.01
0.01	0.0035	-0.1355	-0.2431	0.3555	-0.409	0.2197	0.8857	62	0	10	1	33	0.01	0.05	0	0.01
0.0114	0.0994	-0.0351	0.0946	-0.1213	0.9093	0.2694	-0.3174	33	65	11	2	1	0.001	0.375	0	0.0107
0.0114	0.0477	0.042	0.1257	-0.1645	0.4329	0.8859	-0.1668	64	66	11	2	2	0.0084	0.375	0	0.0098
0.0114	0.0221	0.0688	0.1686	-0.1661	0.1038	0.9735	-0.2035	65	67	11	2	3	0.0034	0.4063	0	0.0114
0.0118	0.0402	0.0806	0.1752	-0.1797	0.4506	0.6538	-0.6078	66	68	11	2	4	0.0074	0.3438	0	0.0126
0.0114	0.0374	0.0975	0.2103	-0.1973	0.6944	0.4948	-0.5225	67	69	11	2	5	0.01	0.05	0	0.01
0.0114	0.0287	0.1201	0.1963	-0.2221	0.7337	0.031	-0.6787	68	0	11	2	6	0.01	0.05	0	0.01
0.0094	0.0541	-0.0337	0.1167	-0.132	0.7678	-0.2082	-0.6058	32	71	12	2	1	0.0046	0.2	0	0.0207
0.0094	0.0483	-0	0.1116	-0.1643	0.6116	0.7715	0.1752	70	72	12	2	2	0.0058	0.4375	0	0.0094
0.0094	0.0247	0.026	0.1487	-0.164	0.2724	0.9522	-0.1379	71	0	12	2	3	0.01	0.05	0	0.01
0.0123	0.0764	0.0344	-0.0487	-0.0347	0.9506	0.3105	0.0019	39	74	18	2	1	0.0025	0.4167	0	0.0123
0.0123	0.0392	0.1055	-0.0277	-0.0387	0.8641	-0.5031	0.0131	73	75	18	2	2	0.0012	0.3333	0	0.0142
0.0123	0.0286	0.1429	-0.0392	-0.0441	0.6625	-0.6072	-0.4387	74	76	18	2	3	0.01	0.05	0	0.01
0.0123	0.0235	0.1618	-0.0572	-0.055	0.7286	-0.6477	-0.2227	75	77	18	2	4	0.01	0.05	0	0.01
0.0123	0.0261	0.1686	-0.0772	-0.0487	0.5024	-0.8597	0.0929	76	0	18	2	5	0.01	0.05	0	0.01
0.0118	0.0187	0.0612	-0.1377	0.018	0.3797	0.7511	0.5401	45	79	22	2	1	0.0039	0.3333	1	0.0109
0.0118	0.061	0.0683	-0.1237	0.0281	0.8215	0.2125	-0.5291	78	80	22	2	2	0.0039	0.3333	0	0.0109
0.0118	0.044	0.1191	-0.1086	-0.0022	0.6362	0.4	-0.6597	79	81	22	2	3	0.0035	0.2	0	0.0251
0.0118	0.0446	0.1434	-0.0817	-0.0213	0.8111	0.5482	-0.2039	80	82	22	2	4	0.01	0.05	0	0.01
0.0118	0.041	0.1799	-0.0653	-0.0195	0.9622	0.2352	0.1374	81	83	22	2	5	0.0008	0.4167	0	0.0118
0.0118	0.0159	0.1992	-0.0447	-0.0268	0.5136	0.8551	-0.0703	82	84	22	2	6	0.01	0.05	0	0.01
0.0118	0.0041	0.1867	-0.0641	-0.0309	0.5424	-0.2692	-0.7958	83	0	22	2	7	0.01	0.05	0	0.01
0.013	0.0679	0.0703	-0.166	0.0352	-0.3241	-0.6578	0.6799	47	86	23	2	1	0.0023	0.4583	0	0.013
0.013	0.031	0.0558	-0.1993	0.0905	0.0965	-0.6617	0.7436	85	87	23	2	2	0.0093	0.375	0	0.0149
0.013	0.0299	0.0533	-0.2194	0.1169	0.4854	-0.2465	0.8388	86	0	23	2	3	0.01	0.05	0	0.01
0.0129	0.0224	0.0262	-0.2161	0.028	-0.9057	-0.4185	-0.0667	49	89	24	2	1	0.0036	0.4583	1	0.0129
0.0129	0.0465	0.006	-0.2255	0.0265	-0.2938	0.2935	-0.9097	88	90	24	2	2	0.0036	0.4583	0	0.0129
0.0129	0.0031	-0.0054	-0.2203	-0.0067	0.733	-0.3996	-0.5505	89	91	24	2	3	0.01	0.05	0	0.01
0.0129	0.0151	-0.0049	-0.2292	-0.0102	-0.1315	0.2521	-0.9587	90	92	24	2	4	0.01	0.05	0	0.01
0.0129	0.0357	-0.0068	-0.2256	-0.0239	-0.5497	-0.8078	-0.2126	91	0	24	2	5	0.01	0.05	0	0.01
0.0132	0.1579	-0.0857	-0.1878	0.2263	0.8548	0.104	-0.5084	57	94	25	2	1	0.0044	0.5	0	0.0132
0.0132	0.0304	0.0462	-0.1842	0.1486	0.1806	-0.2332	-0.9555	93	95	25	2	2	0.0045	0.3333	0	0.0077
0.0132	0.0323	0.0356	-0.1934	0.1316	-0.3726	-0.6953	-0.6146	94	96	25	2	3	0.01	0.05	0	0.01
0.0132	0.0787	0.0403	-0.1799	0.1319	0.9199	-0.2693	-0.285	95	97	25	2	4	0.001	0.375	0	0.0088
0.0132	0.0371	0.1116	-0.1909	0.1147	0.9842	0.1546	-0.0862	96	98	25	2	5	0.01	0.05	0	0.01
0.0132	0.023	0.1329	-0.192	0.0909	0.798	0.0493	-0.6006	97	99	25	2	6	0.0011	0.3333	0	0.0099
0.0132	0.0035	0.1482	-0.2006	0.0743	0.474	0.097	-0.8752	98	100	25	2	7	0.01	0.05	0	0.01
0.0132	0.0206	0.1498	-0.2003	0.0713	0.9854	0.1686	0.0221	99	0	25	2	8	0.01	0.05	0	0.01
0.0098	0.0088	-0.0074	-0.1996	0.1749	0.4925	0.5609	0.6654	54	102	27	2	1	0.0023	0.4167	0	0.0097
0.0098	0.0217	-0.0067	-0.2098	0.1845	-0.6164	0.322	0.7186	101	103	27	2	2	0.01	0.05	0	0.01
0.0098	0.0063	-0.0064	-0.2122	0.1913	-0.1955	-0.8033	0.5625	102	104	27	2	3	0.01	0.05	0	0.01
0.0098	0.0237	-0.0077	-0.2173	0.1948	0.6263	-0.0087	0.7795	103	0	27	2	4	0.01	0.05	0	0.01
0.0104	0.1058	-0.0558	-0.2016	0.2035	-0.6667	0.6268	0.4033	57	106	36	2	1	0.0024	0.1333	1	0.0213
0.01	0.0444	-0.117	-0.1345	0.2539	-0.6261	-0.1262	0.7695	105	107	36	2	2	0.0072	0.225	0	0.0213
0.0098	0.0412	-0.1424	-0.1318	0.2849	-0.6347	0.4278	0.6435	106	108	36	2	3	0.0015	0.375	0	0.0118
0.0085	0.0044	-0.1656	-0.1224	0.3112	-0.7795	-0.2906	0.5548	107	109	36	2	4	0.01	0.05	0	0.01
0.0087	0.0518	-0.1699	-0.1203	0.3114	-0.6304	0.3186	0.7079	108	110	36	2	5	0.0012	0.2917	0	0.0126
0.0083	0.0229	-0.2164	-0.1055	0.3375	-0.5985	-0.0901	0.7961	109	111	36	2	6	0.0047	0.275	0	0.0142
0.0058	0.0036	-0.2228	-0.1159	0.3482	-0.6058	-0.7534	0.2558	110	112	36	2	7	0.01	0.05	0	0.01
0.0049	0.0167	-0.2287	-0.1218	0.3491	-0.6476	0.7616	0.0242	111	113	36	2	8	0.0038	0.175	0	0.01
0.0041	0.0133	-0.2388	-0.1051	0.3523	0.7894	0.2538	-0.559	112	0	36	2	9	0.0018	0.175	0	0.01
0.0121	0.0225	0.1202	-0.05	-0.0414	-0.2796	-0.8263	0.489	74	115	19	3	1	0.0035	0.375	0	0.01
0.0121	0.0353	0.1134	-0.0646	-0.0325	-0.9709	0.0071	0.2393	114	116	19	3	2	0.0014	0.4167	0	0.0121
0.0121	0.0283	0.0784	-0.0517	-0.0271	-0.9964	-0.0689	-0.0501	115	117	19	3	3	0.01	0.05	0	0.01
0.0121	0.0085	0.0819	-0.0589	-0.0227	-0.1877	-0.9723	0.1396	116	118	19	3	4	0.01	0.05	0	0.01
0.0121	0.0134	0.0734	-0.0715	-0.0245	-0.1525	-0.3777	0.9133	117	119	19	3	5	0.01	0.05	0	0.01
0.0121	0.0187	0.0714	-0.0766	-0.0122	-0.4189	-0.9077	-0.0251	118	0	19	3	6	0.01	0.05	0	0.01
0.0126	0.0875	0.0294	-0.1991	0.1418	0.2135	0.5377	0.8157	95	121	31	3	1	0.0054	0.2	0	0.024
0.0126	0.0281	0.0487	-0.1832	0.2183	0.7569	0.1181	0.6428	120	122	31	3	2	0.01	0.05	0	0.01
0.0126	0.0233	0.0413	-0.1764	0.2236	-0.2094	0.7148	0.6673	121	123	31	3	3	0.01	0.05	0	0.01
0.0126	0.0161	0.0352	-0.1543	0.24	0.0992	-0.1254	0.9871	122	0	31	3	4	0.01	0.05	0	0.01
0.0106	0.0437	-0.0223	-0.1692	0.1967	-0.7842	0.6167	-0.0683	93	125	43	3	1	0.0023	0.5	0	0.0106
0.0106	0.0145	-0.052	-0.1588	0.203	-0.5281	0.3018	0.7937	124	126	43	3	2	0.01	0.05	0	0.01
0.0106	0.0002	-0.0591	-0.1463	0.2042	-0.5716	0.658	0.4902	125	0	43	3	3	0.01	0.05	0	0.01
0.009	0.0384	0.1402	-0.1994	0.109	0.3155	-0.9442	0.0951	97	128	40	3	1	0.0024	0.5	0	0.009
0.009	0.0119	0.1411	-0.2356	0.1094	-0.042	-0.99	0.1347	127	0	40	3	2	0.01	0.05	0	0.01
0.0082	0.0882	-0.1732	-0.11	0.3135	0.3733	0.5048	-0.7783	109	130	39	3	1	0.0072	0.28	0	0.0155
0.0073	0.0226	-0.1419	-0.0767	0.2374	0.0397	0.5515	-0.8332	129	131	39	3	2	0.0008	0.2917	0	0.0096
0.0061	0.0097	-0.1409	-0.0708	0.2274	0.2559	-0.771	-0.5832	130	132	39	3	3	0.01	0.05	0	0.01
0.0049	0.028	-0.1389	-0.0791	0.2199	-0.3394	0.902	-0.2669	131	133	39	3	4	0.002	0.15	0	0.01
0.0035	0.0164	-0.1463	-0.0526	0.2143	-0.6745	0.648	0.3538	132	0	39	3	5	0.0007	0.1	0	0.01
0.0033	0.0491	-0.1568	-0.0472	0.2176	-0.3913	-0.4082	0.8248	133	135	41	4	1	0.0076	0.325	0	0.0213
0.0033	0.0384	-0.1819	-0.0581	0.2523	-0.8774	-0.3535	0.3244	134	136	41	4	2	0.006	0.3	0	0.0105
0.0031	0.022	-0.2156	-0.0599	0.2733	-0.8701	-0.2918	0.3973	135	137	41	4	3	0.0054	0.3438	0	0.0058
0.0028	0.0205	-0.233	-0.0574	0.2673	-0.6376	0.6918	0.3389	136	138	41	4	4	0.0044	0.125	0	0.01
0.0026	0.0259	-0.2351	-0.0568	0.2628	0.5639	-0.2162	0.797	137	0	41	4	5	0.0049	0.15	0	0.01
