radius (m)	length (m)	start_point	axis_direction	parent	extension	branch	branch_order	position_in_branch	mad	SurfCov	added	UnmodRadius (m)
0.0162	0.0823	-0.4345	-0.0292	-0.1981	-0.8558	0.3295	0.3987	0	2	1	0	1	0.0032	0.75	0	0.0162
0.0214	0.0586	-0.5013	0.0008	-0.1724	-0.2669	0.933	0.2413	1	3	1	0	2	0.0021	0.7083	0	0.0214
0.0162	0.0769	-0.5095	0.0446	-0.1531	0.7271	0.6274	0.2788	2	4	1	0	3	0.0041	0.3	0	0.0095
0.0162	0.0443	-0.4505	0.0831	-0.1372	0.9292	0.3537	-0.1074	3	5	1	0	4	0.0032	0.12	0	0.0104
0.0162	0.0385	-0.4214	0.1157	-0.1439	0.6186	0.3623	-0.6972	4	6	1	0	5	0.0018	0.15	0	0.01
0.0162	0.0716	-0.4276	0.1061	-0.1586	0.6033	-0.4171	0.6798	5	7	1	0	6	0.0014	0.2917	0	0.0114
0.0163	0.0278	-0.3855	0.0968	-0.1087	0.9678	0.0317	0.2498	6	8	1	0	7	0.0014	0.25	0	0.0163
0.0162	0.008	-0.3776	0.0877	-0.0865	0.3642	0.5053	0.7823	7	9	1	0	8	0.0029	0.15	0	0.01
0.0162	0.0314	-0.3716	0.0904	-0.0761	0.3825	0.9235	0.0277	8	0	1	0	9	0.0013	0.125	0	0.0103
0.0091	0.1018	-0.4939	0.0274	-0.1503	-0.6936	-0.6942	0.1924	2	11	114	1	1	0.008	0.2333	0	0.0206
0.0098	0.0489	-0.5631	-0.0475	-0.1172	-0.9249	0.3243	0.1984	10	0	114	1	2	0.0031	0.375	0	0.0105
0.0085	0.0807	-0.4398	0.1019	-0.1306	-0.8743	0.4839	0.0377	4	13	4	1	1	0.0031	0.5	0	0.0085
0.0085	0.0556	-0.5146	0.1339	-0.1213	-0.8246	0.5604	0.0777	12	14	4	1	2	0.0065	0.375	0	0.008
0.0087	0.0335	-0.5594	0.1502	-0.1171	-0.9931	-0.0725	0.0927	13	15	4	1	3	0.01	0.05	0	0.01
0.0086	0.0313	-0.5777	0.1744	-0.1154	-0.8671	0.4912	0.0828	14	0	4	1	4	0.01	0.05	0	0.01
0.014	0.0363	-0.3843	0.0865	-0.1339	0.776	0.1068	-0.6216	6	17	10	1	1	0.0034	0.4583	1	0.014
0.014	0.0497	-0.3561	0.0903	-0.1564	-0.2482	0.9581	-0.1427	16	0	10	1	2	0.0034	0.4583	0	0.014
0.0107	0.0674	-0.3646	0.0655	-0.0745	0.9201	-0.3294	0.2118	9	19	11	1	1	0.0012	0.3333	0	0.0111
0.0092	0.0493	-0.3095	0.045	-0.0535	0.4245	-0.6722	0.6066	18	20	11	1	2	0.0054	0.3438	0	0.0092
0.01	0.0301	-0.2753	0.016	-0.0366	0.6621	-0.5616	0.4962	19	21	11	1	3	0.01	0.05	0	0.01
0.0123	0.0366	-0.292	0.0287	-0.0137	0.1977	-0.0186	0.9801	20	22	11	1	4	0.0011	0.3333	0	0.0146
0.0079	0.0271	-0.2821	0.0205	0.0217	0.7842	0.2474	0.5691	21	23	11	1	5	0.0008	0.3333	0	0.0077
0.0099	0.0359	-0.26	0.0244	0.0374	0.9234	0.2742	-0.2686	22	24	11	1	6	0.001	0.4583	0	0.0099
0.0109	0.0195	-0.2328	0.0443	0.0428	0.9424	0.2716	0.1953	23	25	11	1	7	0.0013	0.4583	0	0.0113
0.0109	0.0297	-0.2079	0.0442	0.0443	0.4497	0.1673	0.8774	24	26	11	1	8	0.001	0.2917	0	0.0119
0.0104	0.0463	-0.1939	0.0395	0.0615	0.5293	-0.5529	0.6436	25	27	11	1	9	0.0008	0.3333	0	0.0106
0.0082	0.0125	-0.1669	0.014	0.087	0.6737	-0.6247	0.3949	26	28	11	1	10	0.0039	0.5313	0	0.0082
0.0104	0.0569	-0.1652	0.0116	0.1024	0.3831	0.8976	-0.2181	27	29	11	1	11	0.0013	0.4167	0	0.0106
0.0102	0.0421	-0.1477	0.0621	0.0875	0.3255	0.6492	-0.6875	28	30	11	1	12	0.001	0.2917	0	0.0102
0.0079	0.0469	-0.147	0.0909	0.0689	-0.1273	0.9458	-0.2987	29	31	11	1	13	0.0049	0.4375	0	0.0051
0.0101	0.0189	-0.1495	0.137	0.0531	-0.4643	0.884	-0.0549	30	32	11	1	14	0.0052	0.325	0	0.0101
0.0091	0.0194	-0.1443	0.1489	0.0565	0.3754	0.9051	-0.1997	31	33	11	1	15	0.004	0.5417	0	0.0091
0.0079	0.0564	-0.1382	0.1595	0.0511	0.9787	-0.1787	0.1013	32	34	11	1	16	0.0009	0.2917	0	0.0071
0.0084	0.0551	-0.084	0.145	0.0499	0.9303	-0.3573	0.0833	33	35	11	1	17	0.0009	0.3333	0	0.0084
0.0079	0.0359	-0.0336	0.13	0.0596	0.993	0.0497	0.1076	34	36	11	1	18	0.0012	0.2917	0	0.0077
0.0079	0.0242	0.0039	0.1168	0.0595	0.9652	0.0461	0.2575	35	37	11	1	19	0.0064	0.3125	0	0.0076
0.0084	0.0214	0.0225	0.1441	0.0638	0.9499	0.1509	-0.2736	36	38	11	1	20	0.0103	0.375	0	0.0084
0.01	0.0168	0.0419	0.1248	0.0464	0.5178	0.3725	-0.7701	37	39	11	1	21	0.01	0.05	0	0.01
0.0117	0.0309	0.0514	0.1193	0.0495	-0.0248	0.8062	0.5912	38	40	11	1	22	0.0008	0.375	0	0.0131
0.0098	0.07	0.0399	0.1421	0.0559	0.089	-0.9913	0.0965	39	41	11	1	23	0.0043	0.3438	0	0.0098
0.0079	0.0267	0.0569	0.0713	0.0612	-0.1277	-0.9914	0.0286	40	42	11	1	24	0.0038	0.45	0	0.0064
0.0079	0.0127	0.0739	0.0599	0.0525	0.591	-0.8066	-0.0089	41	43	11	1	25	0.0077	0.2917	0	0.0068
0.0079	0.0325	0.0815	0.0462	0.0575	0.9695	-0.1967	-0.1461	42	44	11	1	26	0.001	0.25	0	0.0069
0.0096	0.0211	0.1123	0.0381	0.0463	0.9942	-0.059	-0.0899	43	45	11	1	27	0.0014	0.3333	0	0.0096
0.011	0.0295	0.1275	0.0326	0.0446	0.5506	-0.7605	-0.3442	44	46	11	1	28	0.0011	0.3333	0	0.012
0.008	0.0314	0.1473	0.012	0.0419	0.1751	-0.9707	0.1646	45	47	11	1	29	0.0043	0.375	0	0.008
0.0083	0.048	0.1606	-0.0105	0.0315	0.7573	-0.6516	0.0438	46	48	11	1	30	0.0061	0.4063	0	0.0083
0.01	0.0073	0.1866	-0.0121	0.0196	0.8571	0.0547	-0.5123	47	49	11	1	31	0.0057	0.4583	0	0.01
0.0079	0.0129	0.1994	-0.02	0.0208	0.7638	0.2405	-0.5989	48	50	11	1	32	0.0036	0.7917	0	0.0079
0.0095	0.0625	0.2037	-0.0069	0.0125	0.8699	0.4759	-0.1292	49	51	11	1	33	0.0028	0.475	0	0.0095
0.0126	0.061	0.2645	-0.0153	-0.0031	0.9424	0.2103	-0.2603	50	52	11	1	34	0.0115	0.3438	0	0.0236
0.0097	0.0566	0.284	-0.0322	-0.0023	0.6173	-0.7867	0.0056	51	53	11	1	35	0.0053	0.5417	0	0.0097
0.0092	0.0346	0.3313	-0.0571	0.0096	0.8433	-0.5374	0.0085	52	54	11	1	36	0.0011	0.25	0	0.0092
0.0121	0.0381	0.3159	-0.012	0.0241	0.7667	0.4309	0.476	53	55	11	1	37	0.0066	0.5833	0	0.0126
0.0098	0.0048	0.3031	-0.0248	0.0012	-0.2001	0.8834	-0.4238	54	56	11	1	38	0.01	0.05	0	0.01
0.0098	0.0218	0.3021	-0.0206	-0.0008	0.0501	0.0766	0.9958	55	0	11	1	39	0.01	0.05	0	0.01
0.0082	0.0575	-0.5513	0.1427	-0.1209	0.7553	-0.5791	-0.3068	14	58	6	2	1	0.0031	0.375	1	0.0122
0.0082	0.0683	-0.5078	0.1093	-0.1386	-0.762	0.3357	0.5538	57	59	6	2	2	0.0031	0.375	0	0.0122
0.0082	0.0325	-0.5656	0.1289	-0.107	-0.716	0.6242	0.3125	58	60	6	2	3	0.01	0.05	0	0.01
0.0082	0.0311	-0.5659	0.1259	-0.1226	0.8311	0.434	0.3478	59	0	6	2	4	0.002	0.3333	0	0.0128
0.0114	0.1506	-0.3031	0.026	-0.0078	-0.3541	0.5433	-0.7612	21	62	12	2	1	0.0024	0.5417	0	0.0114
0.0114	0.0023	-0.3569	0.1133	-0.109	-0.7224	0.6324	-0.2797	61	63	12	2	2	0.01	0.05	0	0.01
0.0114	0.0357	-0.3596	0.1153	-0.1091	-0.4916	-0.1754	-0.853	62	64	12	2	3	0.01	0.05	0	0.01
0.0114	0.014	-0.3798	0.1087	-0.1434	-0.74	0.4663	0.4848	63	0	12	2	4	0.01	0.05	0	0.01
0.0124	0.0827	-0.2968	0.0211	-0.0477	-0.8694	0.2068	-0.4488	20	66	13	2	1	0.0011	0.4167	1	0.0124
0.0124	0.0311	-0.3687	0.0382	-0.0848	-0.8762	0.482	0.0011	65	67	13	2	2	0.0011	0.4167	0	0.0124
0.0124	0.0153	-0.4024	0.05	-0.0837	-0.4055	0.8885	0.2151	66	0	13	2	3	0.0021	0.2917	0	0.0158
0.0069	0.0123	-0.2627	0.0323	0.03	0.2182	0.7914	-0.571	22	69	16	2	1	0.0018	0.375	1	0.0069
0.0069	0.0395	-0.2601	0.0421	0.0229	-0.2622	0.7032	0.6609	68	70	16	2	2	0.0018	0.375	0	0.0069
0.0069	0.0449	-0.2707	0.0685	0.0492	-0.4864	-0.0197	-0.8735	69	71	16	2	3	0.0012	0.3333	0	0.0089
0.0053	0.0269	-0.2824	0.0696	0.006	-0.3749	0.0057	-0.927	70	72	16	2	4	0.01	0.05	0	0.01
0.0039	0.0184	-0.2915	0.0636	0.0098	-0.7288	-0.6744	-0.1182	71	0	16	2	5	0.002	0.175	0	0.01
0.0103	0.0916	-0.2393	0.0336	0.048	-0.6293	-0.7259	0.2774	24	74	18	2	1	0.0007	0.3333	1	0.0107
0.0102	0.0348	-0.297	-0.0329	0.0734	-0.8797	-0.3044	0.3654	73	75	18	2	2	0.0007	0.3333	0	0.0107
0.0101	0.0408	-0.3247	-0.0468	0.08	0.3679	-0.7393	0.564	74	76	18	2	3	0.0008	0.3333	0	0.0123
0.0097	0.0013	-0.3207	-0.0763	0.1107	0.401	-0.669	0.6259	75	77	18	2	4	0.01	0.05	0	0.01
0.0099	0.0233	-0.3145	-0.0809	0.1145	0.5765	0.2407	-0.7808	76	78	18	2	5	0.001	0.3333	0	0.0107
0.0067	0.0635	-0.302	-0.0773	0.0989	0.8392	-0.5342	-0.1017	77	79	18	2	6	0.0015	0.5417	0	0.0023
0.0081	0.0211	-0.2483	-0.1112	0.0983	0.6005	-0.7977	-0.0548	78	80	18	2	7	0.001	0.3333	0	0.0081
0.0089	0.0483	-0.2464	-0.125	0.0949	-0.2858	-0.9544	0.086	79	81	18	2	8	0.0065	0.4583	0	0.0094
0.0075	0.027	-0.2613	-0.1702	0.1015	-0.7628	-0.6367	-0.1127	80	82	18	2	9	0.01	0.05	0	0.01
0.0087	0.0141	-0.2598	-0.1572	0.1033	-0.7218	0.4407	0.5336	81	83	18	2	10	0.0011	0.375	0	0.0102
0.0072	0.0249	-0.2759	-0.1493	0.1107	-0.26	-0.9397	-0.2222	82	84	18	2	11	0.0009	0.2917	0	0.0085
0.0059	0.0021	-0.2904	-0.1679	0.1023	-0.3801	-0.8545	-0.354	83	85	18	2	12	0.01	0.05	0	0.01
0.0052	0.0183	-0.2912	-0.1697	0.1016	-0.2282	-0.9694	0.0909	84	86	18	2	13	0.01	0.05	0	0.01
0.0048	0.0197	-0.2956	-0.183	0.106	0.9271	-0.1665	0.3359	85	0	18	2	14	0.0021	0.1	0	0.01
0.0025	0.0382	-0.1479	0.0459	0.0835	0.1713	-0.3627	-0.916	28	88	19	2	1	0.01	0.05	0	0.01
0.0025	0.0232	-0.1413	0.032	0.0485	0.1056	0.8231	-0.558	87	0	19	2	2	0.01	0.05	0	0.01
0.0115	0.0676	-0.1513	0.0616	0.099	-0.6386	0.7201	-0.2715	28	90	23	2	1	0.0046	0.4167	0	0.0142
0.0115	0.0227	-0.1979	0.1036	0.064	-0.9304	0.3629	0.0514	89	91	23	2	2	0.0011	0.2917	0	0.013
0.0115	0.0168	-0.206	0.1174	0.0607	-0.4134	0.2744	-0.8682	90	92	23	2	3	0.0056	0.7083	0	0.0115
0.0115	0.0164	-0.2103	0.121	0.0493	0.6713	0.6452	-0.3649	91	93	23	2	4	0.01	0.05	0	0.01
0.0115	0.0151	-0.1993	0.1316	0.0433	0.076	0.532	-0.8433	92	0	23	2	5	0.01	0.05	0	0.01
0.0115	0.0675	-0.1422	0.1024	0.0704	0.9035	0.1463	-0.4029	30	95	29	2	1	0.0027	0.4583	0	0.0115
0.0115	0.0291	-0.0871	0.1105	0.0463	0.2984	-0.9544	-0.0002	94	96	29	2	2	0.01	0.05	0	0.01
0.0115	0.0298	-0.0821	0.0818	0.0452	-0.0856	-0.5977	0.7972	95	0	29	2	3	0.01	0.05	0	0.01
0.0084	0.05	-0.034	0.1221	0.0595	0.9015	-0.4312	0.0363	35	98	37	2	1	0.0019	0.4583	0	0.0084
0.0084	0.0352	-0.0044	0.1019	0.0657	-0.0898	-0.9959	0.0064	97	99	37	2	2	0.0012	0.3333	0	0.0087
0.0084	0.0267	-0.0012	0.0653	0.0594	-0.1469	-0.9853	0.0876	98	100	37	2	3	0.0011	0.3333	0	0.011
0.0084	0.0191	-0.0033	0.0359	0.0671	0.4383	-0.7047	-0.5579	99	101	37	2	4	0.0032	0.225	0	0.0139
0.0084	0.0457	0.001	0.0254	0.0671	0.3677	-0.8491	0.3793	100	102	37	2	5	0.001	0.375	0	0.0094
0.0084	0.0312	0.0154	-0.013	0.0825	0.278	-0.8179	-0.5038	101	103	37	2	6	0.0018	0.2083	0	0.0118
0.0084	0.0238	0.0253	-0.0407	0.0726	0.5873	-0.7101	-0.3883	102	104	37	2	7	0.01	0.05	0	0.01
0.0084	0.0084	0.0441	-0.0425	0.0645	0.8788	-0.243	-0.4106	103	105	37	2	8	0.01	0.05	0	0.01
0.0084	0.0225	0.0515	-0.0445	0.0611	-0.4848	-0.8562	-0.1786	104	0	37	2	9	0.01	0.05	0	0.01
0.0043	0.0305	-0.0574	0.1256	0.0561	0.1205	-0.9922	-0.0308	34	107	40	2	1	0.0091	0.325	0	0.0135
0.0025	0.0005	-0.0374	0.0953	0.0578	-0.0563	-0.9439	0.3255	106	108	40	2	2	0.0106	0.1	0	0.01
0.0025	0.018	-0.0379	0.0953	0.0563	-0.9497	0.1198	0.2894	107	0	40	2	3	0.01	0.05	0	0.01
0.0078	0.0597	0.0626	0.1311	0.0563	0.9737	-0.2207	-0.0565	39	110	48	2	1	0.002	0.5	0	0.0076
0.0082	0.0276	0.1205	0.1236	0.0507	0.9838	-0.0198	-0.178	109	111	48	2	2	0.0014	0.3333	0	0.0085
0.0079	0.0054	0.1436	0.121	0.0411	0.7844	-0.3667	-0.5004	110	112	48	2	3	0.01	0.05	0	0.01
0.0078	0.0154	0.1484	0.122	0.0356	0.9594	-0.2673	-0.0898	111	0	48	2	4	0.01	0.05	0	0.01
0.0075	0.0231	0.0993	0.0487	0.0601	-0.0486	0.7533	0.6559	43	114	52	2	1	0.0029	0.5	1	0.0112
0.0075	0.0616	0.0982	0.0661	0.0753	0.7826	0.1151	-0.6119	113	115	52	2	2	0.0029	0.5	0	0.0112
0.0075	0.0055	0.1406	0.0855	0.0398	0.7226	0.4337	-0.5383	114	116	52	2	3	0.01	0.05	0	0.01
0.0075	0.0319	0.1446	0.0879	0.0368	0.7218	0.62	-0.3075	115	0	52	2	4	0.01	0.05	0	0.01
0.0025	0.0517	0.1761	-0.0323	0.0379	-0.8791	-0.3878	0.2771	47	118	64	2	1	0.0037	0.2	1	0.01
0.0025	0.029	0.1298	-0.0506	0.0483	-0.9133	-0.4067	0.0204	117	119	64	2	2	0.01	0.05	0	0.01
0.0025	0.0318	0.1047	-0.0632	0.0465	-0.7029	-0.6946	-0.1531	118	0	64	2	3	0.0036	0.175	0	0.01
0.0096	0.0902	0.1654	-0.0445	0.0539	0.2727	-0.7976	-0.5381	46	121	65	2	1	0.001	0.2917	0	0.0121
0.0096	0.0611	0.1762	-0.1201	0.0105	-0.0102	-0.8056	-0.5924	120	122	65	2	2	0.0061	0.35	0	0.0091
0.0096	0.0241	0.1673	-0.1529	-0.034	-0.5508	-0.5816	-0.5986	121	123	65	2	3	0.0049	0.4063	0	0.0116
0.0096	0.0198	0.1594	-0.146	-0.0481	-0.5918	0.1678	-0.7884	122	124	65	2	4	0.0055	0.5	0	0.0108
0.0096	0.0442	0.1444	-0.1653	-0.0599	-0.4458	-0.0857	-0.891	123	125	65	2	5	0.0061	0.3438	0	0.0155
0.0096	0.0176	0.1228	-0.1807	-0.0787	-0.5001	-0.7341	-0.4593	124	126	65	2	6	0.0049	0.375	0	0.016
0.0096	0.0481	0.1167	-0.1901	-0.0993	-0.4226	-0.8447	-0.3285	125	127	65	2	7	0.0045	0.5	0	0.0096
0.0096	0.0421	0.0849	-0.2281	-0.101	-0.6563	-0.6306	-0.4142	126	128	65	2	8	0.0013	0.2083	0	0.0116
0.0096	0.0136	0.0763	-0.268	-0.1071	-0.6352	-0.7527	0.1732	127	129	65	2	9	0.0067	0.4375	0	0.0113
0.0096	0.0348	0.072	-0.2739	-0.1041	0.6518	-0.7052	0.2792	128	130	65	2	10	0.01	0.05	0	0.01
0.0096	0.0043	0.0835	-0.285	-0.1199	0.5852	-0.5816	-0.565	129	0	65	2	11	0.01	0.05	0	0.01
0.0094	0.0386	0.3068	0.007	-0.0164	-0.5441	0.8384	0.0317	51	132	77	2	1	0.0036	0.4167	1	0.0094
0.0094	0.0442	0.2858	0.0393	-0.0152	-0.4699	0.8088	0.3536	131	133	77	2	2	0.0036	0.4167	0	0.0094
0.0094	0.0094	0.2643	0.0813	-0.0011	-0.9708	-0.0453	0.2356	132	0	77	2	3	0.01	0.05	0	0.01
0.0092	0.0536	0.2878	0.0019	-0.0057	0.2943	0.9557	0.0055	51	135	82	2	1	0.0037	0.5	0	0.0092
0.0116	0.0439	0.2995	0.0558	-0.0112	0.0152	0.9141	0.4053	134	136	82	2	2	0.0011	0.4167	0	0.0165
0.0101	0.0336	0.3041	0.0955	-0.0019	0.0781	0.9969	-0.0111	135	137	82	2	3	0.001	0.4167	0	0.0101
0.0098	0.039	0.3039	0.1274	-0.0091	0.0497	0.9669	-0.2501	136	138	82	2	4	0.0008	0.4167	0	0.0098
0.0101	0.0367	0.3122	0.1614	-0.0172	0.5232	0.8353	-0.1689	137	139	82	2	5	0.0012	0.25	0	0.0101
0.0108	0.0229	0.3344	0.1936	-0.0119	0.7264	0.6317	-0.2708	138	140	82	2	6	0.001	0.3333	0	0.0111
0.0092	0.0303	0.3411	0.2053	-0.0244	-0.1448	0.9673	-0.2082	139	141	82	2	7	0.0006	0.25	0	0.0087
0.0109	0.0299	0.3461	0.2437	-0.0256	-0.5551	0.7588	-0.3407	140	142	82	2	8	0.0011	0.2917	0	0.0136
0.01	0.0089	0.3369	0.2642	-0.0293	0.3421	0.9366	-0.0758	141	143	82	2	9	0.01	0.05	0	0.01
0.0098	0.0207	0.3399	0.2725	-0.03	-0.4116	0.8232	-0.3909	142	0	82	2	10	0.01	0.05	0	0.01
0.0025	0.0259	-0.3287	-0.053	0.0921	-0.4236	0.8192	0.3867	75	145	26	3	1	0.0081	0.3	1	0.01
0.0025	0.0396	-0.3344	-0.0248	0.0994	-0.8033	0.5938	-0.0452	144	0	26	3	2	0.004	0.075	0	0.01
0.0094	0.0172	-0.3216	-0.0743	0.1125	-0.8237	0.567	0.0089	77	147	28	3	1	0.0027	0.3333	1	0.0096
0.0091	0.0301	-0.3358	-0.0645	0.1126	-0.9762	-0.1574	-0.1493	146	148	28	3	2	0.0027	0.3333	0	0.0096
0.0083	0.0279	-0.3563	-0.0695	0.1109	-0.0162	0.9905	0.1368	147	149	28	3	3	0.0014	0.2917	0	0.0089
0.007	0.0281	-0.3576	-0.0439	0.1136	-0.7505	0.4964	-0.4362	148	150	28	3	4	0.0007	0.3333	0	0.0078
0.0044	0.0213	-0.3795	-0.0294	0.107	0.1687	0.9832	-0.0694	149	0	28	3	5	0.002	0.175	0	0.01
0.0128	0.0262	-0.231	-0.1215	0.0946	0.9044	-0.3605	-0.2282	79	152	39	3	1	0.0019	0.4583	1	0.0147
0.0128	0.0293	-0.2072	-0.131	0.0886	-0.7907	0.4631	0.4004	151	153	39	3	2	0.0019	0.4583	0	0.0147
0.0128	0.0398	-0.2044	-0.109	0.0862	-0.2732	0.9594	0.0699	152	154	39	3	3	0.0042	0.5417	0	0.0128
0.0128	0.006	-0.211	-0.0986	0.083	0.3345	0.2472	-0.9094	153	155	39	3	4	0.01	0.05	0	0.01
0.0128	0.0339	-0.209	-0.0971	0.0775	-0.1838	0.8477	0.4977	154	0	39	3	5	0.01	0.05	0	0.01
0.0045	0.0133	-0.2491	-0.1626	0.1015	0.891	-0.256	0.3751	80	157	41	3	1	0.0025	0.375	1	0.0165
0.0045	0.0299	-0.2393	-0.1603	0.1013	0.7117	-0.3174	-0.6267	156	0	41	3	2	0.0081	0.25	0	0.0165
0.0092	0.0184	-0.0133	0.0817	0.0704	-0.7037	-0.5729	0.4202	98	159	47	3	1	0.0026	0.5	1	0.0092
0.0092	0.053	-0.0263	0.0712	0.0781	-0.494	-0.8363	-0.2378	158	160	47	3	2	0.0026	0.5	0	0.0092
0.0092	0.0214	-0.0531	0.0316	0.0629	-0.9362	-0.26	-0.2367	159	161	47	3	3	0.0014	0.2917	0	0.0128
0.0092	0.0444	-0.0716	0.0206	0.0572	-0.9203	-0.2984	0.2531	160	162	47	3	4	0.0052	0.25	0	0.0168
0.0092	0.0021	-0.0973	0.0061	0.0726	-0.2159	-0.817	0.5347	161	163	47	3	5	0.01	0.05	0	0.01
0.0092	0.0316	-0.0968	0.0043	0.0723	-0.7377	-0.4838	-0.4709	162	164	47	3	6	0.01	0.05	0	0.01
0.0092	0.0328	-0.12	-0.0109	0.0574	-0.529	-0.6972	0.4838	163	0	47	3	7	0.01	0.05	0	0.01
0.0132	0.0382	0.0164	0.0108	0.0738	0.6745	0.0399	-0.7372	101	166	49	3	1	0.0018	0.4167	0	0.0132
0.0132	0.008	0.0456	0.0107	0.0535	0.6255	-0.6674	-0.4042	165	167	49	3	2	0.01	0.05	0	0.01
0.0132	0.032	0.0506	0.0054	0.0503	-0.2346	-0.1811	-0.9551	166	0	49	3	3	0.01	0.05	0	0.01
0.0079	0.0329	0.0306	-0.0317	0.0687	0.9397	0.3366	-0.06	102	169	51	3	1	0.0011	0.375	1	0.0079
0.0079	0.0607	0.0616	-0.0206	0.0667	0.8877	0.4102	-0.2088	168	170	51	3	2	0.0011	0.375	0	0.0079
0.008	0.0299	0.1147	0.005	0.0566	0.7984	0.5999	0.0509	169	171	51	3	3	0.01	0.05	0	0.01
0.008	0.0366	0.1418	0.0107	0.0574	0.9493	0.2355	0.2084	170	0	51	3	4	0.002	0.2	0	0.0139
0.0066	0.0565	0.0056	-0.0038	0.0745	-0.9445	-0.3261	-0.04	101	173	54	3	1	0.0018	0.4167	0	0.0066
0.0066	0.001	-0.0453	-0.0261	0.0677	-0.9206	-0.3267	-0.2138	172	174	54	3	2	0.01	0.05	0	0.01
0.0066	0.0214	-0.0462	-0.0265	0.0675	-0.2118	-0.9695	0.1229	173	0	54	3	3	0.01	0.05	0	0.01
0.0025	0.029	0.097	-0.0708	0.0422	0.4718	-0.5134	0.7168	119	176	70	3	1	0.0157	0.225	1	0.01
0.0025	0.0307	0.1079	-0.0892	0.0574	0.923	-0.2133	-0.3203	175	177	70	3	2	0.01	0.05	0	0.01
0.0025	0.0214	0.1362	-0.0957	0.0476	0.9314	-0.328	0.1576	176	0	70	3	3	0.0011	0.1	0	0.01
0.0091	0.0535	0.1675	-0.1177	0.0074	0.2295	0.6334	0.739	121	179	67	3	1	0.002	0.4167	0	0.0091
0.0091	0.0457	0.175	-0.0884	0.0555	-0.8579	0.4604	-0.228	178	180	67	3	2	0.001	0.5	0	0.0102
0.0091	0.0401	0.1379	-0.0871	0.0353	-0.9683	0.0244	-0.2486	179	181	67	3	3	0.007	0.3	0	0.0103
0.0091	0.0405	0.0992	-0.0872	0.0253	-0.9621	-0.1146	-0.2476	180	0	67	3	4	0.01	0.05	0	0.01
0.0091	0.0394	0.1935	-0.0981	0.0187	0.9255	0.2612	0.2742	120	183	68	3	1	0.01	0.05	1	0.01
0.0091	0.0252	0.23	-0.0878	0.0295	0.2007	-0.2379	-0.9503	182	184	68	3	2	0.01	0.05	0	0.01
0.0091	0.0292	0.2392	-0.0829	-0.0016	0.314	0.4327	0.8451	183	185	68	3	3	0.0016	0.375	0	0.0116
0.009	0.0244	0.2466	-0.0699	0.0171	0.9402	0.2099	-0.2681	184	186	68	3	4	0.0012	0.4583	0	0.0093
0.0069	0.0338	0.2716	-0.0642	0.0234	0.9748	-0.1674	-0.1478	185	187	68	3	5	0.0057	0.5	0	0.0069
0.0083	0.0328	0.2998	-0.0802	0.0129	0.8394	-0.4972	0.2197	186	188	68	3	6	0.0033	0.4688	0	0.0084
0.0077	0.027	0.329	-0.0801	0.0207	0.9945	-0.0997	0.0313	187	189	68	3	7	0.01	0.05	0	0.01
0.0074	0.0033	0.342	-0.0984	0.0212	0.7465	-0.6648	0.029	188	0	68	3	8	0.01	0.05	0	0.01
0.0095	0.0506	0.1716	-0.1695	-0.015	-0.3397	-0.6351	0.6937	121	191	72	3	1	0.0031	0.4583	0	0.0103
0.0095	0.0351	0.154	-0.1991	0.0161	-0.9949	-0.0637	0.0784	190	192	72	3	2	0.0011	0.375	0	0.0082
0.0095	0.0374	0.119	-0.2011	0.0142	-0.9988	-0.0434	0.0244	191	193	72	3	3	0.0025	0.5313	0	0.0095
0.0095	0.018	0.0924	-0.2069	0.0007	-0.7458	0.2307	-0.6249	192	194	72	3	4	0.01	0.05	0	0.01
0.0095	0.0245	0.0777	-0.2077	0.0133	-0.9792	0.2027	-0.0097	193	195	72	3	5	0.01	0.05	0	0.01
0.0095	0.0225	0.0758	-0.1961	0.0021	-0.4863	0.6634	-0.5687	194	0	72	3	6	0.01	0.05	0	0.01
0.0087	0.037	0.1102	-0.1672	-0.1079	-0.367	0.894	0.2568	124	197	76	3	1	0.01	0.05	0	0.01
0.009	0.0396	0.0836	-0.1313	-0.1059	-0.4072	0.3623	0.8384	196	198	76	3	2	0.0006	0.4583	0	0.0134
0.0064	0.0334	0.0635	-0.1224	-0.0786	-0.617	-0.317	0.7203	197	199	76	3	3	0.0038	0.4688	0	0.006
0.0068	0.0251	0.0358	-0.1234	-0.0598	-0.7456	-0.1954	0.6371	198	200	76	3	4	0.0045	0.2917	0	0.0068
0.0083	0.0285	0.0258	-0.1397	-0.0391	-0.6667	-0.2185	0.7126	199	201	76	3	5	0.01	0.05	0	0.01
0.0086	0.0429	0.0133	-0.1369	-0.0476	-0.6373	0.7645	0.0972	200	202	76	3	6	0.0006	0.375	0	0.0097
0.0079	0.0237	-0.0035	-0.0988	-0.0395	-0.4573	0.8877	0.0536	201	203	76	3	7	0.01	0.05	0	0.01
0.0086	0.0544	-0.0047	-0.0984	-0.0508	-0.71	-0.577	0.4037	202	204	76	3	8	0.0014	0.4583	0	0.0093
0.0075	0.0257	-0.0436	-0.1061	-0.0332	-0.9106	0.0669	0.4077	203	205	76	3	9	0.01	0.05	0	0.01
0.0072	0.0417	-0.0424	-0.1037	-0.0343	-0.1106	0.9778	-0.1779	204	0	76	3	10	0.01	0.05	0	0.01
0.0149	0.0153	0.1097	-0.1827	-0.0984	-0.8115	0.5839	0.0248	126	207	83	3	1	0.0042	0.4167	1	0.0149
0.0149	0.0515	0.0973	-0.1737	-0.098	0.5807	-0.28	-0.7645	206	208	83	3	2	0.0042	0.4167	0	0.0149
0.0149	0.0214	0.1161	-0.1753	-0.1308	0.7913	0.5618	0.2412	207	209	83	3	3	0.0016	0.375	0	0.0154
0.0149	0.0082	0.1152	-0.1669	-0.1313	-0.3525	0.4232	0.8347	208	210	83	3	4	0.01	0.05	0	0.01
0.0149	0.0251	0.1115	-0.1615	-0.1268	0.8894	0.4497	0.0821	209	0	83	3	5	0.01	0.05	0	0.01
0.0087	0.0651	0.3056	0.0329	-0.0008	0.3977	-0.9127	0.0935	134	212	87	3	1	0.0021	0.4583	0	0.0092
0.0086	0.023	0.3318	-0.0255	0.0068	0.6443	-0.691	0.3277	211	213	87	3	2	0.01	0.05	0	0.01
0.008	0.0382	0.3462	-0.0209	0.0038	0.9968	-0.0214	-0.0766	212	214	87	3	3	0.0007	0.375	0	0.008
0.0084	0.046	0.3789	-0.0249	-0.0008	0.5543	-0.6811	-0.4784	213	215	87	3	4	0.0033	0.225	0	0.0195
0.0066	0.0211	0.4142	-0.0485	0.0029	0.6615	-0.7495	-0.0275	214	216	87	3	5	0.0096	0.375	0	0.0066
0.0074	0.0258	0.4169	-0.0692	0.0083	0.4903	-0.071	0.8687	215	217	87	3	6	0.01	0.05	0	0.01
0.0063	0.0388	0.4278	-0.0673	0.0005	0.9733	0.2276	-0.0287	216	218	87	3	7	0.001	0.3333	0	0.0063
0.0074	0.0224	0.466	-0.0623	-0.0072	0.9649	-0.1947	0.1765	217	219	87	3	8	0.0008	0.2917	0	0.0107
0.0044	0.022	0.4885	-0.0569	-0.0108	0.9856	-0.1539	-0.0695	218	220	87	3	9	0.0075	0.4583	0	0.0041
0.0056	0.016	0.504	-0.0828	-0.0138	0.816	-0.1906	-0.5458	219	221	87	3	10	0.01	0.05	0	0.01
0.0052	0.0195	0.5013	-0.0779	-0.0111	0.4123	0.9088	-0.0635	220	222	87	3	11	0.01	0.05	0	0.01
0.0048	0.02	0.5097	-0.0562	-0.0126	0.9959	-0.0893	-0.0162	221	0	87	3	12	0.0008	0.075	0	0.01
0.0123	0.0728	0.326	0.1644	-0.019	0.1202	-0.9846	0.1273	138	224	88	3	1	0.0024	0.4167	1	0.0123
0.0123	0.0624	0.3348	0.0926	-0.0097	-0.1047	0.9558	-0.2747	223	225	88	3	2	0.0024	0.4167	0	0.0123
0.0123	0.0296	0.3404	0.1503	-0.0214	0.2601	0.9327	-0.2499	224	226	88	3	3	0.0034	0.2	0	0.0179
0.0123	0.006	0.357	0.1678	-0.0268	0.5323	0.3123	-0.7868	225	227	88	3	4	0.01	0.05	0	0.01
0.0123	0.0177	0.3602	0.1697	-0.0316	-0.5405	0.8334	0.1156	226	0	88	3	5	0.01	0.05	0	0.01
0.01	0.039	0.2959	0.1092	-0.0061	-0.4985	0.8289	-0.2538	136	229	89	3	1	0.0023	0.5833	1	0.01
0.01	0.0406	0.2765	0.1415	-0.016	-0.3223	0.935	0.1478	228	230	89	3	2	0.0023	0.5833	0	0.01
0.01	0.0422	0.2646	0.1695	0.0015	-0.8793	-0.401	-0.2569	229	231	89	3	3	0.0014	0.625	0	0.0103
0.01	0.0202	0.2341	0.1634	0.003	-0.8963	0.4325	0.0975	230	232	89	3	4	0.0035	0.625	0	0.0112
0.01	0.02	0.2135	0.1696	0.0029	-0.4007	-0.329	0.8551	231	0	89	3	5	0.01	0.05	0	0.01
0.0087	0.0627	0.3257	0.1968	-0.0166	-0.6233	0.7779	-0.079	138	234	91	3	1	0.0024	0.5417	0	0.0086
0.0096	0.023	0.2812	0.2406	-0.0217	-0.6556	0.7182	-0.2329	233	235	91	3	2	0.01	0.05	0	0.01
0.0096	0.006	0.2788	0.2381	-0.0241	-0.8164	-0.5041	0.2818	234	236	91	3	3	0.01	0.05	0	0.01
0.0096	0.0195	0.2736	0.235	-0.0212	-0.9669	0.155	-0.2027	235	0	91	3	4	0.01	0.05	0	0.01
0.0093	0.0186	0.1097	-0.004	0.0629	-0.4695	-0.7466	0.4714	170	238	61	4	1	0.0022	0.4583	1	0.0093
0.0093	0.0625	0.101	-0.0179	0.0717	-0.4783	-0.8782	-0.0029	237	239	61	4	2	0.0022	0.4583	0	0.0093
0.0093	0.0018	0.0676	-0.0714	0.0672	-0.4521	-0.8893	0.0693	238	0	61	4	3	0.01	0.05	0	0.01
0.0103	0.0445	0.194	-0.1072	0.0165	0.9367	-0.3119	0.1594	182	241	122	4	1	0.0028	0.4583	0	0.0103
0.0103	0.0253	0.2383	-0.1295	0.0106	0.981	0.0027	0.1938	240	0	122	4	2	0.01	0.05	0	0.01
0.0073	0.0263	0.2991	-0.0872	0.019	-0.7351	-0.5481	0.399	187	243	74	4	1	0.0024	0.4583	0	0.0089
0.0073	0.0217	0.2785	-0.0984	0.0218	-0.9789	-0.1883	0.0793	242	244	74	4	2	0.0035	0.625	0	0.0073
0.0073	0.0384	0.2646	-0.0935	0.0281	-0.8046	0.5744	0.151	243	0	74	4	3	0.0021	0.2917	0	0.0094
0.0025	0.0596	0.0919	-0.1449	-0.0983	-0.6964	-0.6957	0.1761	196	246	81	4	1	0.0084	0.225	1	0.01
0.0025	0.018	0.0515	-0.1906	-0.0831	-0.4913	0.5854	0.6449	245	247	81	4	2	0.0114	0.15	0	0.01
0.0025	0.0219	0.0512	-0.1801	-0.0663	-0.4256	-0.5687	0.7039	246	0	81	4	3	0.0002	0.075	0	0.01
0.0109	0.0124	0.3635	-0.0266	-0.0035	0.1472	-0.6545	-0.7416	213	249	98	4	1	0.002	0.3333	1	0.0206
0.0109	0.0446	0.3616	-0.034	-0.0021	0.4488	-0.8697	0.2052	248	250	98	4	2	0.0018	0.225	0	0.0206
0.0109	0.0603	0.3774	-0.0686	0.0089	-0.4317	-0.0519	-0.9005	249	251	98	4	3	0.0013	0.2917	0	0.0089
0.0109	0.0283	0.3563	-0.0749	-0.0442	-0.0051	-0.3652	-0.9309	250	252	98	4	4	0.01	0.05	0	0.01
0.0109	0.0337	0.3752	-0.0766	-0.0608	0.4944	-0.1204	-0.8608	251	253	98	4	5	0.006	0.5	0	0.0109
0.0109	0.035	0.3643	-0.0826	-0.0731	0.3039	0.7469	0.5914	252	254	98	4	6	0.01	0.05	0	0.01
0.0109	0.0203	0.3749	-0.0564	-0.0524	-0.3205	-0.9338	0.159	253	0	98	4	7	0.01	0.05	0	0.01
0.0071	0.0485	0.4241	-0.0747	0.0087	-0.3024	-0.9514	-0.0585	216	256	107	4	1	0.0038	0.225	0	0.0121
0.0071	0.0449	0.4102	-0.1146	0.0086	-0.9874	0.0696	0.1419	255	257	107	4	2	0.0027	0.175	0	0.0144
0.0071	0.0108	0.3645	-0.1119	0.0146	-0.3112	0.3493	0.8838	256	258	107	4	3	0.01	0.05	0	0.01
0.0071	0.0146	0.3624	-0.1093	0.0243	-0.6876	-0.7261	-0.0107	257	0	107	4	4	0.01	0.05	0	0.01
0.006	0.0324	0.4541	-0.0556	-0.0034	-0.7664	0.5254	-0.3696	217	260	108	4	1	0.0021	0.3333	1	0.0086
0.0058	0.0299	0.4292	-0.0386	-0.0153	0.7609	-0.1454	0.6324	259	261	108	4	2	0.0021	0.3333	0	0.0086
0.005	0.0251	0.4487	-0.0323	0.0028	0.9545	0.2842	-0.0904	260	262	108	4	3	0.0009	0.125	0	0.01
0.0041	0.022	0.4759	-0.0243	0.0052	0.61	0.5967	-0.5214	261	263	108	4	4	0.0031	0.175	0	0.01
0.0032	0.0235	0.4869	-0.0159	-0.0064	0.1057	-0.019	-0.9942	262	0	108	4	5	0.0031	0.15	0	0.01
0.0088	0.0233	0.3436	0.0969	-0.0191	0.909	0.3773	0.1771	224	265	123	4	1	0.0016	0.5417	0	0.009
0.0077	0.044	0.3635	0.1063	-0.0156	0.4305	0.9005	-0.0617	264	266	123	4	2	0.0011	0.5	0	0.0077
0.0073	0.0124	0.3816	0.1464	-0.0177	0.2804	0.9298	-0.2384	265	267	123	4	3	0.0024	0.5833	0	0.0072
0.0074	0.0155	0.3818	0.1551	-0.02	-0.6494	0.7324	-0.2046	266	0	123	4	4	0.01	0.05	0	0.01
0.0086	0.0376	0.275	0.1257	-0.0093	-0.491	-0.8594	0.1425	228	269	124	4	1	0.0015	0.4583	0	0.0086
0.0086	0.0153	0.2595	0.091	-0.0043	-0.3014	-0.222	-0.9273	268	0	124	4	2	0.0032	0.2917	0	0.0089
0.0095	0.0541	0.2255	0.1741	0.0005	0.9198	0.3463	-0.1846	232	271	99	4	1	0.0016	0.5	1	0.0122
0.0095	0.0411	0.2752	0.1928	-0.0095	0.3165	-0.3987	-0.8608	270	272	99	4	2	0.0016	0.5	0	0.0122
0.0095	0.0294	0.2791	0.1725	-0.0461	0.4129	-0.8885	-0.2003	271	273	99	4	3	0.01	0.05	0	0.01
0.0095	0.0266	0.2913	0.1464	-0.0519	0.6746	-0.735	-0.0693	272	0	99	4	4	0.01	0.05	0	0.01
0.0025	0.036	0.2638	0.1706	-0.0107	0.0197	0.9904	0.137	229	275	100	4	1	0.0089	0.225	1	0.01
0.0025	0.0246	0.2753	0.2115	-0.0076	-0.4439	0.8936	-0.0665	274	0	100	4	2	0.009	0.2	0	0.01
