radius (m)	length (m)	start_point	axis_direction	parent	extension	branch	branch_order	position_in_branch	mad	SurfCov	added	UnmodRadius (m)
0.0093	0.089	0.1253	0.1702	-0.1852	-0.7118	0.6475	0.2722	0	2	1	0	1	0.003	0.5417	0	0.0093
0.015	0.0272	0.0842	0.196	-0.1621	-0.8143	-0.5727	0.0948	1	3	1	0	2	0.0098	0.4167	0	0.0171
0.0087	0.0476	0.0597	0.1822	-0.1542	0.1582	-0.9131	0.3758	2	4	1	0	3	0.0008	0.2917	0	0.0082
0.0109	0.0361	0.0657	0.1366	-0.1543	0.1811	-0.978	0.1036	3	5	1	0	4	0.006	0.35	0	0.0109
0.0074	0.0296	0.0613	0.1059	-0.1504	-0.3701	-0.8539	-0.366	4	6	1	0	5	0.0041	0.4688	0	0.0073
0.0092	0.023	0.059	0.0819	-0.1497	-0.0174	-0.9922	0.1234	5	7	1	0	6	0.0062	0.5	0	0.0092
0.0084	0.0273	0.056	0.0674	-0.1438	-0.7048	-0.4238	0.5688	6	8	1	0	7	0.01	0.05	0	0.01
0.0078	0.0066	0.0584	0.0597	-0.1431	0.4124	-0.8214	0.3939	7	0	1	0	8	0.01	0.05	0	0.01
0.0088	0.2019	0.0571	0.2407	-0.1647	0.2912	0.9536	0.0767	1	10	5	1	1	0.0021	0.1458	0	0.0235
0.0088	0.0397	0.0837	0.4388	-0.1683	0.1339	0.9893	0.0586	9	11	5	1	2	0.0019	0.375	0	0.0189
0.0088	0.0141	0.0802	0.4704	-0.1557	-0.8066	0.4902	-0.3303	10	12	5	1	3	0.01	0.05	0	0.01
0.0088	0.0284	0.0688	0.4773	-0.1604	-0.1475	0.9196	-0.3642	11	0	5	1	4	0.01	0.05	0	0.01
0.0087	0.0792	0.0506	0.0788	-0.1456	-0.7699	-0.495	-0.4029	6	14	8	1	1	0.0077	0.275	0	0.0174
0.0087	0.0731	0.0053	0.0444	-0.149	-0.412	-0.8345	0.366	13	15	8	1	2	0.0077	0.25	0	0.0105
0.0065	0.0202	-0.0105	-0.0227	-0.1461	0.0987	-0.9478	0.3032	14	16	8	1	3	0.0058	0.425	0	0.0065
0.0087	0.0279	0.004	-0.0313	-0.1446	0.6098	-0.7805	-0.1381	15	17	8	1	4	0.0052	0.4375	0	0.0136
0.0087	0.0568	0.0214	-0.0398	-0.1562	0.9924	-0.0832	-0.0911	16	18	8	1	5	0.0058	0.25	0	0.0153
0.0087	0.026	0.0712	-0.0595	-0.1584	0.9115	-0.3626	0.194	17	19	8	1	6	0.0066	0.5938	0	0.0109
0.0086	0.0829	0.0835	-0.0668	-0.1494	0.3675	0.4403	0.8192	18	20	8	1	7	0.0012	0.25	0	0.0129
0.0085	0.0415	0.1125	-0.023	-0.0856	0.1511	0.5142	0.8443	19	21	8	1	8	0.0011	0.3333	0	0.0085
0.0085	0.0205	0.1162	-0.0031	-0.0488	0.2377	0.5335	0.8117	20	22	8	1	9	0.01	0.05	0	0.01
0.0086	0.0451	0.112	0.0076	-0.0378	-0.2873	0.859	0.4238	21	23	8	1	10	0.001	0.375	0	0.0134
0.0086	0.0204	0.0928	0.0467	-0.0302	-0.7759	0.4621	0.4294	22	24	8	1	11	0.0013	0.2917	0	0.0116
0.0086	0.0365	0.0756	0.0603	-0.0142	-0.652	-0.7013	0.2883	23	25	8	1	12	0.0068	0.275	0	0.0159
0.0087	0.0117	0.0568	0.0456	-0.0034	-0.3576	0.1396	0.9234	24	26	8	1	13	0.0045	0.625	0	0.0106
0.0085	0.0645	0.044	0.0458	0.005	0.2223	-0.9437	-0.245	25	27	8	1	14	0.0071	0.225	0	0.018
0.0084	0.0227	0.0595	-0.0041	-0.0157	-0.327	-0.3512	-0.8774	26	28	8	1	15	0.01	0.05	0	0.01
0.0085	0.0544	0.0488	-0.0106	-0.0347	-0.1553	-0.7509	0.6418	27	29	8	1	16	0.0014	0.3333	0	0.0096
0.0085	0.0422	0.0428	-0.0563	-0.0006	-0.507	-0.3852	0.7711	28	30	8	1	17	0.0011	0.375	0	0.0123
0.0082	0.0282	0.0196	-0.0753	0.0232	-0.9209	-0.2697	0.2816	29	31	8	1	18	0.01	0.05	0	0.01
0.0082	0.0449	0.0186	-0.069	0.0408	-0.3905	0.0656	0.9183	30	32	8	1	19	0.001	0.375	0	0.0082
0.0082	0.0278	0.0056	-0.0545	0.073	-0.0899	0.6348	0.7674	31	33	8	1	20	0.01	0.05	0	0.01
0.0084	0.0059	-0.0113	-0.0539	0.1026	-0.0422	0.4628	0.8854	32	34	8	1	21	0.0063	0.225	0	0.0198
0.0084	0.0398	-0.0194	-0.0625	0.1053	-0.8257	0.5278	0.1994	33	35	8	1	22	0.0014	0.3333	0	0.0113
0.0083	0.0341	-0.0446	-0.0407	0.12	-0.649	0.3048	0.6971	34	36	8	1	23	0.0043	0.225	0	0.0142
0.0083	0.0243	-0.0614	-0.0489	0.1346	0.0245	-0.4383	0.8985	35	37	8	1	24	0.0049	0.125	0	0.0163
0.0065	0.0425	-0.0571	-0.0576	0.146	0.0138	-0.9838	-0.1785	36	38	8	1	25	0.0032	0.35	0	0.0062
0.0065	0.0346	-0.0467	-0.0926	0.1381	0.537	-0.7769	-0.3288	37	39	8	1	26	0.0072	0.3125	0	0.0031
0.0078	0.0328	-0.0313	-0.1252	0.1312	0.7554	-0.6071	-0.2465	38	40	8	1	27	0.01	0.05	0	0.01
0.0082	0.0321	-0.0061	-0.1443	0.1345	0.689	-0.7242	0.0265	39	41	8	1	28	0.0053	0.25	0	0.0274
0.0077	0.0318	0.0155	-0.1673	0.1266	0.5373	-0.8413	-0.0596	40	42	8	1	29	0.01	0.05	0	0.01
0.0081	0.023	0.0039	-0.1974	0.1547	0.3439	-0.9114	0.226	41	43	8	1	30	0.0047	0.175	0	0.0136
0.0081	0.0444	0.03	-0.1982	0.1672	0.6268	-0.6948	0.3528	42	44	8	1	31	0.006	0.275	0	0.0149
0.0075	0.0347	-0.0046	-0.2025	0.1673	-0.42	-0.8914	0.1704	43	45	8	1	32	0.01	0.05	0	0.01
0.0075	0.0325	-0.0026	-0.189	0.1654	-0.926	0.3637	0.1011	44	0	8	1	33	0.01	0.05	0	0.01
0.0103	0.1357	0.0758	0.4627	-0.1565	-0.1573	-0.9875	-0.012	11	47	134	2	1	0.0032	0.16	0	0.032
0.0103	0.0502	0.0332	0.3213	-0.1725	-0.4414	0.8736	0.2049	46	48	134	2	2	0.001	0.4167	0	0.0103
0.0103	0.0361	0.0119	0.3655	-0.1635	0.4689	0.7258	0.5033	47	49	134	2	3	0.001	0.4167	0	0.0124
0.0103	0.0252	0.0254	0.3937	-0.1384	0.6711	0.7312	0.1225	48	50	134	2	4	0.001	0.2917	0	0.0132
0.0103	0.053	0.0395	0.4169	-0.1311	0.8646	0.0885	0.4947	49	51	134	2	5	0.0014	0.3333	0	0.0094
0.0103	0.0458	0.0768	0.4336	-0.1208	0.8665	0.4901	-0.0944	50	52	134	2	6	0.0071	0.3438	0	0.0071
0.0103	0.0253	0.1126	0.4374	-0.1372	0.5726	0.3592	-0.737	51	53	134	2	7	0.01	0.05	0	0.01
0.0103	0.044	0.1207	0.4612	-0.1268	0.5711	0.7763	-0.2669	52	54	134	2	8	0.01	0.05	0	0.01
0.0103	0.0267	0.1227	0.4989	-0.128	0.125	0.9899	-0.0665	53	0	134	2	9	0.01	0.05	0	0.01
0.0131	0.0278	0.0038	0.0228	-0.1442	0.3113	-0.9501	0.0194	14	56	14	2	1	0.0029	0.4583	1	0.0131
0.0131	0.0721	0.0125	-0.0036	-0.1436	-0.0102	-0.7878	0.6158	55	57	14	2	2	0.0029	0.4583	0	0.0131
0.0131	0.0032	0.0194	-0.0554	-0.0987	0.4079	-0.6782	0.6113	56	0	14	2	3	0.01	0.05	0	0.01
0.0107	0.0816	0.111	-0.0809	-0.1424	0.5199	-0.3776	0.7662	18	59	20	2	1	0.006	0.375	0	0.0116
0.0107	0.0296	0.1487	-0.1164	-0.0901	0.0749	-0.9179	0.3896	58	60	20	2	2	0.0046	0.4688	0	0.0107
0.0107	0.0304	0.1424	-0.1474	-0.0828	0.2239	-0.8988	0.377	59	61	20	2	3	0.0068	0.3438	0	0.0119
0.0107	0.059	0.1554	-0.1665	-0.0578	0.035	-0.8598	0.5094	60	62	20	2	4	0.0056	0.375	0	0.0116
0.0107	0.0375	0.1532	-0.208	-0.0217	0.0972	-0.5161	0.851	61	63	20	2	5	0.01	0.05	0	0.01
0.0107	0.0721	0.147	-0.2088	0.0108	-0.2461	-0.1007	-0.964	62	64	20	2	6	0.0017	0.4167	0	0.0209
0.0107	0.0376	0.122	-0.2183	-0.0366	-0.9188	0.2859	-0.2722	63	65	20	2	7	0.0017	0.375	0	0.0127
0.0107	0.0585	0.0964	-0.2276	-0.0484	-0.9056	-0.3928	-0.16	64	66	20	2	8	0.0064	0.325	0	0.0128
0.0107	0.035	0.0464	-0.2485	-0.0457	-0.6599	-0.697	0.2806	65	67	20	2	9	0.0008	0.2917	0	0.0126
0.0107	0.025	0.0277	-0.254	-0.0685	-0.8418	-0.4093	-0.352	66	68	20	2	10	0.0069	0.375	0	0.0135
0.0107	0.0376	0.0151	-0.2816	-0.0649	0.1774	-0.5126	-0.8401	67	69	20	2	11	0.0015	0.375	0	0.0166
0.0107	0.0648	0.0281	-0.2989	-0.092	0.5311	-0.7324	-0.426	68	70	20	2	12	0.0012	0.4583	0	0.0137
0.0107	0.0105	0.0479	-0.3466	-0.1284	0.3055	-0.8157	-0.4912	69	71	20	2	13	0.0056	0.4063	0	0.0206
0.0107	0.0322	0.0623	-0.3561	-0.1372	-0.3226	-0.1497	-0.9346	70	72	20	2	14	0.01	0.05	0	0.01
0.0107	0.0299	0.062	-0.3772	-0.1454	-0.9037	-0.4138	0.1103	71	73	20	2	15	0.0014	0.375	0	0.0215
0.0107	0.0137	0.0258	-0.3912	-0.1494	-0.1173	-0.9266	0.3574	72	74	20	2	16	0.01	0.05	0	0.01
0.0107	0.0001	0.0242	-0.4047	-0.1441	-0.6368	-0.347	-0.6886	73	75	20	2	17	0.01	0.05	0	0.01
0.0107	0.0142	0.0241	-0.4047	-0.1442	-0.9305	-0.2357	0.2804	74	0	20	2	18	0.01	0.05	0	0.01
0.0081	0.0135	0.1109	-0.001	-0.0596	-0.7372	0.6724	-0.0661	20	77	23	2	1	0.0047	0.5	1	0.0159
0.0081	0.053	0.1029	0.0074	-0.0627	0.0797	0.9643	-0.2527	76	78	23	2	2	0.0066	0.325	0	0.0159
0.0081	0.0006	0.1057	0.0587	-0.0749	0.3906	0.896	0.211	77	79	23	2	3	0.01	0.05	0	0.01
0.0081	0.0341	0.1088	0.0602	-0.0715	0.7573	-0.0446	-0.6515	78	0	23	2	4	0.003	0.2	0	0.0162
0.0117	0.0737	0.0814	0.063	-0.0189	0.7958	0.5925	0.1251	23	81	28	2	1	0.0013	0.4167	1	0.0117
0.0117	0.0534	0.1401	0.1066	-0.0097	0.5141	0.2572	-0.8182	80	82	28	2	2	0.0013	0.4167	0	0.0117
0.0117	0.0279	0.1753	0.1125	-0.0425	0.69	-0.2505	-0.6791	81	83	28	2	3	0.01	0.05	0	0.01
0.0117	0.0213	0.1903	0.1194	-0.0454	0.9782	0.0889	0.1876	82	84	28	2	4	0.0012	0.25	0	0.0124
0.0117	0.0013	0.2085	0.1234	-0.0306	0.9727	0.0126	0.2318	83	85	28	2	5	0.01	0.05	0	0.01
0.0117	0.0279	0.2098	0.1234	-0.0303	0.3367	0.4514	-0.8263	84	86	28	2	6	0.01	0.05	0	0.01
0.0117	0.0206	0.2192	0.136	-0.0534	0.9326	-0.0027	-0.3609	85	0	28	2	7	0.01	0.05	0	0.01
0.0081	0.0307	0.041	0.0525	-0.0019	-0.2269	0.2654	-0.9371	26	88	33	2	1	0.002	0.2083	1	0.0123
0.0081	0.046	0.0341	0.0606	-0.0307	-0.774	-0.5441	0.3238	87	89	33	2	2	0.002	0.2083	0	0.0123
0.0081	0.0364	-0.0058	0.0389	-0.0228	-0.8648	-0.3716	0.3377	88	90	33	2	3	0.01	0.05	0	0.01
0.0081	0.0087	-0.027	0.0544	-0.0179	-0.8934	0.3762	0.2454	89	0	33	2	4	0.01	0.05	0	0.01
0.0082	0.0333	0.0541	-0.0069	-0.0291	0.055	0.7861	-0.6156	28	92	34	2	1	0.0043	0.225	0	0.02
0.0082	0.0473	0.0574	0.0132	-0.0483	-0.8466	-0.0907	0.5244	91	93	34	2	2	0.0013	0.375	0	0.0117
0.0082	0.0451	0.0262	0.0179	-0.0205	-0.596	0.3387	0.7281	92	94	34	2	3	0.0052	0.25	0	0.0146
0.0082	0.0305	-0.0002	0.0436	0.0084	-0.7367	0.2685	0.6206	93	95	34	2	4	0.0074	0.4583	0	0.0082
0.0082	0.0349	-0.0134	0.0523	0.0299	-0.2451	0.6076	0.7555	94	96	34	2	5	0.01	0.05	0	0.01
0.0082	0.0011	-0.0196	0.0506	0.0259	-0.8749	0.3531	-0.3314	95	97	34	2	6	0.01	0.05	0	0.01
0.0082	0.033	-0.0206	0.051	0.0255	-0.8167	-0.1003	-0.5683	96	0	34	2	7	0.01	0.05	0	0.01
0.0117	0.0332	0.0456	0.0343	-0.0067	-0.2796	0.9404	-0.1937	26	99	35	2	1	0.0027	0.4583	1	0.0117
0.0117	0.0659	0.0363	0.0655	-0.0131	-0.0317	0.9989	0.0348	98	100	35	2	2	0.0027	0.4583	0	0.0117
0.0117	0.0352	0.0229	0.1279	-0.0122	-0.2688	0.9512	-0.1514	99	101	35	2	3	0.0014	0.3333	0	0.0155
0.0117	0.0321	0.0143	0.1602	-0.0191	-0.0954	0.7662	-0.6355	100	102	35	2	4	0.0075	0.4688	0	0.0132
0.0117	0.0089	0.0311	0.1631	-0.0312	0.033	-0.3327	-0.9425	101	103	35	2	5	0.01	0.05	0	0.01
0.0117	0.041	0.0236	0.1645	-0.0204	-0.2515	0.9162	-0.3121	102	104	35	2	6	0.0016	0.3333	0	0.0142
0.0117	0.0567	0.0044	0.1799	-0.0339	-0.4121	0.137	0.9008	103	105	35	2	7	0.0014	0.3333	0	0.0143
0.0117	0.0623	-0.0178	0.1896	0.0013	-0.1369	0.9841	0.1128	104	106	35	2	8	0.0074	0.4375	0	0.0157
0.0117	0.0268	-0.0211	0.2423	-0.0046	-0.2522	0.7519	-0.6092	105	107	35	2	9	0.0051	0.4	0	0.0121
0.0117	0.0418	-0.0513	0.2365	-0.0079	-0.675	0.27	-0.6866	106	108	35	2	10	0.0038	0.4167	0	0.012
0.0117	0.0043	-0.0805	0.2731	-0.0403	-0.8924	-0.0978	-0.4406	107	109	35	2	11	0.0058	0.375	0	0.0136
0.0117	0.0362	-0.072	0.2717	-0.0154	-0.1308	0.9869	0.0947	108	110	35	2	12	0.01	0.05	0	0.01
0.0117	0.005	-0.0964	0.2747	-0.0077	-0.3728	0.3375	0.8644	109	111	35	2	13	0.004	0.225	0	0.0179
0.0117	0.0412	-0.1076	0.2636	-0.0056	-0.3092	0.0569	0.9493	110	112	35	2	14	0.01	0.05	0	0.01
0.0117	0.0555	-0.1156	0.2924	-0.0089	0.1185	0.8363	0.5354	111	113	35	2	15	0.0011	0.3333	0	0.0153
0.0117	0.0365	-0.1054	0.3387	0.0081	-0.8721	-0.4221	-0.2476	112	114	35	2	16	0.0049	0.275	0	0.0178
0.0117	0.0545	-0.1367	0.3218	0.0054	-0.5949	-0.7917	-0.139	113	115	35	2	17	0.0069	0.35	0	0.0166
0.0117	0.0354	-0.177	0.2906	-0.0211	-0.7341	-0.6688	-0.1174	114	116	35	2	18	0.01	0.05	0	0.01
0.0117	0.0099	-0.1623	0.2895	-0.0026	-0.0282	-0.6839	0.729	115	0	35	2	19	0.01	0.05	0	0.01
0.01	0.1373	0.0504	-0.0224	-0.0388	-0.7843	-0.6201	0.0192	27	118	36	2	1	0.0008	0.2917	0	0.0248
0.01	0.0644	-0.0638	-0.0979	-0.0265	-0.6574	-0.7092	0.2545	117	119	36	2	2	0.0012	0.4167	0	0.0115
0.01	0.0473	-0.1103	-0.1389	-0.009	-0.6521	-0.6669	0.3605	118	120	36	2	3	0.006	0.35	0	0.0074
0.01	0.047	-0.1236	-0.1693	0.0217	-0.4186	-0.6818	0.5999	119	121	36	2	4	0.0065	0.35	0	0.0136
0.01	0.0326	-0.1574	-0.2002	0.0152	-0.3236	-0.9409	0.1003	120	122	36	2	5	0.0095	0.4375	0	0.01
0.01	0.0394	-0.1654	-0.2355	0.0318	-0.458	-0.8622	-0.2164	121	123	36	2	6	0.0052	0.425	0	0.0125
0.01	0.0316	-0.1897	-0.2346	0.0165	-0.8569	-0.2419	-0.4553	122	124	36	2	7	0.0071	0.5	0	0.0177
0.01	0.0095	-0.2169	-0.2635	0.0091	-0.8392	-0.1673	-0.5175	123	125	36	2	8	0.0072	0.4688	0	0.0111
0.01	0.0375	-0.2315	-0.2426	0.0167	-0.8877	-0.3927	0.2403	124	126	36	2	9	0.0116	0.375	0	0.0134
0.01	0.0445	-0.2509	-0.2388	0.0168	-0.6555	0.6647	0.3584	125	0	36	2	10	0.01	0.05	0	0.01
0.0104	0.0633	0.039	-0.0697	0.0113	0.6181	-0.737	-0.2735	29	128	44	2	1	0.0029	0.5	0	0.0104
0.0104	0.0283	0.0668	-0.1164	0.0065	0.5441	-0.6795	0.4921	127	129	44	2	2	0.01	0.05	0	0.01
0.0104	0.054	0.0607	-0.1258	0.0012	0.5279	-0.3551	-0.7715	128	130	44	2	3	0.0011	0.3333	0	0.0122
0.0104	0.0076	0.0809	-0.1468	-0.0374	0.1383	-0.9667	-0.2154	129	131	44	2	4	0.01	0.05	0	0.01
0.0104	0.0505	0.082	-0.1541	-0.0391	0.5598	-0.2829	-0.7788	130	0	44	2	5	0.01	0.05	0	0.01
0.0077	0.071	0.0001	-0.0742	0.0822	0.8942	0.4015	-0.1981	31	133	78	2	1	0.0018	0.4583	0	0.0077
0.0078	0.042	0.0451	-0.0371	0.0873	0.5137	0.8505	0.113	132	134	78	2	2	0.0061	0.325	0	0.0114
0.0077	0.0427	0.0675	-0.0018	0.0803	-0.2293	0.972	-0.0522	133	135	78	2	3	0.0022	0.12	0	0.0137
0.0077	0.0506	0.0582	0.0281	0.0647	-0.2083	0.7334	-0.6471	134	136	78	2	4	0.0034	0.3125	0	0.007
0.0077	0.0261	0.0337	0.0467	0.0359	-0.5942	0.2874	-0.7513	135	0	78	2	5	0.01	0.05	0	0.01
0.0079	0.0588	-0.0508	-0.0465	0.1194	-0.9976	-0.0005	0.0694	35	138	93	2	1	0.0023	0.4583	0	0.0117
0.0078	0.0385	-0.115	-0.0436	0.1252	0.5063	0.6139	0.6056	137	139	93	2	2	0.0008	0.375	0	0.0109
0.0057	0.0189	-0.0869	-0.0263	0.1458	0.5256	0.3796	0.7614	138	140	93	2	3	0.0039	0.5	0	0.0057
0.0074	0.0463	-0.0821	-0.0069	0.1548	-0.7872	-0.0638	0.6134	139	141	93	2	4	0.0012	0.375	0	0.0121
0.0065	0.0265	-0.1152	-0.0164	0.1873	-0.7202	0.067	0.6905	140	142	93	2	5	0.01	0.05	0	0.01
0.0062	0.0038	-0.1123	-0.0037	0.1826	-0.3013	0.9404	0.1577	141	0	93	2	6	0.01	0.05	0	0.01
0.009	0.0544	-0.0552	-0.0349	0.1203	-0.8198	0.1877	-0.541	35	144	100	2	1	0.002	0.4167	0	0.009
0.009	0.0436	-0.0927	-0.0308	0.0917	-0.6184	-0.7476	-0.2421	143	145	100	2	2	0.0008	0.375	0	0.0075
0.009	0.0018	-0.1184	-0.0615	0.0753	-0.762	-0.5533	-0.3365	144	146	100	2	3	0.01	0.05	0	0.01
0.009	0.0053	-0.1221	-0.0612	0.0775	-0.3518	0.7103	-0.6097	145	147	100	2	4	0.01	0.05	0	0.01
0.009	0.0274	-0.1239	-0.0575	0.0743	-0.9437	-0.2932	0.1531	146	0	100	2	5	0.01	0.05	0	0.01
0.0086	0.0599	-0.0515	-0.093	0.1437	0.4823	0.8602	0.1655	37	149	108	2	1	0.0027	0.4167	0	0.0086
0.0086	0.0284	-0.0153	-0.0424	0.1554	0.1438	0.9889	-0.0382	148	150	108	2	2	0.0014	0.2917	0	0.0102
0.0086	0.0428	-0.0139	-0.0277	0.1537	0.9787	-0.2	0.0472	149	151	108	2	3	0.0012	0.3333	0	0.0096
0.0086	0.0253	0.0302	-0.0345	0.1478	0.9559	0.0847	0.2813	150	152	108	2	4	0.0017	0.25	0	0.0131
0.0086	0.004	0.048	-0.0299	0.1575	0.4555	0.2729	0.8474	151	153	108	2	5	0.01	0.05	0	0.01
0.0086	0.01	0.051	-0.0284	0.1618	-0.3326	-0.6326	0.6994	152	0	108	2	6	0.01	0.05	0	0.01
0.0093	0.0336	-0.0525	-0.0705	0.1387	-0.8835	-0.4545	-0.113	37	155	112	2	1	0.0015	0.5417	0	0.0093
0.0093	0.0113	-0.0821	-0.0877	0.1278	-0.9934	0.1029	-0.0509	154	156	112	2	2	0.01	0.05	0	0.01
0.0093	0.0455	-0.0933	-0.0865	0.1273	-0.9374	-0.3482	0.0044	155	0	112	2	3	0.01	0.05	0	0.01
0.0101	0.0666	-0.0623	-0.0934	0.1426	-0.6122	-0.101	0.7842	37	158	120	2	1	0.0032	0.375	0	0.0104
0.0101	0.044	-0.0997	-0.1016	0.1953	-0.1846	-0.6578	-0.7302	157	159	120	2	2	0.0011	0.2917	0	0.0124
0.0101	0.0024	-0.1061	-0.1191	0.1575	0.0149	-0.4514	-0.8922	158	160	120	2	3	0.01	0.05	0	0.01
0.0101	0.0417	-0.1036	-0.1174	0.1614	-0.0953	-0.8861	0.4536	159	161	120	2	4	0.0011	0.5	0	0.0101
0.0101	0.0508	-0.1053	-0.1531	0.1836	-0.5355	-0.5996	0.5947	160	162	120	2	5	0.0016	0.2917	0	0.013
0.0101	0.0406	-0.1421	-0.1812	0.2086	-0.5111	-0.4688	0.7204	161	163	120	2	6	0.0062	0.275	0	0.0089
0.0101	0.028	-0.1614	-0.1948	0.2418	-0.856	-0.1362	0.4986	162	164	120	2	7	0.01	0.05	0	0.01
0.0101	0.0087	-0.1626	-0.2156	0.2448	-0.3831	-0.8064	0.4505	163	165	120	2	8	0.001	0.4167	0	0.0102
0.0101	0.0082	-0.1643	-0.2193	0.2405	-0.1506	-0.904	-0.4	164	166	120	2	9	0.01	0.05	0	0.01
0.0101	0.0071	-0.1664	-0.2255	0.2399	-0.7601	0.4624	-0.4566	165	0	120	2	10	0.01	0.05	0	0.01
0.0077	0.0901	0.0102	-0.1579	0.1429	-0.8281	0.0567	0.5578	40	168	132	2	1	0.0062	0.22	0	0.0158
0.0074	0.0823	-0.0677	-0.1578	0.1835	-0.7868	0.6148	-0.0542	167	169	132	2	2	0.003	0.225	0	0.0132
0.0071	0.0316	-0.1324	-0.1074	0.1786	-0.6694	0.69	-0.2754	168	170	132	2	3	0.0009	0.3333	0	0.0083
0.0061	0.0298	-0.1548	-0.0916	0.1655	-0.8461	0.4143	-0.3354	169	171	132	2	4	0.01	0.05	0	0.01
0.0062	0.0069	-0.1565	-0.0845	0.1611	0.278	0.2624	-0.924	170	172	132	2	5	0.0048	0.225	0	0.0114
0.0043	0.1121	-0.1663	-0.0859	0.1488	0.3873	0.2502	-0.8873	171	0	132	2	6	0.0035	0.0857	0	0.01
0.0119	0.1081	0.0191	0.3588	-0.1604	0.1022	-0.9799	-0.1712	48	174	135	3	1	0.0033	0.5833	0	0.0119
0.0119	0.0059	0.0287	0.2505	-0.1702	-0.2839	-0.912	-0.2962	173	0	135	3	2	0.01	0.05	0	0.01
0.0079	0.0534	0.07	0.4096	-0.114	-0.1419	-0.9314	-0.3351	50	176	21	3	1	0.0018	0.5417	0	0.0079
0.0079	0.0332	0.0604	0.3689	-0.1425	0.0556	-0.7532	-0.6555	175	177	21	3	2	0.0056	0.4375	0	0.0084
0.0079	0.0414	0.063	0.3405	-0.1629	-0.1563	-0.3773	-0.9128	176	0	21	3	3	0.0009	0.3333	0	0.0093
0.0102	0.0153	0.11	-0.0905	-0.1471	-0.0788	-0.9043	-0.4196	58	179	22	3	1	0.0043	0.2917	1	0.0128
0.0101	0.05	0.1088	-0.1043	-0.1535	-0.601	-0.2374	0.7632	178	180	22	3	2	0.0043	0.2917	0	0.0128
0.0093	0.0758	0.0781	-0.117	-0.1169	-0.2483	0.8908	-0.3807	179	181	22	3	3	0.0019	0.2917	0	0.0129
0.007	0.0125	0.0483	-0.0621	-0.1412	-0.7391	0.6715	0.0529	180	182	22	3	4	0.01	0.05	0	0.01
0.0053	0.0277	0.0431	-0.0509	-0.1423	0.3087	0.1653	0.9367	181	183	22	3	5	0.01	0.05	0	0.01
0.0038	0.0148	0.0517	-0.0463	-0.1164	-0.7093	-0.343	0.6158	182	0	22	3	6	0.0017	0.1	0	0.01
0.0124	0.0393	0.145	-0.0927	-0.1052	0.7962	0.6048	-0.0187	58	185	26	3	1	0.0068	0.4375	1	0.0124
0.0124	0.0694	0.1762	-0.0689	-0.106	0.2244	0.7817	0.5819	184	186	26	3	2	0.0068	0.4375	0	0.0124
0.0124	0.0191	0.1899	-0.0393	-0.0716	-0.3873	0.245	-0.8888	185	0	26	3	3	0.0058	0.2917	0	0.0142
0.0127	0.0238	0.15	-0.1103	-0.1007	0.5513	-0.5042	-0.6648	58	188	27	3	1	0.0025	0.4583	1	0.0127
0.0127	0.0555	0.1631	-0.1223	-0.1166	-0.6229	-0.7567	-0.1987	187	189	27	3	2	0.0025	0.4583	0	0.0127
0.0127	0.0359	0.1291	-0.1382	-0.1174	-0.5321	-0.2995	0.792	188	190	27	3	3	0.0061	0.5417	0	0.0133
0.0127	0.0263	0.1143	-0.1559	-0.083	-0.7372	0.1202	0.6649	189	191	27	3	4	0.01	0.05	0	0.01
0.0127	0.0222	0.1166	-0.1628	-0.0895	-0.2828	-0.9486	0.1422	190	192	27	3	5	0.01	0.05	0	0.01
0.0127	0.029	0.1204	-0.1789	-0.0939	0.4234	-0.9055	-0.0284	191	0	27	3	6	0.01	0.05	0	0.01
0.0048	0.0715	0.1542	-0.2096	-0.0245	-0.6931	0.7201	-0.032	61	194	31	3	1	0.0066	0.325	0	0.0126
0.0025	0.0026	0.1153	-0.1525	-0.0302	-0.3311	0.861	0.386	193	195	31	3	2	0.006	0.175	0	0.01
0.0025	0.0293	0.1133	-0.1477	-0.0297	0.5922	0.4067	0.6956	194	0	31	3	3	0.0041	0.15	0	0.01
0.0096	0.1119	0.0371	-0.2948	-0.0879	-0.6543	0.6605	0.3682	69	197	62	3	1	0.0024	0.4583	0	0.0096
0.0102	0.0395	-0.0254	-0.2161	-0.0629	-0.8179	0.3876	-0.4252	196	198	62	3	2	0.0035	0.4063	0	0.0103
0.0089	0.0379	-0.0603	-0.1989	-0.0756	-0.65	0.4453	-0.6158	197	199	62	3	3	0.0052	0.4375	0	0.0089
0.009	0.0348	-0.0915	-0.1995	-0.0877	-0.9523	0.2867	-0.1051	198	200	62	3	4	0.0047	0.4063	0	0.009
0.0098	0.0398	-0.1241	-0.1977	-0.0911	-0.9838	-0.0656	-0.1669	199	201	62	3	5	0.01	0.05	0	0.01
0.0099	0.0049	-0.1642	-0.1966	-0.1011	-0.9831	-0.1661	0.0769	200	202	62	3	6	0.0055	0.275	0	0.0219
0.0095	0.0311	-0.1673	-0.2067	-0.1022	-0.9374	-0.2202	0.2697	201	203	62	3	7	0.01	0.05	0	0.01
0.0094	0.0223	-0.1619	-0.2031	-0.0964	-0.0188	0.2986	0.9542	202	204	62	3	8	0.01	0.05	0	0.01
0.0093	0.0364	-0.1623	-0.1964	-0.0751	-0.6969	-0.7107	-0.0959	203	0	62	3	9	0.01	0.05	0	0.01
0.0113	0.0381	0.0372	-0.2479	-0.0356	-0.8983	0.1314	0.4192	66	206	63	3	1	0.0028	0.5	0	0.0113
0.0113	0.0016	0.0239	-0.234	-0.0109	-0.4651	0.2683	0.8436	205	207	63	3	2	0.01	0.05	0	0.01
0.0113	0.0025	0.0283	-0.2376	-0.0085	0.5796	0.795	0.179	206	208	63	3	3	0.01	0.05	0	0.01
0.0113	0.0238	0.0269	-0.2312	-0.0088	0.7883	0.5585	0.2582	207	209	63	3	4	0.01	0.05	0	0.01
0.0113	0.0213	0.0457	-0.2179	-0.0027	-0.5749	0.8127	-0.0943	208	0	63	3	5	0.01	0.05	0	0.01
0.0102	0.0806	0.0344	-0.2561	-0.0311	-0.3495	0.9146	0.2032	66	211	64	3	1	0.0028	0.2813	0	0.0114
0.0102	0.0744	-0.0072	-0.1811	-0.0305	-0.3309	0.8731	0.3581	210	212	64	3	2	0.0096	0.35	0	0.0125
0.0101	0.0478	-0.0363	-0.1386	-0.0159	-0.8978	0.335	-0.2859	211	213	64	3	3	0.01	0.05	0	0.01
0.0102	0.0602	-0.0692	-0.1051	-0.0273	-0.8225	0.5078	-0.2563	212	0	64	3	4	0.0024	0.15	0	0.0153
0.0025	0.0215	0.1755	0.1183	-0.055	-0.0886	0.7189	-0.6894	82	215	37	3	1	0.0071	0.275	1	0.01
0.0025	0.0407	0.1717	0.1381	-0.0688	0.8801	0.4371	-0.1852	214	216	37	3	2	0.0019	0.125	0	0.01
0.0025	0.0273	0.2087	0.1557	-0.0768	0.3761	0.35	0.8579	215	0	37	3	3	0.0042	0.2	0	0.01
0.0111	0.0512	0.1542	0.1022	-0.0345	0.2216	-0.9599	-0.1715	81	218	45	3	1	0.0039	0.4583	0	0.0135
0.0111	0.0411	0.154	0.0511	-0.0409	0.1582	-0.9873	-0.0133	217	219	45	3	2	0.01	0.05	0	0.01
0.0111	0.0247	0.1584	0.0287	-0.0642	0.1448	-0.7673	-0.6247	218	220	45	3	3	0.01	0.05	0	0.01
0.0111	0.0199	0.1431	0.0228	-0.055	-0.5895	-0.8074	-0.0234	219	0	45	3	4	0.01	0.05	0	0.01
0.0034	0.0571	0.1974	0.1025	-0.0152	0.0218	-0.527	-0.8496	85	222	46	3	1	0.0017	0.25	0	0.0096
0.0025	0.0271	0.1962	0.0707	-0.0608	-0.5654	-0.4118	-0.7147	221	0	46	3	2	0.01	0.05	0	0.01
0.0088	0.0349	0.0363	0.1514	-0.0327	0.4055	-0.9065	-0.1174	102	224	41	3	1	0.003	0.4167	1	0.0088
0.0088	0.0666	0.0504	0.1198	-0.0368	-0.6125	-0.7437	-0.2677	223	225	41	3	2	0.003	0.4167	0	0.0088
0.0093	0.0203	0.0198	0.066	-0.0467	-0.0645	-0.9098	-0.41	224	226	41	3	3	0.01	0.05	0	0.01
0.0092	0.0255	0.0217	0.0654	-0.0411	0.2949	-0.6211	0.7261	225	227	41	3	4	0.01	0.05	0	0.01
0.0091	0.0293	0.012	0.0487	-0.0252	-0.1013	-0.537	0.8375	226	0	41	3	5	0.01	0.05	0	0.01
0.0111	0.0707	0.0203	0.1373	-0.0019	0.4208	0.6055	0.6755	100	229	43	3	1	0.004	0.3	1	0.0167
0.0111	0.0666	0.0657	0.1732	0.0389	-0.0603	0.6369	-0.7686	228	230	43	3	2	0.0051	0.225	0	0.0167
0.0093	0.0349	0.0768	0.2144	-0.0102	0.1559	0.4071	-0.9	229	231	43	3	3	0.0052	0.4	0	0.0091
0.0111	0.0019	0.0862	0.2149	-0.0344	0.5998	-0.2314	-0.766	230	0	43	3	4	0.002	0.4167	0	0.0123
0.0111	0.0287	0.0155	0.1284	-0.0031	-0.6296	0.0407	0.7759	100	233	50	3	1	0.0031	0.375	1	0.0184
0.0108	0.0338	-0.0041	0.1258	0.0248	-0.3642	0.8173	0.4465	232	234	50	3	2	0.0048	0.2	0	0.0184
0.0093	0.0048	-0.0186	0.1456	0.0472	0.0825	0.6679	0.7397	233	235	50	3	3	0.01	0.05	0	0.01
0.0079	0.0192	-0.0154	0.1483	0.0479	-0.4729	0.6774	-0.5635	234	236	50	3	4	0.01	0.05	0	0.01
0.0051	0.0438	-0.0245	0.1613	0.0371	-0.6207	0.5042	-0.6004	235	0	50	3	5	0.01	0.05	0	0.01
0.0111	0.0856	-0.0449	0.2224	0.0089	-0.7265	0.309	0.6138	107	238	87	3	1	0.0014	0.25	0	0.0114
0.0111	0.0297	-0.0992	0.2421	0.0815	-0.6108	0.6487	0.454	237	239	87	3	2	0.0013	0.375	0	0.0123
0.0105	0.0621	-0.1041	0.2601	0.0876	0.4883	0.2194	0.8447	238	240	87	3	3	0.0041	0.4375	0	0.0104
0.0104	0.0385	-0.0724	0.2826	0.1306	0.7068	0.4658	0.5324	239	0	87	3	4	0.01	0.05	0	0.01
0.0095	0.035	-0.1294	-0.1457	0.003	0.3189	0.9418	-0.1066	119	242	61	3	1	0.01	0.05	1	0.01
0.0095	0.0107	-0.1182	-0.1128	-0.0007	0.2714	0.9371	-0.2193	241	243	61	3	2	0.01	0.05	0	0.01
0.0095	0.0027	-0.1099	-0.1024	-0.0106	0.8086	-0.0637	0.585	242	244	61	3	3	0.01	0.05	0	0.01
0.0095	0.0123	-0.1091	-0.1013	-0.0101	0.654	0.0798	-0.7522	243	0	61	3	4	0.01	0.05	0	0.01
0.0113	0.0167	-0.1817	-0.2493	0.0336	-0.6714	0.402	0.6226	122	246	79	3	1	0.0026	0.4167	1	0.0113
0.0113	0.0233	-0.1929	-0.2425	0.044	-0.5995	0.7559	-0.2631	245	247	79	3	2	0.0026	0.4167	0	0.0113
0.0113	0.0295	-0.2119	-0.2207	0.0315	0.6014	0.797	0.0563	246	248	79	3	3	0.0029	0.2	0	0.0165
0.0113	0.027	-0.1983	-0.203	0.0354	-0.4504	-0.0227	-0.8926	247	249	79	3	4	0.0014	0.3333	0	0.0127
0.0113	0.0436	-0.2166	-0.1825	0.016	-0.4838	0.0547	-0.8735	248	250	79	3	5	0.0079	0.375	0	0.013
0.0113	0.0051	-0.2271	-0.2216	-0.0264	-0.1714	0.0606	-0.9833	249	251	79	3	6	0.01	0.05	0	0.01
0.0113	0.0258	-0.2486	-0.209	-0.0245	-0.5645	-0.7008	-0.4361	250	252	79	3	7	0.0045	0.125	0	0.0167
0.0113	0.0388	-0.2615	-0.2221	-0.0215	-0.979	-0.1266	0.1596	251	253	79	3	8	0.01	0.05	0	0.01
0.0113	0.0443	-0.2568	-0.2133	-0.0167	-0.2812	0.8184	-0.501	252	254	79	3	9	0.0011	0.2917	0	0.0125
0.0113	0.0063	-0.2634	-0.1782	-0.0323	-0.1937	0.9227	0.3333	253	255	79	3	10	0.01	0.05	0	0.01
0.0113	0.0294	-0.2636	-0.1706	-0.0321	-0.9183	0.1618	-0.3614	254	256	79	3	11	0.01	0.05	0	0.01
0.0113	0.0221	-0.2906	-0.1658	-0.0427	-0.0232	-0.0155	-0.9996	255	0	79	3	12	0.01	0.05	0	0.01
0.0073	0.0395	0.0226	-0.0725	0.0776	0.4146	-0.9091	-0.04	132	258	91	3	1	0.0053	0.3438	1	0.0087
0.0071	0.072	0.039	-0.1084	0.0761	-0.3529	0.2334	-0.9061	257	259	91	3	2	0.0053	0.3438	0	0.0087
0.006	0.0021	0.0266	-0.1141	0.0393	-0.7092	-0.6733	-0.2093	258	260	91	3	3	0.01	0.05	0	0.01
0.0052	0.0379	0.025	-0.1156	0.0388	-0.2952	0.6274	-0.7206	259	261	91	3	4	0.01	0.05	0	0.01
0.0038	0.0548	0.0109	-0.089	0.0098	-0.7143	-0.6931	0.0968	260	0	91	3	5	0.0027	0.125	0	0.01
0.0025	0.036	-0.0936	-0.0219	0.0868	-0.8192	0.573	0.0243	144	263	107	3	1	0.01	0.05	0	0.01
0.0025	0.0315	-0.1228	-0.0025	0.0893	0.116	-0.7942	-0.5965	262	264	107	3	2	0.01	0.05	0	0.01
0.0025	0.0317	-0.1191	-0.0275	0.0705	0.5002	0.0744	-0.8627	263	0	107	3	3	0.01	0.05	0	0.01
0.0109	0.0615	-0.0225	-0.0295	0.1489	-0.6143	0.0487	0.7876	148	266	129	3	1	0.01	0.05	0	0.01
0.0109	0.0314	-0.064	-0.0379	0.2017	-0.9224	0.3538	0.155	265	267	129	3	2	0.0011	0.4167	0	0.0109
0.0109	0.0335	-0.0892	-0.0281	0.1974	-0.6537	0.6653	-0.3606	266	268	129	3	3	0.01	0.05	0	0.01
0.0109	0.0017	-0.0978	-0.0138	0.2092	-0.4652	0.7296	0.5013	267	269	129	3	4	0.01	0.05	0	0.01
0.0109	0.0153	-0.0986	-0.0125	0.2101	-0.6855	0.3469	-0.6401	268	0	129	3	5	0.01	0.05	0	0.01
0.0025	0.0296	-0.0548	-0.0794	0.1315	0.3306	-0.4721	-0.8172	154	271	142	3	1	0.0112	0.325	1	0.01
0.0025	0.0384	-0.0405	-0.0898	0.1081	-0.3904	0.6368	-0.6649	270	272	142	3	2	0.0017	0.175	0	0.01
0.0025	0.0331	-0.0537	-0.0656	0.0798	0.2979	0.9495	0.0987	271	0	142	3	3	0.0022	0.125	0	0.01
0.0045	0.1122	-0.0667	-0.1997	-0.0695	0.453	0.1646	0.8762	198	274	75	4	1	0.0065	0.2	0	0.0249
0.0025	0.0368	-0.0094	-0.183	0.0211	0.7325	0.4574	0.5043	273	275	75	4	2	0.0045	0.175	0	0.01
0.0025	0.028	0.0047	-0.154	0.0337	0.438	0.7247	0.5319	274	0	75	4	3	0.0097	0.175	0	0.01
0.0146	0.077	-0.1318	-0.2076	-0.0953	0.9175	-0.3977	0.0117	200	277	84	4	1	0.0034	0.4583	1	0.0146
0.0146	0.071	-0.0611	-0.2382	-0.0944	0.9812	-0.1118	-0.1573	276	278	84	4	2	0.0034	0.4583	0	0.0146
0.0146	0.0118	0.0046	-0.2407	-0.1152	0.9058	-0.0909	-0.4138	277	0	84	4	3	0.003	0.3333	0	0.0217
0.0105	0.0446	0.0597	0.2118	0.009	-0.7961	-0.5025	0.3372	229	280	145	4	1	0.0034	0.5417	0	0.0132
0.0105	0.0147	0.0244	0.1944	0.0154	-0.261	-0.8357	-0.4832	279	281	145	4	2	0.01	0.05	0	0.01
0.0105	0.0176	0.0206	0.1821	0.0083	-0.6218	-0.565	0.5423	280	282	145	4	3	0.01	0.05	0	0.01
0.0105	0.0437	0.0096	0.1722	0.0178	-0.5091	-0.8599	-0.0382	281	0	145	4	4	0.01	0.05	0	0.01
0.0105	0.0328	0.0096	0.1195	0.0131	0.9084	-0.3003	0.2911	232	284	58	4	1	0.0031	0.5	0	0.0146
0.0105	0.0364	0.0478	0.113	0.029	0.4639	-0.8718	-0.1573	283	285	58	4	2	0.0016	0.05	0	0.0162
0.0105	0.0304	0.0537	0.0903	0.0382	0.7835	-0.0709	0.6173	284	286	58	4	3	0.01	0.05	0	0.01
0.0105	0.0189	0.0801	0.0888	0.0317	0.9926	-0.0675	0.1009	285	0	58	4	4	0.01	0.05	0	0.01
0.012	0.0667	-0.1953	-0.2386	0.0331	-0.7862	0.6171	-0.032	245	288	83	4	1	0.0012	0.4167	1	0.012
0.012	0.0425	-0.2478	-0.1974	0.0309	-0.0855	0.8035	0.5891	287	289	83	4	2	0.0012	0.4167	0	0.012
0.012	0.0032	-0.2472	-0.161	0.0452	0.2434	0.9254	0.2905	288	290	83	4	3	0.01	0.05	0	0.01
0.012	0.028	-0.2448	-0.1567	0.0475	-0.677	0.7319	0.078	289	291	83	4	4	0.01	0.05	0	0.01
0.012	0.0143	-0.2637	-0.1362	0.0497	0.299	0.9467	0.12	290	0	83	4	5	0.01	0.05	0	0.01
0.0084	0.0569	0.0545	-0.0703	0.0615	0.4867	-0.1059	0.8671	0	293	148	0	1	0.0014	0.375	0	0.0113
0.0084	0.0448	0.0824	-0.0633	0.113	0.9999	-0.0104	-0.0111	292	0	148	0	2	0.0017	0.4167	0	0.0084
