radius (m)	length (m)	start_point	axis_direction	parent	extension	branch	branch_order	position_in_branch	mad	SurfCov	added	UnmodRadius (m)
0.0162	0.0999	0.7921	0.6777	-0.9219	-0.0969	-0.3141	0.9444	0	2	1	0	1	0.0026	0.7188	0	0.0162
0.0156	0.0908	0.7824	0.6337	-0.8321	-0.2875	-0.3214	0.9023	1	3	1	0	2	0.0025	0.875	0	0.0156
0.0172	0.0738	0.7598	0.612	-0.7462	-0.4155	-0.2656	0.87	2	4	1	0	3	0.0028	0.8333	0	0.0172
0.0209	0.249	0.6844	0.575	-0.6981	-0.1965	-0.3463	0.9173	3	5	1	0	4	0.0761	0.7077	0	0.1541
0.0213	0.0501	0.6809	0.4424	-0.4819	-0.4989	-0.6406	0.5838	4	6	1	0	5	0.0598	0.0176	0	0.1246
0.0207	0.1842	0.5587	0.4494	-0.4665	-0.2551	-0.3064	0.9171	5	7	1	0	6	0.1218	0.52	0	0.1471
0.021	0.313	0.3863	0.5445	-0.4282	-0.6887	0.0532	0.7231	6	8	1	0	7	0.0997	0.5463	0	0.0956
0.0205	0.3119	0.1697	0.645	-0.2528	-0.7313	0.3477	0.5868	7	9	1	0	8	0.0748	0.4427	0	0.1338
0.0156	0.4945	0.4084	0.7588	-0.4	-0.0936	-0.9845	-0.1482	8	0	1	0	9	0.0026	0.04	0	0.01
0.0184	0.2108	0.3798	0.4353	-0.4642	0.179	0.5597	-0.8091	9	11	3	1	1	0.0065	0.4063	1	0.0184
0.0184	0.2236	0.4175	0.5533	-0.6348	0.0876	0.5714	-0.816	10	0	3	1	2	0.0065	0.4063	0	0.0184
0.0196	0.4202	0.5729	0.4344	-0.4676	-0.1939	-0.2717	0.9426	6	13	186	1	1	0.0987	0.4065	1	0.1278
0.0196	0.1155	0.4934	0.3571	-0.0673	-0.273	-0.0951	0.9573	12	14	186	1	2	0.0944	0.7571	0	0.1278
0.0195	0.0948	0.4432	0.3191	0.0369	-0.2056	-0.087	0.9748	13	15	186	1	3	0.1049	0.6167	0	0.13
0.0196	0.2285	0.3835	0.2675	0.0828	-0.5276	-0.3447	0.7764	14	16	186	1	4	0.0459	0.625	0	0.1468
0.0193	0.2664	0.3912	0.22	0.295	-0.2281	-0.1378	0.9638	15	17	186	1	5	0.0578	0.5	0	0.1397
0.0196	0.3189	0.1624	0.0872	0.2621	-0.6536	-0.5188	0.5511	16	18	186	1	6	0.052	0.6458	0	0.0233
0.0192	0.1404	0.0694	0.1322	0.0539	-0.9112	-0.178	-0.3716	17	19	186	1	7	0.0272	0.4	0	0.0623
0.0162	0.1411	0.0254	0.0339	-0.0222	-0.5956	-0.4676	-0.6532	18	20	186	1	8	0.0024	0.85	0	0.0162
0.0148	0.0717	-0.0586	-0.0234	-0.1197	-0.6181	-0.4045	-0.674	19	21	186	1	9	0.002	0.9167	0	0.0148
0.0174	0.0694	-0.1018	-0.0657	-0.1587	-0.6054	-0.4954	-0.6229	20	22	186	1	10	0.0025	0.8333	0	0.0174
0.0159	0.0841	-0.1488	-0.1059	-0.1904	-0.6626	-0.5061	-0.552	21	23	186	1	11	0.0025	0.9167	0	0.0159
0.0149	0.0719	-0.1869	-0.1678	-0.2355	-0.6205	-0.6013	-0.5035	22	24	186	1	12	0.0023	0.875	0	0.0149
0.0168	0.0734	-0.2305	-0.1981	-0.2848	-0.5555	-0.5732	-0.6024	23	25	186	1	13	0.0024	0.8333	0	0.0168
0.0211	0.0817	-0.2776	-0.2352	-0.3272	-0.5916	-0.5457	-0.5935	24	26	186	1	14	0.0026	0.9167	0	0.0211
0.015	0.0762	-0.3416	-0.2755	-0.3606	-0.6742	-0.4779	-0.5631	25	27	186	1	15	0.0019	0.9167	0	0.015
0.0159	0.0872	-0.4036	-0.3138	-0.3839	-0.7523	-0.4811	-0.4501	26	28	186	1	16	0.0023	0.8333	0	0.0159
0.0162	0.0656	-0.4732	-0.3477	-0.4233	-0.8072	-0.4037	-0.4307	27	29	186	1	17	0.0025	0.75	0	0.0162
0.0165	0.0681	-0.5253	-0.3894	-0.4245	-0.8309	-0.496	-0.2521	28	30	186	1	18	0.0018	0.875	0	0.0165
0.0153	0.0663	-0.5694	-0.4265	-0.4635	-0.7855	-0.4941	-0.3727	29	31	186	1	19	0.0022	0.875	0	0.0153
0.0152	0.0652	-0.627	-0.4539	-0.483	-0.8032	-0.4626	-0.3754	30	32	186	1	20	0.0023	0.8333	0	0.0152
0.0172	0.0629	-0.6679	-0.5033	-0.4935	-0.7711	-0.6041	-0.201	31	33	186	1	21	0.0025	0.7917	0	0.0172
0.018	0.0541	-0.7109	-0.5496	-0.4959	-0.7635	-0.6378	-0.1014	32	34	186	1	22	0.0024	0.75	0	0.018
0.0219	0.0595	-0.7698	-0.5194	-0.4952	-0.9626	-0.2523	-0.0984	33	35	186	1	23	0.003	0.7917	0	0.0219
0.0193	0.0738	-0.771	-0.552	-0.5537	-0.683	-0.4445	-0.5796	34	36	186	1	24	0.0079	0.35	0	0.0252
0.0167	0.059	-0.8438	-0.5771	-0.5478	-0.9016	-0.1952	-0.386	35	37	186	1	25	0.0022	0.5833	0	0.0167
0.0165	0.0058	-0.861	-0.5912	-0.5107	-0.7727	-0.452	0.4456	36	38	186	1	26	0.0024	0.5833	0	0.0165
0.0196	0.0571	-0.8641	-0.5983	-0.5067	-0.958	-0.2451	0.1488	37	39	186	1	27	0.0025	0.6667	0	0.0214
0.0164	0.0636	-0.9252	-0.6028	-0.4923	-0.5413	-0.6745	0.5021	38	40	186	1	28	0.0021	0.625	0	0.0164
0.0193	0.1114	-0.9588	-0.6538	-0.4467	-0.9701	-0.2291	-0.0795	39	41	186	1	29	0.0026	0.5313	0	0.0207
0.0194	0.0644	-1.0641	-0.6673	-0.4542	-0.662	0.0704	0.7462	40	42	186	1	30	0.0024	0.5833	0	0.0213
0.0195	0.0783	-1.1041	-0.6862	-0.4295	-0.9699	-0.2168	0.111	41	43	186	1	31	0.0076	0.52	0	0.028
0.0191	0.0909	-1.1813	-0.6999	-0.3896	-0.6106	-0.7899	0.0572	42	44	186	1	32	0.0098	0.34	0	0.0281
0.0188	0.0524	-1.2322	-0.7767	-0.3919	-0.8228	-0.5509	-0.1395	43	45	186	1	33	0.0027	0.375	0	0.022
0.0148	0.0277	-1.2623	-0.8102	-0.403	-0.3947	-0.4564	-0.7974	44	46	186	1	34	0.0053	0.6042	0	0.0142
0.0186	0.116	-1.288	-0.8313	-0.4315	-0.4787	0.1748	0.8604	45	47	186	1	35	0.0027	0.5313	0	0.0189
0.0189	0.055	-1.3576	-0.8253	-0.3562	-0.3756	-0.6891	0.6198	46	48	186	1	36	0.0074	0.425	0	0.0356
0.0184	0.0476	-1.3765	-0.8617	-0.338	-0.6959	-0.703	-0.1464	47	49	186	1	37	0.0043	0.25	0	0.0275
0.0148	0.0312	-1.4277	-0.8832	-0.3366	-0.5917	-0.7927	-0.1468	48	50	186	1	38	0.0065	0.5	0	0.0128
0.0163	0.0477	-1.445	-0.9124	-0.3428	-0.9253	-0.3131	0.2138	49	51	186	1	39	0.0017	0.4583	0	0.0163
0.0163	0.0525	-1.4842	-0.9321	-0.3359	-0.4447	-0.7723	0.4536	50	52	186	1	40	0.0021	0.6667	0	0.0163
0.0188	0.0471	-1.5172	-0.9638	-0.3207	-0.7774	-0.5531	0.2995	51	53	186	1	41	0.0025	0.7083	0	0.0188
0.0183	0.0505	-1.5532	-0.9866	-0.3035	-0.9468	-0.1077	0.3031	52	54	186	1	42	0.0022	0.75	0	0.0183
0.0163	0.0378	-1.6009	-0.9995	-0.3019	-0.9389	-0.305	0.1598	53	55	186	1	43	0.0021	0.6667	0	0.0163
0.0167	0.0587	-1.6316	-1.013	-0.2898	-0.745	-0.5238	0.4131	54	56	186	1	44	0.0026	0.5833	0	0.0167
0.0178	0.0514	-1.6755	-1.0534	-0.2631	-0.991	-0.0142	-0.1329	55	57	186	1	45	0.0026	0.375	0	0.0184
0.0148	0.0762	-1.73	-1.0494	-0.273	-0.8415	-0.3874	0.3765	56	58	186	1	46	0.0014	0.375	0	0.0139
0.0148	0.0442	-1.7875	-1.0901	-0.253	-0.8534	-0.5205	0.0275	57	59	186	1	47	0.001	0.2917	0	0.011
0.0157	0.0528	-1.8353	-1.0985	-0.2529	-0.8216	-0.554	0.1341	58	60	186	1	48	0.0022	0.4583	0	0.0157
0.0148	0.0409	-1.8768	-1.1345	-0.2412	-0.9721	-0.1784	0.1523	59	61	186	1	49	0.0012	0.3333	0	0.0136
0.0148	0.0346	-1.9113	-1.1384	-0.2277	-0.4902	-0.5977	0.6343	60	62	186	1	50	0.0014	0.375	0	0.0141
0.0148	0.0334	-1.939	-1.1591	-0.216	-0.5832	-0.5334	0.6127	61	63	186	1	51	0.0075	0.5	0	0.0139
0.0148	0.0376	-1.9586	-1.171	-0.1959	-0.9562	-0.0105	0.2924	62	64	186	1	52	0.01	0.05	0	0.01
0.0148	0.0184	-1.9751	-1.1711	-0.179	-0.2824	-0.2008	0.938	63	65	186	1	53	0.0012	0.4167	0	0.0148
0.0188	0.0455	-1.989	-1.1854	-0.1673	-0.37	-0.1755	0.9123	64	66	186	1	54	0.007	0.5	0	0.0212
0.0148	0.0589	-2.0123	-1.2006	-0.1459	-0.6957	-0.5744	0.4314	65	67	186	1	55	0.0051	0.4167	0	0.0106
0.0148	0.0881	-2.0444	-1.2365	-0.1117	-0.5143	-0.7893	0.3354	66	68	186	1	56	0.0049	0.35	0	0.0126
0.0148	0.048	-2.1034	-1.2217	-0.105	-0.9426	-0.0649	0.3275	67	69	186	1	57	0.0014	0.375	0	0.0113
0.0148	0.0437	-2.1284	-1.2579	-0.0945	-0.8312	-0.5333	0.1569	68	70	186	1	58	0.0012	0.4583	0	0.0103
0.0148	0.0474	-2.155	-1.2869	-0.0812	-0.619	-0.7331	0.2818	69	71	186	1	59	0.0014	0.4167	0	0.0113
0.0148	0.0757	-2.189	-1.3033	-0.0532	-0.6556	-0.566	0.4998	70	72	186	1	60	0.0038	0.625	0	0.0109
0.0148	0.0384	-2.2212	-1.2749	-0.0095	-0.6666	0.1009	0.7386	71	0	186	1	61	0.01	0.05	0	0.01
0.0086	0.1614	0.5555	0.4347	-0.4798	-0.8184	0.0174	-0.5745	12	74	4	2	1	0.0061	0.325	1	0.0467
0.0086	0.0914	0.4127	0.4686	-0.5606	-0.7824	-0.4392	0.4416	73	0	4	2	2	0.0196	0.38	0	0.0467
0.0186	0.2597	0.5056	0.3577	-0.2311	-0.6037	-0.1212	-0.7879	12	76	5	2	1	0.0036	0.525	1	0.0206
0.0184	0.1224	0.3488	0.3262	-0.4358	-0.5854	0.355	-0.7288	75	77	5	2	2	0.0036	0.525	0	0.0206
0.0186	0.0611	0.2763	0.3737	-0.5205	-0.6343	0.5035	-0.5866	76	78	5	2	3	0.0027	0.7917	0	0.0235
0.019	0.0987	0.237	0.3868	-0.5535	-0.6942	-0.0949	-0.7135	77	79	5	2	4	0.0028	0.9167	0	0.019
0.0173	0.0494	0.1701	0.39	-0.637	-0.7242	-0.4493	-0.523	78	80	5	2	5	0.0025	0.8333	0	0.0173
0.0141	0.0546	0.1354	0.3755	-0.6699	-0.9018	-0.2223	-0.3705	79	81	5	2	6	0.0021	0.7083	0	0.0141
0.0163	0.0246	0.0864	0.3502	-0.6849	-0.9988	-0.0303	-0.0378	80	82	5	2	7	0.0048	0.4583	0	0.0174
0.0141	0.0316	0.0664	0.3391	-0.6938	0.1246	-0.5693	0.8126	81	0	5	2	8	0.01	0.05	0	0.01
0.0169	0.1593	0.5076	0.3707	-0.2472	-0.72	0.1879	-0.668	12	84	6	2	1	0.0038	0.4167	1	0.0169
0.0169	0.0613	0.3929	0.4007	-0.3537	-0.6428	0.48	-0.597	83	0	6	2	2	0.0038	0.4167	0	0.0169
0.0185	0.2964	0.4111	0.3221	0.1067	-0.3286	0.3503	-0.8771	14	86	8	2	1	0.0021	0.625	1	0.0193
0.0185	0.0561	0.3137	0.4259	-0.1533	0.362	-0.25	0.898	85	87	8	2	2	0.0021	0.625	0	0.0193
0.0185	0.0431	0.3113	0.4055	-0.0946	0.3948	-0.2404	0.8868	86	88	8	2	3	0.0081	0.25	0	0.0441
0.0185	0.0382	0.329	0.4052	-0.0597	-0.3705	0.3209	0.8716	87	0	8	2	4	0.007	0.15	0	0.01
0.0086	0.1749	0.4746	0.3572	-0.0727	-0.6593	0.0621	-0.7493	13	0	19	2	1	0.0064	0.275	0	0.016
0.0199	0.184	0.4526	0.3032	0.0566	0.6765	-0.7316	0.084	14	91	21	2	1	0.0067	0.625	1	0.0199
0.0199	0.1129	0.577	0.1686	0.072	0.949	0.2132	0.2321	90	0	21	2	2	0.0067	0.625	0	0.0199
0.0153	0.2855	0.0786	0.1361	0.0372	0.4719	0.198	-0.8591	18	93	23	2	1	0.0034	0.5938	1	0.0153
0.0153	0.1063	0.2133	0.1926	-0.2081	0.3084	0.1016	-0.9458	92	94	23	2	2	0.0034	0.5938	0	0.0153
0.015	0.0887	0.2398	0.2119	-0.3096	0.1438	0.0015	-0.9896	93	95	23	2	3	0.002	0.875	0	0.015
0.0142	0.0771	0.2485	0.2103	-0.3981	0.1617	0.0455	-0.9858	94	96	23	2	4	0.0023	0.875	0	0.0142
0.0142	0.0661	0.2585	0.1976	-0.478	-0.0015	0.2365	-0.9716	95	97	23	2	5	0.0023	0.7083	0	0.0142
0.0157	0.0542	0.2611	0.2215	-0.5464	-0.4658	-0.2778	-0.8402	96	98	23	2	6	0.002	0.75	0	0.0157
0.0144	0.0494	0.2504	0.2105	-0.6061	-0.6634	-0.1652	-0.7298	97	99	23	2	7	0.0022	0.7083	0	0.0144
0.0152	0.0345	0.2193	0.196	-0.6434	-0.6271	-0.0132	-0.7788	98	100	23	2	8	0.0025	0.5833	0	0.0152
0.0173	0.037	0.2006	0.2141	-0.6761	-0.7489	-0.0886	-0.6567	99	101	23	2	9	0.0022	0.4583	0	0.0198
0.0148	0.0385	0.1754	0.2033	-0.6985	-0.9511	-0.301	0.0696	100	0	23	2	10	0.0021	0.3333	0	0.0148
0.0185	0.171	0.4435	0.342	0.0379	-0.8123	-0.1724	-0.5572	13	103	24	2	1	0.0041	0.4583	1	0.0185
0.0185	0.0551	0.3047	0.3125	-0.0574	0.0963	0.7578	0.6453	102	0	24	2	2	0.0041	0.4583	0	0.0185
0.0183	0.1385	0.4139	0.3266	0.1128	-0.6953	0.7039	0.1451	14	105	27	2	1	0.0034	0.5417	1	0.0209
0.0182	0.0485	0.3176	0.4241	0.1329	-0.9923	0.0737	0.1001	104	106	27	2	2	0.0034	0.5417	0	0.0209
0.0137	0.0815	0.2701	0.4379	0.1526	-0.1065	-0.8166	0.5673	105	107	27	2	3	0.0015	0.5417	0	0.0137
0.0126	0.0461	0.2569	0.3747	0.2002	-0.2269	-0.6143	0.7558	106	108	27	2	4	0.0016	0.4583	0	0.0126
0.0116	0.0103	0.2466	0.3514	0.2391	0.0027	-0.6368	0.771	107	109	27	2	5	0.0043	0.45	0	0.0112
0.0168	0.0609	0.2385	0.3523	0.244	-0.0448	0.3362	0.9407	108	110	27	2	6	0.002	0.4167	0	0.0194
0.0139	0.031	0.2462	0.3659	0.2956	0.2628	-0.3459	0.9007	109	0	27	2	7	0.0053	0.375	0	0.0147
0.0183	0.2307	0.3777	0.227	0.2698	-0.4566	0.2389	-0.857	16	112	34	2	1	0.0025	0.4583	1	0.0187
0.0183	0.0888	0.2724	0.2821	0.0721	0.2465	0.5246	-0.8149	111	113	34	2	2	0.0025	0.4583	0	0.0187
0.0183	0.0063	0.2988	0.321	-0.0042	0.6531	0.6124	-0.4455	112	114	34	2	3	0.01	0.05	0	0.01
0.0183	0.0394	0.2944	0.3117	-0.0037	0.7725	-0.5684	-0.283	113	0	34	2	4	0.0025	0.15	0	0.01
0.0132	0.2591	0.3845	0.2384	0.2846	-0.4036	0.8848	-0.2329	16	116	38	2	1	0.0033	0.625	1	0.0132
0.0132	0.0806	0.2799	0.4677	0.2242	-0.3744	-0.9132	0.1609	115	117	38	2	2	0.0033	0.625	0	0.0132
0.017	0.071	0.261	0.4132	0.2335	-0.0676	0.2261	0.9718	116	118	38	2	3	0.005	0.375	0	0.031
0.0169	0.0137	0.2475	0.4415	0.2954	0.0973	0.5531	0.8274	117	119	38	2	4	0.0079	0.4167	0	0.0238
0.0132	0.0574	0.2513	0.4461	0.3079	0.7943	0.5266	-0.3028	118	0	38	2	5	0.0022	0.3333	0	0.0092
0.0182	0.057	-0.7365	-0.5925	-0.4935	0.7646	-0.4985	0.4085	33	121	43	2	1	0.0052	0.5417	1	0.0224
0.0182	0.1745	-0.6929	-0.6209	-0.4702	0.8859	-0.0476	-0.4613	120	122	43	2	2	0.0052	0.5417	0	0.0224
0.0182	0.1026	-0.5455	-0.6308	-0.5366	-0.5906	-0.7127	-0.3784	121	123	43	2	3	0.0158	0.65	0	0.0344
0.0171	0.0857	-0.5948	-0.7206	-0.5761	-0.791	-0.5432	0.2816	122	124	43	2	4	0.0197	0.88	0	0.0378
0.0182	0.1283	-0.6543	-0.7996	-0.5877	-0.7242	-0.586	0.3636	123	125	43	2	5	0.008	0.7	0	0.0248
0.0182	0.1005	-0.7862	-0.8809	-0.5224	-0.0828	-0.883	-0.462	124	126	43	2	6	0.0026	0.6563	0	0.0226
0.0171	0.0665	-0.7878	-0.9927	-0.5795	-0.8831	-0.3835	0.2705	125	127	43	2	7	0.0086	0.825	0	0.0245
0.0171	0.076	-0.8511	-1.0099	-0.5532	-0.6981	-0.6605	0.2765	126	128	43	2	8	0.0117	0.9	0	0.0282
0.0182	0.0721	-0.9128	-1.0571	-0.5401	-0.6631	-0.5364	0.5221	127	129	43	2	9	0.0089	0.56	0	0.0251
0.0182	0.0847	-0.9746	-1.0951	-0.5006	-0.0779	-0.9723	-0.2205	128	130	43	2	10	0.0026	0.5417	0	0.0217
0.0182	0.0656	-0.9954	-1.1675	-0.5023	-0.5561	-0.8308	0.0206	129	131	43	2	11	0.003	0.625	0	0.018
0.0182	0.0427	-1.0326	-1.2374	-0.5024	-0.8142	-0.0145	0.5804	130	132	43	2	12	0.002	0.5833	0	0.0197
0.0182	0.0666	-1.0634	-1.2412	-0.4772	-0.5668	-0.606	0.5582	131	133	43	2	13	0.0026	0.75	0	0.0182
0.0182	0.0719	-1.0945	-1.2851	-0.4373	-0.4213	-0.8971	-0.1333	132	134	43	2	14	0.002	0.625	0	0.0146
0.0182	0.0642	-1.1253	-1.352	-0.4517	-0.623	-0.6656	0.4109	133	135	43	2	15	0.0018	0.5417	0	0.0172
0.0182	0.066	-1.1648	-1.3886	-0.417	-0.826	-0.423	0.3726	134	136	43	2	16	0.0026	0.625	0	0.017
0.0182	0.0392	-1.2206	-1.4162	-0.3951	-0.8294	-0.4427	0.3406	135	137	43	2	17	0.0021	0.6667	0	0.0163
0.0182	0.052	-1.2484	-1.4443	-0.3834	-0.7513	-0.4074	0.5193	136	138	43	2	18	0.0023	0.5417	0	0.0174
0.0182	0.0457	-1.2856	-1.4814	-0.3636	-0.8249	-0.3112	0.4719	137	139	43	2	19	0.0046	0.4	0	0.0127
0.0182	0.0093	-1.3165	-1.5064	-0.3287	-0.7714	-0.6257	-0.1158	138	140	43	2	20	0.002	0.2917	0	0.0145
0.0182	0.0587	-1.3253	-1.5221	-0.3417	-0.8729	-0.3125	0.3747	139	141	43	2	21	0.0023	0.375	0	0.0185
0.0182	0.0167	-1.3773	-1.5225	-0.3154	-0.9455	-0.1119	0.3056	140	0	43	2	22	0.01	0.05	0	0.01
0.0183	0.1646	0.3936	0.232	0.3289	0.4868	0.8352	0.2559	16	143	187	2	1	0.005	0.5417	0	0.0215
0.0182	0.3354	0.473	0.3699	0.37	-0.4335	-0.8892	-0.1465	142	144	187	2	2	0.0183	0.1824	0	0.0401
0.022	0.0739	0.3138	0.066	0.3102	0.0855	-0.921	0.3801	143	145	187	2	3	0.0035	0.875	0	0.022
0.0196	0.0779	0.3119	-0.0044	0.3322	-0.2299	-0.7624	0.6049	144	146	187	2	4	0.0026	0.7917	0	0.0196
0.0183	0.0699	0.2875	-0.0647	0.3788	0.0158	-0.5458	0.8377	145	147	187	2	5	0.0024	0.7917	0	0.0183
0.0183	0.0743	0.2875	-0.0961	0.4423	-0.1592	-0.6016	0.7828	146	148	187	2	6	0.0033	0.7917	0	0.0223
0.021	0.0563	0.2835	-0.1469	0.4978	0.0083	-0.3923	0.9198	147	149	187	2	7	0.0028	0.8333	0	0.021
0.0185	0.0554	0.2768	-0.1873	0.5474	0.176	-0.1828	0.9673	148	150	187	2	8	0.0021	0.9167	0	0.0185
0.0213	0.0572	0.2831	-0.193	0.6044	-0.0439	-0.6398	0.7673	149	151	187	2	9	0.0023	0.9167	0	0.0213
0.0207	0.0413	0.2882	-0.2327	0.6485	-0.1779	-0.3718	0.9111	150	152	187	2	10	0.0029	0.8333	0	0.0217
0.019	0.0357	0.2895	-0.2526	0.6844	0.0004	-0.3565	0.9343	151	153	187	2	11	0.0025	0.7083	0	0.019
0.0172	0.0521	0.2857	-0.2643	0.718	-0.0365	-0.358	0.933	152	154	187	2	12	0.0024	0.75	0	0.0172
0.0178	0.0383	0.2903	-0.2795	0.7717	-0.3981	-0.4379	0.8061	153	155	187	2	13	0.0023	0.8333	0	0.0178
0.0163	0.0387	0.2906	-0.2976	0.8071	-0.2887	-0.1202	0.9499	154	156	187	2	14	0.0022	0.75	0	0.0163
0.0189	0.0323	0.263	-0.3171	0.8463	0.1427	0.0004	0.9898	155	157	187	2	15	0.002	0.7083	0	0.0189
0.0174	0.0335	0.2699	-0.3095	0.8867	-0.2678	-0.6829	0.6796	156	158	187	2	16	0.002	0.7083	0	0.0174
0.0168	0.0405	0.257	-0.3434	0.9101	-0.455	0.2216	0.8625	157	159	187	2	17	0.0024	0.7917	0	0.0168
0.0143	0.0495	0.2481	-0.3429	0.943	-0.5061	-0.6965	0.5087	158	160	187	2	18	0.002	0.8333	0	0.0143
0.0143	0.0448	0.2229	-0.3674	0.9689	-0.9826	-0.0258	0.1838	159	0	187	2	19	0.0016	0.4583	0	0.0139
0.0179	0.0825	0.0748	0.1321	0.0353	0.276	-0.0096	-0.9611	18	162	93	2	1	0.0036	0.625	1	0.0179
0.0179	0.1017	0.0975	0.1313	-0.044	-0.5488	0.0955	-0.8305	161	163	93	2	2	0.0036	0.625	0	0.0179
0.0154	0.0748	0.0462	0.1342	-0.1311	-0.404	0.0887	-0.9104	162	164	93	2	3	0.0024	0.9583	0	0.0154
0.0178	0.0693	0.0187	0.1324	-0.2005	-0.3731	0.0196	-0.9276	163	165	93	2	4	0.0022	0.7917	0	0.0178
0.0173	0.0654	-0.0195	0.1386	-0.2607	-0.35	-0.1232	-0.9286	164	166	93	2	5	0.0026	0.7917	0	0.0173
0.0141	0.0712	-0.0436	0.139	-0.3216	-0.5254	-0.0972	-0.8453	165	167	93	2	6	0.0022	0.7917	0	0.0141
0.0129	0.061	-0.0797	0.1278	-0.3829	-0.3745	0.1218	-0.9192	166	168	93	2	7	0.0023	0.7917	0	0.0129
0.0136	0.0566	-0.116	0.1298	-0.4377	-0.1275	0.0691	-0.9894	167	169	93	2	8	0.0024	0.625	0	0.0153
0.0144	0.0511	-0.1263	0.1278	-0.4931	-0.2841	0.0521	-0.9574	168	170	93	2	9	0.0025	0.7083	0	0.0144
0.0151	0.0475	-0.1561	0.1319	-0.5402	-0.0925	0.2005	-0.9753	169	171	93	2	10	0.0022	0.6667	0	0.0151
0.0152	0.0499	-0.1565	0.1435	-0.5883	-0.3775	-0.0444	-0.9249	170	172	93	2	11	0.002	0.5833	0	0.0154
0.013	0.0533	-0.1909	0.1375	-0.6343	-0.0071	-0.0165	-0.9998	171	173	93	2	12	0.0015	0.375	0	0.013
0.0132	0.0497	-0.1953	0.1368	-0.6782	-0.8598	0.3498	-0.3721	172	174	93	2	13	0.002	0.5417	0	0.0132
0.0114	0.0237	-0.2462	0.1549	-0.6872	-0.7368	0.1797	-0.6518	173	0	93	2	14	0.0049	0.75	0	0.0114
0.0144	0.0734	-0.6641	-0.4734	-0.4837	-0.6252	-0.2423	0.7419	31	176	94	2	1	0.0032	0.2917	1	0.0371
0.0144	0.0895	-0.695	-0.5043	-0.4413	-0.3139	-0.8115	0.4929	175	177	94	2	2	0.0067	0.2	0	0.0371
0.0144	0.1092	-0.7191	-0.5762	-0.4234	-0.9874	-0.0403	-0.1532	176	178	94	2	3	0.0022	0.7083	0	0.0183
0.0136	0.0506	-0.8299	-0.585	-0.4434	-0.8468	0.205	0.4909	177	179	94	2	4	0.0016	0.625	0	0.0132
0.0144	0.0434	-0.8726	-0.5686	-0.4205	-0.9516	0.1098	0.2871	178	180	94	2	5	0.0018	0.5833	0	0.0148
0.0136	0.0535	-0.9145	-0.5631	-0.4102	-0.9606	-0.1637	0.2248	179	181	94	2	6	0.0021	0.7083	0	0.0136
0.0144	0.0722	-0.9652	-0.5856	-0.3965	-0.9526	-0.0104	0.3041	180	182	94	2	7	0.0022	0.7917	0	0.0193
0.0144	0.0773	-1.0229	-0.5823	-0.3563	-0.8444	0.2916	0.4494	181	183	94	2	8	0.0024	0.6667	0	0.0169
0.0144	0.0489	-1.0898	-0.5547	-0.3289	-0.9552	0.1016	0.278	182	184	94	2	9	0.0018	0.625	0	0.0149
0.0143	0.0857	-1.1369	-0.5525	-0.3189	-0.8887	-0.3112	0.3367	183	185	94	2	10	0.0022	0.5833	0	0.0183
0.0144	0.0588	-1.2146	-0.5632	-0.2879	-0.9118	-0.1445	0.3843	184	186	94	2	11	0.0024	0.625	0	0.0191
0.0144	0.0455	-1.2769	-0.5596	-0.2764	-0.883	-0.3899	0.2612	185	187	94	2	12	0.0021	0.6667	0	0.0149
0.0143	0.0592	-1.3174	-0.576	-0.2658	-0.956	0.0433	0.2901	186	188	94	2	13	0.002	0.5833	0	0.0148
0.0136	0.0145	-1.362	-0.5784	-0.2483	-0.1585	-0.4436	-0.8821	187	0	94	2	14	0.0008	0.075	0	0.0076
0.0142	0.1424	-0.6922	-0.5145	-0.4824	-0.0618	0.6998	0.7116	32	190	95	2	1	0.0024	0.5417	0	0.0141
0.0142	0.0983	-0.6935	-0.4058	-0.3883	0.0732	0.5872	0.8061	189	191	95	2	2	0.0022	0.625	0	0.0137
0.0144	0.0803	-0.6843	-0.3464	-0.3103	-0.0481	0.6166	0.7858	190	192	95	2	3	0.002	0.875	0	0.0144
0.0152	0.0723	-0.6802	-0.3014	-0.2441	0.0938	0.6606	0.7448	191	193	95	2	4	0.0024	0.5417	0	0.0181
0.0159	0.0425	-0.6777	-0.2417	-0.1967	-0.0535	0.4565	0.8881	192	194	95	2	5	0.0024	0.75	0	0.0159
0.0142	0.0569	-0.6843	-0.2229	-0.1589	-0.0885	0.5657	0.8198	193	195	95	2	6	0.0019	0.7917	0	0.0142
0.0142	0.0667	-0.6808	-0.1901	-0.1127	-0.0035	0.6479	0.7617	194	196	95	2	7	0.0021	0.6667	0	0.0125
0.0162	0.0534	-0.6761	-0.1609	-0.0525	-0.0213	0.5512	0.8341	195	197	95	2	8	0.0027	0.5833	0	0.0174
0.0142	0.0135	-0.683	-0.1195	-0.0051	0.8935	0.3713	0.2524	196	198	95	2	9	0.001	0.3333	0	0.0114
0.0157	0.0375	-0.6668	-0.1012	0.012	0.0275	0.715	-0.6986	197	0	95	2	10	0.0028	0.125	0	0.0275
0.0117	0.1337	-0.7095	-0.5471	-0.4936	-0.0965	-0.5692	0.8165	32	200	96	2	1	0.0174	0.3429	0	0.0323
0.0136	0.0727	-0.7183	-0.6022	-0.377	-0.9754	0.1248	0.1819	199	201	96	2	2	0.0071	0.425	0	0.0203
0.0108	0.0387	-0.7958	-0.5998	-0.3607	-0.646	0.3147	-0.6955	200	0	96	2	3	0.0049	0.475	0	0.0108
0.01	0.0935	-1.3992	-0.8639	-0.3066	-0.193	0.9323	-0.306	47	0	144	2	1	0.01	0.05	0	0.01
0.0146	0.0931	-1.3583	-0.845	-0.3637	-0.5881	-0.6656	-0.4594	47	0	165	2	1	0.0045	0.5	0	0.0146
0.024	0.077	-1.6806	-1.0538	-0.2818	-0.5107	0.5118	0.6909	56	205	173	2	1	0.0061	0.28	0	0.0168
0.024	0.0412	-1.7256	-1.008	-0.2352	-0.7856	-0.0524	0.6166	204	206	173	2	2	0.0025	0.5417	0	0.0194
0.024	0.0465	-1.7552	-1.0093	-0.2009	-0.9344	0.2205	0.2798	205	207	173	2	3	0.0027	0.5417	0	0.0196
0.0169	0.065	-1.8018	-0.9971	-0.197	-0.8214	0.429	0.3758	206	208	173	2	4	0.0098	0.65	0	0.024
0.024	0.05	-1.8618	-0.9756	-0.1739	-0.6995	0.7141	0.027	207	0	173	2	5	0.0037	0.5417	0	0.0209
0.0145	0.0753	-1.484	-0.9642	-0.3232	0.9587	-0.2542	-0.1275	51	210	174	2	1	0.0019	0.6667	0	0.0152
0.01	0.0308	-1.406	-0.9846	-0.3407	0.7056	0.5666	0.4255	209	0	174	2	2	0.0046	0.5938	0	0.01
0.0146	0.0275	-1.5908	-0.9743	-0.3003	-0.4698	0.8242	-0.3163	53	212	175	2	1	0.0037	0.4583	1	0.0146
0.0146	0.0357	-1.6037	-0.9517	-0.309	-0.6438	0.2198	-0.7329	211	0	175	2	2	0.0037	0.4583	0	0.0146
0.0154	0.0254	-1.8871	-1.1148	-0.2487	-0.6023	0.7801	-0.1693	59	214	176	2	1	0.0041	0.4167	1	0.0154
0.0154	0.0667	-1.9024	-1.095	-0.253	-0.5293	-0.4763	-0.7022	213	0	176	2	2	0.0041	0.4167	0	0.0154
0.0107	0.027	-1.7681	-1.0671	-0.2719	-0.3801	-0.1863	-0.906	57	216	180	2	1	0.0031	0.5	1	0.0107
0.0107	0.0734	-1.7784	-1.0722	-0.2963	0.5881	-0.4482	0.6733	215	217	180	2	2	0.0031	0.5	0	0.0107
0.0127	0.0382	-1.7341	-1.0982	-0.2522	0.971	0.0379	0.2362	216	218	180	2	3	0.0007	0.3333	0	0.0135
0.0117	0.0471	-1.701	-1.0895	-0.2515	0.8257	0.5567	0.0918	217	219	180	2	4	0.0073	0.4	0	0.0118
0.0107	0.0421	-1.6699	-1.0733	-0.2627	0.4928	0.5965	-0.6336	218	220	180	2	5	0.01	0.05	0	0.01
0.0107	0.0278	-1.6632	-1.0587	-0.2442	0.4816	0.8087	0.3377	219	0	180	2	6	0.01	0.05	0	0.01
0.0122	0.0141	-1.9166	-1.145	-0.2017	0.5423	0.6514	0.5306	61	222	183	2	1	0.0027	0.4167	1	0.0122
0.0122	0.0704	-1.909	-1.1358	-0.1942	-0.9859	-0.0814	0.1464	221	223	183	2	2	0.0027	0.4167	0	0.0122
0.0122	0.0152	-1.97	-1.1369	-0.1793	-0.5588	0.204	0.8038	222	224	183	2	3	0.01	0.05	0	0.01
0.0123	0.0535	-1.9799	-1.1236	-0.1646	-0.1888	-0.2613	0.9466	223	0	183	2	4	0.0012	0.375	0	0.0125
0.0168	0.0328	-0.6695	-0.6289	-0.5016	-0.0492	-0.3333	-0.9415	121	226	97	3	1	0.0057	0.5417	1	0.0168
0.0168	0.0699	-0.6711	-0.6398	-0.5325	-0.1563	-0.3532	0.9224	225	227	97	3	2	0.0057	0.5417	0	0.0168
0.0168	0.0645	-0.67	-0.6813	-0.4708	-0.6964	-0.3986	-0.5968	226	0	97	3	3	0.0196	0.26	0	0.0238
0.0173	0.1691	-0.5547	-0.6526	-0.5641	0.6841	0.2756	-0.6753	122	229	100	3	1	0.0053	0.5208	1	0.0244
0.017	0.1652	-0.439	-0.6052	-0.6789	0.9493	0.0855	0.3027	228	230	100	3	2	0.0103	0.5	0	0.0244
0.0173	0.0784	-0.2817	-0.5819	-0.6488	0.9451	0.2904	0.1499	229	231	100	3	3	0.0084	0.62	0	0.0246
0.0173	0.0759	-0.2156	-0.5787	-0.6592	0.9551	-0.0604	-0.2899	230	232	100	3	4	0.0076	0.775	0	0.0239
0.0164	0.058	-0.1488	-0.5642	-0.6791	0.9577	0.2872	0.0179	231	233	100	3	5	0.0087	0.675	0	0.0235
0.0146	0.0498	-0.0742	-0.5642	-0.6981	0.5099	0.8343	-0.2097	232	234	100	3	6	0.0019	0.5833	0	0.015
0.0112	0.0353	-0.0497	-0.5287	-0.7008	-0.1186	-0.7806	-0.6137	233	0	100	3	7	0.0026	0.4583	0	0.0112
0.0173	0.2337	-0.5335	-0.6317	-0.5484	0.525	-0.7083	-0.472	122	236	102	3	1	0.0095	0.2333	0	0.0251
0.0191	0.0788	-0.4123	-0.7971	-0.6712	0.9355	-0.3371	-0.1054	235	237	102	3	2	0.003	0.75	0	0.0191
0.0191	0.0425	-0.338	-0.8253	-0.6833	0.9564	0.292	0.0067	236	0	102	3	3	0.0025	0.5417	0	0.0198
0.0189	0.1693	-0.7971	-0.8573	-0.4965	-0.641	0.4382	0.6302	125	239	104	3	1	0.0029	0.9583	0	0.0189
0.0201	0.0523	-0.9095	-0.7677	-0.3927	-0.6436	-0.0165	0.7652	238	240	104	3	2	0.0027	0.75	0	0.0201
0.0173	0.0673	-0.9436	-0.7517	-0.3518	-0.6838	-0.0532	0.7278	239	241	104	3	3	0.0034	0.7083	0	0.0224
0.0173	0.0752	-0.9874	-0.7505	-0.3055	-0.6892	0.571	0.446	240	242	104	3	4	0.004	0.8333	0	0.0266
0.0173	0.075	-1.057	-0.716	-0.2507	-0.4244	0.9055	0.0013	241	243	104	3	5	0.0033	0.7917	0	0.0256
0.0168	0.0676	-1.0782	-0.6226	-0.2456	-0.7282	0.1741	0.6629	242	244	104	3	6	0.0024	0.7917	0	0.0168
0.017	0.0479	-1.1337	-0.6037	-0.208	-0.6858	0.1163	0.7185	243	245	104	3	7	0.0027	0.625	0	0.019
0.0173	0.071	-1.1872	-0.6128	-0.1544	-0.4313	0.8775	0.2095	244	246	104	3	8	0.0034	0.8333	0	0.0217
0.0173	0.0577	-1.2239	-0.5671	-0.1347	-0.8448	0.4101	0.3436	245	247	104	3	9	0.0035	0.7083	0	0.0211
0.0168	0.0622	-1.2735	-0.5417	-0.1012	-0.9685	-0.2477	-0.0251	246	248	104	3	10	0.0021	0.5833	0	0.0153
0.0168	0.0556	-1.3324	-0.558	-0.098	-0.9672	-0.0364	0.2513	247	249	104	3	11	0.002	0.625	0	0.0135
0.0168	0.04	-1.3851	-0.5522	-0.0808	-0.9254	-0.0201	0.3785	248	250	104	3	12	0.002	0.625	0	0.0147
0.0168	0.0515	-1.4275	-0.5495	-0.0813	-0.9469	-0.0478	0.3179	249	251	104	3	13	0.0014	0.5833	0	0.0117
0.0168	0.053	-1.478	-0.5534	-0.0509	-0.9779	0.1808	-0.1046	250	252	104	3	14	0.0018	0.5417	0	0.0116
0.0168	0.0508	-1.5296	-0.5417	-0.0636	-0.9828	0.1819	0.0323	251	253	104	3	15	0.0017	0.5833	0	0.014
0.0168	0.0138	-1.5851	-0.5292	-0.0554	-0.5082	0.5218	-0.6851	252	0	104	3	16	0.01	0.05	0	0.01
0.0163	0.2093	-0.5926	-0.737	-0.583	0.1217	-0.9152	-0.3842	123	255	105	3	1	0.0031	0.6667	1	0.0186
0.0162	0.0758	-0.5671	-0.9286	-0.6634	-0.4113	-0.8852	0.2172	254	256	105	3	2	0.0031	0.6667	0	0.0186
0.0162	0.0718	-0.5717	-1.0074	-0.6516	-0.4175	-0.9021	-0.1091	255	257	105	3	3	0.0099	0.6	0	0.0259
0.0159	0.0604	-0.6045	-1.0802	-0.6543	0.4811	-0.5805	-0.6569	256	258	105	3	4	0.0021	0.5833	0	0.0178
0.0133	0.028	-0.5667	-1.1162	-0.6932	-0.077	-0.9496	-0.3037	257	0	105	3	5	0.0057	0.7917	0	0.0133
0.0173	0.0908	-0.9936	-1.1042	-0.5032	-0.9413	-0.0917	0.3249	129	260	108	3	1	0.0032	0.5417	0	0.0196
0.0173	0.0573	-1.0844	-1.1349	-0.4676	-0.875	0.3098	0.3719	259	261	108	3	2	0.0022	0.5833	0	0.0175
0.0157	0.0554	-1.1393	-1.1117	-0.4532	-0.8411	-0.5141	0.1682	260	262	108	3	3	0.0017	0.5	0	0.0157
0.0157	0.0271	-1.1892	-1.1379	-0.4394	-0.7162	0.2418	-0.6547	261	0	108	3	4	0.0047	0.225	0	0.0106
0.0202	0.1437	-1.1004	-1.3269	-0.4372	-0.4774	0.8693	-0.1277	133	264	188	3	1	0.0099	0.2875	0	0.0292
0.0202	0.0389	-1.1678	-1.2023	-0.4518	-0.9497	0.0236	0.3123	263	265	188	3	2	0.0025	0.5417	0	0.0202
0.0202	0.0387	-1.2081	-1.1957	-0.4397	-0.8552	-0.5108	-0.0875	264	0	188	3	3	0.0028	0.375	0	0.0187
0.0173	0.1148	-1.1677	-1.4	-0.4426	0.8987	0.2823	-0.3357	134	267	157	3	1	0.0028	0.5417	0	0.0179
0.0172	0.0661	-1.073	-1.3763	-0.5029	0.9337	-0.0094	-0.358	266	268	157	3	2	0.0027	0.5417	0	0.0174
0.0155	0.0627	-1.0099	-1.3756	-0.524	0.8907	-0.0233	-0.454	267	269	157	3	3	0.0022	0.625	0	0.0134
0.0172	0.0738	-0.9619	-1.3585	-0.5598	0.8493	0.1627	-0.5022	268	270	157	3	4	0.0023	0.6667	0	0.0177
0.0172	0.0421	-0.8745	-1.3582	-0.6018	0.404	0.9066	-0.1222	269	271	157	3	5	0.0025	0.625	0	0.0176
0.0173	0.0597	-0.8587	-1.324	-0.6156	0.8829	0.3708	-0.2881	270	272	157	3	6	0.0037	0.7083	0	0.0217
0.0164	0.0443	-0.806	-1.3139	-0.6349	0.9921	0.0255	-0.1229	271	273	157	3	7	0.0025	0.5417	0	0.0184
0.0155	0.0656	-0.7654	-1.3043	-0.6519	0.9729	0.1064	-0.2055	272	274	157	3	8	0.0021	0.7083	0	0.0155
0.0164	0.0365	-0.7069	-1.3081	-0.6674	0.8389	-0.3299	-0.4329	273	275	157	3	9	0.0023	0.5417	0	0.0165
0.017	0.0319	-0.6729	-1.3189	-0.6721	0.9511	0.0892	-0.2956	274	276	157	3	10	0.0025	0.5417	0	0.0183
0.0161	0.0475	-0.6359	-1.3377	-0.6982	0.9541	0.2996	-0.0062	275	277	157	3	11	0.0019	0.6667	0	0.0161
0.0155	0.0321	-0.5865	-1.3175	-0.6954	0.8377	-0.539	-0.0877	276	278	157	3	12	0.0017	0.2917	0	0.0121
0.0155	0.0158	-0.5595	-1.3379	-0.7005	0.9356	-0.182	0.3025	277	0	157	3	13	0.0026	0.375	0	0.0114
0.0141	0.0108	0.393	0.2303	0.3611	0.4752	0.317	0.8208	143	0	47	3	1	0.0039	0.4583	0	0.0141
0.0174	0.2754	0.4215	0.3074	0.3375	-0.0574	0.5613	0.8257	142	281	189	3	1	0.0418	0.3474	0	0.0657
0.0174	0.0455	0.3979	0.4575	0.5723	-0.125	0.9016	0.4141	280	282	189	3	2	0.0029	0.4167	0	0.0221
0.0173	0.0271	0.3898	0.4917	0.5908	-0.9359	0.3434	0.0781	281	283	189	3	3	0.0022	0.3333	0	0.0255
0.017	0.3992	0.3654	0.4903	0.6108	-0.2932	-0.8261	-0.4812	282	284	189	3	4	0.015	0.2552	0	0.0226
0.0174	0.0565	0.2417	0.1625	0.417	-0.3169	-0.9278	0.197	283	285	189	3	5	0.003	0.75	0	0.0235
0.0181	0.0457	0.2202	0.1119	0.4296	-0.4694	-0.8825	-0.0307	284	286	189	3	6	0.0023	0.7083	0	0.0181
0.0165	0.0611	0.2033	0.0673	0.4306	-0.6976	-0.7146	0.0514	285	287	189	3	7	0.0019	0.5833	0	0.0148
0.0151	0.0415	0.1611	0.0227	0.429	-0.5725	-0.8123	0.1113	286	288	189	3	8	0.0018	0.75	0	0.0151
0.0162	0.0537	0.1359	-0.0133	0.4233	-0.463	-0.849	0.2545	287	289	189	3	9	0.002	0.7917	0	0.0162
0.0155	0.0452	0.099	-0.0541	0.4421	-0.3999	-0.9117	-0.0938	288	290	189	3	10	0.0024	0.5833	0	0.0156
0.0131	0.0462	0.0865	-0.1005	0.4374	-0.6626	-0.7182	0.2126	289	291	189	3	11	0.0018	0.6667	0	0.0127
0.0144	0.0396	0.0542	-0.1316	0.45	-0.5377	-0.7997	0.2672	290	292	189	3	12	0.002	0.75	0	0.0144
0.0138	0.0494	0.0402	-0.168	0.4567	-0.4346	-0.8711	0.2287	291	293	189	3	13	0.0019	0.6667	0	0.0131
0.0132	0.0423	0.0178	-0.2106	0.467	-0.5196	-0.8507	0.0791	292	294	189	3	14	0.0017	0.7917	0	0.0132
0.0139	0.0493	-0.0043	-0.2434	0.4813	-0.4415	-0.8632	0.245	293	295	189	3	15	0.0018	0.6667	0	0.0139
0.0139	0.0436	-0.0334	-0.2853	0.4872	-0.3422	-0.8897	0.3022	294	296	189	3	16	0.002	0.5833	0	0.0139
0.0136	0.0381	-0.0491	-0.3213	0.5036	-0.3426	-0.742	0.5763	295	297	189	3	17	0.0022	0.6667	0	0.0136
0.0151	0.0355	-0.0581	-0.3534	0.5241	-0.5115	-0.7144	0.4775	296	298	189	3	18	0.0024	0.5417	0	0.0154
0.0131	0.0336	-0.0686	-0.3873	0.5384	-0.4795	-0.6243	0.6167	297	299	189	3	19	0.0015	0.7083	0	0.0131
0.0155	0.0262	-0.0875	-0.4105	0.545	-0.5613	-0.7929	0.2373	298	300	189	3	20	0.0019	0.5833	0	0.0159
0.0157	0.0215	-0.0944	-0.4221	0.5499	0.3068	-0.3839	-0.8709	299	0	189	3	21	0.0065	0.4167	0	0.0248
0.0061	0.1191	0.3015	-0.2447	0.7422	-0.5619	0.4948	0.6629	154	0	117	3	1	0.0013	0.25	0	0.0194
0.0129	0.0681	0.2385	-0.3534	0.9703	0.7411	0.6677	0.0703	160	303	118	3	1	0.0026	0.625	1	0.0129
0.0129	0.0463	0.2889	-0.3079	0.9751	0.8995	-0.409	-0.1534	302	304	118	3	2	0.0026	0.625	0	0.0129
0.0129	0.0409	0.3432	-0.3291	0.9641	0.1809	0.9832	0.0227	303	0	118	3	3	0.01	0.05	0	0.01
0.0073	0.0829	0.2015	-0.3538	0.975	0.6627	0.7488	-0.0142	160	306	119	3	1	0.0025	0.375	1	0.0144
0.0073	0.0691	0.2539	-0.2903	0.9786	-0.8577	-0.3852	-0.3407	305	0	119	3	2	0.0055	0.35	0	0.0144
0.0068	0.1295	-0.8841	-0.58	-0.4161	0.6848	-0.7135	-0.148	179	308	131	3	1	0.0055	0.1143	0	0.0127
0.0074	0.027	-0.7882	-0.6757	-0.4249	0.5905	0.7936	-0.1469	307	309	131	3	2	0.01	0.05	0	0.01
0.007	0.0293	-0.7731	-0.6548	-0.428	0.7209	-0.5839	0.3733	308	0	131	3	3	0.01	0.05	0	0.01
0.0069	0.0353	-0.873	-0.5867	-0.4279	-0.785	-0.5987	-0.1591	178	311	133	3	1	0.0054	0.375	1	0.0165
0.0069	0.0589	-0.8959	-0.6112	-0.4301	-0.6537	-0.7275	0.2082	310	312	133	3	2	0.0079	0.15	0	0.0165
0.0057	0.0431	-0.9319	-0.6541	-0.4218	0.4395	-0.8488	0.294	311	0	133	3	3	0.0057	0.25	0	0.0119
0.0157	0.1034	-0.8209	-0.5867	-0.4262	-0.4703	-0.3429	0.8132	177	314	134	3	1	0.0046	0.4167	0	0.0157
0.0157	0.0683	-0.8673	-0.6262	-0.3498	0.9672	0.045	0.25	313	0	134	3	2	0.0061	0.35	0	0.0143
0.01	0.093	-0.9329	-0.5962	-0.3969	0.2819	-0.3525	0.8923	181	0	135	3	1	0.01	0.05	0	0.01
0.0097	0.0185	-0.9323	-0.5709	-0.419	-0.1138	-0.3681	-0.9228	180	317	136	3	1	0.0028	0.5	1	0.0097
0.0097	0.0872	-0.9344	-0.5777	-0.4361	-0.4334	-0.7905	0.4328	316	318	136	3	2	0.0028	0.5	0	0.0097
0.0097	0.0408	-0.9705	-0.6542	-0.3979	0.1451	0.0924	0.9851	317	0	136	3	3	0.01	0.05	0	0.01
0.0094	0.158	-1.126	-0.5593	-0.3307	0.5204	-0.4489	-0.7264	183	320	137	3	1	0.0026	0.5	1	0.0094
0.0094	0.0779	-1.0438	-0.6303	-0.4455	0.7927	0.0853	-0.6036	319	0	137	3	2	0.0026	0.5	0	0.0094
0.0105	0.0681	-1.0668	-0.5521	-0.3329	-0.3662	0.9097	0.1959	182	322	139	3	1	0.0023	0.5417	1	0.0105
0.0105	0.0573	-1.0918	-0.4901	-0.3196	-0.4375	0.5224	0.7319	321	323	139	3	2	0.0023	0.5417	0	0.0105
0.013	0.0388	-1.1151	-0.4395	-0.2779	-0.9318	0.0851	0.3527	322	324	139	3	3	0.001	0.4583	0	0.015
0.0125	0.0192	-1.1536	-0.4145	-0.2688	-0.7897	0.0423	0.612	323	325	139	3	4	0.003	0.25	0	0.0233
0.0105	0.0147	-1.1666	-0.4136	-0.2574	-0.0296	0.9984	-0.0487	324	0	139	3	5	0.01	0.05	0	0.01
0.0137	0.1554	-1.7521	-1.0313	-0.1909	-0.4621	-0.8866	-0.0194	206	327	177	3	1	0.007	0.4375	0	0.0137
0.0137	0.0238	-1.8135	-1.1863	-0.2	0.8112	0.5569	-0.1786	326	0	177	3	2	0.01	0.05	0	0.01
0.0189	0.1548	-1.0692	-0.7228	-0.2405	-0.7034	-0.3977	0.589	242	329	155	4	1	0.0058	0.625	1	0.0189
0.0189	0.1098	-1.1781	-0.7844	-0.1493	-0.6805	0.6239	-0.3843	328	0	155	4	2	0.0058	0.625	0	0.0189
0.0186	0.2019	-0.8695	-1.3471	-0.6078	-0.4048	-0.8673	0.2897	271	331	166	4	1	0.0027	0.75	1	0.0186
0.0186	0.0892	-0.9512	-1.5223	-0.5493	-0.3943	-0.6313	0.6678	330	332	166	4	2	0.0027	0.75	0	0.0186
0.0186	0.0476	-0.9812	-1.5777	-0.4845	-0.1093	-0.9598	0.2587	331	333	166	4	3	0.0025	0.5833	0	0.0162
0.0186	0.0476	-0.9891	-1.6222	-0.47	0.0899	-0.8362	0.541	332	334	166	4	4	0.0029	0.5833	0	0.0219
0.0186	0.0632	-0.9994	-1.6598	-0.4513	-0.1131	-0.9901	-0.0827	333	335	166	4	5	0.0063	0.425	0	0.0264
0.0186	0.0456	-1.0064	-1.718	-0.4532	-0.5375	-0.5111	0.6707	334	336	166	4	6	0.0015	0.5	0	0.015
0.0186	0.0186	-1.0348	-1.7439	-0.4197	-0.1192	0.8061	0.5796	335	0	166	4	7	0.01	0.05	0	0.01
0.016	0.0633	-0.7755	-1.2899	-0.6489	-0.563	0.8095	0.1664	273	338	167	4	1	0.0043	0.4583	1	0.016
0.016	0.0536	-0.8111	-1.2387	-0.6384	-0.8399	-0.1391	-0.5247	337	0	167	4	2	0.0043	0.4583	0	0.016
0.0207	0.1069	0.4263	0.2907	0.3428	0.2625	-0.92	0.2909	280	340	50	4	1	0.0046	0.5313	1	0.0207
0.0207	0.0958	0.4544	0.1923	0.3739	-0.2156	-0.5897	0.7783	339	341	50	4	2	0.0046	0.5313	0	0.0207
0.0207	0.0453	0.4489	0.1381	0.4471	0.1721	-0.9323	0.3181	340	342	50	4	3	0.0048	0.325	0	0.0261
0.0207	0.0361	0.4506	0.111	0.4944	0.9842	0.0189	0.1758	341	343	50	4	4	0.0057	0.3	0	0.0132
0.0207	0.016	0.5077	0.0926	0.502	0.6006	0.7056	0.3761	342	0	50	4	5	0.0031	0.125	0	0.01
0.0165	0.1685	0.4027	0.3217	0.3658	-0.9723	-0.1752	0.155	280	345	60	4	1	0.0042	0.5417	1	0.0231
0.0165	0.073	0.2391	0.2866	0.3913	-0.0609	0.1023	-0.9929	344	346	60	4	2	0.0073	0.55	0	0.0231
0.0188	0.0632	0.2373	0.2861	0.3178	0.0118	0.1263	-0.9919	345	347	60	4	3	0.0027	0.75	0	0.0188
0.0165	0.0466	0.2397	0.2839	0.2509	-0.1692	0.3573	-0.9185	346	0	60	4	4	0.0019	0.2917	0	0.0192
0.0211	0.4852	0.4075	0.3255	0.3438	-0.3439	0.3122	0.8856	280	349	191	4	1	0.1014	0.44	0	0.1227
0.0211	0.1546	0.2888	0.5193	0.7884	-0.3877	0.1191	0.9141	348	350	191	4	2	0.06	0.4818	0	0.1346
0.0211	0.1137	0.2862	0.5101	0.9428	-0.2366	-0.0339	0.971	349	351	191	4	3	0.0176	0.6875	0	0.0211
0.0211	0.0671	0.2684	0.5387	0.8958	-0.7441	0.6616	0.0933	350	352	191	4	4	0.0166	0.3704	0	0.0228
0.0211	0.0953	0.1817	0.6043	0.883	-0.3268	0.2488	0.9118	351	353	191	4	5	0.0128	0.5286	0	0.1398
0.0211	0.0421	0.1482	0.6184	0.9564	-0.9719	0.2356	-0.0005	352	354	191	4	6	0.0028	0.5417	0	0.0229
0.0211	0.0348	0.1179	0.6354	0.949	-0.2507	0.851	0.4615	353	0	191	4	7	0.0056	0.325	0	0.0316
0.0185	0.0997	-1.1572	-0.4136	-0.2619	0.1098	-0.9926	0.052	325	356	192	4	1	0.0042	0.4167	0	0.0185
0.0185	0.0262	-1.1357	-0.5111	-0.2777	0.8918	-0.114	0.4379	355	0	192	4	2	0.0022	0.075	0	0.0109
0.0025	0.0364	-1.1609	-0.4364	-0.2596	0.2922	-0.7929	0.5347	325	358	172	4	1	0.012	0.325	1	0.01
0.0025	0.0206	-1.1531	-0.4678	-0.2358	-0.1876	-0.7883	-0.586	357	359	172	4	2	0.01	0.05	0	0.01
0.0025	0.0196	-1.1548	-0.4848	-0.2542	0.7536	-0.5686	0.3299	358	0	172	4	3	0.0062	0.2	0	0.01
0.0166	0.1062	-0.9978	-1.5889	-0.428	-0.6137	0.6448	0.4557	334	0	170	5	1	0.0019	0.4583	0	0.0166
0.0165	0.1475	0.264	0.5213	0.7929	-0.931	0.0177	-0.3646	349	362	74	5	1	0.0027	0.4583	1	0.0227
0.0165	0.0468	0.1206	0.5266	0.7385	-0.3424	-0.5857	0.7346	361	363	74	5	2	0.0057	0.45	0	0.0227
0.0165	0.05	0.1048	0.4971	0.7726	-0.4193	-0.1511	0.8952	362	0	74	5	3	0.0022	0.4583	0	0.0165
0.0131	0.1586	0.2263	0.5379	0.8833	-0.7646	0.207	-0.6104	349	365	78	5	1	0.0034	0.7083	1	0.0131
0.0131	0.0618	0.1051	0.5707	0.7865	-0.3518	-0.5443	0.7615	364	366	78	5	2	0.0034	0.7083	0	0.0131
0.0131	0.044	0.0863	0.5366	0.8423	-0.2398	-0.9704	0.0282	365	367	78	5	3	0.0014	0.5417	0	0.0109
0.0151	0.0538	0.0797	0.4934	0.8443	-0.2264	-0.231	0.9462	366	368	78	5	4	0.0017	0.5833	0	0.0153
0.0131	0.0417	0.0555	0.4777	0.8899	-0.3535	-0.2166	0.91	367	369	78	5	5	0.001	0.5	0	0.0128
0.0146	0.0267	0.051	0.4911	0.9366	-0.646	-0.0042	0.7633	368	370	78	5	6	0.0013	0.3333	0	0.0154
0.0131	0.0102	0.0291	0.4886	0.9574	-0.4538	0.8676	-0.2034	369	0	78	5	7	0.0024	0.5833	0	0.0124
0.0158	0.1877	0.259	0.513	0.8113	-0.8048	-0.4841	-0.3434	349	372	79	5	1	0.0028	0.625	1	0.0134
0.0158	0.0682	0.1079	0.4221	0.7469	-0.0918	-0.3599	0.9285	371	373	79	5	2	0.0028	0.625	0	0.0134
0.0158	0.0322	0.1049	0.4005	0.812	0.2364	-0.6912	0.6829	372	374	79	5	3	0.0016	0.625	0	0.0143
0.0158	0.0334	0.1088	0.3737	0.8328	0.4532	-0.5391	0.7099	373	375	79	5	4	0.0017	0.7917	0	0.0158
0.0169	0.0434	0.1293	0.3616	0.858	0.4699	-0.577	0.668	374	376	79	5	5	0.0025	0.6667	0	0.0169
0.0172	0.0517	0.1564	0.3335	0.885	0.422	0.3644	0.8302	375	377	79	5	6	0.0023	0.5833	0	0.0173
0.0192	0.055	0.1703	0.3347	0.9274	0.9048	-0.4072	0.1243	376	378	79	5	7	0.0023	0.625	0	0.0195
0.0161	0.0299	0.2504	0.3245	0.943	0.3867	-0.92	-0.0634	377	379	79	5	8	0.0018	0.625	0	0.0161
0.0158	0.056	0.2616	0.2897	0.9406	0.9868	-0.046	-0.1554	378	0	79	5	9	0.0144	0.5714	0	0.0143
0.0201	0.1753	0.2558	0.5093	0.8315	-0.6099	-0.7656	-0.2049	349	381	81	5	1	0.0071	0.375	1	0.0283
0.0201	0.198	0.1468	0.3773	0.7993	0.6223	-0.4664	0.6287	380	382	81	5	2	0.0085	0.25	0	0.0283
0.0128	0.0301	0.2798	0.2645	0.9286	0.091	0.2693	0.9587	381	383	81	5	3	0.01	0.05	0	0.01
0.01	0.0347	0.2886	0.258	0.9204	0.9874	0.0118	0.1576	382	0	81	5	4	0.01	0.05	0	0.01
0.017	0.1112	0.2991	0.495	0.9533	-0.4702	-0.8776	0.0929	350	385	84	5	1	0.0035	0.5313	0	0.017
0.017	0.0277	0.2358	0.4041	0.9725	-0.6276	-0.7487	-0.2134	384	0	84	5	2	0.0032	0.3333	0	0.0135
0.0109	0.0421	0.1528	0.6373	0.9645	0.7975	-0.6029	-0.022	353	0	86	5	1	0.005	0.5313	0	0.0109
0.0186	0.1577	0.1618	0.594	0.8899	-0.8475	-0.4426	0.2929	352	388	194	5	1	0.002	0.25	1	0.0186
0.0186	0.0339	0.0282	0.5242	0.9361	-0.3406	-0.0348	0.9396	387	389	194	5	2	0.002	0.25	0	0.0186
0.0179	0.0641	0.0348	0.5159	0.9768	-0.3022	-0.9434	-0.1365	388	390	194	5	3	0.0013	0.375	0	0.016
0.0179	0.05	0.0193	0.4588	0.9691	0.6712	-0.6312	-0.3887	389	391	194	5	4	0.0017	0.4167	0	0.0153
0.0179	0.0418	0.0364	0.4323	0.9326	0.4485	-0.6413	-0.6225	390	392	194	5	5	0.0019	0.6667	0	0.0166
0.0179	0.0545	0.0536	0.4203	0.9064	0.2122	0.0054	-0.9772	391	393	194	5	6	0.0023	0.6667	0	0.017
0.0179	0.0346	0.0805	0.4204	0.8529	-0.0092	0.2969	-0.9549	392	394	194	5	7	0.0018	0.625	0	0.0168
0.0179	0.0463	0.0817	0.4302	0.8198	0.1832	0.5567	-0.8102	393	395	194	5	8	0.0019	0.75	0	0.0179
0.0179	0.0277	0.0873	0.4572	0.781	0.4749	0.2277	-0.8501	394	0	194	5	9	0.0074	0.6563	0	0.0164
