radius (m)	length (m)	start_point	axis_direction	parent	extension	branch	branch_order	position_in_branch	mad	SurfCov	added	UnmodRadius (m)
0.0134	0.0537	-0.0636	-0.2283	-0.0239	0.8564	0.4411	-0.2685	0	2	1	0	1	0.0026	0.4167	0	0.0145
0.0122	0.1087	-0.0163	-0.2035	-0.039	-0.5447	0.8192	0.1796	1	3	1	0	2	0.0008	0.1875	0	0.0134
0.0094	0.021	-0.0824	-0.1221	-0.0292	-0.764	0.644	0.0396	2	4	1	0	3	0.0013	0.2917	0	0.0094
0.0086	0.0383	-0.0933	-0.1006	-0.0232	-0.8792	0.4239	0.2176	3	5	1	0	4	0.001	0.375	0	0.0083
0.0123	0.0331	-0.1109	-0.0657	-0.0139	-0.7349	0.6218	0.2706	4	6	1	0	5	0.0078	0.2813	0	0.0139
0.0089	0.0046	-0.1402	-0.0449	-0.0127	-0.2799	0.9356	0.2154	5	7	1	0	6	0.0036	0.625	0	0.0089
0.0086	0.0548	-0.1446	-0.0415	-0.0068	-0.4189	0.9035	-0.0906	6	8	1	0	7	0.0009	0.2917	0	0.0086
0.01	0.0476	-0.1734	0.001	-0.0173	-0.6642	0.7198	-0.2018	7	9	1	0	8	0.01	0.05	0	0.01
0.0077	0.0006	-0.173	0.0304	-0.0084	-0.0387	0.9476	0.317	8	10	1	0	9	0.001	0.4167	0	0.0077
0.0101	0.0248	-0.1733	0.0311	-0.0086	0.5217	0.8506	-0.0658	9	11	1	0	10	0.0016	0.25	0	0.0111
0.0083	0.0453	-0.1663	0.0547	-0.0094	0.4103	0.8784	0.245	10	12	1	0	11	0.004	0.3125	0	0.0083
0.0087	0.036	-0.1352	0.0846	0.0069	0.5122	0.8017	0.3081	11	13	1	0	12	0.01	0.05	0	0.01
0.0083	0.0216	-0.1378	0.11	0.0047	-0.1761	0.9842	0.0185	12	14	1	0	13	0.01	0.05	0	0.01
0.0081	0.0147	-0.1281	0.0994	0.0061	0.8991	0.3858	0.2068	13	15	1	0	14	0.01	0.05	0	0.01
0.0079	0.0041	-0.1377	0.0958	0.0012	0.3795	-0.9251	-0.0112	14	0	1	0	15	0.01	0.05	0	0.01
0.0115	0.0711	-0.0302	-0.217	-0.0208	0.9943	0.0856	0.0629	1	17	2	1	1	0.0017	0.3333	0	0.014
0.01	0.007	0.0306	-0.2011	-0.02	0.3685	0.6264	0.6869	16	18	2	1	2	0.01	0.05	0	0.01
0.0084	0.0487	0.0368	-0.2007	-0.0214	0.8544	0.4871	0.1809	17	19	2	1	3	0.0007	0.4167	0	0.0084
0.0096	0.0279	0.0804	-0.177	-0.0067	0.5467	0.8141	-0.1957	18	20	2	1	4	0.0007	0.3333	0	0.0096
0.0075	0.0429	0.0889	-0.1513	-0.0125	0.3956	0.9065	0.1476	19	21	2	1	5	0.003	0.5	0	0.0054
0.01	0.0622	0.1208	-0.1204	-0.0086	0.4908	0.8459	0.2089	20	22	2	1	6	0.0053	0.2708	0	0.0106
0.0103	0.0357	0.1487	-0.0663	-0.0026	0.2792	0.9543	0.1065	21	23	2	1	7	0.0026	0.0667	0	0.0172
0.0086	0.0229	0.1673	-0.038	0.0054	0.578	0.8149	-0.0427	22	24	2	1	8	0.01	0.05	0	0.01
0.0101	0.0332	0.1428	-0.0335	0.0013	-0.3329	0.763	0.5541	23	25	2	1	9	0.0037	0.2	0	0.0162
0.0081	0.0031	0.1291	-0.0063	0.0082	0.4864	0.8733	0.0291	24	26	2	1	10	0.01	0.05	0	0.01
0.0079	0.0269	0.1306	-0.0036	0.0083	0.5387	0.7914	0.2889	25	27	2	1	11	0.01	0.05	0	0.01
0.0076	0.0296	0.1451	0.0177	0.0161	0.7726	0.6239	0.1179	26	0	2	1	12	0.01	0.05	0	0.01
0.0061	0.0727	-0.0653	-0.2166	-0.0327	0.1139	0.992	0.0544	1	29	26	1	1	0.0019	0.4167	0	0.0061
0.0075	0.0279	-0.0539	-0.1474	-0.0213	0.496	0.8589	0.1277	28	30	26	1	2	0.01	0.05	0	0.01
0.0075	0.0389	-0.0331	-0.1219	-0.019	-0.2042	0.976	0.0752	29	31	26	1	3	0.001	0.2917	0	0.008
0.0071	0.0061	-0.0487	-0.0951	-0.016	-0.797	0.5452	0.26	30	32	26	1	4	0.01	0.05	0	0.01
0.0069	0.0093	-0.0529	-0.0922	-0.0151	-0.6196	-0.7704	-0.1503	31	0	26	1	5	0.01	0.05	0	0.01
0.0136	0.0296	-0.1345	-0.0597	-0.0141	-0.6438	-0.5953	-0.4808	5	34	5	1	1	0.0028	0.375	1	0.013
0.0136	0.0472	-0.1536	-0.0773	-0.0283	0.0433	-0.7382	0.6732	33	35	5	1	2	0.0028	0.375	0	0.013
0.0136	0.0278	-0.1501	-0.1177	0.0045	-0.3456	-0.246	-0.9056	34	36	5	1	3	0.0017	0.4167	0	0.0136
0.0136	0.0311	-0.1601	-0.1333	-0.0051	-0.4787	-0.7616	-0.4368	35	37	5	1	4	0.0012	0.3333	0	0.0093
0.0136	0.0026	-0.1773	-0.1518	-0.0204	-0.9011	-0.4214	-0.1026	36	38	5	1	5	0.01	0.05	0	0.01
0.0136	0.0683	-0.1872	-0.1536	-0.0306	0.1875	-0.9793	-0.077	37	39	5	1	6	0.0026	0.125	0	0.0059
0.0136	0.0109	-0.1668	-0.2138	-0.0274	0.6251	-0.7789	0.0513	38	40	5	1	7	0.01	0.05	0	0.01
0.0136	0.0178	-0.16	-0.2223	-0.0268	-0.4108	-0.8929	-0.1844	39	0	5	1	8	0.01	0.05	0	0.01
0.0062	0.0816	-0.1254	-0.0378	-0.009	0.6319	0.7503	0.1943	5	42	6	1	1	0.002	0.4583	0	0.0059
0.0084	0.0261	-0.0719	0.0219	0.0057	0.6225	0.7801	0.0627	41	43	6	1	2	0.01	0.05	0	0.01
0.007	0.0295	-0.053	0.0233	0.0108	0.9449	0.1821	0.2721	42	44	6	1	3	0.0006	0.375	0	0.007
0.008	0.0449	-0.0318	0.032	0.0161	0.3463	0.8988	0.2686	43	45	6	1	4	0.0012	0.375	0	0.008
0.0073	0.0589	-0.0153	0.0469	0.0214	0.974	0.0921	-0.2068	44	46	6	1	5	0.008	0.3125	0	0.0073
0.0082	0.026	0.0373	0.0432	0.0118	0.8319	-0.5017	-0.2373	45	47	6	1	6	0.01	0.05	0	0.01
0.0084	0.0532	0.0372	0.064	0.0162	0.8495	0.5222	0.0751	46	48	6	1	7	0.0009	0.4167	0	0.0087
0.0081	0.039	0.0742	0.0978	0.0211	0.5971	0.7832	0.1735	47	49	6	1	8	0.01	0.05	0	0.01
0.0075	0.0204	0.1039	0.121	0.0156	0.6687	0.7372	-0.0967	48	50	6	1	9	0.0009	0.3333	0	0.0075
0.0079	0.0386	0.1212	0.1279	0.0128	0.904	0.4123	-0.1136	49	51	6	1	10	0.01	0.05	0	0.01
0.0091	0.0179	0.1389	0.1465	0.0174	0.2739	0.9308	0.2422	50	52	6	1	11	0.0011	0.375	0	0.0103
0.0071	0.0483	0.1494	0.1565	0.0215	0.7535	0.6323	-0.1798	51	53	6	1	12	0.001	0.2917	0	0.0071
0.0076	0.0336	0.185	0.1866	0.0088	0.8705	0.4508	-0.1976	52	54	6	1	13	0.01	0.05	0	0.01
0.0075	0.0203	0.2112	0.1898	0.0239	0.9322	0.2435	0.2678	53	55	6	1	14	0.01	0.05	0	0.01
0.0074	0.0151	0.2229	0.1746	0.0244	0.9164	-0.3641	0.1665	54	0	6	1	15	0.01	0.05	0	0.01
0.0025	0.0389	-0.1443	0.0857	0.003	-0.9817	0.1694	-0.0867	12	57	12	1	1	0.0051	0.25	1	0.01
0.0025	0.0269	-0.1816	0.0944	0.0051	-0.1539	0.9314	-0.3299	56	58	12	1	2	0.0015	0.125	0	0.01
0.0025	0.0222	-0.1887	0.1183	-0.005	-0.3869	0.9207	0.0522	57	0	12	1	3	0.0007	0.175	0	0.01
0.008	0.0276	0.0737	-0.1875	-0.0193	0.7289	-0.4759	-0.4922	18	60	9	2	1	0.0015	0.375	1	0.0177
0.0077	0.0332	0.089	-0.2021	-0.0261	0.8179	-0.2193	0.532	59	61	9	2	2	0.0059	0.2	0	0.0177
0.0065	0.0114	0.1039	-0.2147	-0.0142	0.5269	-0.7105	-0.4665	60	62	9	2	3	0.01	0.05	0	0.01
0.0052	0.0203	0.11	-0.2231	-0.0188	0.9964	-0.0655	-0.054	61	63	9	2	4	0.01	0.05	0	0.01
0.0036	0.0144	0.1312	-0.2242	-0.0186	0.0258	-0.9787	0.2035	62	0	9	2	5	0.0034	0.15	0	0.01
0.008	0.0779	0.152	-0.0683	0.007	0.269	-0.96	-0.0783	22	65	10	2	1	0.0023	0.4167	0	0.0078
0.0098	0.0272	0.1708	-0.1429	0.0053	0.01	-0.999	0.0441	64	66	10	2	2	0.01	0.05	0	0.01
0.0098	0.0232	0.1771	-0.1601	-0.0083	0.2288	-0.8478	-0.4784	65	67	10	2	3	0.01	0.05	0	0.01
0.0098	0.0129	0.1772	-0.1654	0.0028	0.1235	-0.8203	0.5584	66	0	10	2	4	0.01	0.05	0	0.01
0.0096	0.0414	0.1326	-0.0353	0.002	-0.9821	-0.1743	0.0716	24	69	17	2	1	0.001	0.2917	1	0.0141
0.0091	0.034	0.092	-0.0425	0.005	-0.9949	0.0787	0.0638	68	70	17	2	2	0.001	0.2917	0	0.0141
0.0076	0.0296	0.0584	-0.0418	-0.0056	-0.9818	-0.1892	0.0139	69	71	17	2	3	0.01	0.05	0	0.01
0.0058	0.0078	0.0566	-0.0554	-0.0023	-0.2806	-0.9598	0.0002	70	72	17	2	4	0.01	0.05	0	0.01
0.0038	0.0183	0.052	-0.0637	-0.0024	0.3132	-0.9331	-0.1768	71	0	17	2	5	0.0031	0.15	0	0.01
0.0074	0.0488	-0.0516	0.0165	0.0104	-0.4103	-0.8882	-0.2066	43	74	29	2	1	0.002	0.5833	0	0.0074
0.0074	0.0477	-0.0735	-0.0405	-0.0025	0.9907	-0.1191	-0.0654	73	75	29	2	2	0.0007	0.4167	0	0.0102
0.0074	0.0449	-0.0326	-0.0528	-0.0047	0.7237	-0.6901	0.0026	74	76	29	2	3	0.0031	0.375	0	0.0087
0.0074	0.0211	-0.0014	-0.0783	-0.0145	0.5563	-0.6946	-0.4562	75	77	29	2	4	0.01	0.05	0	0.01
0.0074	0.0139	0.0108	-0.0882	-0.0061	0.6969	-0.6981	0.1641	76	78	29	2	5	0.01	0.05	0	0.01
0.0074	0.0136	0.0023	-0.0785	-0.005	0.7077	0.6761	0.205	77	79	29	2	6	0.01	0.05	0	0.01
0.0074	0.0156	0.0118	-0.0693	-0.0022	0.69	0.7013	-0.1791	78	0	29	2	7	0.01	0.05	0	0.01
0.0074	0.0433	-0.0224	0.0248	0.0138	0.9778	0.1969	0.0723	43	81	11	2	1	0.002	0.5417	0	0.0074
0.0074	0.0349	0.0193	0.0287	0.0121	0.994	-0.0454	-0.0998	80	82	11	2	2	0.0006	0.25	0	0.0056
0.0074	0.0491	0.0529	0.0301	0.016	0.9379	0.3467	-0.0108	81	83	11	2	3	0.0017	0.12	0	0.0147
0.0074	0.0354	0.1	0.0442	0.0113	0.9379	0.3466	-0.013	82	84	11	2	4	0.01	0.05	0	0.01
0.0074	0.0344	0.1313	0.0481	0.0074	0.9758	-0.2086	-0.0662	83	85	11	2	5	0.0034	0.175	0	0.0293
0.0074	0.0394	0.1356	0.021	0.0135	0.578	-0.8119	0.0819	84	86	11	2	6	0.01	0.05	0	0.01
0.0074	0.0201	0.1447	-0.0127	-0.0015	0.3917	-0.8948	-0.2142	85	0	11	2	7	0.01	0.05	0	0.01
0.0069	0.0199	0.012	0.0568	0.0147	0.2711	0.9471	-0.1719	45	88	16	2	1	0.0019	0.375	1	0.0078
0.0069	0.0401	0.0174	0.0756	0.0113	0.4973	0.7808	0.3783	87	89	16	2	2	0.0019	0.375	0	0.0078
0.0069	0.0347	0.036	0.1094	0.0277	0.5638	0.6067	-0.5604	88	90	16	2	3	0.0015	0.2917	0	0.0106
0.0065	0.0166	0.0515	0.128	0.0157	-0.3553	0.9282	0.1102	89	0	16	2	4	0.0016	0.3333	0	0.0065
0.0076	0.0319	-0.0105	0.0816	0.0231	0.562	0.808	-0.1767	44	92	18	2	1	0.01	0.05	0	0.01
0.0061	0.058	0.0043	0.1054	0.0162	-0.4716	0.8726	-0.127	91	93	18	2	2	0.0007	0.3333	0	0.0061
0.0072	0.0005	-0.0213	0.1569	0.0124	-0.2518	0.9628	-0.0975	92	94	18	2	3	0.01	0.05	0	0.01
0.007	0.0805	-0.0243	0.1516	0.0104	-0.8739	0.4778	-0.0892	93	95	18	2	4	0.0009	0.3333	0	0.0074
0.0058	0.0457	-0.0867	0.1972	-0.004	-0.7398	0.6466	-0.186	94	96	18	2	5	0.01	0.05	0	0.01
0.0051	0.0403	-0.1214	0.1905	0.0004	-0.9983	0.0394	0.0429	95	97	18	2	6	0.01	0.05	0	0.01
0.006	0.0262	-0.1469	0.2093	-0.011	-0.7936	0.6003	-0.0996	96	0	18	2	7	0.0013	0.375	0	0.0098
0.003	0.0351	0.1052	0.1329	0.0174	-0.8123	0.5647	0.1459	49	99	23	2	1	0.0017	0.375	0	0.0056
0.0025	0.0084	0.0767	0.1506	0.0173	-0.8784	0.4426	-0.1801	98	100	23	2	2	0.01	0.05	0	0.01
0.0025	0.0214	0.069	0.1541	0.0159	-0.5547	0.8105	-0.1883	99	0	23	2	3	0.006	0.175	0	0.01
0.0071	0.0293	0.0097	0.0223	0.0101	-0.7374	-0.6374	-0.2236	81	102	15	3	1	0.01	0.05	1	0.01
0.0071	0.0239	-0.0119	0.0037	0.0035	0.9953	-0.0855	0.0447	101	103	15	3	2	0.01	0.05	0	0.01
0.0071	0.0121	0.0135	0.0025	0.0042	0.4596	-0.8863	-0.0564	102	104	15	3	3	0.01	0.05	0	0.01
0.0071	0.0124	0.019	-0.0082	0.0036	0.9784	-0.016	0.2062	103	0	15	3	4	0.01	0.05	0	0.01
0.0025	0.1229	-0.0817	0.194	-0.0088	0.9807	-0.1357	0.1409	95	106	19	3	1	0.0006	0.2917	0	0.006
0.0025	0.0289	0.0392	0.1748	0.0037	0.9869	0.1612	0.0014	105	107	19	3	2	0.01	0.05	0	0.01
0.0025	0.0174	0.0462	0.1844	0.0156	0.4941	0.553	0.6708	106	0	19	3	3	0.01	0.05	0	0.01
