radius (m)	length (m)	start_point	axis_direction	parent	extension	branch	branch_order	position_in_branch	mad	SurfCov	added	UnmodRadius (m)
0.0211	0.1847	-0.0803	-0.1055	-0.2181	0.0971	-0.8359	0.5403	0	2	1	0	1	0.0079	0.3393	0	0.0237
0.013	0.0002	-0.061	-0.266	-0.1308	0.0093	-0.8977	0.4405	1	3	1	0	2	0.0089	0.7917	0	0.013
0.0167	0.0296	-0.0883	-0.2758	-0.1253	0.2535	-0.1868	0.9491	2	4	1	0	3	0.0013	0.4167	0	0.0167
0.0145	0.0454	-0.0697	-0.2958	-0.0903	-0.6998	-0.21	0.6828	3	5	1	0	4	0.0011	0.375	0	0.0145
0.0159	0.0249	-0.0729	-0.3094	-0.0637	0.0794	-0.4336	0.8976	4	0	1	0	5	0.0062	0.35	0	0.0173
0.0118	0.2043	-0.0858	-0.2612	-0.1134	-0.1144	0.9439	-0.3098	3	7	2	1	1	0.0022	0.5417	1	0.0118
0.0118	0.0483	-0.1092	-0.0683	-0.1767	-0.1321	-0.9059	0.4025	6	8	2	1	2	0.0022	0.5417	0	0.0118
0.0095	0.107	-0.0639	-0.0553	-0.1751	-0.3794	0.5728	0.7266	7	9	2	1	3	0.0009	0.4583	0	0.0095
0.0125	0.0357	-0.1165	-0.0076	-0.0937	-0.3581	0.523	0.7735	8	10	2	1	4	0.0032	0.375	0	0.0125
0.0115	0.0487	-0.1201	0.0015	-0.0766	-0.7019	-0.7117	0.0286	9	11	2	1	5	0.001	0.2917	0	0.0115
0.0115	0.0292	-0.1546	-0.0331	-0.0745	-0.5101	-0.8379	-0.1941	10	12	2	1	6	0.0051	0.4375	0	0.0115
0.013	0.0272	-0.1725	-0.044	-0.0691	-0.986	-0.1278	-0.1074	11	13	2	1	7	0.0049	0.4583	0	0.0135
0.01	0.038	-0.1993	-0.0481	-0.0715	-0.9188	0.2908	0.2671	12	14	2	1	8	0.01	0.05	0	0.01
0.0121	0.0356	-0.2007	-0.0362	-0.0841	-0.0359	-0.9953	-0.0901	13	15	2	1	9	0.0008	0.3333	0	0.0123
0.0135	0.03	-0.204	-0.0646	-0.0922	-0.6339	-0.5579	-0.5357	14	16	2	1	10	0.0014	0.3333	0	0.0155
0.01	0.0285	-0.2311	-0.0774	-0.1006	-0.705	-0.0555	-0.707	15	17	2	1	11	0.01	0.05	0	0.01
0.012	0.0206	-0.2499	-0.0604	-0.0954	-0.7791	0.5242	-0.3437	16	18	2	1	12	0.0015	0.375	0	0.0123
0.01	0.0104	-0.2625	-0.0552	-0.0981	0.691	0.659	0.2971	17	19	2	1	13	0.01	0.05	0	0.01
0.01	0.0196	-0.2553	-0.0483	-0.095	0.4591	0.7383	-0.4942	18	20	2	1	14	0.01	0.05	0	0.01
0.01	0.0143	-0.2465	-0.0328	-0.105	0.274	-0.1893	-0.9429	19	0	2	1	15	0.01	0.05	0	0.01
0.0122	0.1566	-0.0701	-0.2903	-0.0677	0.1515	0.9754	-0.1601	5	22	55	1	1	0.0014	0.5	1	0.0122
0.0122	0.0349	-0.0464	-0.1376	-0.0928	-0.2712	0.9414	-0.2008	21	23	55	1	2	0.0014	0.5	0	0.0122
0.0144	0.0787	-0.0453	-0.1069	-0.0998	0.1816	0.9108	0.3708	22	24	55	1	3	0.0015	0.4167	0	0.0149
0.0144	0.0502	-0.0307	-0.029	-0.0684	0.949	-0.142	0.2816	23	25	55	1	4	0.0012	0.375	0	0.017
0.0139	0.0819	-0	-0.0317	-0.0502	0.3347	0.6165	0.7126	24	26	55	1	5	0.0017	0.4167	0	0.0142
0.0117	0.0296	0.0208	0.0338	-0.0103	0.2343	0.7939	0.5611	25	27	55	1	6	0.0015	0.2917	0	0.0117
0.012	0.0513	0.0247	0.0564	0.0075	-0.0826	0.8919	0.4446	26	28	55	1	7	0.0011	0.375	0	0.012
0.0123	0.0571	0.0212	0.1023	0.03	0.0778	0.8769	0.4743	27	29	55	1	8	0.0016	0.4167	0	0.0123
0.0115	0.0558	0.013	0.1588	0.0396	-0.1667	0.8801	0.4445	28	30	55	1	9	0.0078	0.35	0	0.0115
0.0101	0.0265	0.0379	0.1901	0.0557	0.3401	0.8522	-0.3976	29	31	55	1	10	0.0169	0.3056	0	0.0101
0.0113	0.0422	0.0415	0.218	0.0435	0.6941	0.6052	-0.3899	30	32	55	1	11	0.0047	0.4	0	0.0113
0.0115	0.0465	0.0755	0.2448	0.0496	0.7473	0.636	-0.1924	31	33	55	1	12	0.0082	0.25	0	0.0115
0.0083	0.0389	0.1122	0.2685	0.0433	0.811	0.4406	0.385	32	34	55	1	13	0.0041	0.425	0	0.0081
0.01	0.0295	0.1323	0.2905	0.0651	0.576	0.6358	0.5137	33	35	55	1	14	0.01	0.05	0	0.01
0.0117	0.0307	0.1286	0.2853	0.0586	0.7149	-0.6939	0.0863	34	36	55	1	15	0.0007	0.4167	0	0.0126
0.0108	0.0426	0.1425	0.2707	0.0801	0.8569	-0.2452	0.4535	35	37	55	1	16	0.0016	0.3333	0	0.0115
0.0106	0.0239	0.1715	0.2596	0.0944	-0.2273	0.9518	0.2061	36	38	55	1	17	0.0011	0.3333	0	0.0114
0.0097	0.0054	0.17	0.2838	0.0931	-0.6911	0.672	-0.2662	37	39	55	1	18	0.01	0.05	0	0.01
0.0095	0.0142	0.1676	0.2863	0.0957	-0.7412	-0.6699	0.0435	38	0	55	1	19	0.01	0.05	0	0.01
0.0155	0.0872	-0.1234	-0.0878	-0.1636	0.9075	-0.1573	0.3895	7	0	56	2	1	0.0043	0.4063	0	0.0155
0.0124	0.0485	-0.1583	-0.0522	-0.0875	-0.0951	-0.3934	-0.9145	11	42	40	2	1	0.003	0.4583	0	0.0124
0.0124	0.005	-0.1676	-0.0697	-0.1234	-0.8165	0.2792	-0.5054	41	43	40	2	2	0.01	0.05	0	0.01
0.0124	0.0234	-0.1671	-0.0646	-0.1348	0.1072	-0.9355	-0.3366	42	0	40	2	3	0.01	0.05	0	0.01
0.0095	0.0152	-0.2629	-0.0431	-0.0908	-0.6611	0.6784	0.3205	19	45	52	2	1	0.01	0.05	1	0.01
0.0095	0.0241	-0.2729	-0.0328	-0.0859	-0.0974	0.6411	0.7612	44	46	52	2	2	0.01	0.05	0	0.01
0.0095	0.021	-0.2752	-0.0174	-0.0675	0.595	0.6979	0.3986	45	47	52	2	3	0.01	0.05	0	0.01
0.0095	0.0497	-0.2627	-0.0027	-0.0592	0.5643	0.5618	-0.605	46	0	52	2	4	0.01	0.05	0	0.01
0.013	0.1527	-0.0207	-0.0445	-0.069	-0.0539	-0.9631	-0.2638	24	49	3	2	1	0.0019	0.5417	1	0.013
0.013	0.0631	-0.029	-0.1916	-0.1093	-0.2203	-0.9181	0.3294	48	50	3	2	2	0.0019	0.5417	0	0.013
0.013	0.0513	-0.0362	-0.2414	-0.0827	0.7835	-0.6205	-0.0329	49	0	3	2	3	0.01	0.05	0	0.01
0.0183	0.0405	-0.0457	-0.1166	-0.1075	0.5992	-0.6262	-0.4988	22	52	4	2	1	0.0029	0.4583	1	0.0183
0.0183	0.066	-0.0214	-0.142	-0.1277	0.8231	-0.5628	-0.0754	51	53	4	2	2	0.0029	0.4583	0	0.0183
0.0183	0.033	0.0251	-0.1843	-0.1319	0.4989	-0.8022	-0.3279	52	54	4	2	3	0.0023	0.1	0	0.01
0.0183	0.0207	0.0494	-0.2122	-0.1574	0.6242	-0.6716	0.3991	53	55	4	2	4	0.004	0.15	0	0.01
0.0183	0.0045	0.0575	-0.1979	-0.1562	0.8657	0.2565	0.4298	54	0	4	2	5	0.0028	0.15	0	0.01
0.0128	0.0673	-0.0403	-0.0387	-0.0853	-0.9776	-0.167	-0.128	23	57	5	2	1	0.003	0.375	0	0.0124
0.0128	0.0047	-0.1016	-0.0571	-0.0971	-0.8403	-0.5413	0.0293	56	58	5	2	2	0.01	0.05	0	0.01
0.0128	0.0265	-0.1135	-0.0524	-0.096	0.0215	0.162	-0.9866	57	0	5	2	3	0.0015	0.4167	0	0.0128
0.0116	0.0294	-0.0401	-0.1338	-0.1034	0.5723	0.0981	-0.8142	22	60	57	2	1	0.0027	0.4688	1	0.014
0.0116	0.1001	-0.0233	-0.1309	-0.1273	0.0518	0.0885	0.9947	59	61	57	2	2	0.0027	0.4688	0	0.014
0.0111	0.0567	-0.0251	-0.1158	-0.0253	0.6717	0.5648	0.4794	60	62	57	2	3	0.0014	0.5417	0	0.0111
0.0116	0.0544	0.0013	-0.0896	0.01	0.4227	0.3291	0.8444	61	63	57	2	4	0.0019	0.5417	0	0.0159
0.0111	0.0595	0.0226	-0.0631	0.0543	0.6384	0.2651	0.7226	62	64	57	2	5	0.0014	0.375	0	0.0099
0.0111	0.0195	0.062	-0.0439	0.0922	0.8082	0.3568	0.4685	63	65	57	2	6	0.0011	0.375	0	0.0109
0.0115	0.0337	0.0756	-0.0467	0.1054	0.6988	0.139	0.7017	64	66	57	2	7	0.0011	0.4583	0	0.0144
0.0111	0.0259	0.0923	-0.0334	0.1265	0.12	0.3716	0.9206	65	67	57	2	8	0.001	0.2917	0	0.009
0.0114	0.0284	0.0957	-0.0253	0.1488	-0.6971	0.4648	-0.5459	66	68	57	2	9	0.0014	0.3333	0	0.0119
0.0111	0.0016	0.0704	-0.0257	0.137	-0.6031	0.0261	-0.7972	67	69	57	2	10	0.01	0.05	0	0.01
0.0111	0.0397	0.0659	-0.024	0.1295	0.0143	0.9688	0.2474	68	70	57	2	11	0.0012	0.375	0	0.0108
0.0113	0.0633	0.0716	0.0143	0.1373	0.3586	-0.0549	0.9319	69	71	57	2	12	0.0007	0.25	0	0.0134
0.0111	0.0042	0.0824	0.0118	0.2005	0.3365	0.0681	0.9392	70	72	57	2	13	0.01	0.05	0	0.01
0.0111	0.0185	0.0838	0.0121	0.2044	-0.831	0.1029	0.5468	71	73	57	2	14	0.01	0.05	0	0.01
0.0111	0.0075	0.0715	0.011	0.2156	0.5762	0.7292	0.3691	72	0	57	2	15	0.01	0.05	0	0.01
0.0096	0.0773	0.0311	0.1956	0.0609	-0.6709	0.5408	0.5074	30	75	15	2	1	0.001	0.3333	1	0.0103
0.0089	0.0661	-0.0208	0.2374	0.1001	-0.3359	0.7269	-0.599	74	76	15	2	2	0.001	0.3333	0	0.0103
0.0069	0.0326	-0.0369	0.2895	0.0621	-0.328	0.7452	-0.5806	75	77	15	2	3	0.0008	0.25	0	0.0072
0.0055	0.0387	-0.0413	0.3139	0.0452	0.1476	0.8167	-0.5578	76	78	15	2	4	0.01	0.05	0	0.01
0.0039	0.0299	-0.0503	0.3427	0.0358	-0.3486	0.9141	-0.2073	77	0	15	2	5	0.0013	0.125	0	0.01
0.012	0.0552	0.0331	0.0398	-0.0112	0.5322	-0.1527	0.8327	26	80	22	2	1	0.0023	0.4583	0	0.012
0.012	0.0187	0.0573	0.0346	0.0317	0.1887	-0.5112	-0.8385	79	0	22	2	2	0.01	0.05	0	0.01
0.0025	0.0568	0.0252	0.0734	0.0025	0.9261	0.3356	-0.1725	27	82	23	2	1	0.0114	0.2	1	0.01
0.0025	0.0231	0.0715	0.0883	0.009	0.9199	0.0958	0.3803	81	83	23	2	2	0.0021	0.15	0	0.01
0.0025	0.033	0.0928	0.0916	0.0177	0.0321	-0.0018	0.9995	82	0	23	2	3	0.0047	0.225	0	0.01
0.0059	0.0389	-0.0055	-0.2493	-0.0818	-0.6513	-0.469	-0.5966	50	85	58	3	1	0.0089	0.375	0	0.0241
0.0025	0.0189	-0.0269	-0.2656	-0.1035	-0.5045	0.3704	0.7799	84	86	58	3	2	0.01	0.05	0	0.01
0.0025	0.0324	-0.0362	-0.2573	-0.0895	-0.7905	-0.2113	-0.5749	85	0	58	3	3	0.0117	0.15	0	0.01
0.0139	0.0223	-0.0137	-0.0922	-0.0156	-0.1542	0.9879	0.0158	61	88	6	3	1	0.0031	0.5	1	0.014
0.0139	0.053	-0.0171	-0.0702	-0.0152	0.066	-0.6583	-0.7498	87	89	6	3	2	0.0031	0.5	0	0.014
0.0139	0.0543	-0.0115	-0.0992	-0.07	0.8469	0.4439	0.2927	88	90	6	3	3	0.0012	0.4167	0	0.0139
0.0139	0.0214	0.0351	-0.0877	-0.0648	0.99	-0.0617	0.1272	89	91	6	3	4	0.0017	0.3333	0	0.0155
0.0139	0.0628	0.048	-0.0985	-0.0616	0.7031	-0.6293	-0.331	90	92	6	3	5	0.0057	0.275	0	0.0196
0.0139	0.0548	0.0961	-0.1412	-0.066	0.6575	-0.6946	-0.2919	91	93	6	3	6	0.01	0.05	0	0.01
0.0139	0.0295	0.091	-0.1621	-0.1001	0.0126	-0.7103	-0.7038	92	94	6	3	7	0.0008	0.3333	0	0.0089
0.0139	0.0222	0.0968	-0.1707	-0.1235	0.049	-0.2354	-0.9707	93	0	6	3	8	0.01	0.05	0	0.01
0.0117	0.0264	0.0212	-0.0621	0.049	0.0046	0.9976	-0.0686	62	96	59	3	1	0.0036	0.4167	1	0.0117
0.0117	0.0628	0.0214	-0.0358	0.0472	0.8614	0.5079	0.0026	95	97	59	3	2	0.0036	0.4167	0	0.0117
0.0117	0.0326	0.0793	-0.0249	0.0509	0.9839	0.1726	-0.0473	96	98	59	3	3	0.0014	0.375	0	0.0129
0.0117	0.0239	0.1057	-0.0149	0.0395	0.8809	0.0915	-0.4643	97	99	59	3	4	0.01	0.05	0	0.01
0.0117	0.0178	0.1128	-0.0171	0.0239	0.2409	0.2122	-0.9471	98	0	59	3	5	0.01	0.05	0	0.01
0.01	0.0178	0.0549	-0.0436	0.0796	0.416	0.7284	-0.5444	63	101	11	3	1	0.003	0.4167	1	0.01
0.01	0.0369	0.0623	-0.0306	0.0699	-0.8873	0.3783	0.264	100	102	11	3	2	0.003	0.4167	0	0.01
0.0104	0.0088	0.039	-0.0061	0.0883	-0.8205	0.4868	0.2997	101	103	11	3	3	0.0009	0.4167	0	0.0123
0.0079	0.0277	0.031	-0.0003	0.0944	0.5465	0.8073	-0.2227	102	104	11	3	4	0.0034	0.5417	0	0.0079
0.0094	0.0257	0.0479	0.0221	0.0902	0.0723	0.9896	-0.1247	103	105	11	3	5	0.0048	0.5417	0	0.0094
0.0102	0.0222	0.0381	0.0504	0.0881	0.1279	0.7599	-0.6373	104	106	11	3	6	0.0011	0.3333	0	0.0115
0.0102	0.0441	0.0406	0.066	0.0872	0.0239	0.9951	0.0958	105	107	11	3	7	0.0013	0.4167	0	0.0126
0.0093	0.0465	0.0369	0.0962	0.1027	-0.0316	0.643	0.7652	106	108	11	3	8	0.01	0.05	0	0.01
0.0089	0.0382	0.0336	0.1309	0.1059	-0.1179	0.9812	0.1529	107	109	11	3	9	0.01	0.05	0	0.01
0.0086	0.0185	0.0496	0.1349	0.1075	0.8376	0.4769	0.2666	108	0	11	3	10	0.01	0.05	0	0.01
0.0101	0.0654	0.0768	-0.0173	0.1284	0.4756	0.2282	-0.8495	69	111	12	3	1	0.0029	0.5	0	0.0109
0.0067	0.0555	0.0996	-0.0152	0.0932	-0.9414	0.2585	-0.2167	110	112	12	3	2	0.0054	0.5	0	0.0058
0.0084	0.0026	0.0873	0.0113	0.0608	-0.3891	0.8922	-0.2295	111	113	12	3	3	0.0077	0.375	0	0.0084
0.0075	0.0352	0.0927	0.0097	0.0645	0.6696	0.4934	-0.5551	112	114	12	3	4	0.0038	0.4375	0	0.0075
0.0071	0.0031	0.1113	0.0306	0.0393	0.7992	0.4037	-0.4452	113	115	12	3	5	0.0046	0.5417	0	0.0071
0.0094	0.0489	0.113	0.0474	0.0474	0.314	0.5071	-0.8027	114	116	12	3	6	0.0073	0.3	0	0.0193
0.0077	0.003	0.1228	0.0839	0.0216	0.7781	0.5946	-0.2024	115	117	12	3	7	0.01	0.05	0	0.01
0.0073	0.0348	0.1253	0.0875	0.0194	0.8064	-0.4325	-0.4034	116	118	12	3	8	0.01	0.05	0	0.01
0.007	0.0169	0.1562	0.0728	0.0082	0.2004	0.9239	-0.3259	117	0	12	3	9	0.01	0.05	0	0.01
0.0092	0.0619	-0.0026	0.2245	0.0754	0.5756	0.2993	-0.761	74	120	25	3	1	0.0029	0.25	0	0.0146
0.0092	0.0524	0.0323	0.2433	0.0258	0.3705	-0.9042	-0.2125	119	121	25	3	2	0.0043	0.25	0	0.0146
0.0092	0.0065	0.0399	0.1956	0.0133	0.0452	-0.9864	-0.1583	120	122	25	3	3	0.01	0.05	0	0.01
0.0092	0.0448	0.0402	0.1891	0.0123	0.9528	0.1973	-0.2305	121	0	25	3	4	0.01	0.05	0	0.01
0.0092	0.0585	0.0142	0.1979	0.074	-0.7863	0.108	0.6083	74	124	26	3	1	0.0015	0.375	1	0.0104
0.0092	0.0337	-0.0318	0.2043	0.1096	-0.0743	0.9574	0.279	123	125	26	3	2	0.0015	0.375	0	0.0104
0.0078	0.0795	-0.0349	0.2311	0.1235	-0.9833	-0.0414	-0.177	124	126	26	3	3	0.0011	0.25	0	0.0075
0.0092	0.0178	-0.1117	0.2263	0.1083	-0.6932	-0.0959	-0.7144	125	0	26	3	4	0.01	0.05	0	0.01
0.0092	0.0638	-0.0393	0.2545	0.1039	-0.3377	0.9404	-0.0391	74	128	60	3	1	0.0057	0.3438	0	0.0136
0.0092	0.006	-0.0745	0.3077	0.0815	-0.5439	0.8348	0.0855	127	129	60	3	2	0.0107	0.375	0	0.0103
0.0092	0.0247	-0.0672	0.3023	0.0911	-0.2909	-0.7784	-0.5563	128	130	60	3	3	0.01	0.05	0	0.01
0.0092	0.0014	-0.0726	0.3046	0.0797	-0.1628	0.1208	-0.9792	129	0	60	3	4	0.01	0.05	0	0.01
0.0132	0.0364	-0.0017	-0.0879	-0.0415	0.7604	0.5788	0.2946	88	132	9	4	1	0.003	0.5	1	0.0151
0.0132	0.0685	0.026	-0.0668	-0.0307	0.5164	0.8501	0.1032	131	133	9	4	2	0.003	0.5	0	0.0151
0.0132	0.0029	0.0718	-0.0167	-0.0263	0.6312	0.734	0.2504	132	134	9	4	3	0.01	0.05	0	0.01
0.0132	0.0216	0.0716	-0.0136	-0.0268	-0.6246	-0.4057	0.6673	133	0	9	4	4	0.01	0.05	0	0.01
0.0055	0.0268	0.1101	-0.1385	-0.0756	0.9883	-0.1385	-0.0638	92	136	16	4	1	0.0033	0.375	0	0.0103
0.0065	0.0237	0.1343	-0.1412	-0.0784	0.3808	0.9209	0.0833	135	0	16	4	2	0.0026	0.175	0	0.0121
0.0096	0.0448	0.0848	-0.0024	0.1096	-0.306	0.9463	0.1042	110	138	18	4	1	0.01	0.05	1	0.01
0.0096	0.0189	0.0711	0.0399	0.1143	0.9062	-0.0647	0.4178	137	139	18	4	2	0.01	0.05	0	0.01
0.0096	0.0277	0.0887	0.0394	0.1337	-0.0356	0.9975	-0.061	138	140	18	4	3	0.0011	0.2083	0	0.0132
0.0096	0.027	0.0956	0.0638	0.1323	0.2904	0.6245	-0.725	139	0	18	4	4	0.01	0.05	0	0.01
0.0118	0.0233	0.0429	0.0023	0.0734	0.3676	0.1994	-0.9084	111	142	63	4	1	0.0021	0.4583	1	0.0127
0.0118	0.0684	0.0515	0.007	0.0523	0.1918	-0.8628	-0.4678	141	143	63	4	2	0.0021	0.4583	0	0.0127
0.0118	0.0516	0.0713	-0.0076	0.0197	0.8878	-0.14	-0.4383	142	144	63	4	3	0.0081	0.4063	0	0.0118
0.0118	0.0124	0.1184	-0.0495	-0.0047	0.8109	0.0593	-0.5822	143	145	63	4	4	0.0128	0.3889	0	0.0162
0.0118	0.0156	0.1324	-0.0445	-0.0169	0.6396	-0.7544	-0.1476	144	146	63	4	5	0.0065	0.4063	0	0.0122
0.0118	0.0286	0.1325	-0.0553	-0.023	0.315	-0.297	-0.9014	145	147	63	4	6	0.01	0.05	0	0.01
0.0118	0.0272	0.1287	-0.0574	-0.0187	0.6102	0.7869	0.0918	146	0	63	4	7	0.01	0.05	0	0.01
0.0028	0.0801	0.1111	0.0383	0.0392	0.4002	0.9058	-0.1389	114	149	29	4	1	0.0053	0.325	1	0.0135
0.0028	0.0363	0.1423	0.1058	0.01	-0.9106	0.4067	-0.0731	148	0	29	4	2	0.0015	0.05	0	0.0135
0.0106	0.0472	-0.0527	0.2679	0.1076	-0.7319	-0.4545	-0.5077	127	151	27	4	1	0.0023	0.4167	0	0.0106
0.0106	0.0228	-0.091	0.2515	0.0811	-0.2328	-0.5686	-0.789	150	0	27	4	2	0.0038	0.375	0	0.0126
0.0117	0.0797	-0.0698	0.296	0.0782	0.206	-0.2626	0.9427	130	153	35	4	1	0.0024	0.5	0	0.0117
0.0117	0.03	-0.0543	0.2743	0.1521	0.3401	-0.8876	0.3107	152	154	35	4	2	0.0013	0.4167	0	0.0131
0.0117	0.0115	-0.0448	0.2567	0.1602	0.5384	0.1546	0.8284	153	0	35	4	3	0.01	0.05	0	0.01
0.0053	0.0568	0.0766	-0.0106	0.004	-0.0525	0.9955	-0.0794	143	156	20	5	1	0.0147	0.25	1	0.0123
0.0053	0.0579	0.076	0.0353	-0.009	0.7424	-0.3082	0.5948	155	157	20	5	2	0.0061	0.25	0	0.0123
0.0025	0.0158	0.1205	0.0159	0.0201	0.5741	-0.7387	0.3531	156	0	20	5	3	0.01	0.05	0	0.01
