radius (m)	length (m)	start_point	axis_direction	parent	extension	branch	branch_order	position_in_branch	mad	SurfCov	added	UnmodRadius (m)
0.0096	0.0774	0.1399	-0.0343	-0.1347	0.1579	-0.11	0.9813	0	2	1	0	1	0.0018	0.375	0	0.0096
0.0117	0.055	0.1526	-0.0454	-0.0592	-0.0086	-0.1855	0.9826	1	3	1	0	2	0.0013	0.3333	0	0.0117
0.013	0.0234	0.1377	-0.0487	-0.0112	-0.3075	0.1767	0.935	2	4	1	0	3	0.0008	0.2917	0	0.014
0.0121	0.0412	0.1358	-0.0398	0.0097	-0.4191	0.286	-0.8617	3	5	1	0	4	0.0012	0.2917	0	0.0121
0.0094	0.0548	0.1139	-0.0323	-0.0105	-0.8777	-0.3201	-0.3567	4	6	1	0	5	0.004	0.425	0	0.0094
0.009	0.0131	0.0657	-0.0373	-0.0158	-0.9905	-0.1039	0.0901	5	7	1	0	6	0.0054	0.4688	0	0.0088
0.0132	0.0305	0.0583	-0.0234	-0.0225	-0.8991	0.409	0.1563	6	8	1	0	7	0.0067	0.6667	0	0.0133
0.0099	0.0222	0.024	-0.0165	-0.016	-0.6463	0.692	-0.3215	7	9	1	0	8	0.0073	0.4583	0	0.0099
0.01	0.0415	0.0126	-0.0145	-0.0211	-0.974	-0.2201	-0.0533	8	10	1	0	9	0.01	0.05	0	0.01
0.0145	0.0115	0.0011	-0.0152	-0.0304	-0.2907	0.2038	-0.9349	9	11	1	0	10	0.0012	0.375	0	0.0172
0.01	0.006	-0.0144	-0.0207	-0.0313	-0.0843	-0.726	-0.6826	10	12	1	0	11	0.01	0.05	0	0.01
0.0103	0.0414	-0.0171	-0.0206	-0.0445	-0.9751	-0.0308	0.2198	11	13	1	0	12	0.001	0.375	0	0.0103
0.011	0.0427	-0.0541	-0.0009	-0.0439	-0.8572	0.3083	0.4125	12	14	1	0	13	0.0076	0.3438	0	0.0113
0.01	0.0215	-0.0918	-0.0018	-0.0413	-0.8004	0.466	-0.3771	13	15	1	0	14	0.01	0.05	0	0.01
0.01	0.0201	-0.0971	0.0175	-0.0304	-0.6789	0.7309	0.0701	14	0	1	0	15	0.01	0.05	0	0.01
0.0128	0.043	0.1634	-0.0392	-0.0695	0.8536	-0.3266	0.4058	2	17	3	1	1	0.0038	0.2	1	0.0201
0.0128	0.0651	0.208	-0.052	-0.0519	0.1093	-0.7749	0.6225	16	18	3	1	2	0.0061	0.3	0	0.0201
0.0128	0.0174	0.214	-0.1019	-0.0111	-0.334	-0.8885	0.3146	17	19	3	1	3	0.0012	0.3333	0	0.0145
0.0128	0.0303	0.2121	-0.1165	-0.0201	0.9024	-0.3706	0.2198	18	20	3	1	4	0.0015	0.5417	0	0.0131
0.0128	0.0402	0.2307	-0.1418	-0.0035	0.8611	-0.5073	0.0334	19	21	3	1	5	0.0105	0.5	0	0.0128
0.0128	0.0221	0.269	-0.1493	0.009	0.604	-0.6128	0.5096	20	22	3	1	6	0.01	0.05	0	0.01
0.0128	0.015	0.2636	-0.1637	-0.001	0.1538	-0.9834	-0.096	21	0	3	1	7	0.01	0.05	0	0.01
0.01	0.0691	0.1564	-0.065	-0.0143	0.3157	-0.7493	-0.5822	2	24	4	1	1	0.0027	0.5	0	0.01
0.01	0.0008	0.1824	-0.1131	-0.0546	0.4541	-0.5292	-0.7168	23	25	4	1	2	0.01	0.05	0	0.01
0.01	0.0148	0.1826	-0.1145	-0.0548	0.6673	-0.4222	-0.6136	24	26	4	1	3	0.01	0.05	0	0.01
0.01	0.0161	0.1862	-0.12	-0.0645	-0.1498	-0.7342	0.6622	25	0	4	1	4	0.01	0.05	0	0.01
0.0025	0.0739	0.1419	-0.068	0.0261	-0.7722	-0.6337	-0.0455	2	28	7	1	1	0.01	0.05	0	0.01
0.0053	0.0493	0.0937	-0.1207	0.0186	-0.5416	-0.2558	-0.8008	27	0	7	1	2	0.003	0.3333	0	0.0169
0.0112	0.0442	0.1265	-0.055	-0.0137	-0.0054	0.2116	0.9773	3	30	13	1	1	0.0028	0.5417	0	0.0112
0.0112	0.0366	0.1235	-0.0414	0.0267	0.5432	0.6779	0.4954	29	31	13	1	2	0.002	0.08	0	0.0056
0.0112	0.0266	0.1382	-0.016	0.0292	0.0396	0.9989	0.0266	30	32	13	1	3	0.01	0.05	0	0.01
0.0112	0.0013	0.1498	0.0009	0.0226	0.5253	0.7966	-0.2991	31	0	13	1	4	0.01	0.05	0	0.01
0.0128	0.0555	-0.0135	-0.0177	-0.0298	-0.5778	0.7622	0.2918	10	34	18	1	1	0.0017	0.375	0	0.0132
0.0132	0.0415	-0.0429	0.0445	-0.0207	0.1994	0.3025	0.9321	33	35	18	1	2	0.0013	0.4167	0	0.014
0.0124	0.0352	-0.0471	0.045	-0.0048	-0.899	0.1591	0.408	34	36	18	1	3	0.0109	0.375	0	0.0124
0.0092	0.0285	-0.0746	0.0552	-0.002	-0.8693	-0.2637	-0.4181	35	37	18	1	4	0.0038	0.4375	0	0.0088
0.0092	0.0272	-0.0966	0.0612	0.0089	-0.9828	0.1842	0.0125	36	38	18	1	5	0.011	0.5	0	0.0092
0.0114	0.0319	-0.1257	0.0624	0.0064	-0.8762	0.274	0.3964	37	39	18	1	6	0.0011	0.2083	0	0.0114
0.0125	0.0359	-0.1531	0.0764	0.0127	-0.9566	0.2626	0.1265	38	40	18	1	7	0.0045	0.3438	0	0.013
0.01	0.028	-0.1848	0.0845	0.008	-0.7006	0.6485	-0.2978	39	41	18	1	8	0.01	0.05	0	0.01
0.012	0.0293	-0.1874	0.082	0.001	-0.3153	-0.1985	0.928	40	42	18	1	9	0.0012	0.4583	0	0.0121
0.0096	0.021	-0.1951	0.0751	0.0193	-0.6945	-0.7186	-0.0353	41	43	18	1	10	0.0012	0.25	0	0.0096
0.0114	0.0458	-0.215	0.0599	0.0176	-0.1723	-0.1876	0.967	42	44	18	1	11	0.0011	0.25	0	0.0114
0.0095	0.0601	-0.2299	0.0546	0.0579	-0.2676	0.4522	0.8509	43	45	18	1	12	0.0012	0.2917	0	0.0095
0.0098	0.0458	-0.2422	0.0832	0.1083	-0.2381	0.8587	0.4538	44	46	18	1	13	0.0013	0.2917	0	0.0098
0.0109	0.0362	-0.2542	0.1237	0.1253	-0.3675	0.8572	0.3607	45	47	18	1	14	0.001	0.2917	0	0.0112
0.0121	0.0424	-0.2826	0.1382	0.1211	-0.6692	0.7339	-0.1161	46	48	18	1	15	0.0081	0.3438	0	0.0171
0.01	0.0273	-0.2998	0.1668	0.1413	-0.8896	0.19	0.4154	47	49	18	1	16	0.01	0.05	0	0.01
0.01	0.0176	-0.3002	0.1659	0.1307	-0.6819	-0.3379	-0.6488	48	50	18	1	17	0.01	0.05	0	0.01
0.0098	0.0118	-0.3091	0.1588	0.1198	0.3698	0.83	-0.4176	49	0	18	1	18	0.01	0.05	0	0.01
0.0135	0.0555	0.2001	-0.0793	-0.0381	-0.81	0.0254	-0.5859	17	52	6	2	1	0.0039	0.5	1	0.0145
0.0135	0.0429	0.1552	-0.0779	-0.0706	-0.434	-0.0843	-0.8969	51	53	6	2	2	0.0039	0.5	0	0.0145
0.0135	0.0546	0.1305	-0.0782	-0.1111	-0.4553	-0.3337	0.8254	52	54	6	2	3	0.0013	0.625	0	0.0135
0.0135	0.0296	0.1084	-0.0771	-0.0555	-0.1671	-0.4535	0.8755	53	55	6	2	4	0.0018	0.2917	0	0.018
0.0135	0.0058	0.1124	-0.0721	-0.0352	0.8897	-0.4517	-0.0661	54	56	6	2	5	0.01	0.05	0	0.01
0.0135	0.041	0.1131	-0.0729	-0.0091	-0.9549	0.2392	-0.176	55	57	6	2	6	0.0044	0.25	0	0.0543
0.0135	0.0233	0.0753	-0.0778	-0.018	-0.9176	-0.0374	-0.3958	56	58	6	2	7	0.0016	0.2917	0	0.0121
0.0135	0.0587	0.0533	-0.078	-0.0228	-0.9809	0.1183	-0.1541	57	59	6	2	8	0.0011	0.2917	0	0.0137
0.0135	0.0227	0.0084	-0.0877	-0.0345	-0.7721	-0.6129	0.1681	58	60	6	2	9	0.01	0.05	0	0.01
0.0135	0.0633	-0.0043	-0.0581	-0.031	0.4188	-0.0403	0.9072	59	61	6	2	10	0.0106	0.375	0	0.0176
0.0135	0.0481	0.0255	-0.0773	0.0294	0.31	0.2262	0.9234	60	62	6	2	11	0.01	0.05	0	0.01
0.0135	0.0449	0.0132	-0.0463	0.0136	-0.0563	0.9387	0.3402	61	0	6	2	12	0.01	0.05	0	0.01
0.0137	0.0391	0.1806	-0.0364	-0.073	0.3423	0.8008	0.4915	16	64	40	2	1	0.0043	0.5	0	0.0137
0.0137	0.012	0.1835	0.0018	-0.0555	0.5528	0.7545	-0.3538	63	0	40	2	2	0.01	0.05	0	0.01
0.0088	0.0625	-0.0865	0.0611	-0.0077	0.0786	0.9781	0.1927	36	66	24	2	1	0.004	0.375	0	0.012
0.0088	0.0318	-0.0738	0.1192	0.0011	0.4748	0.7889	0.3901	65	67	24	2	2	0.01	0.05	0	0.01
0.0088	0.0008	-0.0511	0.1285	0.001	0.9092	0.4157	0.0243	66	68	24	2	3	0.01	0.05	0	0.01
0.0088	0.0399	-0.0511	0.1299	0.0014	0.8473	0.5092	0.1511	67	0	24	2	4	0.01	0.05	0	0.01
0.0084	0.0383	-0.1387	0.0602	0.0063	-0.9333	-0.3208	-0.161	37	70	29	2	1	0.004	0.35	1	0.0084
0.0084	0.0951	-0.1744	0.048	0.0002	-0.9675	-0.1751	0.1825	69	71	29	2	2	0.004	0.35	0	0.0084
0.0087	0.0326	-0.2482	0.0205	0.0012	-0.5372	-0.8424	-0.0425	70	72	29	2	3	0.01	0.05	0	0.01
0.0087	0.0321	-0.2432	0.0277	-0.002	-0.51	0.3718	0.7757	71	0	29	2	4	0.0018	0.2917	0	0.0113
0.0083	0.0187	-0.0927	0.0647	-0.001	-0.6318	0.369	0.6817	65	74	42	3	1	0.0053	0.4167	1	0.0176
0.0083	0.051	-0.1069	0.0729	0.0096	0.0591	0.8762	0.4783	73	75	42	3	2	0.0078	0.3	0	0.0176
0.0083	0.0683	-0.1163	0.1124	0.0318	-0.1931	0.7307	-0.6548	74	76	42	3	3	0.0016	0.06	0	0.0155
0.0083	0.0175	-0.1214	0.1337	-0.0192	0.1048	0.2421	-0.9646	75	0	42	3	4	0.01	0.05	0	0.01
