radius (m)	length (m)	start_point	axis_direction	parent	extension	branch	branch_order	position_in_branch	mad	SurfCov	added	UnmodRadius (m)
0.0113	0.0628	-0.0579	-0.0997	-0.1093	0.2871	0.5848	0.7587	0	2	1	0	1	0.0029	0.5833	0	0.0113
0.0127	0.0477	-0.0469	-0.0739	-0.0661	0.2906	-0.5134	0.8074	1	3	1	0	2	0.0011	0.3333	0	0.013
0.0144	0.0364	-0.0311	-0.074	-0.0183	0.0729	-0.3611	0.9297	2	4	1	0	3	0.001	0.375	0	0.0162
0.0093	0.0073	-0.021	-0.0727	0.0037	0.0199	0.6246	0.7807	3	5	1	0	4	0.0043	0.4583	0	0.0093
0.0091	0.0087	-0.0272	-0.0637	0.0197	0.5363	0.8435	-0.0303	4	6	1	0	5	0.0045	0.5417	0	0.007
0.011	0.0446	-0.0236	-0.0587	0.0113	-0.0102	0.9599	-0.2802	5	7	1	0	6	0.0012	0.3333	0	0.011
0.0094	0.0289	-0.0323	-0.0143	0.0107	-0.0771	0.9803	-0.1821	6	8	1	0	7	0.0036	0.5	0	0.0094
0.0125	0.0227	-0.0336	0.0124	-0.0125	0.1768	0.9813	-0.0767	7	9	1	0	8	0.0054	0.4167	0	0.0134
0.0153	0.0354	-0.0478	0.0145	-0.0191	-0.5996	0.6501	-0.4668	8	10	1	0	9	0.0038	0.225	0	0.0213
0.0106	0.0304	-0.0553	0.0246	-0.0462	-0.7732	-0.5141	-0.3712	9	11	1	0	10	0.0015	0.375	0	0.0107
0.0104	0.0464	-0.0766	0.0089	-0.0553	0.5361	-0.6439	-0.5459	10	12	1	0	11	0.0012	0.2917	0	0.0107
0.0098	0.022	-0.0627	-0.0181	-0.0672	-0.0727	-0.9859	0.1508	11	13	1	0	12	0.01	0.05	0	0.01
0.0096	0.021	-0.0595	-0.0168	-0.068	0.962	-0.2291	-0.1486	12	0	1	0	13	0.01	0.05	0	0.01
0.0082	0.0556	-0.029	-0.0636	0.0028	-0.2767	-0.9251	-0.2599	6	15	2	1	1	0.0045	0.5417	1	0.0082
0.0082	0.0556	-0.0444	-0.115	-0.0117	-0.1944	-0.9367	-0.2912	14	16	2	1	2	0.0045	0.5417	0	0.0082
0.0099	0.0154	-0.0449	-0.1636	-0.0193	0.3535	-0.9344	-0.0442	15	17	2	1	3	0.0045	0.5833	0	0.0102
0.006	0.0288	-0.027	-0.1725	-0.0285	0.1425	-0.914	-0.3799	16	18	2	1	4	0.0064	0.4167	0	0.006
0.0073	0.0259	-0.0158	-0.1929	-0.0315	0.806	-0.4629	-0.3689	17	19	2	1	5	0.01	0.05	0	0.01
0.0068	0.0055	-0.0215	-0.1919	-0.0355	-0.4577	-0.7073	-0.5387	18	0	2	1	6	0.01	0.05	0	0.01
0.0095	0.0236	-0.0398	-0.0918	-0.0003	-0.6987	-0.7127	-0.0621	3	21	3	1	1	0.0031	0.4583	1	0.0095
0.0095	0.0514	-0.0562	-0.1086	-0.0018	-0.922	0.0711	0.3806	20	22	3	1	2	0.0031	0.4583	0	0.0095
0.01	0.0038	-0.0995	-0.1026	0.0101	-0.6706	0.7284	-0.1408	21	23	3	1	3	0.01	0.05	0	0.01
0.0095	0.0544	-0.0984	-0.0972	0.0162	-0.3585	-0.78	0.5128	22	24	3	1	4	0.0009	0.375	0	0.0084
0.01	0.0004	-0.118	-0.1347	0.0517	-0.3601	-0.788	0.4993	23	25	3	1	5	0.01	0.05	0	0.01
0.0107	0.0426	-0.1302	-0.1375	0.0557	0.0104	-0.8526	-0.5224	24	26	3	1	6	0.0011	0.2917	0	0.011
0.011	0.0473	-0.1284	-0.1777	0.0365	-0.7143	0.2684	0.6463	25	27	3	1	7	0.0012	0.25	0	0.0119
0.0095	0.039	-0.1671	-0.1637	0.0549	-0.3583	0.9022	0.24	26	28	3	1	8	0.0008	0.2917	0	0.0063
0.01	0.0296	-0.1747	-0.1293	0.0694	-0.1319	0.9415	0.3101	27	29	3	1	9	0.01	0.05	0	0.01
0.0106	0.0612	-0.1632	-0.1214	0.0751	-0.7969	-0.5898	-0.1304	28	30	3	1	10	0.0008	0.375	0	0.0106
0.01	0.0228	-0.2167	-0.1491	0.0735	-0.8053	-0.5714	0.1584	29	31	3	1	11	0.01	0.05	0	0.01
0.0095	0.0207	-0.2143	-0.1693	0.0735	-0.3199	-0.9461	0.0499	30	32	3	1	12	0.0009	0.3333	0	0.0076
0.0095	0.0162	-0.2218	-0.1883	0.0741	0.1527	-0.4732	-0.8676	31	33	3	1	13	0.0012	0.2917	0	0.0094
0.0095	0.0441	-0.2226	-0.195	0.0648	-0.4741	0.7322	-0.489	32	34	3	1	14	0.001	0.375	0	0.008
0.01	0.03	-0.2415	-0.1661	0.0368	-0.6239	0.5905	-0.5119	33	35	3	1	15	0.01	0.05	0	0.01
0.0095	0.0199	-0.258	-0.1419	0.0289	-0.6092	0.6835	-0.4021	34	36	3	1	16	0.0008	0.375	0	0.0066
0.0098	0.0377	-0.2668	-0.1341	0.0197	-0.754	-0.3146	-0.5766	35	37	3	1	17	0.0011	0.25	0	0.0098
0.01	0.0018	-0.2865	-0.15	0.0038	-0.258	-0.9319	-0.2551	36	38	3	1	18	0.01	0.05	0	0.01
0.011	0.033	-0.2913	-0.1437	0.0035	0.1079	0.0692	-0.9918	37	39	3	1	19	0.0014	0.3333	0	0.0118
0.0095	0.0324	-0.2886	-0.1416	-0.0289	-0.3053	0.8956	-0.3236	38	40	3	1	20	0.0008	0.2917	0	0.0084
0.0095	0.0248	-0.3047	-0.1192	-0.0364	-0.7447	0.6636	-0.0706	39	41	3	1	21	0.0013	0.3333	0	0.0095
0.0095	0.036	-0.3211	-0.1067	-0.0423	-0.8107	0.1723	-0.5595	40	42	3	1	22	0.001	0.25	0	0.0072
0.0095	0.0396	-0.3548	-0.0983	-0.047	-0.9395	0.1673	-0.2988	41	43	3	1	23	0.0042	0.3438	0	0.0085
0.01	0.0293	-0.3838	-0.1116	-0.061	-0.9167	-0.3895	0.0894	42	44	3	1	24	0.01	0.05	0	0.01
0.0095	0.0054	-0.4099	-0.114	-0.0451	-0.811	-0.4635	0.3569	43	45	3	1	25	0.001	0.375	0	0.0092
0.0114	0.0547	-0.4203	-0.1044	-0.0465	-0.831	-0.2765	0.4828	44	46	3	1	26	0.0078	0.2813	0	0.0131
0.01	0.0282	-0.4266	-0.1159	-0.0029	-0.4078	0.1201	0.9052	45	47	3	1	27	0.01	0.05	0	0.01
0.01	0.0297	-0.4347	-0.1182	-0.0195	-0.9968	-0.015	-0.0788	46	0	3	1	28	0.01	0.05	0	0.01
0.0089	0.0594	-0.0322	-0.0001	-0.0015	0.5766	0.1591	-0.8014	7	49	4	1	1	0.0034	0.4583	0	0.0115
0.0089	0.0379	-0.0038	0.0129	-0.0516	0.2868	-0.1893	-0.9391	48	50	4	1	2	0.01	0.05	0	0.01
0.0089	0.0203	0.0174	-0.0021	-0.0677	0.6806	-0.481	-0.5526	49	51	4	1	3	0.01	0.05	0	0.01
0.0089	0.0273	0.0144	-0.0193	-0.0756	0.2551	-0.8079	-0.5313	50	0	4	1	4	0.01	0.05	0	0.01
0.0089	0.0678	-0.0344	0.0225	-0.0167	0.8479	0.5075	0.1531	9	53	8	1	1	0.0019	0.25	1	0.0089
0.0089	0.0476	0.0231	0.0569	-0.0063	0.2338	-0.7445	-0.6253	52	54	8	1	2	0.0019	0.25	0	0.0089
0.0088	0.0363	0.0333	0.0194	-0.0317	-0.1147	-0.8885	-0.4443	53	55	8	1	3	0.0007	0.3333	0	0.0088
0.0109	0.0141	0.0484	0.0043	-0.0307	0.4934	-0.8269	0.2698	54	56	8	1	4	0.0058	0.2917	0	0.0128
0.0072	0.0494	0.0596	-0.0117	-0.0389	0.9464	0.0416	0.3202	55	57	8	1	5	0.0047	0.35	0	0.0072
0.0071	0.0182	0.106	-0.003	-0.0264	0.9855	0.1147	0.1252	56	58	8	1	6	0.0032	0.375	0	0.0067
0.0071	0.0185	0.1217	0.0054	-0.0219	0.9382	0.2373	0.2521	57	59	8	1	7	0.0041	0.5	0	0.0066
0.0105	0.0406	0.1471	0.0013	-0.0292	0.8351	0.5106	0.2045	58	60	8	1	8	0.0044	0.4375	0	0.0111
0.0081	0.0359	0.1747	0.0322	-0.0146	0.8614	0.5046	0.0573	59	61	8	1	9	0.0038	0.375	0	0.0081
0.008	0.0307	0.2065	0.0448	-0.0054	0.6753	0.6216	0.397	60	62	8	1	10	0.0037	0.4688	0	0.008
0.0071	0.0289	0.2241	0.0387	-0.0185	0.9861	-0.1616	0.0385	61	63	8	1	11	0.0137	0.375	0	0.0061
0.0098	0.0058	0.2554	0.0514	-0.0211	0.7537	-0.2526	-0.6068	62	64	8	1	12	0.0053	0.5417	0	0.0099
0.0071	0.0383	0.2573	0.0517	-0.0183	0.7614	0.6351	0.13	63	65	8	1	13	0.0035	0.4375	0	0.0062
0.0095	0.0282	0.2839	0.0684	-0.0019	0.6792	0.5315	0.5062	64	66	8	1	14	0.01	0.05	0	0.01
0.0109	0.0033	0.3113	0.0902	-0.0007	0.5977	0.4875	0.6365	65	67	8	1	15	0.0022	0.175	0	0.0272
0.011	0.0447	0.3124	0.1005	-0.0189	0.9242	0.3634	0.1174	66	68	8	1	16	0.0016	0.3333	0	0.0128
0.0118	0.0302	0.351	0.1148	-0.0215	0.9488	-0.0962	-0.301	67	69	8	1	17	0.005	0.2	0	0.0176
0.0086	0.0417	0.3801	0.1123	-0.0243	0.8616	-0.5072	-0.0186	68	70	8	1	18	0.0011	0.3333	0	0.0086
0.007	0.0462	0.4146	0.0921	-0.0304	0.8545	-0.4224	-0.3024	69	71	8	1	19	0.0037	0.425	0	0.0069
0.0094	0.0222	0.4484	0.0884	-0.0493	0.8118	0.1122	-0.573	70	72	8	1	20	0.01	0.05	0	0.01
0.0095	0.0253	0.4625	0.0701	-0.0562	0.9275	-0.2517	-0.2765	71	73	8	1	21	0.001	0.3333	0	0.0096
0.0096	0.0456	0.4789	0.0655	-0.053	0.7292	-0.3835	0.5667	72	74	8	1	22	0.0008	0.2917	0	0.0099
0.0094	0.0251	0.4984	0.0515	-0.0231	0.1959	-0.324	0.9256	73	75	8	1	23	0.01	0.05	0	0.01
0.0118	0.0612	0.4928	0.0503	-0.0168	0.3816	-0.7502	-0.5399	74	76	8	1	24	0.0033	0.2	0	0.0199
0.0093	0.0068	0.5119	0.0038	-0.0316	-0.3601	-0.9262	-0.112	75	77	8	1	25	0.01	0.05	0	0.01
0.0098	0.0252	0.5046	-0.0066	-0.0459	0.8081	0.4172	-0.4158	76	78	8	1	26	0.0012	0.3333	0	0.0103
0.0083	0.0312	0.5238	-0.0071	-0.0652	0.996	-0.0873	-0.0169	77	79	8	1	27	0.0008	0.3333	0	0.0083
0.0093	0.0019	0.553	-0.0033	-0.0651	0.9178	0.2333	0.3214	78	80	8	1	28	0.01	0.05	0	0.01
0.0093	0.0241	0.5548	-0.0029	-0.0644	0.7264	-0.458	-0.5124	79	81	8	1	29	0.01	0.05	0	0.01
0.0093	0.0326	0.5723	-0.0139	-0.0768	0.4793	-0.8606	0.1723	80	0	8	1	30	0.01	0.05	0	0.01
0.0116	0.042	-0.0584	-0.1454	-0.0182	-0.5581	0.7927	0.2451	15	83	5	2	1	0.0024	0.5	0	0.0116
0.0116	0.0002	-0.0879	-0.1197	-0.0026	-0.4534	0.722	0.5227	82	84	5	2	2	0.01	0.05	0	0.01
0.0116	0.0592	-0.0879	-0.1196	-0.0025	0.3093	0.673	0.6719	83	0	5	2	3	0.01	0.05	0	0.01
0.0078	0.0702	-0.0792	-0.0986	0.0131	-0.3585	0.6806	0.6389	21	86	10	2	1	0.0015	0.4583	0	0.0076
0.0077	0.0392	-0.1095	-0.0588	0.059	-0.3058	0.3159	0.8981	85	87	10	2	2	0.0042	0.5313	0	0.0076
0.009	0.0235	-0.1274	-0.0616	0.0796	-0.7192	-0.3155	0.619	86	88	10	2	3	0.01	0.05	0	0.01
0.009	0.009	-0.1221	-0.051	0.0893	0.0607	0.1908	0.9798	87	0	10	2	4	0.0023	0.375	0	0.0099
0.0075	0.0282	-0.121	-0.1224	0.0531	-0.231	0.9662	0.1143	24	90	14	2	1	0.001	0.375	1	0.0075
0.0075	0.0479	-0.1275	-0.0951	0.0564	-0.4822	0.698	-0.5294	89	91	14	2	2	0.001	0.375	0	0.0075
0.0075	0.0279	-0.1462	-0.0632	0.0245	-0.4089	0.784	-0.4672	90	92	14	2	3	0.01	0.05	0	0.01
0.0079	0.0003	-0.1457	-0.042	0.0356	-0.1668	0.98	0.1082	91	93	14	2	4	0.0041	0.25	0	0.0148
0.0049	0.0164	-0.1374	-0.0437	0.036	0.0477	0.3719	0.9271	92	0	14	2	5	0.0014	0.175	0	0.01
0.0087	0.0955	-0.2247	-0.1704	0.0738	-0.8473	-0.4601	-0.2652	31	95	40	2	1	0.0021	0.5417	0	0.0087
0.009	0.0348	-0.3048	-0.2081	0.0392	-0.7002	-0.56	-0.4428	94	96	40	2	2	0.0051	0.4375	0	0.0136
0.009	0.015	-0.3301	-0.2077	0.0274	-0.8164	0.0637	-0.5739	95	97	40	2	3	0.0049	0.5	0	0.0105
0.0087	0.0259	-0.323	-0.2078	0.0171	-0.0307	0.6391	-0.7685	96	98	40	2	4	0.01	0.05	0	0.01
0.0087	0.0221	-0.3291	-0.2048	0.0234	-0.9521	0.3041	-0.0316	97	0	40	2	5	0.0017	0.2917	0	0.007
0.0124	0.0249	-0.2823	-0.1314	-0.0337	0.5686	-0.5201	-0.6373	39	100	57	2	1	0.0021	0.4583	0	0.0124
0.0124	0.0427	-0.2674	-0.1263	-0.0512	0.5922	-0.0936	-0.8003	99	101	57	2	2	0.0014	0.375	0	0.0104
0.0124	0.0421	-0.2437	-0.1333	-0.0879	0.9165	-0.3663	-0.1605	100	102	57	2	3	0.0006	0.3333	0	0.014
0.0124	0.0036	-0.2091	-0.155	-0.0858	0.617	-0.7483	-0.2436	101	103	57	2	4	0.01	0.05	0	0.01
0.0124	0.0176	-0.2069	-0.1576	-0.0866	0.9641	0.2653	-0.0091	102	0	57	2	5	0.01	0.05	0	0.01
0.0076	0.0625	-0.301	-0.1282	-0.0408	0.7158	-0.5008	-0.4867	39	105	58	2	1	0.0018	0.5417	0	0.0076
0.0085	0.0365	-0.2547	-0.1544	-0.0694	0.8953	-0.1359	-0.4242	104	106	58	2	2	0.0009	0.25	0	0.0089
0.0082	0.0313	-0.2248	-0.165	-0.0751	0.9629	-0.2269	0.1462	105	107	58	2	3	0.01	0.05	0	0.01
0.0081	0.0014	-0.2228	-0.1777	-0.0805	0.3181	-0.8517	-0.4165	106	108	58	2	4	0.01	0.05	0	0.01
0.008	0.0027	-0.2189	-0.1783	-0.0826	0.4274	-0.2759	0.8609	107	0	58	2	5	0.01	0.05	0	0.01
0.0185	0.0434	-0.4095	-0.1247	-0.0431	0.6326	-0.6379	0.4392	44	110	83	2	1	0.0039	0.4167	0	0.0185
0.0185	0.0363	-0.3829	-0.1517	-0.0242	-0.6397	-0.7655	0.0696	109	111	83	2	2	0.0045	0.25	0	0.0108
0.0185	0.0313	-0.4075	-0.1751	-0.0142	0.0594	-0.8558	0.5138	110	112	83	2	3	0.01	0.05	0	0.01
0.0185	0.0276	-0.4138	-0.1539	-0.0046	-0.1593	0.1065	0.9815	111	113	83	2	4	0.0044	0.2	0	0.0076
0.0185	0.0316	-0.4253	-0.1651	0.0317	0.7336	0.0719	0.6758	112	114	83	2	5	0.0036	0.2	0	0.0134
0.0185	0.0211	-0.4038	-0.1645	0.0531	0.3271	-0.2902	0.8993	113	115	83	2	6	0.0037	0.175	0	0.0125
0.0185	0.0312	-0.3946	-0.1753	0.0693	0.0036	-0.5195	0.8545	114	116	83	2	7	0.0026	0.125	0	0.01
0.0185	0.0246	-0.4001	-0.1686	0.0601	-0.2625	-0.8306	-0.4911	115	117	83	2	8	0.0041	0.2	0	0.0098
0.0185	0.0349	-0.3938	-0.2001	0.0733	-0.7315	-0.6783	0.0693	116	118	83	2	9	0.0051	0.175	0	0.0106
0.0185	0.0293	-0.4041	-0.2346	0.0786	-0.574	-0.696	0.4314	117	119	83	2	10	0.0101	0.3125	0	0.0224
0.0185	0.0191	-0.4146	-0.2598	0.0796	0.0553	-0.9156	0.3984	118	120	83	2	11	0.0024	0.125	0	0.01
0.0185	0.0411	-0.419	-0.2582	0.1133	0.3904	-0.7014	0.5964	119	121	83	2	12	0.0028	0.125	0	0.01
0.0185	0.0104	-0.4141	-0.2622	0.1039	-0.9409	-0.3323	0.0662	120	0	83	2	13	0.0024	0.075	0	0.01
0.012	0.0598	0.017	-0.1171	0.0316	-0.2077	0.9446	0.254	0	123	15	0	1	0.0027	0.375	0	0.0123
0.011	0.0551	0.0059	-0.0615	0.033	-0.0096	0.9981	-0.0611	122	124	15	0	2	0.01	0.05	0	0.01
0.0105	0.0429	-0.0181	-0.0193	0.0256	-0.456	0.8781	-0.145	123	125	15	0	3	0.01	0.05	0	0.01
0.01	0.0013	-0.0157	-0.0365	0.0129	-0.3696	-0.0391	-0.9284	124	0	15	0	4	0.01	0.05	0	0.01
0.0134	0.0843	0.0233	0.0107	-0.0365	-0.9515	0.2903	0.1019	54	127	9	2	1	0.0035	0.5833	1	0.0134
0.0134	0.0352	-0.0569	0.0352	-0.0279	-0.1031	0.3091	0.9454	126	128	9	2	2	0.0035	0.5833	0	0.0134
0.0134	0.0637	-0.0628	0.0474	0.0016	0.2223	-0.8746	-0.4308	127	129	9	2	3	0.0015	0.4583	0	0.017
0.0134	0.0362	-0.0537	-0.0049	-0.029	-0.0976	-0.7457	-0.6591	128	130	9	2	4	0.0015	0.25	0	0.0103
0.0134	0.002	-0.0491	-0.0286	-0.0472	0.3221	-0.9434	0.0789	129	131	9	2	5	0.01	0.05	0	0.01
0.0134	0.0702	-0.0518	-0.0332	-0.0413	-0.6542	-0.462	-0.5988	130	132	9	2	6	0.0011	0.375	0	0.0094
0.0134	0.042	-0.1073	-0.0681	-0.0699	-0.647	-0.5154	-0.5619	131	133	9	2	7	0.0033	0.2708	0	0.0113
0.0134	0.0375	-0.1354	-0.0897	-0.0901	-0.8277	-0.5212	-0.208	132	0	9	2	8	0.01	0.05	0	0.01
0.0068	0.1299	0.0534	-0.0047	-0.0403	0.3031	0.9529	-0.0103	56	135	19	2	1	0.0012	0.375	0	0.0104
0.0062	0.0535	0.0861	0.125	-0.0329	0.5412	0.826	-0.1573	134	136	19	2	2	0.0012	0.375	0	0.0108
0.0048	0.0026	0.1098	0.1653	-0.0495	0.6802	0.3866	-0.6227	135	137	19	2	3	0.01	0.05	0	0.01
0.0039	0.0334	0.1116	0.1663	-0.0511	0.3741	0.6494	0.662	136	138	19	2	4	0.01	0.05	0	0.01
0.0031	0.014	0.1241	0.188	-0.029	-0.9644	0.1465	0.2201	137	0	19	2	5	0.01	0.05	0	0.01
0.0085	0.0137	0.0357	0.039	-0.0306	0.581	0.6407	-0.5019	53	140	20	2	1	0.0014	0.375	1	0.0129
0.0085	0.0461	0.0437	0.0478	-0.0375	0.5591	0.2039	0.8036	139	141	20	2	2	0.0014	0.375	0	0.0129
0.0085	0.0128	0.0781	0.0534	-0.0056	0.4555	-0.1648	0.8748	140	142	20	2	3	0.01	0.05	0	0.01
0.0085	0.0746	0.0822	0.0486	0.0138	-0.2192	0.9397	0.2626	141	143	20	2	4	0.0011	0.2917	0	0.0108
0.0085	0.0348	0.0761	0.116	0.0351	0.1884	0.9273	0.3235	142	144	20	2	5	0.0013	0.3333	0	0.0085
0.0084	0.0463	0.0883	0.125	0.0566	0.7162	0.4175	0.5592	143	145	20	2	6	0.0053	0.3438	0	0.0131
0.0084	0.0229	0.1255	0.1567	0.0652	0.9262	0.1704	0.3362	144	146	20	2	7	0.0052	0.4063	0	0.009
0.0073	0.0323	0.1323	0.1589	0.0562	0.648	0.4588	-0.6079	145	147	20	2	8	0.0041	0.4375	0	0.0073
0.0084	0.0355	0.1353	0.1812	0.041	0.0995	0.6739	-0.7321	146	148	20	2	9	0.0041	0.08	0	0.0169
0.0083	0.0733	0.1491	0.2102	0.0224	-0.178	0.9076	-0.3803	147	149	20	2	10	0.0052	0.2857	0	0.0107
0.0081	0.0182	0.1653	0.2617	0.0088	0.5205	0.8328	-0.1883	148	150	20	2	11	0.0082	0.2	0	0.0081
0.0081	0.0249	0.1693	0.2605	-0.0043	0.9602	-0.2667	-0.0824	149	151	20	2	12	0.01	0.05	0	0.01
0.0068	0.0064	0.1856	0.2713	0.0144	0.9413	0.0146	0.3372	150	152	20	2	13	0.0006	0.4167	0	0.0068
0.0082	0.0384	0.1962	0.2672	0.0325	0.8595	0.4981	-0.115	151	153	20	2	14	0.0064	0.225	0	0.018
0.008	0.0332	0.2242	0.2782	0.0425	0.6968	0.495	0.5191	152	154	20	2	15	0.01	0.05	0	0.01
0.0083	0.0358	0.2327	0.2888	0.0414	0.7558	0.1202	-0.6436	153	155	20	2	16	0.0018	0.4167	0	0.012
0.0082	0.024	0.2622	0.2951	0.0162	0.7724	-0.4009	0.4926	154	156	20	2	17	0.0042	0.25	0	0.0189
0.0079	0.0135	0.2721	0.2876	0.0272	0.2385	0.9696	-0.0553	155	157	20	2	18	0.01	0.05	0	0.01
0.0081	0.0591	0.2753	0.2929	0.0261	0.8477	0.0178	-0.5302	156	158	20	2	19	0.0011	0.375	0	0.0083
0.0078	0.0275	0.3255	0.3009	0.0045	0.8369	0.4439	-0.3201	157	159	20	2	20	0.01	0.05	0	0.01
0.0081	0.0123	0.3432	0.2925	-0.0168	0.6317	0.2807	-0.7226	158	160	20	2	21	0.0009	0.3333	0	0.0128
0.0078	0.0097	0.3336	0.3071	-0.0222	0.1954	0.5601	-0.8051	159	161	20	2	22	0.01	0.05	0	0.01
0.0079	0.0482	0.3416	0.3192	-0.025	-0.395	0.749	-0.5319	160	162	20	2	23	0.0052	0.2	0	0.016
0.0081	0.0523	0.33	0.3493	-0.0451	0.5963	0.7992	0.0754	161	163	20	2	24	0.0012	0.375	0	0.0102
0.0076	0.0255	0.3605	0.3908	-0.0362	0.8205	0.5549	0.1374	162	164	20	2	25	0.01	0.05	0	0.01
0.0076	0.03	0.381	0.3966	-0.0473	0.813	0.4977	-0.3023	163	165	20	2	26	0.01	0.05	0	0.01
0.0075	0.0025	0.3685	0.4016	-0.0583	-0.1211	0.6005	-0.7904	164	0	20	2	27	0.01	0.05	0	0.01
0.0106	0.0341	0.0891	-0.0165	-0.0329	0.6389	-0.554	-0.5337	56	167	23	2	1	0.0023	0.4583	0	0.0106
0.0106	0.0292	0.1115	-0.0331	-0.0485	0.9496	-0.3104	0.0439	166	168	23	2	2	0.0009	0.3333	0	0.0117
0.0106	0.0007	0.1314	-0.035	-0.0576	0.636	-0.3226	-0.701	167	169	23	2	3	0.01	0.05	0	0.01
0.0106	0.028	0.1318	-0.0352	-0.0581	0.6416	-0.6921	0.3306	168	170	23	2	4	0.01	0.05	0	0.01
0.0106	0.0194	0.1484	-0.0552	-0.0514	0.776	0.3781	-0.5048	169	0	23	2	5	0.01	0.05	0	0.01
0.0068	0.0295	0.2392	0.0293	-0.0198	-0.7402	-0.6302	-0.2344	62	172	50	2	1	0.0012	0.25	1	0.0113
0.0068	0.0236	0.2173	0.0107	-0.0267	-0.7411	-0.6328	-0.2246	171	173	50	2	2	0.0012	0.25	0	0.0113
0.0068	0.0207	0.2025	0.0012	-0.0227	-0.6052	-0.5957	0.5281	172	174	50	2	3	0.0012	0.2917	0	0.0095
0.0068	0.0092	0.1961	-0.0081	-0.0139	0.2167	0.2237	0.9503	173	0	50	2	4	0.01	0.05	0	0.01
0.0065	0.0883	0.4129	0.1003	-0.0191	0.1876	0.9646	-0.1852	69	176	56	2	1	0.0022	0.375	0	0.0062
0.0081	0.0376	0.4218	0.1853	-0.0351	-0.0289	0.9889	-0.146	175	177	56	2	2	0.01	0.05	0	0.01
0.0081	0.0223	0.436	0.2125	-0.0443	0.4625	0.8323	-0.3057	176	178	56	2	3	0.01	0.05	0	0.01
0.0081	0.0288	0.4274	0.2135	-0.0415	-0.6041	0.7681	0.2123	177	0	56	2	4	0.01	0.05	0	0.01
0.0118	0.0234	-0.1325	-0.106	0.0558	-0.9492	0.2932	0.1141	89	180	21	3	1	0.0035	0.4167	1	0.0118
0.0118	0.0472	-0.1548	-0.0992	0.0584	0.8356	-0.3165	-0.449	179	181	21	3	2	0.0035	0.4167	0	0.0118
0.0118	0.0151	-0.1198	-0.1085	0.0407	0.8053	0.3576	0.4729	180	0	21	3	3	0.01	0.05	0	0.01
0.0025	0.0278	-0.3155	-0.2049	0.0333	-0.647	0.5737	0.5023	95	183	96	3	1	0.01	0.05	0	0.01
0.0025	0.0213	-0.3335	-0.189	0.0473	-0.8523	-0.4296	-0.2984	182	184	96	3	2	0.01	0.05	0	0.01
0.0025	0.0194	-0.3517	-0.1981	0.0409	-0.1223	-0.9294	0.3481	183	0	96	3	3	0.01	0.05	0	0.01
0.0114	0.0395	-0.2848	-0.1303	-0.0494	0.1419	0.835	0.5317	104	186	62	3	1	0.0028	0.4583	0	0.0114
0.0114	0.0066	-0.2808	-0.0981	-0.0296	-0.6176	0.714	0.3297	185	187	62	3	2	0.01	0.05	0	0.01
0.0114	0.0303	-0.2849	-0.0934	-0.0275	0.4313	0.8377	0.3351	186	0	62	3	3	0.01	0.05	0	0.01
0.01	0.0506	-0.3904	-0.1525	0.0462	0.8115	-0.4734	-0.3426	114	189	86	3	1	0.01	0.05	0	0.01
0.01	0.0215	-0.3493	-0.1765	0.0289	0.8845	-0.1791	-0.4307	188	190	86	3	2	0.01	0.05	0	0.01
0.01	0.0278	-0.3303	-0.1803	0.0196	0.8136	0.4651	-0.349	189	0	86	3	3	0.01	0.05	0	0.01
0.01	0.0461	-0.4173	-0.1655	0.0514	-0.4377	-0.7293	-0.5259	116	192	97	3	1	0.0023	0.5	0	0.01
0.0113	0.0491	-0.4329	-0.1996	0.0359	-0.6043	-0.7477	0.2751	191	193	97	3	2	0.0009	0.375	0	0.0116
0.01	0.0311	-0.4353	-0.2386	0.0467	-0.0386	-0.929	0.3679	192	194	97	3	3	0.01	0.25	0	0.009
0.01	0.0298	-0.4467	-0.2382	0.0738	0.6498	-0.1718	0.7405	193	195	97	3	4	0.01	0.05	0	0.01
0.01	0.0179	-0.4454	-0.2522	0.0726	0.4015	-0.9151	0.0375	194	196	97	3	5	0.01	0.05	0	0.01
0.01	0.0134	-0.4311	-0.2662	0.0615	0.8326	0.1453	0.5345	195	0	97	3	6	0.01	0.05	0	0.01
0.0059	0.0286	0.0789	0.1253	-0.0331	-0.9987	0.0367	-0.0364	135	198	98	3	1	0.0035	0.5417	1	0.0121
0.0059	0.0479	0.0492	0.1268	-0.0356	-0.2376	0.8611	0.4496	197	199	98	3	2	0.0062	0.375	0	0.0121
0.0059	0.001	0.0401	0.1682	-0.0145	0.09	0.708	0.7005	198	200	98	3	3	0.01	0.05	0	0.01
0.0059	0.0264	0.0402	0.1689	-0.0138	0.6022	0.7798	-0.1707	199	0	98	3	4	0.01	0.05	0	0.01
0.015	0.0678	0.1088	0.1281	0.0653	0.1272	-0.7807	-0.6118	144	202	26	3	1	0.0035	0.4167	1	0.015
0.015	0.0442	0.1174	0.0752	0.0238	0.1286	-0.5815	-0.8033	201	203	26	3	2	0.0035	0.4167	0	0.015
0.015	0.0279	0.1193	0.0473	-0.0064	-0.4292	-0.6824	-0.5916	202	204	26	3	3	0.0014	0.2917	0	0.0107
0.015	0.0021	0.1099	0.033	-0.0249	-0.4354	-0.1395	-0.8894	203	205	26	3	4	0.01	0.05	0	0.01
0.015	0.0303	0.1089	0.0327	-0.0268	-0.6681	-0.7066	-0.2332	204	206	26	3	5	0.01	0.05	0	0.01
0.015	0.0266	0.0887	0.0113	-0.0338	-0.9725	-0.1534	-0.1754	205	0	26	3	6	0.01	0.05	0	0.01
0.0115	0.0661	0.0872	0.1295	0.0384	0.7066	0.6795	0.1975	143	208	35	3	1	0.0023	0.5	0	0.0115
0.0115	0.0461	0.1358	0.1728	0.0473	0.6267	0.7785	-0.0344	207	209	35	3	2	0.0039	0.4688	0	0.0119
0.0115	0.041	0.1683	0.1925	0.0543	0.9107	0.3359	0.2404	208	210	35	3	3	0.01	0.05	0	0.01
0.0115	0.0118	0.159	0.194	0.0576	-0.2857	0.7987	0.5295	209	211	35	3	4	0.01	0.05	0	0.01
0.0115	0.0185	0.158	0.2074	0.0597	0.886	-0.0528	0.4607	210	0	35	3	5	0.01	0.05	0	0.01
0.0119	0.0775	0.1782	0.2657	-0.0015	-0.3184	0.8913	0.3227	150	213	41	3	1	0.0031	0.4167	0	0.0119
0.0119	0.0572	0.1561	0.3374	0.0143	0.0251	0.961	0.2754	212	214	41	3	2	0.006	0.325	0	0.0117
0.0119	0.0094	0.1602	0.3918	0.0313	0.1579	0.9781	0.1353	213	215	41	3	3	0.0042	0.375	0	0.0123
0.0119	0.0127	0.1634	0.3996	0.0298	0.618	0.7857	-0.0275	214	216	41	3	4	0.01	0.05	0	0.01
0.0119	0.0188	0.1714	0.4018	0.0254	-0.45	0.4079	-0.7944	215	217	41	3	5	0.01	0.05	0	0.01
0.0119	0.0224	0.1564	0.4243	0.0022	-0.0276	-0.4972	-0.8672	216	218	41	3	6	0.01	0.05	0	0.01
0.0119	0.023	0.144	0.4058	0.0004	-0.4691	-0.6595	-0.5873	217	219	41	3	7	0.0015	0.3333	0	0.0124
0.0119	0.0068	0.1484	0.3919	-0.0061	0.4098	-0.4079	-0.8159	218	220	41	3	8	0.01	0.05	0	0.01
0.0119	0.0153	0.1512	0.3891	-0.0116	-0.794	0.281	-0.5391	219	221	41	3	9	0.01	0.05	0	0.01
0.0119	0.0202	0.139	0.3934	-0.0199	-0.8858	0.4588	-0.0701	220	0	41	3	10	0.01	0.05	0	0.01
0.0079	0.0842	0.1419	0.2079	0.0189	-0.71	0.6665	0.2272	148	223	47	3	1	0.0031	0.4167	0	0.0107
0.0079	0.0229	0.0803	0.2541	0.042	-0.3521	-0.2893	-0.8901	222	224	47	3	2	0.004	0.2	0	0.0164
0.0079	0.0025	0.0736	0.2467	0.0218	-0.3376	-0.8177	-0.4662	223	225	47	3	3	0.01	0.05	0	0.01
0.0079	0.0335	0.0727	0.2447	0.0206	-0.0938	-0.9037	0.4178	224	0	47	3	4	0.01	0.05	0	0.01
0.0117	0.0577	0.5011	0.0949	-0.0769	0.2108	-0.9774	0.0138	0	227	71	0	1	0.0016	0.4167	0	0.0117
0.0117	0.0197	0.5244	0.0462	-0.0758	0.5136	-0.7552	0.4072	226	228	71	0	2	0.01	0.05	0	0.01
0.0117	0.0124	0.5395	0.0439	-0.0747	0.9439	-0.2947	0.1492	227	0	71	0	3	0.01	0.05	0	0.01
0.0025	0.0531	-0.4152	-0.1598	0.0251	-0.9112	0.3055	-0.2765	192	230	104	4	1	0.01	0.05	0	0.01
0.0025	0.0237	-0.4636	-0.1436	0.0105	-0.5758	-0.1898	-0.7952	229	231	104	4	2	0.01	0.05	0	0.01
0.0025	0.0139	-0.4772	-0.1481	-0.0084	0.41	0.8972	-0.164	230	0	104	4	3	0.01	0.05	0	0.01
0.0054	0.0303	0.1518	0.3819	-0.0078	-0.8586	-0.4972	0.1246	220	233	67	4	1	0.002	0.2	0	0.0113
0.0054	0.0524	0.1266	0.3654	-0.0168	-0.0545	-0.9927	0.1076	232	234	67	4	2	0.0041	0.325	0	0.0137
0.0025	0.006	0.1248	0.3131	-0.0121	-0.0168	-0.9726	0.2319	233	0	67	4	3	0.01	0.05	0	0.01
