radius (m)	length (m)	start_point	axis_direction	parent	extension	branch	branch_order	position_in_branch	mad	SurfCov	added	UnmodRadius (m)
0.0304	0.2176	-0.5184	0.621	-1.2081	0.3954	-0.4895	0.7772	0	2	1	0	1	0.0112	0.4182	0	0.0248
0.0485	0.3437	-0.4424	0.5046	-1.04	0.0672	-0.1764	0.982	1	3	1	0	2	0.0035	0.5606	0	0.0506
0.0433	0.1148	-0.4124	0.4452	-0.7027	0.0715	-0.2429	0.9674	2	4	1	0	3	0.0022	0.6	0	0.0439
0.035	0.2087	-0.4014	0.4301	-0.5886	0.079	-0.2451	0.9663	3	5	1	0	4	0.0029	0.6964	0	0.035
0.0376	0.0788	-0.3793	0.3712	-0.3899	0.1233	-0.2755	0.9534	4	6	1	0	5	0.0026	0.7083	0	0.0376
0.0353	0.0882	-0.3738	0.3549	-0.3129	0.072	-0.2819	0.9567	5	7	1	0	6	0.0026	0.7083	0	0.0353
0.0362	0.1103	-0.3658	0.3306	-0.2284	0.0229	-0.2672	0.9634	6	8	1	0	7	0.0028	0.75	0	0.0362
0.0285	0.0679	-0.3688	0.3068	-0.1205	0.1048	-0.1745	0.9791	7	9	1	0	8	0.0024	0.75	0	0.0285
0.0302	0.0909	-0.3568	0.2923	-0.0551	0.0593	-0.2895	0.9553	8	10	1	0	9	0.003	0.875	0	0.0302
0.0366	0.0867	-0.3527	0.2587	0.03	0.034	-0.2317	0.9722	9	11	1	0	10	0.0028	1	0	0.0366
0.0241	0.0765	-0.3504	0.2444	0.1122	-0.3634	0.2796	0.8887	10	12	1	0	11	0.0039	0.7917	0	0.0241
0.0346	0.1474	-0.3876	0.2476	0.1734	0.3036	-0.4701	0.8288	11	13	1	0	12	0.004	0.75	0	0.0346
0.0358	0.0827	-0.35	0.1878	0.3028	0.2225	-0.4826	0.8471	12	14	1	0	13	0.0038	0.75	0	0.0358
0.0334	0.0915	-0.3317	0.1557	0.3746	-0.0705	-0.2207	0.9728	13	15	1	0	14	0.0034	0.7813	0	0.0334
0.0349	0.0743	-0.3275	0.1382	0.4647	-0.0117	-0.3647	0.9311	14	16	1	0	15	0.0036	0.9583	0	0.0349
0.0354	0.0559	-0.3248	0.1182	0.5382	-0.0941	-0.4831	0.8705	15	17	1	0	16	0.004	0.875	0	0.0354
0.0202	0.0636	-0.2768	0.092	0.6141	-0.4543	-0.0202	0.8906	16	18	1	0	17	0.0039	0.8333	0	0.0202
0.0214	0.0361	-0.2963	0.0886	0.6711	-0.0498	-0.0557	0.9972	17	19	1	0	18	0.0041	0.5417	0	0.0205
0.0343	0.1625	-0.2966	0.0921	0.7019	-0.9337	0.3454	0.0944	18	0	1	0	19	0.0099	0.3838	0	0.0405
0.0131	0.2388	-0.4183	0.2773	0.2149	-0.3674	0.329	-0.8699	11	21	2	1	1	0.0019	0.875	0	0.0131
0.013	0.0613	-0.5073	0.3535	0.0067	-0.1571	0.2673	-0.9507	20	22	2	1	2	0.0021	0.7083	0	0.013
0.013	0.0727	-0.5205	0.3772	-0.0501	-0.0301	0.187	-0.9819	21	0	2	1	3	0.0024	0.625	0	0.0126
0.0139	0.0965	-0.3131	0.1466	0.327	0.732	-0.502	-0.4607	13	24	3	1	1	0.003	0.6667	1	0.0139
0.0139	0.0532	-0.2425	0.0982	0.2826	0.9603	0.2701	-0.0691	23	0	3	1	2	0.003	0.6667	0	0.0139
0.021	0.233	-0.3154	0.1976	0.4036	0.8231	-0.195	0.5334	15	26	4	1	1	0.0028	0.75	0	0.021
0.0244	0.0599	-0.096	0.1569	0.5356	-0.1657	0.9862	-0.0013	25	27	4	1	2	0.0036	0.375	0	0.0256
0.021	0.1373	-0.1404	0.2298	0.5462	0.3552	0.9324	-0.0665	26	28	4	1	3	0.0015	0.275	0	0.0175
0.021	0.0489	-0.0947	0.3584	0.5374	0.16	0.2135	0.9637	27	29	4	1	4	0.0013	0.5417	0	0.0114
0.021	0.0461	-0.0845	0.368	0.5847	0.0346	0.2374	0.9708	28	30	4	1	5	0.0015	0.5	0	0.0117
0.021	0.0497	-0.0896	0.3674	0.6324	0.0994	0.1929	0.9762	29	0	4	1	6	0.0019	0.2917	0	0.0146
0.0254	0.1326	-0.2236	0.1015	0.6986	0.9908	0.1276	-0.0447	19	32	54	1	1	0.0033	0.5417	1	0.0254
0.0254	0.0599	-0.0922	0.1184	0.6927	0.6717	0.3305	-0.663	31	33	54	1	2	0.0033	0.5417	0	0.0254
0.0304	0.2533	-0.0382	0.1266	0.6463	-0.2926	0.1881	-0.9376	32	34	54	1	3	0.0178	0.5083	0	0.0505
0.0228	0.0514	-0.0511	0.2062	0.3927	-0.3027	0.1004	-0.9478	33	35	54	1	4	0.0023	0.75	0	0.0228
0.0237	0.0544	-0.0851	0.2246	0.3408	0.2991	0.1961	-0.9338	34	36	54	1	5	0.0038	0.625	0	0.028
0.0247	0.0663	-0.0777	0.2176	0.285	-0.285	0.3916	-0.8749	35	37	54	1	6	0.004	0.75	0	0.0247
0.0223	0.0883	-0.0958	0.2591	0.2218	0.1022	-0.3152	-0.9435	36	38	54	1	7	0.0091	0.7833	0	0.0295
0.0199	0.0492	-0.1213	0.2775	0.1172	0.4582	-0.0665	-0.8864	37	39	54	1	8	0.0035	0.75	0	0.0199
0.0318	0.097	-0.067	0.2253	0.031	-0.3641	0.4661	-0.8064	38	40	54	1	9	0.0115	0.6143	0	0.0375
0.0293	0.0323	-0.09	0.2395	-0.0957	-0.2049	0.8001	-0.5638	39	41	54	1	10	0.0046	0.5417	0	0.0304
0.0293	0.0394	-0.1161	0.2913	-0.1271	0.162	-0.3477	-0.9235	40	42	54	1	11	0.0049	0.6667	0	0.0295
0.0239	0.0626	-0.0726	0.2406	-0.1831	-0.2113	0.2846	-0.9351	41	43	54	1	12	0.0035	0.75	0	0.0239
0.0248	0.0664	-0.1067	0.2899	-0.2757	0.3795	-0.5523	-0.7423	42	44	54	1	13	0.0033	0.875	0	0.0248
0.0193	0.0787	-0.0861	0.2207	-0.3317	0.1314	0.1814	-0.9746	43	45	54	1	14	0.0031	0.875	0	0.0193
0.0172	0.0613	-0.0685	0.2434	-0.4101	-0.1531	-0.0681	-0.9859	44	46	54	1	15	0.0025	0.875	0	0.0172
0.0174	0.0637	-0.0833	0.2437	-0.47	-0.0271	0.0769	-0.9967	45	47	54	1	16	0.0029	0.75	0	0.0174
0.0234	0.1023	-0.0844	0.2295	-0.5342	-0.3472	0.0198	-0.9376	46	48	54	1	17	0.0032	0.7813	0	0.0234
0.0213	0.0738	-0.12	0.2431	-0.6323	-0.1803	-0.1859	-0.9659	47	49	54	1	18	0.0055	0.475	0	0.0142
0.0193	0.0903	-0.1221	0.2375	-0.7061	-0.254	0.0533	-0.9657	48	50	54	1	19	0.0028	0.7917	0	0.0193
0.0313	0.0772	-0.1617	0.2446	-0.7871	-0.3343	0.1102	-0.936	49	51	54	1	20	0.0029	0.625	0	0.0353
0.0165	0.0755	-0.1585	0.2521	-0.8738	-0.3351	0.6165	-0.7125	50	52	54	1	21	0.0022	0.6667	0	0.0165
0.0157	0.0637	-0.1917	0.3067	-0.9225	-0.2484	0.336	-0.9085	51	53	54	1	22	0.002	0.6667	0	0.0135
0.019	0.0441	-0.2104	0.3265	-0.9792	-0.5398	0.4637	-0.7026	52	54	54	1	23	0.0018	0.5833	0	0.019
0.0186	0.0396	-0.2363	0.3474	-1.0066	-0.8584	-0.1766	-0.4816	53	55	54	1	24	0.0019	0.625	0	0.0186
0.0157	0.0869	-0.2696	0.3307	-1.0505	-0.9028	0.3914	-0.1785	54	56	54	1	25	0.0019	0.7083	0	0.0157
0.0182	0.0459	-0.3502	0.3739	-1.0758	-0.8803	-0.427	-0.2067	55	57	54	1	26	0.0023	0.5833	0	0.0183
0.0157	0.0786	-0.3887	0.3576	-1.091	0.3706	-0.8507	-0.3727	56	0	54	1	27	0.0017	0.5833	0	0.015
0.0222	0.028	-0.1095	0.1959	0.559	-0.2737	-0.0627	0.9598	26	59	55	2	1	0.0138	0.5714	1	0.0222
0.0222	0.1206	-0.1172	0.1942	0.5859	-0.9257	-0.3325	-0.1801	58	0	55	2	2	0.0138	0.5714	0	0.0222
0.0243	0.0964	-0.0273	0.0958	0.65	0.2335	-0.5091	0.8284	33	61	5	2	1	0.0037	0.5833	0	0.0243
0.024	0.0492	-0.0098	0.0385	0.7267	0.7073	-0.5892	0.3906	60	62	5	2	2	0.0024	0.5833	0	0.024
0.0206	0.0504	0.0223	0.0084	0.747	0.3956	-0.9183	0.0171	61	63	5	2	3	0.0024	0.625	0	0.0201
0.0229	0.0637	0.0435	-0.0306	0.7275	0.9003	-0.424	-0.0984	62	64	5	2	4	0.0036	0.6667	0	0.0229
0.0206	0.0621	0.1014	-0.0847	0.7246	0.8507	-0.0457	-0.5237	63	65	5	2	5	0.0033	0.5833	0	0.0195
0.0206	0.1091	0.141	-0.0922	0.68	0.6873	-0.0946	-0.7202	64	66	5	2	6	0.0178	0.18	0	0.0137
0.0285	0.0468	0.2197	-0.1027	0.6026	0.2534	0.6912	-0.6768	65	67	5	2	7	0.0221	0.2143	0	0.0375
0.0277	0.3421	0.2985	-0.0497	0.4894	-0.6894	-0.3239	-0.6479	66	68	5	2	8	0.1156	0.3038	0	0.147
0.028	0.1064	0.1585	-0.2118	0.2334	-0.5145	-0.4891	-0.7043	67	69	5	2	9	0.0569	0.5778	0	0.1267
0.0281	0.0651	0.1398	-0.2425	0.1221	-0.4462	-0.5033	-0.74	68	70	5	2	10	0.0649	0.725	0	0.1337
0.0284	0.1911	0.0996	-0.285	0.0814	-0.148	-0.4892	-0.8595	69	71	5	2	11	0.0852	0.6286	0	0.1308
0.0289	0.0649	0.0839	-0.3706	-0.0897	-0.1574	-0.4922	-0.8562	70	72	5	2	12	0.0803	0.875	0	0.1345
0.0287	0.1024	0.0797	-0.3975	-0.149	-0.1359	-0.4884	-0.862	71	73	5	2	13	0.0787	0.7333	0	0.1372
0.0286	0.1129	0.072	-0.4481	-0.2379	-0.1284	-0.4826	-0.8664	72	74	5	2	14	0.0732	0.85	0	0.144
0.0287	0.0665	0.0431	-0.5083	-0.3304	-0.1381	-0.4621	-0.876	73	75	5	2	15	0.0828	0.825	0	0.1438
0.0287	0.1226	0.0269	-0.5306	-0.3923	-0.0923	-0.4571	-0.8846	74	76	5	2	16	0.0934	0.7857	0	0.1444
0.0289	0.0079	0.0138	-0.5756	-0.504	-0.4028	-0.3149	-0.8594	75	77	5	2	17	0.0364	0.7305	0	0.1086
0.0289	0.132	-0.004	-0.5887	-0.5033	-0.1933	-0.3745	-0.9069	76	78	5	2	18	0.0967	0.7625	0	0.1429
0.0276	0.1529	-0.069	-0.6175	-0.628	-0.0753	-0.3685	-0.9266	77	79	5	2	19	0.1099	0.5818	0	0.14
0.0283	0.1989	-0.1761	-0.684	-0.6892	-0.5331	-0.4844	-0.6936	78	80	5	2	20	0.044	0.5714	0	0.1542
0.028	0.2318	-0.0945	-0.7749	-0.873	-0.2067	-0.3977	-0.894	79	81	5	2	21	0.0877	0.7083	0	0.1432
0.0262	0.3287	-0.2817	-0.8714	-0.7971	-0.6725	-0.657	-0.3408	80	82	5	2	22	0.073	0.0471	0	0.1196
0.0222	0.1125	-0.1867	-0.8167	-0.8146	0.5957	-0.4673	-0.6533	81	83	5	2	23	0.0026	0.3125	0	0.0222
0.0178	0.0439	-0.1178	-0.8602	-0.889	0.2861	-0.1515	-0.9461	82	0	5	2	24	0.0021	0.375	0	0.0165
0.0167	0.0682	-0.0037	0.1255	0.6549	0.9605	0.0729	-0.2685	33	85	8	2	1	0.0034	0.4167	1	0.0177
0.0163	0.0406	0.0618	0.1304	0.6366	0.1518	-0.9842	0.091	84	86	8	2	2	0.0034	0.4167	0	0.0177
0.0124	0.0397	0.0588	0.0986	0.6529	-0.2123	-0.8855	0.4133	85	87	8	2	3	0.0012	0.3333	0	0.01
0.0124	0.038	0.0505	0.0615	0.6695	-0.9285	-0.0326	0.37	86	0	8	2	4	0.0016	0.4167	0	0.0124
0.0156	0.0968	-0.0334	0.1288	0.5674	0.7812	-0.3325	-0.5283	33	89	9	2	1	0.0036	0.5	1	0.0157
0.0156	0.2615	0.0422	0.0966	0.5162	0.3743	0.5393	0.7543	88	90	9	2	2	0.0036	0.5	0	0.0157
0.0149	0.0599	0.1439	0.2329	0.7142	0.4518	0.4762	0.7544	89	91	9	2	3	0.0028	0.6667	0	0.0149
0.0154	0.0415	0.1703	0.2711	0.7636	0.9803	-0.0185	0.1967	90	0	9	2	4	0.0016	0.6667	0	0.0154
0.0223	0.2105	-0.0733	0.2314	0.1821	0.7535	-0.6368	-0.1637	37	93	13	2	1	0.0032	0.6563	1	0.0265
0.0223	0.0984	0.0853	0.0974	0.1477	0.3315	-0.9258	-0.1819	92	94	13	2	2	0.0032	0.6563	0	0.0265
0.0223	0.1079	0.0845	0.0198	0.1213	-0.4244	-0.6527	0.6276	93	95	13	2	3	0.008	0.5333	0	0.0289
0.0223	0.1527	0.0371	-0.0383	0.1714	-0.4244	-0.7598	-0.4926	94	96	13	2	4	0.0031	0.4	0	0.027
0.0223	0.0583	-0.0319	-0.1519	0.0951	-0.3745	-0.8333	-0.4065	95	97	13	2	5	0.0022	0.5	0	0.0223
0.0223	0.0278	-0.0867	-0.1886	0.0558	-0.3383	-0.941	0.0026	96	0	13	2	6	0.0039	0.2	0	0.0122
0.0162	0.1041	-0.0527	0.2586	0.0104	0.3424	0.7987	-0.4949	39	99	14	2	1	0.0035	0.5	1	0.0162
0.0162	0.0451	-0.0171	0.3418	-0.0412	-0.0406	-0.1573	-0.9867	98	0	14	2	2	0.0035	0.5	0	0.0162
0.0236	0.1943	-0.0893	0.2317	-0.3153	-0.3722	-0.7782	0.5059	43	101	17	2	1	0.0042	0.7778	1	0.0392
0.0236	0.0831	-0.1594	0.0771	-0.219	-0.5829	0.1073	-0.8054	100	102	17	2	2	0.0164	0.72	0	0.0392
0.0236	0.0662	-0.2039	0.0915	-0.2878	-0.4786	0.0487	-0.8767	101	103	17	2	3	0.0106	0.8	0	0.0348
0.0236	0.0701	-0.2351	0.0966	-0.3458	-0.4894	0.1338	-0.8617	102	104	17	2	4	0.0105	0.85	0	0.0338
0.0236	0.0792	-0.2725	0.1057	-0.4051	-0.3338	0.1544	-0.9299	103	105	17	2	5	0.0072	0.875	0	0.0289
0.0266	0.0576	-0.2988	0.1206	-0.4788	-0.4267	0.0068	-0.9044	104	106	17	2	6	0.0023	0.9167	0	0.0266
0.0236	0.0637	-0.3239	0.1245	-0.5307	-0.4308	0.0001	-0.9025	105	107	17	2	7	0.0082	0.85	0	0.0306
0.0236	0.0659	-0.3461	0.1202	-0.5906	-0.3562	0.0842	-0.9306	106	108	17	2	8	0.0095	0.75	0	0.0299
0.0236	0.075	-0.3675	0.1248	-0.6526	-0.3728	-0.0993	-0.9226	107	109	17	2	9	0.0086	0.775	0	0.0326
0.0262	0.0869	-0.3924	0.1236	-0.7213	-0.1158	0.1412	-0.9832	108	110	17	2	10	0.0028	0.7917	0	0.0262
0.0228	0.0504	-0.397	0.1343	-0.8091	-0.4402	-0.2256	-0.8691	109	111	17	2	11	0.0025	0.7083	0	0.0228
0.0195	0.0604	-0.4174	0.134	-0.853	-0.3654	0.0507	-0.9294	110	112	17	2	12	0.008	0.55	0	0.0271
0.0164	0.0505	-0.4408	0.1234	-0.9222	0.0237	0.6923	-0.7212	111	113	17	2	13	0.002	0.7917	0	0.0164
0.0201	0.0639	-0.4432	0.1667	-0.9586	-0.1679	-0.0583	-0.9841	112	114	17	2	14	0.0056	0.3	0	0.0276
0.0164	0.0544	-0.4467	0.1804	-1.0405	-0.7533	0.601	0.267	113	0	17	2	15	0.0011	0.125	0	0.01
0.0278	0.1333	-0.1399	0.335	-0.1482	-0.4163	0.7968	-0.438	40	116	56	2	1	0.0051	0.5893	1	0.0298
0.0278	0.1971	-0.1954	0.4412	-0.2066	0.0186	-0.2255	-0.9741	115	117	56	2	2	0.0051	0.5893	0	0.0298
0.028	0.0911	-0.1853	0.4158	-0.3987	-0.0992	0.0286	-0.9947	116	118	56	2	3	0.0035	0.9375	0	0.028
0.0297	0.052	-0.2019	0.4159	-0.4895	0.0061	0.0809	-0.9967	117	119	56	2	4	0.003	0.7917	0	0.0297
0.024	0.0673	-0.2039	0.4203	-0.5422	0.3496	0.5252	-0.7759	118	120	56	2	5	0.0038	0.8333	0	0.024
0.0229	0.0987	-0.1791	0.4704	-0.5998	-0.3614	-0.2895	-0.8863	119	121	56	2	6	0.0049	0.5625	0	0.0277
0.0218	0.1055	-0.2403	0.4625	-0.6937	0.4277	0.2624	-0.865	120	122	56	2	7	0.0038	0.8125	0	0.0218
0.0214	0.0992	-0.1916	0.5137	-0.7958	-0.5089	-0.2951	-0.8087	121	123	56	2	8	0.0029	0.8438	0	0.0214
0.0214	0.1152	-0.2129	0.4212	-0.8836	-0.3305	-0.038	-0.9431	122	124	56	2	9	0.0417	0.4722	0	0.0209
0.0214	0.0088	-0.253	0.3944	-0.9809	-0.3525	-0.3973	-0.8473	123	0	56	2	10	0.0009	0.025	0	0.0134
0.0163	0.0623	-0.083	0.2646	-0.5163	0.0906	0.956	0.2791	46	126	49	2	1	0.0031	0.5	1	0.0189
0.0163	0.1457	-0.0774	0.3242	-0.4989	0.801	0.4914	0.342	125	127	49	2	2	0.0031	0.5	0	0.0189
0.0163	0.0266	0.037	0.3919	-0.4439	0.8826	0.0853	0.4623	126	0	49	2	3	0.0015	0.7083	0	0.0163
0.0221	0.0497	-0.0632	0.2168	-0.5336	0.8002	-0.541	-0.2588	47	129	50	2	1	0.0068	0.5625	1	0.0221
0.0221	0.1137	-0.0235	0.1899	-0.5464	-0.232	-0.9377	0.2586	128	0	50	2	2	0.0068	0.5625	0	0.0221
0.0238	0.2474	0.2381	-0.0972	0.3972	0.9827	0.0581	0.1757	67	131	25	3	1	0.0049	0.625	1	0.0238
0.0238	0.1744	0.4812	-0.0828	0.4407	0.7222	0.0841	0.6865	130	132	25	3	2	0.0049	0.625	0	0.0238
0.0224	0.0791	0.6121	-0.0809	0.5522	0.7794	-0.0965	0.6191	131	133	25	3	3	0.003	0.9583	0	0.0224
0.0236	0.0707	0.6759	-0.0822	0.6015	0.8271	-0.3012	0.4745	132	134	25	3	4	0.0028	0.875	0	0.0236
0.022	0.0746	0.7415	-0.1134	0.6313	0.5912	0.1208	0.7974	133	135	25	3	5	0.0027	0.9167	0	0.022
0.0152	0.0832	0.7943	-0.1114	0.6769	0.7591	-0.2482	0.6018	134	136	25	3	6	0.0022	0.9583	0	0.0152
0.0165	0.0748	0.8575	-0.1244	0.7318	0.9097	-0.2248	0.3491	135	137	25	3	7	0.0027	0.8333	0	0.0165
0.0152	0.0277	0.9255	-0.1466	0.7654	0.9834	0.1468	0.1062	136	138	25	3	8	0.002	0.75	0	0.0152
0.0152	0.0479	0.9522	-0.1553	0.7748	0.9982	-0.0132	0.0582	137	0	25	3	9	0.0027	0.5417	0	0.0137
0.0181	0.1337	-0.0054	0.1065	0.6477	0.8939	0.4382	-0.0947	60	140	27	3	1	0.0047	0.4107	1	0.0198
0.0181	0.2022	0.1141	0.1651	0.6351	0.6316	0.6596	0.4074	139	141	27	3	2	0.0047	0.4107	0	0.0198
0.0157	0.0614	0.2414	0.302	0.7031	0.5508	0.8141	0.1837	140	142	27	3	3	0.0021	0.7917	0	0.0157
0.0157	0.0654	0.2728	0.3519	0.7159	0.2483	0.8642	0.4376	141	0	27	3	4	0.0019	0.625	0	0.0153
0.0208	0.1952	0.1705	-0.0804	0.3898	-0.584	0.7871	0.1986	67	144	28	3	1	0.0052	0.4583	1	0.0208
0.0208	0.0639	0.0564	0.0733	0.4286	-0.6091	-0.4248	0.6697	143	0	28	3	2	0.0052	0.4583	0	0.0208
0.012	0.2165	0.1097	-0.1249	0.2842	0.293	0.6228	-0.7255	67	146	29	3	1	0.0055	0.3194	1	0.0409
0.012	0.2375	0.1538	0.0084	0.1118	-0.6205	0.0345	0.7834	145	0	29	3	2	0.0168	0.275	0	0.0409
0.0176	0.2054	0.1316	-0.2775	0.1205	-0.2296	-0.9722	-0.0457	69	148	30	3	1	0.0027	0.75	1	0.0176
0.0176	0.0475	0.0844	-0.4771	0.1111	-0.5307	-0.8229	-0.203	147	149	30	3	2	0.0027	0.75	0	0.0176
0.0177	0.047	0.0584	-0.5181	0.1086	-0.7296	-0.6372	-0.2482	148	150	30	3	3	0.0024	0.625	0	0.0175
0.0178	0.076	0.0292	-0.5493	0.0994	-0.449	-0.0741	0.8905	149	151	30	3	4	0.0024	0.75	0	0.0178
0.0161	0.0694	-0.0026	-0.5669	0.1679	-0.0507	0.0649	0.9966	150	152	30	3	5	0.0026	0.75	0	0.0161
0.0136	0.0706	-0.0135	-0.5599	0.2394	0.218	-0.2042	0.9543	151	153	30	3	6	0.0021	0.8333	0	0.0136
0.0139	0.0526	0.0047	-0.5684	0.3101	-0.0902	-0.448	0.8895	152	154	30	3	7	0.0022	0.5417	0	0.0139
0.0128	0.0556	0.0019	-0.5896	0.3582	-0.0776	-0.4614	0.8838	153	155	30	3	8	0.0018	0.5417	0	0.0118
0.0128	0.0635	0.0044	-0.6135	0.4114	-0.3298	-0.5151	0.7912	154	156	30	3	9	0.0017	0.75	0	0.0128
0.0139	0.046	-0.0063	-0.6463	0.4699	-0.3534	-0.8368	0.4183	155	157	30	3	10	0.0016	0.5417	0	0.014
0.0128	0.0359	-0.0173	-0.6831	0.4933	-0.4116	-0.5327	0.7395	156	158	30	3	11	0.0011	0.4583	0	0.01
0.0128	0.0337	-0.0331	-0.6985	0.525	0.0992	-0.7945	0.5991	157	0	30	3	12	0.0032	0.375	0	0.0121
0.0096	0.1754	0.0721	-0.3924	-0.0749	-0.3598	-0.5834	0.7281	71	0	32	3	1	0.0026	0.4583	0	0.0096
0.0156	0.2039	0.0602	-0.4276	-0.1546	-0.5361	-0.8297	-0.1558	72	161	36	3	1	0.0037	0.5	1	0.0158
0.0153	0.047	-0.0491	-0.5967	-0.1864	-0.5783	-0.6972	-0.4237	160	162	36	3	2	0.0037	0.5	0	0.0158
0.013	0.0471	-0.0767	-0.63	-0.2019	-0.9868	-0.1258	-0.1021	161	0	36	3	3	0.0024	0.4583	0	0.013
0.0136	0.1875	0.0516	-0.4077	-0.2083	-0.7092	0.5282	-0.4669	72	164	38	3	1	0.0034	0.4167	1	0.0136
0.0136	0.0584	-0.0814	-0.3086	-0.2958	-0.517	-0.6547	-0.5514	163	0	38	3	2	0.0034	0.4167	0	0.0136
0.0152	0.2401	0.0075	-0.5401	-0.3749	-0.9668	-0.24	0.0881	74	166	41	3	1	0.0034	0.375	1	0.015
0.0151	0.0552	-0.2246	-0.5977	-0.3537	-0.4622	0.3828	-0.7999	165	167	41	3	2	0.0034	0.375	0	0.015
0.0157	0.057	-0.2748	-0.5812	-0.3991	-0.1889	0.9399	0.2845	166	0	41	3	3	0.002	0.3333	0	0.0164
0.0118	0.2144	0.0097	-0.5163	-0.4173	-0.5142	0.4246	-0.7452	75	169	42	3	1	0.002	0.5833	1	0.0117
0.0117	0.0757	-0.1005	-0.4253	-0.577	-0.4512	-0.3574	-0.8177	168	170	42	3	2	0.002	0.5833	0	0.0117
0.0129	0.044	-0.1308	-0.4617	-0.6407	-0.7872	-0.2105	-0.5796	169	0	42	3	3	0.0045	0.5417	0	0.0133
0.0181	0.2071	-0.2104	-0.7081	-0.7679	0.5392	0.725	-0.4284	79	172	45	3	1	0.0029	0.5625	1	0.0185
0.0178	0.1189	-0.0987	-0.5579	-0.8566	-0.9965	-0.0833	0.0008	171	173	45	3	2	0.0029	0.5625	0	0.0185
0.0146	0.042	-0.2208	-0.5689	-0.8536	-0.3812	-0.6141	-0.6911	172	174	45	3	3	0.003	0.3333	0	0.0161
0.0118	0.0509	-0.2439	-0.5966	-0.8692	-0.6402	-0.6382	-0.4276	173	0	45	3	4	0.0066	0.5417	0	0.0118
0.0168	0.1072	-0.0717	-0.7737	-0.8942	0.9153	0.3884	0.1068	80	176	46	3	1	0.0057	0.6563	1	0.0168
0.0168	0.1035	0.0264	-0.7321	-0.8828	-0.3469	-0.9115	-0.2209	175	0	46	3	2	0.0057	0.6563	0	0.0168
0.0116	0.2244	-0.2587	-0.7883	-0.7533	-0.4718	-0.0247	-0.8814	82	0	47	3	1	0.0018	0.5	0	0.0116
0.0035	0.2044	-0.1365	-0.796	-0.9377	-0.5307	0.4997	0.6846	80	179	57	3	1	0.0058	0.0917	1	0.0681
0.0035	0.2258	-0.2793	-0.7441	-0.7736	0.4708	-0.6229	-0.6248	178	0	57	3	2	0.0127	0.2583	0	0.0681
0.0146	0.0608	-0.1062	0.3288	0.4587	0.3329	0.7432	0.5803	0	0	48	0	1	0.0032	0.5	0	0.0146
0.0118	0.0564	-0.0757	0.3747	0.4565	-0.2198	-0.4394	-0.871	0	182	58	0	1	0.0035	0.5417	0	0.0118
0.0118	0.0505	-0.0858	0.351	0.4092	-0.1402	-0.7547	0.6409	181	0	58	0	2	0.0024	0.4167	0	0.0121
0.0206	0.1297	0.0716	0.0922	0.1648	-0.4138	-0.6592	0.6279	93	184	59	3	1	0.005	0.4375	1	0.0206
0.0206	0.214	0.018	0.0067	0.2462	-0.284	-0.8783	-0.3846	183	0	59	3	2	0.005	0.4375	0	0.0206
0.0189	0.1214	-0.1688	0.5053	-0.5628	0.1989	0.673	0.7124	120	186	18	3	1	0.0034	0.6563	1	0.0189
0.0189	0.1064	-0.1446	0.587	-0.4763	0.0905	-0.1453	0.9852	185	187	18	3	2	0.0034	0.6563	0	0.0189
0.0173	0.0697	-0.1372	0.5693	-0.3707	0.3158	0.0232	0.9486	186	188	18	3	3	0.0025	0.7917	0	0.0173
0.0187	0.0789	-0.1312	0.5627	-0.2982	0.1251	0.4375	0.8905	187	189	18	3	4	0.0028	0.7917	0	0.0187
0.0173	0.0565	-0.1154	0.6039	-0.225	-0.3607	-0.0913	0.9282	188	190	18	3	5	0.0022	0.6667	0	0.0148
0.0173	0.0374	-0.1353	0.5951	-0.171	0.0613	0.3961	0.9162	189	0	18	3	6	0.0015	0.4167	0	0.0131
0.0165	0.1453	-0.0186	-0.5723	0.2061	-0.4044	-0.3064	-0.8617	151	192	51	4	1	0.0018	0.625	1	0.0165
0.0165	0.046	-0.0774	-0.6169	0.0809	-0.4275	-0.0842	-0.9001	191	0	51	4	2	0.0018	0.625	0	0.0165
0.0148	0.0475	0.0288	-0.5673	0.1102	0.2749	-0.9614	0.0136	150	194	52	4	1	0.0037	0.4583	1	0.0148
0.0148	0.039	0.0419	-0.613	0.1108	-0.9824	-0.1816	-0.0425	193	0	52	4	2	0.0037	0.4583	0	0.0148
0.0175	0.082	0.0063	-0.5788	0.1848	0.529	-0.6997	-0.4802	151	196	53	4	1	0.0061	0.6875	1	0.0175
0.0175	0.1194	0.0497	-0.6362	0.1454	0.639	0.0233	-0.7689	195	0	53	4	2	0.0061	0.6875	0	0.0175
