radius (m)	length (m)	start_point	axis_direction	parent	extension	branch	branch_order	position_in_branch	mad	SurfCov	added	UnmodRadius (m)
0.0199	0.1969	-0.3644	0.2119	-0.1649	0.7023	-0.6592	0.2688	0	2	1	0	1	0.0034	0.1429	0	0.0235
0.0131	0.0163	-0.2109	0.0948	-0.1292	0.8148	-0.3116	0.4889	1	3	1	0	2	0.01	0.05	0	0.01
0.0122	0.0616	-0.202	0.0968	-0.1193	0.7644	0.3047	0.5683	2	4	1	0	3	0.01	0.05	0	0.01
0.0111	0.0065	-0.1363	0.1091	-0.0866	0.3248	0.7149	0.6192	3	5	1	0	4	0.01	0.05	0	0.01
0.0102	0.0509	-0.1252	0.097	-0.0692	-0.8029	-0.5706	-0.1726	4	6	1	0	5	0.0095	0.375	0	0.0095
0.01	0.0245	-0.1739	0.0724	-0.0752	-0.4598	-0.8806	0.1144	5	7	1	0	6	0.01	0.05	0	0.01
0.0108	0.037	-0.1656	0.0491	-0.0603	-0.2703	-0.9138	0.3031	6	8	1	0	7	0.0013	0.3333	0	0.0108
0.0105	0.0412	-0.1636	0.0692	-0.0891	0.8968	0.1177	0.4264	7	9	1	0	8	0.0015	0.25	0	0.012
0.0095	0.0259	-0.1233	0.0739	-0.0751	0.5687	-0.5802	0.5831	8	10	1	0	9	0.0011	0.25	0	0.0116
0.0086	0.0221	-0.1223	0.0604	-0.0591	-0.0259	-0.645	0.7637	9	11	1	0	10	0.0012	0.25	0	0.011
0.0064	0.0075	-0.1247	0.0503	-0.044	-0.8527	-0.1629	0.4964	10	12	1	0	11	0.01	0.05	0	0.01
0.0053	0.0106	-0.1304	0.0505	-0.0395	-0.548	0.5746	-0.6079	11	0	1	0	12	0.01	0.05	0	0.01
0.0092	0.0649	-0.279	0.1584	-0.1416	-0.3147	0.9317	0.1814	1	14	2	1	1	0.0033	0.4583	0	0.0092
0.0076	0.0349	-0.3145	0.2044	-0.1349	-0.6659	0.7367	-0.1175	13	15	2	1	2	0.0082	0.4375	0	0.0076
0.0086	0.04	-0.3375	0.2289	-0.1344	-0.9393	-0.3417	-0.0321	14	16	2	1	3	0.01	0.05	0	0.01
0.0083	0.0087	-0.3398	0.2298	-0.1415	-0.4041	0.7935	-0.455	15	17	2	1	4	0.01	0.05	0	0.01
0.008	0.0179	-0.3433	0.2367	-0.1454	-0.7636	-0.357	0.538	16	0	2	1	5	0.01	0.05	0	0.01
0.0087	0.0226	-0.1118	0.0525	-0.0665	0.346	0.1538	0.9256	9	19	3	1	1	0.0017	0.4167	0	0.0087
0.009	0.0415	-0.0907	0.0542	-0.0518	0.3965	-0.1983	0.8964	18	20	3	1	2	0.0007	0.2917	0	0.0121
0.009	0.0407	-0.0727	0.0354	-0.0176	0.8324	-0.0304	0.5533	19	21	3	1	3	0.0009	0.375	0	0.0098
0.0067	0.0485	-0.0351	0.0366	-0.0035	0.9195	-0.1784	0.3502	20	22	3	1	4	0.0063	0.3438	0	0.0052
0.009	0.0315	-0.0015	0.0115	0.0161	0.8357	-0.5406	0.0964	21	23	3	1	5	0.01	0.05	0	0.01
0.009	0.0114	0.0099	0.0213	0.0256	0.8456	0.379	0.3761	22	24	3	1	6	0.0007	0.2917	0	0.0137
0.009	0.0169	0.0271	0.0246	0.01	-0.88	-0.3528	-0.3179	23	25	3	1	7	0.0025	0.275	0	0.0171
0.009	0.0333	0.019	0.0226	0.0094	0.1205	-0.832	0.5415	24	26	3	1	8	0.0044	0.225	0	0.0191
0.0073	0.0467	0.0313	0.009	0.0079	0.9429	-0.1452	0.2997	25	27	3	1	9	0.0058	0.5417	0	0.0073
0.0067	0.062	0.0748	0.0044	0.0194	0.9802	0.1907	-0.0528	26	28	3	1	10	0.0048	0.4375	0	0.0066
0.009	0.0343	0.105	-0.0306	0.0332	0.8457	-0.4452	0.2943	27	29	3	1	11	0.0008	0.375	0	0.012
0.0089	0.0097	0.0959	-0.0506	0.0329	0.1464	-0.9851	-0.0903	28	30	3	1	12	0.0034	0.275	0	0.0186
0.0074	0.0196	0.1009	-0.0311	0.032	0.9709	-0.1196	-0.2073	29	31	3	1	13	0.0094	0.4167	0	0.0074
0.0088	0.0231	0.1265	-0.0535	0.0468	0.8628	0.4658	0.1966	30	32	3	1	14	0.01	0.05	0	0.01
0.0088	0.0229	0.1357	-0.0597	0.0358	0.8811	-0.4614	-0.1037	31	33	3	1	15	0.01	0.05	0	0.01
0.0084	0.0209	0.1172	-0.0721	0.0389	0.072	-0.9798	0.1868	32	34	3	1	16	0.0009	0.3333	0	0.0084
0.0085	0.0244	0.1185	-0.0927	0.0421	0.1696	-0.9586	0.2289	33	35	3	1	17	0.0011	0.375	0	0.0085
0.0089	0.0181	0.1173	-0.1185	0.0448	0.373	-0.9254	0.0667	34	36	3	1	18	0.0011	0.3333	0	0.0113
0.0089	0.0254	0.1244	-0.1315	0.0556	0.3863	-0.8631	0.3254	35	37	3	1	19	0.001	0.2917	0	0.0123
0.0083	0.0373	0.1247	-0.1603	0.0573	0.3653	-0.8556	0.3667	36	38	3	1	20	0.0047	0.375	0	0.0083
0.0087	0.0342	0.1274	-0.1834	0.0579	-0.1514	-0.8746	-0.4607	37	39	3	1	21	0.01	0.05	0	0.01
0.0087	0.0585	0.1193	-0.1858	0.049	0.789	-0.0695	0.6104	38	40	3	1	22	0.0009	0.3333	0	0.0088
0.0087	0.0324	0.1678	-0.1916	0.079	0.921	-0.0524	0.386	39	41	3	1	23	0.01	0.05	0	0.01
0.0088	0.0029	0.1877	-0.1981	0.079	0.7828	-0.4055	-0.472	40	42	3	1	24	0.0009	0.4167	0	0.009
0.0088	0.0382	0.1904	-0.1995	0.079	0.9131	-0.153	-0.3779	41	43	3	1	25	0.001	0.3333	0	0.0094
0.0066	0.0188	0.2148	-0.2006	0.0883	0.819	-0.3721	0.4368	42	44	3	1	26	0.0079	0.375	0	0.0057
0.0085	0.0004	0.2202	-0.2026	0.0731	-0.5247	0.7594	0.3846	43	45	3	1	27	0.01	0.05	0	0.01
0.0087	0.022	0.2312	-0.2056	0.0808	-0.1088	-0.9603	-0.2568	44	46	3	1	28	0.001	0.2917	0	0.0133
0.0087	0.0403	0.2316	-0.2166	0.0782	0.9362	-0.3079	0.1695	45	47	3	1	29	0.0023	0.225	0	0.0154
0.0085	0.0125	0.2649	-0.2248	0.0899	0.8154	0.4496	0.3646	46	48	3	1	30	0.01	0.05	0	0.01
0.0085	0.0898	0.2746	-0.2227	0.1038	0.9584	0.2489	0.14	47	49	3	1	31	0.0008	0.3333	0	0.0086
0.0085	0.0743	0.357	-0.2035	0.1169	0.0293	0.123	0.992	48	50	3	1	32	0.0024	0.2	0	0.0151
0.0083	0.0288	0.3675	-0.1879	0.1886	0.1458	0.1141	0.9827	49	51	3	1	33	0.01	0.05	0	0.01
0.0085	0.0019	0.3552	-0.1813	0.2151	-0.0449	0.3082	0.9503	50	52	3	1	34	0.0015	0.2917	0	0.0113
0.0082	0.0036	0.3567	-0.1812	0.2158	0.5828	0.0358	0.8118	51	53	3	1	35	0.01	0.05	0	0.01
0.0081	0.0263	0.3621	-0.1777	0.2115	0.2817	-0.9131	-0.2948	52	54	3	1	36	0.01	0.05	0	0.01
0.0081	0.0256	0.3695	-0.2017	0.2037	-0.1257	-0.9215	-0.3674	53	0	3	1	37	0.01	0.05	0	0.01
0.01	0.0834	-0.1311	0.099	-0.0838	0.5013	0.7034	0.5039	4	56	5	1	1	0.01	0.05	0	0.01
0.0095	0.0397	-0.0899	0.1623	-0.036	0.9944	0.1027	0.0231	55	57	5	1	2	0.0012	0.4167	0	0.0095
0.0075	0.0274	-0.0549	0.1747	-0.0313	0.8189	0.1987	0.5384	56	58	5	1	3	0.0007	0.4167	0	0.0067
0.01	0.0383	-0.0316	0.1876	-0.0279	0.731	0.5452	0.4104	57	59	5	1	4	0.0007	0.2083	0	0.016
0.0099	0.0286	0.0032	0.2048	-0.0136	0.4572	0.8881	-0.0469	58	60	5	1	5	0.0014	0.25	0	0.0108
0.0095	0.0136	0.0145	0.1992	-0.0194	0.3836	-0.1531	0.9107	59	61	5	1	6	0.01	0.05	0	0.01
0.0093	0.0337	0.0334	0.211	-0.0039	0.6557	-0.7059	0.2677	60	62	5	1	7	0.01	0.05	0	0.01
0.0097	0.0284	0.0401	0.2032	-0.0143	-0.6583	-0.7468	-0.0945	61	63	5	1	8	0.0011	0.3333	0	0.0164
0.0089	0.0437	0.0211	0.1893	-0.0228	0.9993	0.0073	-0.0363	62	64	5	1	9	0.001	0.2917	0	0.0093
0.0084	0.0245	0.0606	0.1823	-0.0157	0.8961	0.0158	0.4436	63	65	5	1	10	0.01	0.05	0	0.01
0.0081	0.013	0.0589	0.1864	-0.0214	0.5635	0.4151	-0.7143	64	66	5	1	11	0.01	0.05	0	0.01
0.0079	0.0197	0.0663	0.1918	-0.0307	0.1931	0.9791	0.0644	65	0	5	1	12	0.01	0.05	0	0.01
0.0095	0.0449	-0.1736	0.0594	-0.0817	-0.5071	-0.8517	-0.1323	6	68	6	1	1	0.0059	0.225	0	0.0283
0.0091	0.0096	-0.1804	0.0116	-0.0914	-0.3706	-0.8015	0.4693	67	69	6	1	2	0.01	0.05	0	0.01
0.0073	0.0345	-0.1853	0.0023	-0.0933	-0.9793	-0.0351	0.1992	68	70	6	1	3	0.0006	0.375	0	0.0073
0.0084	0.0282	-0.223	0.0076	-0.0887	-0.7811	-0.2785	0.5588	69	71	6	1	4	0.003	0.225	0	0.0143
0.0067	0.0256	-0.2481	0.0053	-0.0733	-0.7793	-0.4052	0.4779	70	72	6	1	5	0.0009	0.2917	0	0.0067
0.0061	0	-0.266	0.0004	-0.0684	-0.9534	-0.0427	-0.2988	71	73	6	1	6	0.01	0.05	0	0.01
0.0069	0.017	-0.2699	-0.0031	-0.0585	-0.3327	-0.8414	-0.4258	72	74	6	1	7	0.0032	0.225	0	0.0144
0.0045	0.0173	-0.2838	-0.0157	-0.0654	-0.2143	-0.9386	-0.2703	73	0	6	1	8	0.0009	0.15	0	0.01
0.0097	0.0135	-0.1345	0.0842	-0.0628	0.4997	-0.1933	0.8443	5	76	7	1	1	0.0019	0.4167	1	0.0112
0.0096	0.038	-0.1277	0.0816	-0.0514	0.9964	0.0763	0.0363	75	77	7	1	2	0.0019	0.4167	0	0.0112
0.0094	0.0298	-0.0916	0.0831	-0.0446	0.2171	0.9275	0.3045	76	78	7	1	3	0.0008	0.3333	0	0.011
0.006	0.0205	-0.09	0.1088	-0.0374	-0.3868	0.9203	0.0585	77	79	7	1	4	0.0043	0.5417	0	0.0052
0.0068	0.004	-0.0973	0.1276	-0.0359	-0.1212	0.9725	0.199	78	80	7	1	5	0.01	0.05	0	0.01
0.0059	0.0029	-0.0969	0.1254	-0.0365	-0.7073	-0.2564	0.6588	79	0	7	1	6	0.01	0.05	0	0.01
0.0114	0.0335	-0.1014	0.0615	-0.0657	0.4759	0.8526	-0.216	9	82	8	1	1	0.0032	0.4583	0	0.0114
0.0114	0.0202	-0.0859	0.0916	-0.0726	0.5624	0.0171	0.8267	81	83	8	1	2	0.0012	0.3333	0	0.0114
0.0114	0.0105	-0.0726	0.0887	-0.0556	0.7547	0.5137	0.4081	82	0	8	1	3	0.01	0.05	0	0.01
0.009	0.0679	-0.0995	0.0361	-0.0441	-0.2136	-0.9086	0.359	9	85	13	1	1	0.0011	0.3333	0	0.0184
0.009	0.0331	-0.1124	-0.0235	-0.0249	0.3781	-0.8937	-0.2416	84	86	13	1	2	0.0019	0.25	0	0.0148
0.0085	0.019	-0.095	-0.0481	-0.0278	0.7711	-0.622	-0.136	85	87	13	1	3	0.0041	0.4688	0	0.0085
0.0065	0.0145	-0.0817	-0.0653	-0.0312	0.8836	-0.1596	-0.4402	86	88	13	1	4	0.0046	0.5	0	0.0064
0.0086	0.0262	-0.0784	-0.068	-0.0353	0.0878	-0.9807	0.1745	87	89	13	1	5	0.01	0.05	0	0.01
0.0087	0.0581	-0.0816	-0.0761	-0.0262	0.8881	0.3527	-0.2946	88	90	13	1	6	0.0015	0.3333	0	0.0095
0.0086	0.0438	-0.0458	-0.0583	-0.0385	0.3245	-0.597	0.7337	89	91	13	1	7	0.0019	0.3333	0	0.0192
0.0085	0.0486	-0.0292	-0.0895	-0.0146	-0.067	-0.861	0.5042	90	92	13	1	8	0.0007	0.3333	0	0.0102
0.0079	0.0306	-0.041	-0.1237	0.0103	-0.4187	-0.5014	0.7571	91	93	13	1	9	0.01	0.05	0	0.01
0.0083	0.0386	-0.0425	-0.1296	0.0148	0.3276	-0.9072	-0.2641	92	94	13	1	10	0.0008	0.3333	0	0.0115
0.0075	0.0039	-0.0221	-0.1562	0.0109	0.3807	-0.7546	0.5344	93	95	13	1	11	0.01	0.05	0	0.01
0.0074	0.0203	-0.0206	-0.1592	0.013	0.2686	-0.8453	-0.4618	94	0	13	1	12	0.01	0.05	0	0.01
0.0025	0.0714	-0.3628	0.234	-0.1268	0.9557	0.294	0.0158	17	0	4	2	1	0.01	0.05	0	0.01
0.0101	0.0944	-0.0933	0.0572	-0.0793	0.5284	-0.8194	0.222	19	98	14	2	1	0.0018	0.4583	0	0.0101
0.0101	0.0009	-0.0464	-0.0113	-0.072	0.9821	0.063	-0.1772	97	99	14	2	2	0.01	0.05	0	0.01
0.0101	0.0172	-0.0449	-0.0147	-0.0765	0.3862	-0.6967	0.6045	98	100	14	2	3	0.01	0.05	0	0.01
0.0101	0.0063	-0.055	-0.0284	-0.0558	-0.2955	-0.7423	-0.6014	99	101	14	2	4	0.01	0.05	0	0.01
0.0101	0.0401	-0.0548	-0.0267	-0.0627	0.8536	-0.0196	0.5205	100	102	14	2	5	0.0013	0.3333	0	0.0105
0.0101	0.0179	-0.02	-0.0278	-0.0423	0.5997	-0.0842	0.7958	101	103	14	2	6	0.01	0.05	0	0.01
0.0101	0.0015	-0.0129	-0.0253	-0.0284	0.2071	0.289	0.9347	102	104	14	2	7	0.01	0.05	0	0.01
0.0101	0.011	-0.0127	-0.0249	-0.0287	0.1236	-0.9923	0.008	103	0	14	2	8	0.01	0.05	0	0.01
0.0094	0.0404	-0.0588	0.0413	-0.001	0.6185	0.2669	0.7391	20	106	33	2	1	0.001	0.4583	1	0.0094
0.0094	0.0357	-0.0339	0.0521	0.0288	0.9622	-0.2041	-0.1801	105	107	33	2	2	0.001	0.4583	0	0.0094
0.0094	0.0434	-0.0001	0.0607	0.0127	0.8865	-0.2188	-0.4077	106	108	33	2	3	0.0044	0.225	0	0.0148
0.0094	0.0421	0.037	0.0573	-0.0021	0.9739	0.1295	0.1862	107	109	33	2	4	0.0031	0.375	0	0.0086
0.0094	0.0266	0.0787	0.0621	-0.0042	0.9861	-0.144	0.0828	108	110	33	2	5	0.01	0.05	0	0.01
0.0094	0.0186	0.0821	0.0621	0.0134	0.5535	-0.0568	0.8309	109	0	33	2	6	0.01	0.05	0	0.01
0.0143	0.1013	-0.015	0.0232	-0.0094	0.8094	0.5829	-0.0711	26	112	38	2	1	0.0075	0.4583	0	0.0143
0.0143	0.0191	0.065	0.0824	-0.0077	-0.4998	0.8576	-0.1217	111	113	38	2	2	0.0011	0.2917	0	0.0101
0.0143	0.0203	0.0723	0.092	-0.0219	0.5537	0.7472	0.3674	112	114	38	2	3	0.0009	0.2917	0	0.0135
0.0143	0.0087	0.0755	0.1114	-0.0171	0.4707	0.4221	-0.7748	113	115	38	2	4	0.0063	0.375	0	0.0084
0.0143	0.0234	0.0785	0.1155	-0.0226	0.4421	0.8962	0.0362	114	116	38	2	5	0.01	0.05	0	0.01
0.0143	0.0092	0.0915	0.1371	-0.021	0.2219	0.2583	-0.9402	115	0	38	2	6	0.01	0.05	0	0.01
0.0084	0.0507	0.1231	-0.032	0.0327	0.5404	0.7412	-0.3983	28	118	54	2	1	0.0025	0.5	0	0.0084
0.0084	0.0091	0.1487	0.0015	0.0173	-0.8127	0.5572	0.1704	117	0	54	2	2	0.01	0.05	0	0.01
0.011	0.0442	0.123	-0.1772	0.0643	-0.6274	0.6811	0.3775	37	120	61	2	1	0.0019	0.4583	0	0.011
0.011	0.0238	0.0908	-0.1512	0.0649	-0.6111	0.7909	-0.0325	119	121	61	2	2	0.0008	0.3333	0	0.0102
0.011	0.0409	0.0782	-0.1289	0.0586	-0.9117	-0.1183	-0.3934	120	122	61	2	3	0.0007	0.2917	0	0.0075
0.011	0.0267	0.0409	-0.1336	0.0427	-0.8851	-0.4652	-0.012	121	123	61	2	4	0.0012	0.25	0	0.0087
0.011	0.0118	0.0241	-0.1334	0.0364	-0.5786	-0.0698	-0.8126	122	124	61	2	5	0.01	0.05	0	0.01
0.011	0.044	0.0194	-0.1322	0.0394	-0.514	-0.8292	0.2196	123	125	61	2	6	0.0015	0.25	0	0.0119
0.011	0.0328	-0.0066	-0.1655	0.0392	0.1687	0.9523	0.2544	124	126	61	2	7	0.001	0.4167	0	0.0116
0.011	0.023	-0.0065	-0.1316	0.0375	-0.8132	0.2679	0.5166	125	127	61	2	8	0.0013	0.375	0	0.0122
0.011	0.0158	-0.0226	-0.1369	0.0507	-0.9443	-0.1788	0.2763	126	0	61	2	9	0.01	0.05	0	0.01
0.0081	0.0341	0.2232	-0.1918	0.0759	0.254	0.9361	0.2434	44	129	67	2	1	0.0012	0.3333	1	0.0103
0.0079	0.0263	0.2318	-0.1598	0.0842	0.4543	0.7726	0.4435	128	130	67	2	2	0.0012	0.3333	0	0.0103
0.0074	0.022	0.2363	-0.1429	0.0949	-0.3125	0.8297	-0.4625	129	131	67	2	3	0.001	0.25	0	0.0116
0.0063	0.0133	0.2219	-0.143	0.089	0.1132	0.184	0.9764	130	132	67	2	4	0.01	0.05	0	0.01
0.0055	0.0141	0.2284	-0.1419	0.0998	0.1939	0.9718	-0.1342	131	133	67	2	5	0.01	0.05	0	0.01
0.0045	0.0141	0.2287	-0.1275	0.0966	0.0961	0.951	0.2939	132	134	67	2	6	0.0012	0.125	0	0.01
0.0036	0.0113	0.2283	-0.1132	0.1004	0.1166	0.5077	0.8536	133	0	67	2	7	0.0017	0.125	0	0.01
0.0058	0.0702	0.3594	-0.1958	0.2086	-0.7326	0.6763	0.0769	53	136	71	2	1	0.0017	0.4167	0	0.0058
0.0073	0.0289	0.3014	-0.1545	0.2116	-0.6352	0.4329	0.6397	135	137	71	2	2	0.001	0.3333	0	0.0086
0.0067	0.0226	0.2821	-0.142	0.2272	-0.8177	0.5057	0.2751	136	138	71	2	3	0.01	0.05	0	0.01
0.0065	0.0266	0.2619	-0.133	0.2307	-0.8887	0.4211	0.181	137	139	71	2	4	0.01	0.05	0	0.01
0.0063	0.0136	0.2721	-0.1353	0.2298	-0.3979	-0.8426	-0.3628	138	0	71	2	5	0.01	0.05	0	0.01
0.0133	0.0303	0.3689	-0.1861	0.2016	-0.0361	0.99	-0.1363	54	141	72	2	1	0.0011	0.3333	1	0.0116
0.0133	0.0395	0.3678	-0.1562	0.1975	-0.7467	0.6432	0.1696	140	142	72	2	2	0.0011	0.3333	0	0.0116
0.0133	0.0313	0.3508	-0.1274	0.201	-0.1954	0.9495	0.2456	141	143	72	2	3	0.01	0.05	0	0.01
0.0133	0.0133	0.3351	-0.0991	0.1947	0.2116	0.9478	-0.2384	142	144	72	2	4	0.01	0.05	0	0.01
0.0133	0.0313	0.3429	-0.0953	0.2095	0.123	0.904	0.4096	143	145	72	2	5	0.0006	0.4167	0	0.0133
0.0133	0.0208	0.3439	-0.0922	0.1756	-0.1724	0.8717	-0.4587	144	146	72	2	6	0.01	0.05	0	0.01
0.0133	0.0281	0.3274	-0.0855	0.1928	-0.5503	0.83	0.0907	145	0	72	2	7	0.01	0.05	0	0.01
0.0045	0.0773	-0.1249	0.1133	-0.0667	0.0461	0.9986	0.0276	55	148	75	2	1	0.0024	0.25	0	0.0166
0.0025	0.0072	-0.1196	0.1904	-0.0659	0.0693	0.9973	-0.0224	147	149	75	2	2	0.0029	0.125	0	0.01
0.0025	0.0263	-0.1212	0.1979	-0.0641	0.1047	0.9943	-0.0202	148	0	75	2	3	0.0017	0.15	0	0.01
0.01	0.0286	-0.0203	0.1903	-0.0329	0.349	-0.9314	-0.103	58	151	31	2	1	0.0017	0.4167	0	0.01
0.01	0.0292	-0.0071	0.161	-0.0378	0.6662	0.2801	0.6912	150	152	31	2	2	0.0008	0.4167	0	0.0106
0.01	0.0099	0.0098	0.1767	-0.0193	-0.4175	0.0637	0.9064	151	0	31	2	3	0.01	0.05	0	0.01
0.0085	0.0279	0.0297	0.1806	-0.0243	0.6937	-0.7094	-0.125	63	154	34	2	1	0.01	0.05	1	0.01
0.0085	0.0257	0.0491	0.1608	-0.0278	0.8091	-0.5831	0.0729	153	155	34	2	2	0.01	0.05	0	0.01
0.0085	0.0111	0.0645	0.1371	-0.0213	0.8191	-0.2246	0.5278	154	156	34	2	3	0.01	0.05	0	0.01
0.0085	0.0112	0.0737	0.1346	-0.0154	-0.5034	-0.8552	-0.1234	155	0	34	2	4	0.01	0.05	0	0.01
0.0094	0.0659	0.0162	0.2514	-0.0139	-0.9113	-0.2748	0.3065	59	158	41	2	1	0.01	0.05	0	0.01
0.0094	0.0359	-0.0433	0.2381	-0.0028	-0.7292	0.6237	0.2816	157	159	41	2	2	0.0014	0.3333	0	0.0116
0.0094	0.014	-0.0694	0.2643	0.0064	-0.9591	0.0827	0.2708	158	160	41	2	3	0.01	0.05	0	0.01
0.0094	0.0022	-0.0709	0.256	0.0114	-0.5607	-0.6382	0.5275	159	0	41	2	4	0.01	0.05	0	0.01
0.0066	0.0709	-0.2006	0.0246	-0.1063	-0.9244	0.3796	-0.0377	70	162	76	2	1	0.0009	0.375	0	0.0081
0.0066	0.0422	-0.2587	0.0585	-0.1063	-0.549	0.7319	-0.4035	161	163	76	2	2	0.0045	0.5417	0	0.0066
0.0066	0.0349	-0.285	0.0812	-0.1278	-0.5052	0.5497	-0.6653	162	0	76	2	3	0.01	0.05	0	0.01
0.0025	0.047	-0.0868	0.1164	-0.038	0.5946	0.4113	0.6908	78	165	26	2	1	0.0066	0.325	1	0.01
0.0025	0.0159	-0.0635	0.129	-0.0073	0.7108	-0.3288	-0.6218	164	0	26	2	2	0.01	0.05	0	0.01
0.0071	0.0495	-0.0872	-0.069	-0.0252	-0.8588	0.4646	0.2159	89	167	32	2	1	0.0019	0.3333	1	0.0071
0.0071	0.0452	-0.1297	-0.046	-0.0145	-0.9291	0.3688	-0.026	166	168	32	2	2	0.0019	0.3333	0	0.0071
0.0073	0.0513	-0.1738	-0.0315	-0.0219	0.1959	0.9026	-0.3833	167	169	32	2	3	0.0032	0.25	0	0.0357
0.0061	0.0218	-0.1673	0.0156	-0.0347	-0.161	0.9659	-0.203	168	170	32	2	4	0.01	0.05	0	0.01
0.0055	0.0167	-0.1704	0.0222	-0.0511	-0.0706	0.6335	-0.7705	169	171	32	2	5	0.01	0.05	0	0.01
0.0048	0.0197	-0.1587	0.0236	-0.0626	0.3358	0.3551	-0.8724	170	172	32	2	6	0.0015	0.175	0	0.01
0.0039	0.0019	-0.1474	0.0362	-0.0639	0.6262	0.6598	-0.4154	171	0	32	2	7	0.0025	0.15	0	0.01
0.0082	0.0454	-0.0451	0.0575	0.0197	-0.0411	0.8511	-0.5234	105	174	36	3	1	0.0023	0.4167	0	0.0082
0.0089	0.0338	-0.0534	0.0866	-0.0161	0.0261	0.7748	-0.6317	173	175	36	3	2	0.0083	0.3125	0	0.0129
0.0089	0.0114	-0.049	0.1235	-0.0296	-0.2769	0.6241	-0.7306	174	176	36	3	3	0.0036	0.625	0	0.0094
0.0084	0.0207	-0.0397	0.1161	-0.0419	0.5609	0.6298	-0.5373	175	177	36	3	4	0.01	0.05	0	0.01
0.0082	0.0326	-0.0346	0.113	-0.0447	-0.5133	0.5461	0.6621	176	0	36	3	5	0.0023	0.3333	0	0.0073
0.009	0.015	0.0361	0.0524	0.0059	0.8763	0.4814	0.0188	108	179	37	3	1	0.0024	0.375	0	0.0099
0.009	0.0137	0.0377	0.0581	0.0029	-0.2282	-0.2934	0.9283	178	180	37	3	2	0.01	0.05	0	0.01
0.009	0.0248	0.0356	0.056	0.0177	0.9203	-0.0632	-0.386	179	181	37	3	3	0.01	0.05	0	0.01
0.009	0.021	0.0584	0.0544	0.0081	0.4601	-0.8609	0.2169	180	0	37	3	4	0.01	0.05	0	0.01
0.0104	0.0264	0.0243	-0.1229	0.0325	-0.4359	0.8815	0.1814	123	183	64	3	1	0.0025	0.375	0	0.0112
0.0102	0.0129	0.0108	-0.1096	0.0386	0.9599	-0.1638	0.2276	182	184	64	3	2	0.01	0.05	0	0.01
0.0101	0.0162	0.0225	-0.1141	0.0386	0.7431	0.4276	-0.5147	183	185	64	3	3	0.01	0.05	0	0.01
0.01	0.0213	0.0346	-0.1071	0.0303	0.246	0.9669	0.0676	184	0	64	3	4	0.01	0.05	0	0.01
0.0041	0.0211	0.2265	-0.1793	0.0708	-0.1203	-0.41	-0.9041	128	187	69	3	1	0.0009	0.375	1	0.0108
0.0041	0.0417	0.2247	-0.1903	0.0553	-0.2765	0.769	0.5763	186	188	69	3	2	0.0049	0.3	0	0.0108
0.0025	0.0079	0.2176	-0.1583	0.0639	0.9625	-0.0122	0.2711	187	0	69	3	3	0.0047	0.175	0	0.01
0.0103	0.0323	-0.1232	0.1651	-0.0608	0.8041	-0.0509	0.5923	147	190	11	3	1	0.003	0.5833	0	0.0103
0.0103	0.0472	-0.0971	0.1495	-0.0417	0.7453	0.0077	0.6667	189	191	11	3	2	0.0082	0.375	0	0.0124
0.0103	0.0377	-0.0598	0.1412	-0.0215	0.626	-0.558	0.5447	190	192	11	3	3	0.01	0.05	0	0.01
0.0103	0.0149	-0.0709	0.142	-0.0232	-0.6587	-0.6362	0.4017	191	193	11	3	4	0.01	0.05	0	0.01
0.0103	0.0164	-0.0729	0.1499	-0.0157	-0.2896	0.0471	0.956	192	0	11	3	5	0.01	0.05	0	0.01
0.0036	0.0368	-0.1678	-0.0331	-0.0158	-0.1601	-0.9651	0.2074	167	195	42	3	1	0.005	0.25	0	0.0087
0.0025	0.0184	-0.1726	-0.0681	-0.0137	-0.678	-0.707	-0.2011	194	196	42	3	2	0.0063	0.1	0	0.01
0.0025	0.0113	-0.1828	-0.082	-0.0175	0.1568	0.4986	-0.8525	195	0	42	3	3	0.0023	0.125	0	0.01
0.0025	0.0361	-0.0431	0.053	0.0164	-0.6665	-0.7112	-0.2237	173	198	78	4	1	0.0074	0.275	1	0.01
0.0025	0.0237	-0.0732	0.0265	0.0068	0.1777	-0.9734	-0.1445	197	199	78	4	2	0.0051	0.2	0	0.01
0.0025	0.0108	-0.0685	0.004	0.0035	0.0064	0.2269	-0.9739	198	0	78	4	3	0.0031	0.15	0	0.01
