radius (m)	length (m)	start_point	axis_direction	parent	extension	branch	branch_order	position_in_branch	mad	SurfCov	added	UnmodRadius (m)
0.0141	0.0829	0.2948	-0.2292	-0.0328	-0.9359	-0.3473	0.0591	0	2	1	0	1	0.0034	0.5	0	0.0141
0.0121	0.067	0.2159	-0.2505	-0.0204	-0.9823	-0.1866	0.0173	1	3	1	0	2	0.0019	0.4583	0	0.012
0.018	0.1351	0.1383	-0.2647	-0.0305	-0.4234	0.8517	0.3089	2	4	1	0	3	0.0017	0.3	0	0.0209
0.0115	0.0864	0.0807	-0.1461	0.0004	-0.9979	0.0346	0.054	3	5	1	0	4	0.0014	0.5	0	0.01
0.0189	0.0808	-0.0039	-0.1433	0.0193	-0.4278	0.9018	0.0614	4	6	1	0	5	0.0027	0.275	0	0.0415
0.0135	0.0644	-0.0552	-0.0785	0.0005	-0.318	0.943	-0.0976	5	7	1	0	6	0.0019	0.5	0	0.0135
0.0149	0.0451	-0.1026	-0.0303	0.0008	-0.4092	0.9103	0.0626	6	8	1	0	7	0.001	0.2917	0	0.0168
0.0133	0.0739	-0.1207	0.0134	-0.011	0.303	0.9375	0.171	7	0	1	0	8	0.0068	0.3542	0	0.0139
0.0115	0.0931	0.1482	-0.2527	-0.0131	-0.992	-0.0393	0.1198	2	10	2	1	1	0.007	0.35	0	0.0216
0.0115	0.1344	0.0454	-0.2547	0.0326	-0.935	-0.2265	-0.2727	9	11	2	1	2	0.0205	0.3714	0	0.0333
0.0115	0.0616	-0.0957	-0.2817	0.0346	-0.2656	-0.9639	-0.0184	10	12	2	1	3	0.0054	0.375	0	0.0199
0.0115	0.064	-0.1212	-0.3382	0.0374	-0.1925	-0.9531	0.2337	11	0	2	1	4	0.0032	0.25	0	0.02
0.0155	0.1841	0.1521	-0.2519	-0.0284	0.9389	0.3437	-0.0168	3	14	14	1	1	0.0012	0.3333	1	0.0155
0.0155	0.0349	0.3249	-0.1886	-0.0315	0.9434	0.2625	0.2029	13	15	14	1	2	0.0012	0.3333	0	0.0155
0.0163	0.0548	0.3736	-0.1702	-0.0154	0.4015	-0.8916	0.2096	14	16	14	1	3	0.0018	0.3333	0	0.0174
0.0111	0.0695	0.3941	-0.2195	-0.015	0.4097	-0.912	-0.0171	15	17	14	1	4	0.0016	0.4167	0	0.0104
0.0138	0.07	0.4344	-0.2795	-0.0108	0.2436	-0.9664	0.0825	16	18	14	1	5	0.0018	0.4167	0	0.0138
0.0143	0.0458	0.4501	-0.3536	-0.0077	0.9815	-0.1905	-0.0194	17	19	14	1	6	0.0018	0.2917	0	0.0164
0.0118	0.0659	0.4951	-0.3624	-0.0057	0.609	0.7932	-0.0052	18	0	14	1	7	0.0017	0.375	0	0.0118
0.0158	0.2437	-0.0128	-0.0842	0.015	-0.1489	0.9862	-0.072	5	21	4	1	1	0.0019	0.375	1	0.0148
0.0158	0.0876	-0.0491	0.1561	-0.0026	-0.5376	0.832	0.1368	20	22	4	1	2	0.0019	0.375	0	0.0148
0.0158	0.113	-0.0833	0.2503	0.0178	-0.8183	0.5544	-0.1519	21	23	4	1	3	0.0018	0.4375	0	0.0158
0.0174	0.0661	-0.1965	0.317	0.0109	0.0049	0.9343	-0.3566	22	24	4	1	4	0.002	0.3333	0	0.0214
0.0167	0.1111	-0.2316	0.3994	0.0073	0.4263	0.8891	-0.1666	23	25	4	1	5	0.002	0.625	0	0.0167
0.0159	0.081	-0.1896	0.5176	-0.0114	0.9547	0.264	-0.1371	24	0	4	1	6	0.0022	0.3438	0	0.0159
0.0025	0.0761	-0.0425	-0.0741	0.0016	-0.0315	0.9958	-0.0863	6	27	9	1	1	0.0072	0.0571	0	0.01
0.0025	0.065	-0.0482	0.0023	-0.0038	0.246	0.956	0.1599	26	0	9	1	2	0.017	0.16	0	0.01
0.0041	0.0807	-0.1287	0.0315	-0.0106	-0.4034	0.9149	0.0185	8	29	10	1	1	0.0025	0.2917	1	0.0098
0.0041	0.0613	-0.1608	0.1051	-0.0075	-0.214	0.9616	0.172	28	0	10	1	2	0.0055	0.275	0	0.0098
0.0089	0.1414	-0.179	0.345	0.001	0.9691	-0.2137	0.1231	23	31	11	2	1	0.0041	0.375	1	0.0259
0.0089	0.0755	-0.0453	0.321	0.0077	0.5493	-0.6352	-0.5429	30	0	11	2	2	0.0127	0.125	0	0.0259
0.0059	0.0886	-0.2047	0.3335	-0.0118	-0.3305	-0.8922	-0.3077	23	33	12	2	1	0.0027	0.25	1	0.0383
0.0059	0.1039	-0.2339	0.257	-0.0022	-0.5525	-0.8314	0.0591	32	0	12	2	2	0.0047	0.3333	0	0.0383
