radius (m)	length (m)	start_point	axis_direction	parent	extension	branch	branch_order	position_in_branch	mad	SurfCov	added	UnmodRadius (m)
0.0107	0.0582	-0.3409	0.5183	-0.0453	0.6065	0.7932	-0.0553	0	2	1	0	1	0.0021	0.375	0	0.0107
0.0135	0.0716	-0.3041	0.5659	-0.0561	0.9694	0.1139	0.2174	1	3	1	0	2	0.0023	0.3333	0	0.014
0.0103	0.0574	-0.221	0.5815	-0.0373	0.479	-0.8778	0.0037	2	4	1	0	3	0.0014	0.4583	0	0.0103
0.0103	0.0317	-0.1933	0.5258	-0.0352	0.9892	-0.0173	-0.1453	3	5	1	0	4	0.0008	0.375	0	0.0097
0.0147	0.0492	-0.1373	0.5377	-0.0543	0.179	0.5794	0.7951	4	6	1	0	5	0.005	0.2	0	0.0246
0.0121	0.0316	-0.1302	0.5688	-0.0144	0.5853	0.555	-0.5911	5	7	1	0	6	0.0015	0.375	0	0.0123
0.0103	0.0368	-0.1109	0.5927	-0.0298	0.9937	-0.0707	-0.0874	6	8	1	0	7	0.01	0.05	0	0.01
0.0103	0.0166	-0.0743	0.5901	-0.033	0.8028	0.5918	-0.0725	7	0	1	0	8	0.01	0.05	0	0.01
0.0087	0.1353	-0.1986	0.5172	-0.0288	0.7881	-0.6155	-0.0091	4	10	2	1	1	0.0015	0.5417	0	0.0087
0.0095	0.0796	-0.0885	0.4362	-0.034	0.6341	-0.766	0.1053	9	11	2	1	2	0.0016	0.375	0	0.0127
0.0069	0.0286	-0.0345	0.3766	-0.0231	0.3171	-0.9478	0.0324	10	12	2	1	3	0.003	0.5	0	0.0067
0.0094	0.0701	-0.0188	0.3529	-0.0071	0.1886	-0.9719	0.1411	11	13	2	1	4	0.0011	0.2083	0	0.019
0.0086	0.0305	0.0188	0.2952	-0.0112	0.4884	-0.8432	0.2246	12	14	2	1	5	0.0069	0.3438	0	0.0086
0.0095	0.0078	0.0213	0.2522	-0.0036	0.8021	-0.5659	0.1907	13	15	2	1	6	0.0066	0.4167	0	0.0107
0.0086	0.0384	0.0364	0.2509	0.0008	0.3043	-0.9488	0.0847	14	16	2	1	7	0.0045	0.4688	0	0.0086
0.0081	0.0532	0.0422	0.2089	0.0032	0.6778	-0.7319	0.0695	15	17	2	1	8	0.001	0.3333	0	0.0081
0.0074	0.0623	0.0788	0.1705	0.0083	0.7011	-0.713	0.0109	16	18	2	1	9	0.0009	0.4167	0	0.0074
0.0091	0.0358	0.1054	0.1162	0.0085	0.502	-0.8648	-0.0129	17	19	2	1	10	0.0037	0.3958	0	0.0091
0.0095	0.0287	0.1197	0.0848	0.0101	0.1545	-0.9848	0.0791	18	20	2	1	11	0.001	0.4167	0	0.0101
0.0079	0.0543	0.1266	0.057	0.0086	0.1872	-0.9823	0.0038	19	21	2	1	12	0.0009	0.375	0	0.0079
0.0068	0.0207	0.1277	0.0041	0.002	0.0207	-0.995	-0.0977	20	22	2	1	13	0.003	0.5	0	0.0057
0.0075	0.0539	0.1276	-0.014	-0.0021	-0.9765	-0.2138	0.0253	21	23	2	1	14	0.0009	0.4167	0	0.0075
0.0082	0.0649	0.0763	-0.0292	0.0053	-0.7729	-0.6085	-0.18	22	24	2	1	15	0.0008	0.4167	0	0.0082
0.0093	0.0447	0.0238	-0.0316	0.0017	-0.9951	-0.0454	-0.0879	23	25	2	1	16	0.012	0.225	0	0.0157
0.0093	0.0257	-0.0237	-0.0423	-0.0089	-0.8209	0.502	-0.2724	24	26	2	1	17	0.0009	0.2917	0	0.0108
0.0094	0.0524	-0.0549	-0.0475	-0.0166	-0.8659	0.4835	-0.1279	25	27	2	1	18	0.0048	0.3333	0	0.0105
0.0092	0.0272	-0.096	-0.0439	-0.022	-0.9658	-0.198	-0.1676	26	28	2	1	19	0.0053	0.3438	0	0.0095
0.0079	0.0354	-0.1253	-0.046	-0.0243	-0.7738	-0.6249	-0.1035	27	29	2	1	20	0.004	0.5	0	0.0079
0.0092	0.0347	-0.1482	-0.0749	-0.0357	-0.7883	-0.6107	0.0743	28	30	2	1	21	0.0015	0.25	0	0.0121
0.0095	0.0168	-0.1773	-0.0926	-0.0363	-0.8196	-0.5566	-0.1353	29	31	2	1	22	0.0046	0.5	0	0.0105
0.0084	0.0871	-0.1922	-0.1017	-0.0385	-0.164	-0.9847	0.0595	30	32	2	1	23	0.0011	0.5	0	0.0084
0.0087	0.0508	-0.2016	-0.1863	-0.028	-0.0196	-0.9723	0.2329	31	33	2	1	24	0.0009	0.2083	0	0.0087
0.0068	0.0423	-0.1968	-0.2313	-0.0202	0.6059	-0.7954	0.0117	32	34	2	1	25	0.0009	0.2917	0	0.0068
0.0093	0.0285	-0.1735	-0.2678	-0.022	0.6737	-0.7112	0.201	33	35	2	1	26	0.001	0.3333	0	0.0103
0.0093	0.0774	-0.1574	-0.2891	-0.0123	0.2864	-0.958	-0.0131	34	36	2	1	27	0.0009	0.375	0	0.0124
0.0089	0.0531	-0.129	-0.3612	-0.0008	0.1746	-0.9813	0.0808	35	37	2	1	28	0.001	0.3333	0	0.0091
0.0092	0.0306	-0.1271	-0.4145	-0.0024	0.0676	-0.9903	0.1216	36	38	2	1	29	0.0009	0.2917	0	0.0188
0.0092	0.0419	-0.1257	-0.4552	0.017	-0.5139	-0.7069	-0.486	37	39	2	1	30	0.0016	0.3333	0	0.0208
0.007	0.0625	-0.1431	-0.4807	0.0034	0.6349	-0.7692	0.0727	38	40	2	1	31	0.0008	0.375	0	0.007
0.0072	0.0501	-0.1013	-0.5261	0.0081	0.7863	-0.6156	0.0525	39	41	2	1	32	0.0008	0.375	0	0.0072
0.0094	0.051	-0.0674	-0.5613	0.0089	0.5808	-0.7987	0.1575	40	42	2	1	33	0.0011	0.4583	0	0.011
0.0067	0.0047	-0.0462	-0.6043	0.0202	0.2971	-0.9484	0.1112	41	43	2	1	34	0.0038	0.7083	0	0.0067
0.0095	0.0838	-0.0446	-0.6089	0.0217	0.969	-0.0617	-0.2394	42	44	2	1	35	0.0014	0.5417	0	0.0101
0.0091	0.0633	0.0357	-0.6201	0.0057	0.9061	-0.3218	-0.2748	43	45	2	1	36	0.001	0.3333	0	0.0145
0.009	0.0364	0.0682	-0.6513	0.0047	0.4876	-0.8549	0.1773	44	46	2	1	37	0.0106	0.25	0	0.0124
0.0086	0.0284	0.0878	-0.6832	0.0052	-0.3575	-0.9338	0.0161	45	47	2	1	38	0.001	0.375	0	0.0087
0.007	0.0217	0.0961	-0.7023	0.0143	0.3413	-0.9358	0.0877	46	48	2	1	39	0.0046	0.375	0	0.007
0.0085	0.0231	0.104	-0.7148	0.0155	0.9977	-0.0659	-0.0136	47	49	2	1	40	0.01	0.05	0	0.01
0.0085	0.0114	0.1147	-0.7312	0.0204	0.7866	-0.5956	0.1629	48	0	2	1	41	0.01	0.05	0	0.01
0.0095	0.0874	-0.2123	0.5865	-0.0351	0.2784	0.9483	0.1523	3	51	138	1	1	0.001	0.625	1	0.0095
0.0095	0.0817	-0.1879	0.6694	-0.0218	0.2741	0.9462	0.1719	50	52	138	1	2	0.001	0.625	0	0.0095
0.0097	0.0601	-0.1571	0.7439	-0.0104	0.3315	0.9402	0.0782	51	53	138	1	3	0.0033	0.1	0	0.0176
0.0095	0.0396	-0.1463	0.8044	-0.0085	0.3723	0.9176	0.1394	52	54	138	1	4	0.0028	0.3125	0	0.0054
0.0095	0.0204	-0.1189	0.8009	0.0006	-0.767	-0.2943	-0.5701	53	55	138	1	5	0.01	0.05	0	0.01
0.0095	0.0335	-0.1264	0.7982	-0.0142	-0.2365	0.9102	0.3401	54	0	138	1	6	0.01	0.05	0	0.01
0.0096	0.115	-0.2312	0.5611	-0.0429	0.1067	-0.9727	0.2062	2	57	4	1	1	0.0025	0.5	0	0.0096
0.012	0.0735	-0.2256	0.4558	-0.0376	-0.453	-0.879	-0.1485	56	58	4	1	2	0.0055	0.35	0	0.0125
0.0113	0.0593	-0.246	0.3905	-0.0419	-0.0372	-0.9988	-0.0316	57	59	4	1	3	0.0025	0.175	0	0.0203
0.0109	0.0274	-0.2577	0.3323	-0.0307	0.2379	-0.9392	0.2474	58	60	4	1	4	0.0027	0.275	0	0.0295
0.0064	0.0193	-0.2605	0.3021	-0.036	0.226	-0.9566	0.1842	59	61	4	1	5	0.0046	0.5	0	0.0062
0.0073	0.0367	-0.2558	0.2839	-0.0328	0.5611	-0.8245	-0.0736	60	0	4	1	6	0.01	0.05	0	0.01
0.0071	0.0857	-0.1169	0.5919	-0.0214	-0.028	0.9969	-0.0737	6	63	16	1	1	0.0016	0.5417	0	0.0071
0.0071	0.0289	-0.1129	0.6769	-0.0269	0.0964	0.971	-0.2187	62	64	16	1	2	0.01	0.05	0	0.01
0.0071	0.0217	-0.0983	0.6981	-0.0351	0.4482	0.845	-0.2918	63	0	16	1	3	0.01	0.05	0	0.01
0.0081	0.0618	-0.0616	0.3889	-0.0276	-0.7023	-0.7118	0.0085	10	66	6	2	1	0.003	0.4583	0	0.0081
0.009	0.0401	-0.1081	0.3553	-0.0197	-0.966	-0.1314	-0.2225	65	67	6	2	2	0.001	0.2917	0	0.0095
0.0089	0.0301	-0.1452	0.3469	-0.0263	-0.8399	-0.5309	-0.1124	66	68	6	2	3	0.01	0.05	0	0.01
0.0089	0.0588	-0.1785	0.337	-0.0375	-0.7786	-0.4075	0.4772	67	69	6	2	4	0.0124	0.2	0	0.0262
0.008	0.0599	-0.2119	0.3065	-0.0293	-0.4387	-0.8984	0.0212	68	70	6	2	5	0.0009	0.375	0	0.008
0.0088	0.0612	-0.2297	0.2549	-0.0295	0.2677	-0.9565	0.116	69	71	6	2	6	0.0037	0.1667	0	0.0176
0.0064	0.0201	-0.2086	0.1989	-0.022	0.4718	-0.8816	0.0092	70	72	6	2	7	0.0046	0.5313	0	0.0053
0.0086	0.0319	-0.1955	0.1843	-0.0176	0.6378	-0.7702	0.0047	71	73	6	2	8	0.0006	0.3333	0	0.0089
0.0078	0.0594	-0.1763	0.1577	-0.0168	0.8648	-0.501	-0.0344	72	74	6	2	9	0.0008	0.3333	0	0.0078
0.0083	0.0156	-0.136	0.1198	-0.0214	0.5981	-0.7978	-0.0756	73	75	6	2	10	0.0033	0.375	0	0.0085
0.0085	0.0748	-0.1242	0.1054	-0.0274	-0.5963	-0.8022	0.0303	74	76	6	2	11	0.0012	0.375	0	0.0092
0.006	0.0397	-0.1665	0.0433	-0.0274	-0.6851	-0.7264	-0.0545	75	77	6	2	12	0.0024	0.425	0	0.006
0.0084	0.0365	-0.1953	0.0145	-0.0263	-0.483	-0.8476	-0.2197	76	78	6	2	13	0.0011	0.4167	0	0.0102
0.0082	0.0414	-0.2038	-0.0189	-0.0254	-0.207	-0.9767	-0.0563	77	79	6	2	14	0.0008	0.375	0	0.0111
0.007	0.0207	-0.2128	-0.0584	-0.0341	-0.0223	-0.9913	-0.13	78	80	6	2	15	0.0037	0.5	0	0.007
0.007	0.0083	-0.213	-0.0777	-0.039	-0.4808	-0.7403	-0.4698	79	81	6	2	16	0.01	0.05	0	0.01
0.0069	0.0215	-0.217	-0.0838	-0.0429	-0.8759	-0.4821	0.0177	80	0	6	2	17	0.01	0.05	0	0.01
0.009	0.0325	-0.0564	0.4098	-0.0244	0.7518	0.3514	0.5579	10	83	139	2	1	0.0031	0.3333	1	0.0099
0.009	0.0623	-0.0319	0.4212	-0.0062	0.9416	0.1536	-0.2998	82	84	139	2	2	0.0031	0.3333	0	0.0099
0.009	0.0421	0.0375	0.4313	-0.0101	0.5636	0.7055	-0.4296	83	85	139	2	3	0.0049	0.275	0	0.0222
0.009	0.0719	0.0594	0.4634	-0.0059	0.9513	-0.2893	0.1062	84	86	139	2	4	0.0012	0.4167	0	0.0125
0.0084	0.0552	0.1277	0.4409	-0.0025	0.9402	-0.3279	0.0922	85	87	139	2	5	0.0009	0.375	0	0.0084
0.009	0.0418	0.1802	0.4241	0.0048	0.8248	-0.5598	0.0792	86	88	139	2	6	0.0007	0.3333	0	0.0093
0.009	0.0617	0.2112	0.3943	-0.0062	0.7658	-0.6361	0.0943	87	89	139	2	7	0.0012	0.5	0	0.0105
0.0083	0.0208	0.2553	0.3531	-0.0024	0.5036	-0.8625	0.0487	88	90	139	2	8	0.0013	0.4167	0	0.0083
0.009	0.0464	0.2644	0.3346	0.0029	-0.5157	-0.8174	-0.2567	89	91	139	2	9	0.0008	0.2917	0	0.0133
0.0089	0.0242	0.2537	0.2955	0.0027	-0.3625	-0.8747	0.3218	90	92	139	2	10	0.0015	0.25	0	0.0114
0.0089	0.0392	0.2407	0.2718	0.0084	0.5921	-0.7629	-0.2596	91	93	139	2	11	0.0013	0.2917	0	0.0097
0.0089	0.0395	0.2671	0.2404	0.0045	0.2861	-0.8931	-0.3473	92	94	139	2	12	0.0008	0.2917	0	0.0091
0.0081	0.0592	0.2811	0.2064	-0.0012	0.5711	-0.8178	-0.0712	93	95	139	2	13	0.0054	0.3125	0	0.0081
0.0089	0.0266	0.3178	0.1609	-0.0077	0.7433	-0.6587	0.1168	94	96	139	2	14	0.004	0.375	0	0.0096
0.0079	0.0906	0.3399	0.1521	-0.002	0.966	-0.2582	-0.0078	95	97	139	2	15	0.0037	0.2969	0	0.0079
0.0085	0.0582	0.4266	0.1246	-0.0002	0.984	-0.1728	0.0433	96	98	139	2	16	0.01	0.05	0	0.01
0.0087	0.0437	0.4681	0.15	-0.0014	0.9146	0.3999	-0.0592	97	99	139	2	17	0.0018	0.2	0	0.0159
0.0087	0.0516	0.4754	0.1917	0.0128	0.6316	0.7651	0.1252	98	100	139	2	18	0.001	0.375	0	0.0097
0.0085	0.0473	0.5123	0.1878	0.011	0.9894	0.0733	0.1253	99	101	139	2	19	0.0028	0.1667	0	0.0137
0.0081	0.033	0.5493	0.1571	0.0105	0.9617	-0.274	0.0086	100	102	139	2	20	0.0047	0.3125	0	0.0082
0.0059	0.0402	0.5784	0.1447	0.0108	0.7787	-0.6249	-0.0551	101	103	139	2	21	0.0026	0.425	0	0.0052
0.0058	0.0423	0.6132	0.1256	0.0129	0.877	-0.4761	-0.0638	102	104	139	2	22	0.0024	0.3542	0	0.0053
0.0084	0.0191	0.6506	0.1252	0.0102	0.9991	-0.0146	0.0392	103	105	139	2	23	0.0045	0.4063	0	0.0109
0.0081	0.0669	0.6456	0.1404	0.0199	0.5199	0.8513	-0.0704	104	106	139	2	24	0.012	0.35	0	0.0089
0.0054	0.0072	0.7045	0.1842	0.0141	0.4788	0.8765	0.0499	105	107	139	2	25	0.0084	0.3438	0	0.0048
0.0052	0.0477	0.6933	0.2048	0.0131	0.6975	0.7152	-0.0447	106	108	139	2	26	0.0049	0.325	0	0.0048
0.0052	0.0323	0.7421	0.2266	0.0123	0.6245	0.7806	-0.0265	107	109	139	2	27	0.0062	0.275	0	0.0052
0.0068	0.0301	0.7649	0.2415	0.017	0.9633	0.2633	0.0523	108	110	139	2	28	0.01	0.05	0	0.01
0.0075	0.0079	0.7922	0.2491	0.003	0.9939	0.0206	-0.1086	109	111	139	2	29	0.0016	0.2917	0	0.0095
0.0076	0.0301	0.8007	0.2472	0.0072	0.9088	-0.3339	-0.2502	110	112	139	2	30	0.0007	0.3333	0	0.009
0.0061	0.0526	0.8275	0.2357	0.0112	0.9979	-0.0486	0.0423	111	113	139	2	31	0.003	0.4063	0	0.0061
0.0062	0.051	0.8745	0.2462	0.0097	0.9096	0.4059	0.0884	112	114	139	2	32	0.01	0.05	0	0.01
0.0061	0.0301	0.885	0.2247	0.0127	0.75	-0.6453	0.1452	113	0	139	2	33	0.01	0.05	0	0.01
0.0025	0.067	0.0265	0.2208	-0.0055	-0.998	0.0623	-0.0078	16	0	20	2	1	0.01	0.05	0	0.01
0.0074	0.0401	0.0768	0.1631	0.0051	-0.8039	-0.5727	0.1604	17	117	27	2	1	0.003	0.4583	0	0.0106
0.0074	0.0305	0.0451	0.1401	0.0037	-0.8192	0.5702	-0.0612	116	118	27	2	2	0.0008	0.625	0	0.0074
0.0074	0.0613	0.0198	0.1563	0.0046	-0.9582	0.2861	0.0033	117	119	27	2	3	0.0008	0.5417	0	0.0077
0.0074	0.0773	-0.0394	0.1744	0.008	-0.8966	0.3949	-0.2006	118	120	27	2	4	0.0013	0.5	0	0.0083
0.0074	0.0381	-0.0993	0.216	-0.0104	-0.7718	0.6097	-0.1808	119	121	27	2	5	0.004	0.375	0	0.0073
0.0074	0.0002	-0.1141	0.2403	-0.0175	-0.0803	0.9932	-0.084	120	0	27	2	6	0.0024	0.2917	0	0.009
0.0104	0.0979	0.0706	0.189	0.002	0.936	0.3164	0.1541	16	123	39	2	1	0.0021	0.4167	0	0.0104
0.0104	0.0256	0.1612	0.2101	0.0094	0.9964	-0.0494	-0.0695	122	124	39	2	2	0.0011	0.3333	0	0.0107
0.0104	0.0373	0.1837	0.2113	0.0089	0.5091	0.8007	-0.3158	123	125	39	2	3	0.0006	0.375	0	0.0113
0.0104	0.0238	0.2114	0.2376	0.0086	0.1677	0.9703	0.1744	124	126	39	2	4	0.0008	0.2083	0	0.0099
0.0104	0.0216	0.2137	0.2605	0.0167	0.0916	0.9917	0.0902	125	0	39	2	5	0.0024	0.3333	0	0.0139
0.0075	0.0546	0.1354	0.034	0.0021	0.8201	0.4821	0.308	20	128	40	2	1	0.0022	0.375	0	0.0085
0.0075	0.0552	0.1801	0.0619	0.0196	0.9735	0.1263	-0.1908	127	129	40	2	2	0.0012	0.4583	0	0.0082
0.0075	0.0241	0.234	0.0612	0.0053	0.9849	-0.0553	0.1638	128	130	40	2	3	0.0034	0.225	0	0.0132
0.006	0.0382	0.2584	0.0599	0.0107	0.6088	-0.7579	-0.2344	129	131	40	2	4	0.0038	0.4688	0	0.006
0.0073	0.0362	0.2842	0.037	-0.0014	0.9145	-0.4024	-0.0426	130	132	40	2	5	0.0008	0.2917	0	0.0073
0.0073	0.0298	0.3133	0.0136	-0.0007	0.9049	-0.4225	-0.0508	131	133	40	2	6	0.0045	0.3125	0	0.011
0.0071	0.0783	0.332	-0.002	0.0023	0.3676	-0.9281	0.0602	132	134	40	2	7	0.0048	0.2708	0	0.0104
0.0066	0.0464	0.3711	-0.0707	0.0078	0.3362	-0.9312	0.1405	133	135	40	2	8	0.01	0.05	0	0.01
0.0064	0.0321	0.3508	-0.1095	0.0028	-0.1236	-0.9923	0.0047	134	136	40	2	9	0.01	0.05	0	0.01
0.0063	0.0081	0.3576	-0.0659	-0.0004	-0.9733	0.1294	-0.1895	135	0	40	2	10	0.01	0.05	0	0.01
0.0083	0.0743	0.1208	0.052	0.0042	-0.9983	-0.034	0.0474	20	138	44	2	1	0.0015	0.5417	0	0.0083
0.0083	0.0446	0.046	0.0508	0.0063	-0.8375	-0.5318	-0.1252	137	139	44	2	2	0.001	0.4583	0	0.0087
0.0083	0.0337	-0.0053	0.0424	-0.0037	-0.7244	-0.6831	-0.0932	138	140	44	2	3	0.0053	0.325	0	0.007
0.0083	0.072	-0.0231	0.0303	-0.0069	-0.8431	0.5115	-0.1658	139	141	44	2	4	0.0042	0.2708	0	0.0078
0.0083	0.0017	-0.0819	0.0691	-0.0174	-0.7121	0.7004	-0.0485	140	0	44	2	5	0.01	0.05	0	0.01
0.0075	0.0845	0.1289	0.0077	0.0101	0.0745	-0.9907	-0.1135	20	143	46	2	1	0.002	0.14	1	0.0136
0.0074	0.0474	0.1325	-0.0783	-0.0068	-0.5576	-0.7175	0.4175	142	144	46	2	2	0.0061	0.225	0	0.0136
0.0073	0.0312	0.1064	-0.1111	0.0058	-0.4118	-0.8962	-0.165	143	145	46	2	3	0.0012	0.375	0	0.0097
0.0062	0.0094	0.1036	-0.1473	0.004	-0.6086	-0.7855	-0.1121	144	146	46	2	4	0.0056	0.4583	0	0.0062
0.0068	0.0156	0.0938	-0.152	0.0054	-0.413	-0.8685	0.2741	145	0	46	2	5	0.0021	0.3333	0	0.0077
0.0092	0.0912	0.021	-0.0826	-0.006	-0.2898	-0.9539	0.0781	23	148	47	2	1	0.001	0.375	0	0.008
0.0092	0.0625	-0.01	-0.1742	0.0083	0.7178	-0.6961	0.009	147	149	47	2	2	0.0012	0.5833	0	0.0092
0.0092	0.0507	0.0202	-0.2091	0.0218	-0.6119	-0.7679	-0.1894	148	150	47	2	3	0.0011	0.375	0	0.0157
0.0092	0.018	-0.0006	-0.2555	0	-0.7101	-0.6784	-0.1883	149	151	47	2	4	0.001	0.2917	0	0.0089
0.0092	0.0417	-0.0134	-0.2634	-0.004	-0.9646	-0.0306	-0.2618	150	152	47	2	5	0.0008	0.375	0	0.0079
0.0092	0.0657	-0.0445	-0.2541	-0.008	-0.7007	0.6989	-0.1434	151	153	47	2	6	0.0082	0.25	0	0.0075
0.0092	0.0357	-0.1021	-0.2186	-0.0222	-0.665	0.7467	-0.0116	152	154	47	2	7	0.0056	0.35	0	0.0101
0.0092	0.0407	-0.1245	-0.2141	-0.023	-0.9848	-0.0564	-0.1643	153	155	47	2	8	0.0095	0.2813	0	0.0058
0.0092	0.0306	-0.1668	-0.2038	-0.0314	-0.9598	-0.1972	-0.1999	154	156	47	2	9	0.01	0.05	0	0.01
0.0092	0.0375	-0.1822	-0.2297	-0.0325	-0.7956	-0.5927	-0.1257	155	0	47	2	10	0.01	0.05	0	0.01
0.0081	0.0301	-0.0941	-0.0529	-0.0228	0.9349	-0.3117	0.1698	27	158	61	2	1	0.0019	0.3333	0	0.0103
0.0081	0.0113	-0.0653	-0.0619	-0.0184	-0.7236	0.6213	-0.3006	157	0	61	2	2	0.0041	0.5	0	0.0081
0.0071	0.0578	-0.2006	-0.2325	-0.0256	-0.1581	-0.9855	-0.0614	32	160	71	2	1	0.0019	0.5417	0	0.0071
0.0081	0.068	-0.2108	-0.2948	-0.0333	-0.9367	-0.0636	0.3443	159	161	71	2	2	0.0048	0.425	0	0.0175
0.0075	0.0457	-0.2751	-0.3087	-0.0158	-0.9613	-0.1085	0.2533	160	162	71	2	3	0.0009	0.2917	0	0.0075
0.0066	0.0694	-0.3194	-0.3146	-0.0093	-0.9315	-0.339	0.1319	161	163	71	2	4	0.0028	0.3958	0	0.0066
0.0079	0.0344	-0.3813	-0.3414	0.0036	-0.8769	-0.3539	0.3253	162	164	71	2	5	0.0009	0.25	0	0.0088
0.0059	0.0517	-0.4149	-0.341	0.0107	-0.9424	-0.1574	0.2952	163	165	71	2	6	0.0024	0.7083	0	0.0059
0.008	0.0283	-0.4252	-0.3671	0.0112	-0.3367	-0.9124	0.2326	164	166	71	2	7	0.0011	0.4167	0	0.0089
0.008	0.0631	-0.4257	-0.3879	0.0097	0.4586	-0.8876	-0.0418	165	167	71	2	8	0.0016	0.3333	0	0.0108
0.008	0.0509	-0.398	-0.4298	0.0183	0.8645	0.3571	-0.3538	166	168	71	2	9	0.0041	0.2	0	0.0138
0.008	0.0476	-0.3427	-0.4356	0.0012	0.8962	0.4259	0.1245	167	169	71	2	10	0.0101	0.3	0	0.0083
0.0078	0.03	-0.3054	-0.4189	-0.0041	0.8937	-0.3003	-0.3333	168	170	71	2	11	0.01	0.05	0	0.01
0.008	0.0226	-0.2808	-0.434	0.0006	0.8367	-0.5389	-0.0973	169	171	71	2	12	0.0013	0.3333	0	0.0092
0.0079	0.0444	-0.2954	-0.4268	-0.0013	-0.5001	-0.8646	0.0476	170	172	71	2	13	0.0012	0.25	0	0.009
0.0079	0.0462	-0.3123	-0.4693	-0.0069	0.0299	-0.8723	0.488	171	173	71	2	14	0.0016	0.25	0	0.0101
0.0079	0.0411	-0.3187	-0.5058	0.0172	-0.3969	-0.892	0.2163	172	174	71	2	15	0.0011	0.25	0	0.01
0.0059	0.064	-0.3349	-0.5437	0.0191	-0.477	-0.865	0.1554	173	175	71	2	16	0.0034	0.3333	0	0.0052
0.0075	0.0217	-0.369	-0.5953	0.0319	-0.6729	-0.7308	0.1143	174	176	71	2	17	0.003	0.375	0	0.0075
0.0059	0.0377	-0.3706	-0.6173	0.0288	-0.4092	-0.9113	0.0452	175	177	71	2	18	0.0038	0.4063	0	0.0045
0.0059	0.0287	-0.3745	-0.6492	0.0314	0.2049	-0.9768	0.0614	176	178	71	2	19	0.0043	0.5	0	0.0058
0.0059	0.0384	-0.3827	-0.6783	0.0285	0.0913	-0.9944	-0.0531	177	179	71	2	20	0.0047	0.4375	0	0.0058
0.0066	0.0566	-0.3583	-0.7118	0.0289	0.2246	-0.9738	-0.0355	178	180	71	2	21	0.0044	0.3958	0	0.0066
0.0076	0.0275	-0.3348	-0.7542	0.0267	0.7601	-0.6497	-0.0109	179	181	71	2	22	0.0034	0.425	0	0.0077
0.0077	0.0241	-0.3303	-0.7781	0.032	0.0666	-0.7653	-0.6402	180	182	71	2	23	0.0063	0.2	0	0.0148
0.0076	0.04	-0.3327	-0.7921	0.0246	-0.7193	-0.6941	0.0289	181	183	71	2	24	0.0008	0.2917	0	0.0077
0.007	0.0479	-0.3616	-0.7967	0.0301	-0.9955	0.0118	-0.094	182	184	71	2	25	0.0084	0.3125	0	0.007
0.0075	0.0231	-0.4078	-0.7944	0.0275	-0.8228	0.5453	0.1597	183	185	71	2	26	0.01	0.05	0	0.01
0.0078	0.0233	-0.4177	-0.8066	0.0237	-0.5829	-0.4234	0.6935	184	186	71	2	27	0.0101	0.225	0	0.0273
0.0062	0.0905	-0.4323	-0.8143	0.024	-0.4215	-0.9014	-0.0991	185	187	71	2	28	0.0036	0.3542	0	0.0062
0.0078	0.0215	-0.4321	-0.8846	0.0196	0.2803	-0.9599	0.0069	186	188	71	2	29	0.0171	0.3438	0	0.0124
0.0078	0.0512	-0.4329	-0.9148	0.023	0.8222	-0.5571	0.117	187	189	71	2	30	0.0009	0.3333	0	0.009
0.0078	0.0313	-0.3944	-0.9465	0.0281	0.652	-0.7503	0.1097	188	190	71	2	31	0.0006	0.3333	0	0.0091
0.008	0.0523	-0.3759	-0.9711	0.0331	0.6289	-0.7204	0.2923	189	191	71	2	32	0.0009	0.5	0	0.0098
0.0067	0.0017	-0.3447	-1.0128	0.0443	0.7169	-0.6162	0.3261	190	192	71	2	33	0.0047	0.4583	0	0.0067
0.0073	0.0227	-0.3434	-1.0135	0.0448	0.9675	-0.0898	0.2363	191	193	71	2	34	0.01	0.05	0	0.01
0.0073	0.0333	-0.3214	-1.0155	0.0501	0.0667	-0.9911	0.1155	192	0	71	2	35	0.01	0.05	0	0.01
0.0025	0.0617	-0.1316	-0.3837	-0.001	0.6352	0.7671	-0.0899	36	195	73	2	1	0.0126	0.25	1	0.0085
0.0025	0.0262	-0.0763	-0.3497	-0.0059	0.6326	0.764	-0.1268	194	196	73	2	2	0.0048	0.2	0	0.0085
0.0025	0.0087	-0.0596	-0.3266	-0.0109	0.6207	0.3824	0.6845	195	0	73	2	3	0.0037	0.1	0	0.01
0.0093	0.0224	-0.1126	-0.4155	0.0098	0.6742	-0.4696	0.57	36	198	88	2	1	0.002	0.5833	1	0.0093
0.0093	0.0692	-0.0975	-0.426	0.0226	0.7535	-0.6572	-0.0187	197	199	88	2	2	0.002	0.5833	0	0.0093
0.0093	0.0238	-0.047	-0.473	0.0195	0.4723	-0.8491	0.2365	198	200	88	2	3	0.001	0.2917	0	0.0089
0.0093	0.0118	-0.034	-0.4904	0.0228	0.6456	-0.687	-0.3334	199	201	88	2	4	0.01	0.05	0	0.01
0.0093	0.024	-0.0264	-0.4985	0.0189	0.7653	-0.5549	0.3264	200	0	88	2	5	0.01	0.05	0	0.01
0.0142	0.0516	-0.1139	-0.506	0.0033	0.2997	0.8729	-0.3849	39	203	95	2	1	0.0023	0.4583	1	0.0142
0.0142	0.0433	-0.0984	-0.461	-0.0166	0.1516	-0.6318	0.7601	202	204	95	2	2	0.0023	0.4583	0	0.0142
0.0142	0.0323	-0.0903	-0.4977	0.0087	0.9592	-0.066	0.2749	203	0	95	2	3	0.01	0.05	0	0.01
0.0079	0.113	-0.1355	-0.4239	-0.0032	-0.6339	-0.7663	0.105	37	0	99	2	1	0.0022	0.4583	0	0.0079
0.0084	0.0123	-0.1254	-0.5113	0.0096	-0.605	-0.5921	0.5323	39	207	106	2	1	0.0027	0.4583	1	0.0084
0.0084	0.0425	-0.1328	-0.5186	0.0161	-0.6883	-0.7191	0.0958	206	208	106	2	2	0.0027	0.4583	0	0.0084
0.0084	0.078	-0.1589	-0.55	0.0286	-0.397	-0.9163	0.0516	207	209	106	2	3	0.0015	0.4583	0	0.0106
0.0084	0.0088	-0.1881	-0.6237	0.0287	-0.716	-0.6937	0.0786	208	210	106	2	4	0.01	0.05	0	0.01
0.0084	0.0065	-0.1929	-0.6246	0.0351	0.8026	-0.5308	0.272	209	0	106	2	5	0.01	0.05	0	0.01
0.0091	0.0212	-0.0441	-0.6074	0.0215	-0.5958	-0.6313	0.4964	41	212	109	2	1	0.0029	0.5	1	0.0091
0.0091	0.058	-0.0567	-0.6208	0.0321	-0.5045	-0.8309	-0.2349	211	213	109	2	2	0.0029	0.5	0	0.0091
0.0091	0.0135	-0.0884	-0.6665	0.0208	-0.7847	-0.6003	-0.1545	212	0	109	2	3	0.0025	0.2917	0	0.0082
0.0066	0.0488	0.1009	-0.6959	0.012	0.4719	0.8408	-0.2652	47	215	116	2	1	0.004	0.375	1	0.0118
0.0065	0.0414	0.1229	-0.6544	-0.0007	0.4021	0.9085	0.1141	214	216	116	2	2	0.0052	0.25	0	0.0118
0.0062	0.0348	0.1571	-0.621	0.0004	0.2176	0.9742	-0.0595	215	217	116	2	3	0.0091	0.3125	0	0.0104
0.0056	0.0434	0.1538	-0.5775	-0.0067	0.4803	0.7657	0.4278	216	218	116	2	4	0.01	0.25	0	0.0161
0.0044	0.0494	0.1836	-0.5474	0.0065	0.423	0.8877	0.182	217	219	116	2	5	0.01	0.05	0	0.01
0.0033	0.0447	0.1934	-0.5497	0.0087	-0.9713	0.2366	-0.0235	218	0	116	2	6	0.0027	0.175	0	0.01
0.0081	0.0771	0.1042	-0.7338	0.0189	-0.9609	-0.2436	-0.1313	49	221	117	2	1	0.0014	0.25	1	0.013
0.0075	0.0585	0.0295	-0.7478	0.014	-0.9918	0.0167	-0.1268	220	222	117	2	2	0.0036	0.225	0	0.013
0.0061	0.0338	-0.0264	-0.7371	0.0086	-0.9735	0.2189	-0.0662	221	223	117	2	3	0.01	0.05	0	0.01
0.0049	0.0486	-0.0441	-0.7569	0.01	-0.8733	-0.487	0.0114	222	224	117	2	4	0.0023	0.175	0	0.01
0.0034	0.0211	-0.0366	-0.7593	0.0113	-0.388	0.917	-0.0924	223	0	117	2	5	0.0009	0.125	0	0.01
0.0061	0.1008	-0.1795	0.7324	-0.012	-0.429	0.8975	0.1017	51	226	140	2	1	0.0018	0.4583	0	0.0061
0.0061	0.0275	-0.2298	0.8107	-0.0017	-0.8245	0.4749	-0.3078	225	227	140	2	2	0.0011	0.25	0	0.0093
0.0061	0.0149	-0.254	0.819	-0.0126	-0.3235	0.5067	-0.7991	226	0	140	2	3	0.0009	0.4583	0	0.0071
0.008	0.0717	-0.1224	0.3624	-0.0227	-0.6101	0.7914	-0.0373	66	229	8	3	1	0.0022	0.4583	0	0.008
0.008	0.0029	-0.1621	0.4201	-0.0244	-0.2661	0.9154	0.3022	228	0	8	3	2	0.01	0.05	0	0.01
0.0035	0.0703	-0.1499	0.3473	-0.0352	-0.1818	-0.9272	0.3276	67	231	141	3	1	0.01	0.2	0	0.0148
0.0025	0.0007	-0.1575	0.2871	-0.029	0.5522	-0.8302	-0.0771	230	232	141	3	2	0.0025	0.15	0	0.01
0.0025	0.0428	-0.1535	0.2874	-0.0247	0.1495	-0.9849	0.0867	231	0	141	3	3	0.0061	0.15	0	0.01
0.0077	0.0867	-0.2308	0.2789	-0.0222	-0.697	-0.7118	-0.087	69	234	13	3	1	0.0015	0.375	0	0.0101
0.0077	0.0518	-0.2993	0.2262	-0.0357	-0.7691	-0.6341	0.0802	233	235	13	3	2	0.0012	0.375	0	0.0114
0.0077	0.0518	-0.3305	0.1894	-0.0436	-0.3083	-0.9472	0.0878	234	236	13	3	3	0.0044	0.475	0	0.0077
0.0077	0.0931	-0.3637	0.174	-0.033	-0.8897	-0.4566	0.0066	235	237	13	3	4	0.0096	0.3542	0	0.0084
0.0077	0.054	-0.4236	0.1753	-0.0222	-0.8868	0.4194	0.1939	236	238	13	3	5	0.01	0.05	0	0.01
0.0077	0.0368	-0.4466	0.1324	-0.0258	-0.92	-0.3735	0.1186	237	0	13	3	6	0.0013	0.3333	0	0.0084
0.0037	0.0606	-0.1834	0.0213	-0.0187	0.9401	-0.271	-0.2068	77	240	52	3	1	0.0007	0.375	0	0.007
0.003	0.028	-0.1232	0.0056	-0.0242	0.3249	0.9142	-0.2423	239	0	52	3	2	0.0011	0.2917	0	0.0072
0.0074	0.082	0.058	0.4565	-0.0115	-0.8856	0.455	-0.0936	85	242	11	3	1	0.002	0.4167	0	0.0074
0.0085	0.0517	-0.0145	0.494	-0.0207	-0.3284	0.9382	0.1096	241	243	11	3	2	0.001	0.375	0	0.0118
0.0085	0.0655	-0.0338	0.5446	-0.0122	0.3991	0.8647	-0.305	242	244	11	3	3	0.0031	0.275	0	0.0165
0.0076	0.0373	-0.0018	0.5941	-0.0239	0.7261	0.6839	0.0717	243	245	11	3	4	0.0048	0.4375	0	0.0076
0.0083	0.0171	0.0204	0.6307	-0.0231	0.9132	0.4055	0.0408	244	246	11	3	5	0.0053	0.375	0	0.0092
0.0079	0.0102	0.0256	0.6358	-0.0206	-0.1663	0.9837	0.0681	245	247	11	3	6	0.01	0.05	0	0.01
0.0077	0.014	0.0212	0.6397	-0.0176	0.7113	-0.5001	-0.4939	246	0	11	3	7	0.01	0.05	0	0.01
0.0079	0.0253	0.1824	0.4295	0.0067	0.4274	0.902	-0.0603	86	249	14	3	1	0.0024	0.5417	0	0.0103
0.0079	0.0318	0.1884	0.4568	-0.0001	0.5851	0.7996	0.1348	248	250	14	3	2	0.0011	0.5417	0	0.0084
0.0079	0.041	0.2137	0.4864	0.0084	-0.2314	0.8529	-0.4679	249	251	14	3	3	0.0043	0.225	0	0.0135
0.0078	0.0698	0.206	0.5246	-0.0055	-0.8789	0.4769	-0.007	250	252	14	3	4	0.0012	0.4167	0	0.0088
0.0076	0.0272	0.1496	0.5635	-0.0033	-0.7335	0.6781	-0.0465	251	253	14	3	5	0.001	0.25	0	0.008
0.0075	0.0421	0.1247	0.5741	-0.0101	-0.809	0.5787	-0.103	252	254	14	3	6	0.0026	0.25	0	0.0163
0.006	0.0238	0.0899	0.5975	-0.012	-0.919	0.3704	-0.1351	253	255	14	3	7	0.0035	0.5313	0	0.006
0.0064	0.0227	0.0658	0.6033	-0.0176	-0.7766	0.6263	-0.068	254	256	14	3	8	0.01	0.05	0	0.01
0.0061	0.0316	0.0703	0.6069	-0.0129	-0.2787	-0.8462	-0.4542	255	0	14	3	9	0.01	0.05	0	0.01
0.0071	0.0563	0.1908	0.4061	0.0053	-0.8189	-0.5288	-0.2232	87	258	21	3	1	0.0015	0.4583	0	0.0071
0.0083	0.0371	0.1478	0.3657	-0.0032	-0.9482	-0.3065	-0.0831	257	259	21	3	2	0.0009	0.25	0	0.0092
0.0082	0.0165	0.1105	0.3566	-0.0056	-0.7426	-0.6676	-0.0526	258	260	21	3	3	0.004	0.5833	0	0.0083
0.0064	0.041	0.1013	0.3429	-0.0011	-0.4815	-0.8595	-0.1716	259	261	21	3	4	0.0043	0.5	0	0.0064
0.0072	0.0374	0.0763	0.3107	-0.0082	-0.4985	-0.8656	-0.0473	260	262	21	3	5	0.01	0.05	0	0.01
0.0068	0.0327	0.0594	0.3092	-0.0101	-0.9826	0.0543	-0.1777	261	0	21	3	6	0.01	0.05	0	0.01
0.0071	0.0754	0.2641	0.3522	-0.0063	0.6672	0.7381	0.1	89	264	29	3	1	0.0015	0.5417	0	0.0071
0.0079	0.0395	0.3179	0.4027	-0.0015	0.8314	0.5556	-0.0092	263	265	29	3	2	0.01	0.05	0	0.01
0.0079	0.0465	0.3034	0.4217	0.0007	-0.0489	0.9713	0.2326	264	266	29	3	3	0.0032	0.25	0	0.0147
0.0071	0.0398	0.3062	0.4643	0.0015	0.6122	0.7831	0.1099	265	267	29	3	4	0.001	0.375	0	0.0071
0.0071	0.0437	0.3307	0.4964	0.0101	0.6359	0.7461	-0.1974	266	268	29	3	5	0.0036	0.4063	0	0.0071
0.0078	0.033	0.3508	0.5312	-0.0016	0.1821	0.9557	0.2312	267	269	29	3	6	0.0008	0.375	0	0.0081
0.0078	0.0391	0.364	0.5618	0.0074	0.172	0.9705	-0.1686	268	270	29	3	7	0.0011	0.2917	0	0.0079
0.0078	0.056	0.3614	0.5988	0.004	-0.114	0.9918	-0.0569	269	271	29	3	8	0.0046	0.3125	0	0.008
0.0078	0.1175	0.3425	0.6477	-0.0075	-0.467	0.8842	-0.0064	270	272	29	3	9	0.0056	0.25	0	0.0097
0.0077	0.0143	0.3144	0.7609	-0.0038	-0.3302	0.9436	0.023	271	273	29	3	10	0.0056	0.3	0	0.01
0.0077	0.0508	0.3093	0.7748	-0.0098	0.5558	0.8308	0.0298	272	274	29	3	11	0.001	0.2917	0	0.0091
0.0076	0.0569	0.3395	0.8157	-0.0034	0.717	0.6885	-0.1092	273	275	29	3	12	0.0032	0.14	0	0.014
0.0075	0.0423	0.3742	0.8592	-0.011	0.58	0.8146	-0.0025	274	276	29	3	13	0.01	0.05	0	0.01
0.0076	0.0247	0.3977	0.8373	-0.0101	0.9997	-0.0192	0.0116	275	277	29	3	14	0.0025	0.3	0	0.0272
0.0075	0.0626	0.4109	0.84	0.0025	-0.3892	-0.9125	-0.126	276	278	29	3	15	0.0023	0.175	0	0.0326
0.0076	0.0611	0.3883	0.7855	-0.0002	0.9202	-0.3616	-0.1501	277	279	29	3	16	0.0012	0.3333	0	0.0103
0.0076	0.0368	0.4428	0.7675	-0.0116	0.9236	0.3825	-0.0257	278	280	29	3	17	0.0034	0.45	0	0.0085
0.0075	0.0502	0.4699	0.7816	-0.0131	-0.0031	0.9923	0.1236	279	281	29	3	18	0.0037	0.275	0	0.0127
0.0064	0.0184	0.4699	0.8317	-0.0087	-0.2212	0.9671	0.1259	280	282	29	3	19	0.0036	0.5833	0	0.0064
0.0074	0.048	0.4606	0.8486	-0.0128	-0.1083	0.9925	-0.0568	281	283	29	3	20	0.0013	0.2917	0	0.0105
0.0071	0.0413	0.4622	0.8971	-0.0149	-0.1044	0.9835	-0.1477	282	284	29	3	21	0.01	0.05	0	0.01
0.0071	0.0276	0.4413	0.9212	-0.0292	-0.5477	0.7431	-0.3844	283	0	29	3	22	0.01	0.05	0	0.01
0.0079	0.0635	0.2735	0.3381	-0.0021	0.9448	-0.2509	0.2109	89	286	30	3	1	0.0022	0.5417	0	0.0089
0.0079	0.0119	0.3357	0.3244	0.003	0.9693	-0.0349	0.2436	285	0	30	3	2	0.0039	0.5	0	0.0079
0.0043	0.0215	0.4296	0.1323	-0.0027	0.1598	-0.8678	-0.4705	97	288	70	3	1	0.0068	0.175	0	0.0116
0.0034	0.087	0.4477	0.086	-0.009	-0.8847	-0.4652	0.03	287	289	70	3	2	0.0034	0.3	0	0.02
0.0025	0.0198	0.3707	0.046	-0.0059	-0.9241	-0.3611	0.1249	288	0	70	3	3	0.0033	0.175	0	0.01
0.0083	0.144	0.4425	0.1629	0.0126	-0.4673	0.879	0.0945	99	291	78	3	1	0.001	0.2917	0	0.0215
0.0083	0.02	0.3677	0.2839	0.0013	-0.856	-0.3846	0.3455	290	292	78	3	2	0.0013	0.3333	0	0.0114
0.0083	0.0426	0.3494	0.2776	-0.0037	-0.8165	-0.5771	0.0167	291	293	78	3	3	0.0011	0.375	0	0.0104
0.0083	0.0061	0.3146	0.2507	-0.0033	-0.9509	-0.0414	0.3068	292	0	78	3	4	0.01	0.05	0	0.01
0.0077	0.0202	0.5739	0.1548	0.0175	0.1147	0.5445	0.8309	101	295	93	3	1	0.0029	0.5417	1	0.0117
0.0077	0.0501	0.5762	0.1657	0.0342	0.1954	0.9658	-0.1703	294	296	93	3	2	0.0029	0.5417	0	0.0117
0.0077	0.0823	0.5866	0.2143	0.0246	-0.3786	0.9253	-0.0215	295	297	93	3	3	0.0009	0.375	0	0.0083
0.0077	0.0148	0.5543	0.29	0.0206	-0.4008	0.9161	-0.0054	296	0	93	3	4	0.0024	0.3333	0	0.0078
0.0077	0.1058	0.6479	0.1579	0.0227	0.13	0.9791	0.1561	105	299	100	3	1	0.0043	0.4063	1	0.0079
0.0077	0.0646	0.6617	0.2614	0.0392	0.8066	0.5912	-0.0017	298	300	100	3	2	0.0043	0.4063	0	0.0079
0.0077	0.0139	0.7085	0.3018	0.037	0.3469	0.9326	0.0997	299	301	100	3	3	0.01	0.05	0	0.01
0.0077	0.0331	0.7133	0.3147	0.0383	0.529	0.8178	0.2265	300	0	100	3	4	0.01	0.05	0	0.01
0.008	0.085	0.6403	0.12	0.0033	0.9381	-0.1669	0.3034	104	303	104	3	1	0.0015	0.2083	0	0.0203
0.008	0.0153	0.7578	0.0836	0.0203	0.501	0.8648	-0.0334	302	304	104	3	2	0.0062	0.25	0	0.0084
0.008	0.0388	0.7664	0.1008	0.0143	0.9445	-0.3178	-0.0827	303	305	104	3	3	0.01	0.05	0	0.01
0.008	0.0179	0.7566	0.0928	0.0176	-0.0606	-0.974	0.2181	304	0	104	3	4	0.01	0.05	0	0.01
0.0051	0.0604	0.7032	0.1891	0.0102	0.506	-0.8537	0.1231	106	307	105	3	1	0.0019	0.5417	0	0.0077
0.0051	0.0726	0.7356	0.1464	0.013	0.9787	-0.2051	-0.003	306	308	105	3	2	0.0014	0.4583	0	0.0072
0.0051	0.0084	0.8072	0.1338	0.0119	0.9791	-0.1982	0.0463	307	309	105	3	3	0.01	0.05	0	0.01
0.0051	0.0171	0.8154	0.1321	0.0123	0.9321	-0.2911	0.2154	308	0	105	3	4	0.01	0.05	0	0.01
0.0032	0.0284	0.8771	0.2406	0.0084	0.3252	0.9358	0.1365	113	311	124	3	1	0.0039	0.25	0	0.0097
0.0025	0.0215	0.8856	0.2678	0.0155	-0.3796	0.8886	-0.2574	310	312	124	3	2	0.0049	0.25	0	0.0075
0.0025	0.0187	0.8725	0.2897	0.0101	0.4607	0.8134	-0.3552	311	0	124	3	3	0.0048	0.2	0	0.01
0.0083	0.0817	-0.0151	0.1593	0.0026	0.3591	-0.9318	0.0523	118	314	41	3	1	0.002	0.5833	0	0.0083
0.0083	0.0391	0.0152	0.1079	0.0044	0.9968	-0.0344	0.0718	313	315	41	3	2	0.0067	0.3438	0	0.0056
0.0083	0.041	0.0386	0.1156	0.0055	0.4992	0.8657	0.0374	314	0	41	3	3	0.01	0.05	0	0.01
0.0072	0.103	0.0653	0.1981	0.0003	0.5682	0.8214	0.0501	122	317	143	3	1	0.0022	0.4167	0	0.0091
0.0072	0.0374	0.1223	0.2825	-0.0035	0.7194	0.6825	-0.129	316	318	143	3	2	0.01	0.05	0	0.01
0.0072	0.0157	0.1365	0.2792	0.0054	0.8828	-0.1798	0.434	317	0	143	3	3	0.002	0.4167	0	0.0072
0.0072	0.0649	0.1853	0.0574	0.013	-0.2234	0.9744	-0.0261	128	320	144	3	1	0.0028	0.4583	0	0.0092
0.0072	0.0395	0.1687	0.1214	0.0145	-0.0279	0.9652	-0.2599	319	321	144	3	2	0.001	0.375	0	0.008
0.0072	0.0223	0.1504	0.1595	0.0105	-0.0538	0.9877	-0.1467	320	322	144	3	3	0.0038	0.3333	0	0.0113
0.0072	0.0059	0.15	0.1836	0.0058	-0.8809	0.4481	0.1521	321	0	144	3	4	0.01	0.05	0	0.01
0.0069	0.0571	0.2738	0.0491	0.0016	-0.5665	0.797	0.2097	131	324	48	3	1	0.0029	0.5	1	0.0122
0.0069	0.0298	0.2359	0.0871	0.012	-0.7748	0.6123	-0.1572	323	325	48	3	2	0.0015	0.15	0	0.0122
0.0069	0.0404	0.2215	0.1241	0.0072	0.9059	-0.4206	0.0497	324	326	48	3	3	0.001	0.4167	0	0.0099
0.0069	0.0358	0.2563	0.1049	0.0039	0.9401	-0.2653	-0.2139	325	0	48	3	4	0.01	0.05	0	0.01
0.0025	0.0701	0.2725	0.0493	-0.0041	0.6145	0.788	-0.0374	131	328	49	3	1	0.01	0.05	0	0.01
0.0025	0.03	0.3155	0.1045	-0.0067	0.3022	0.9491	0.0882	327	0	49	3	2	0.01	0.05	0	0.01
0.0069	0.0837	0.2889	0.0358	-0.0007	0.1837	-0.9751	0.1239	131	330	59	3	1	0.0036	0.18	0	0.0133
0.0068	0.0537	0.3006	-0.0552	0.0082	-0.9269	0.3715	-0.0533	329	331	59	3	2	0.0029	0.2	0	0.0153
0.0064	0.0369	0.2572	-0.0665	0.0105	-0.9782	-0.1831	0.0983	330	332	59	3	3	0.0144	0.125	0	0.0175
0.0059	0.0437	0.2268	-0.0783	0.0084	-0.5362	-0.8217	0.193	331	333	59	3	4	0.004	0.3	0	0.0087
0.0043	0.0489	0.2147	-0.1123	0.0221	0.0836	-0.9802	0.1797	332	334	59	3	5	0.01	0.05	0	0.01
0.0034	0.0427	0.209	-0.1115	0.0201	-0.9249	-0.2489	-0.2873	333	0	59	3	6	0.0017	0.175	0	0.01
0.007	0.067	0.0245	-0.1019	-0.0024	0.6748	-0.7263	0.1314	147	336	57	3	1	0.0022	0.5	0	0.007
0.0084	0.0512	0.0564	-0.1694	0.0069	0.817	-0.5753	0.0382	335	337	57	3	2	0.0047	0.175	0	0.0146
0.007	0.0501	0.0997	-0.1917	0.0097	0.9674	-0.215	0.1338	336	338	57	3	3	0.01	0.35	0	0.0066
0.0082	0.0341	0.1533	-0.1797	0.0117	0.9732	-0.1932	0.125	337	339	57	3	4	0.007	0.3438	0	0.0087
0.0076	0.04	0.1856	-0.2018	0.0171	0.9944	-0.0506	0.0924	338	340	57	3	5	0.01	0.05	0	0.01
0.0075	0.0287	0.2004	-0.1774	0.0177	0.7231	0.6893	0.0443	339	0	57	3	6	0.01	0.05	0	0.01
0.0079	0.0763	-0.098	-0.2146	-0.015	0.5223	0.8493	-0.0762	153	342	87	3	1	0.0018	0.4583	0	0.0078
0.0088	0.0376	-0.057	-0.1495	-0.0221	-0.4342	0.8855	-0.1657	341	343	87	3	2	0.0027	0.225	0	0.0165
0.0088	0.0261	-0.0737	-0.1144	-0.0264	-0.9858	0.0243	-0.166	342	344	87	3	3	0.01	0.05	0	0.01
0.0088	0.0293	-0.0994	-0.1137	-0.0307	-0.7647	0.6225	-0.1662	343	0	87	3	4	0.01	0.05	0	0.01
0.0125	0.0803	-0.2112	-0.2598	-0.0308	-0.8552	0.3903	0.3412	159	346	74	3	1	0.0036	0.375	0	0.015
0.0125	0.0742	-0.2798	-0.2283	-0.0015	-0.0702	0.9919	-0.1054	345	347	74	3	2	0.0011	0.4167	0	0.0125
0.0125	0.055	-0.2802	-0.1585	-0.0256	-0.0653	0.9672	-0.2456	346	348	74	3	3	0.0034	0.15	0	0.0331
0.0125	0.0213	-0.2807	-0.1015	-0.0275	0.3361	0.8644	-0.374	347	349	74	3	4	0.0012	0.3333	0	0.0107
0.0125	0.0502	-0.2764	-0.0856	-0.0339	-0.6371	0.7684	0.0614	348	350	74	3	5	0.0009	0.375	0	0.0092
0.0125	0.0282	-0.3116	-0.0504	-0.0387	-0.8202	0.5652	0.089	349	351	74	3	6	0.0026	0.175	0	0.0069
0.0125	0.0746	-0.3297	-0.0279	-0.0184	-0.7019	0.7091	-0.0665	350	352	74	3	7	0.003	0.1	0	0.0072
0.0125	0.0576	-0.3881	0.0172	-0.0286	-0.8029	0.5952	0.032	351	353	74	3	8	0.01	0.05	0	0.01
0.0125	0.0187	-0.3745	0.0391	-0.0336	0.2053	0.9784	0.0236	352	354	74	3	9	0.0011	0.25	0	0.0077
0.0125	0.0275	-0.3652	0.0563	-0.0373	0.165	0.9852	-0.0459	353	355	74	3	10	0.01	0.05	0	0.01
0.0125	0.0184	-0.3607	0.0834	-0.0386	0.0598	0.9892	-0.134	354	0	74	3	11	0.01	0.05	0	0.01
0.0028	0.0707	-0.202	-0.2851	-0.0303	0.3799	-0.9097	0.1675	159	357	75	3	1	0.0082	0.375	1	0.0156
0.0028	0.0339	-0.1909	-0.3554	-0.0244	0.2543	-0.927	0.2755	356	358	75	3	2	0.0044	0.225	0	0.0156
0.0025	0.0114	-0.1831	-0.3869	-0.0135	0.3895	-0.9037	0.1777	357	0	75	3	3	0.0034	0.225	0	0.01
0.0076	0.0287	-0.3944	-0.4327	0.004	0.5861	0.708	-0.394	166	360	76	3	1	0.0021	0.375	1	0.0195
0.0076	0.0647	-0.3799	-0.4083	0.0057	0.6538	0.7459	-0.1275	359	361	76	3	2	0.0039	0.275	0	0.0195
0.0076	0.0359	-0.3346	-0.367	0.0023	0.9309	0.3626	-0.0436	360	362	76	3	3	0.01	0.05	0	0.01
0.007	0.0304	-0.3002	-0.363	-0.0036	0.9919	0.1243	-0.0249	361	0	76	3	4	0.0012	0.3333	0	0.007
0.0079	0.1054	-0.3576	-0.331	0.0024	0.8975	-0.4409	-0.0058	162	364	81	3	1	0.0018	0.5833	0	0.0079
0.0079	0.0367	-0.268	-0.3805	0.0076	0.7276	-0.6086	0.3166	363	365	81	3	2	0.01	0.05	0	0.01
0.0079	0.0048	-0.266	-0.3837	0.0003	0.301	-0.445	-0.8434	364	0	81	3	3	0.01	0.05	0	0.01
0.0083	0.0339	-0.387	-0.3352	0.0047	-0.6655	0.7344	0.1337	163	367	82	3	1	0.0019	0.5833	1	0.0083
0.0083	0.0667	-0.4095	-0.3103	0.0092	-0.8769	0.4761	-0.0662	366	368	82	3	2	0.0019	0.5833	0	0.0083
0.0083	0.0568	-0.4604	-0.2875	0.0108	-0.7675	-0.6408	0.019	367	369	82	3	3	0.0009	0.25	0	0.0077
0.0083	0.0317	-0.5056	-0.3227	0.0097	-0.546	-0.8322	-0.0965	368	370	82	3	4	0.01	0.05	0	0.01
0.0083	0.0387	-0.5296	-0.3233	0.0082	-0.9657	-0.2477	-0.078	369	371	82	3	5	0.01	0.05	0	0.01
0.0083	0.0301	-0.5582	-0.3258	0.0251	-0.8976	-0.103	0.4286	370	0	82	3	6	0.01	0.05	0	0.01
0.0071	0.1309	-0.424	-0.4072	0.0059	0.0401	-0.9985	0.0375	166	373	85	3	1	0.0021	0.4167	0	0.0071
0.0076	0.0904	-0.4205	-0.5358	0.0031	-0.9779	-0.0639	0.1989	372	374	85	3	2	0.0014	0.4167	0	0.0106
0.0075	0.0552	-0.5094	-0.5445	0.0138	-0.9973	0.0545	0.049	373	375	85	3	3	0.001	0.375	0	0.0114
0.0075	0.034	-0.5546	-0.5593	0.0174	-0.8759	-0.4823	0.0113	374	376	85	3	4	0.0077	0.375	0	0.0079
0.0074	0.047	-0.5949	-0.5682	0.0158	-0.5452	-0.8159	-0.1926	375	377	85	3	5	0.0072	0.3	0	0.0105
0.0073	0.0427	-0.5972	-0.617	0.0044	-0.4161	-0.8854	-0.2072	376	378	85	3	6	0.01	0.05	0	0.01
0.0074	0.0019	-0.6379	-0.6307	0.0099	-0.7581	-0.6384	-0.1335	377	379	85	3	7	0.001	0.4167	0	0.0105
0.0071	0.0328	-0.6377	-0.6319	0.0104	-0.0071	-0.9981	-0.0616	378	380	85	3	8	0.0008	0.3333	0	0.007
0.0071	0.0026	-0.6397	-0.6641	0.0096	-0.1544	-0.9751	0.1593	379	381	85	3	9	0.01	0.05	0	0.01
0.0071	0.0152	-0.6401	-0.6667	0.01	-0.3799	-0.925	0.0059	380	0	85	3	10	0.01	0.05	0	0.01
0.0071	0.0601	-0.3036	-0.4988	0.0119	0.8704	0.4922	-0.0108	172	383	86	3	1	0.0032	0.4688	1	0.0071
0.0071	0.0763	-0.2513	-0.4692	0.0113	0.8921	0.3764	-0.2499	382	384	86	3	2	0.0032	0.4688	0	0.0071
0.0071	0.0066	-0.1847	-0.4446	-0.0011	0.9795	-0.0067	0.2012	383	0	86	3	3	0.0012	0.2917	0	0.0062
0.0087	0.0167	-0.3049	-0.4937	0.0119	0.7975	0.0471	0.6014	172	386	96	3	1	0.0019	0.4167	1	0.0087
0.0087	0.0629	-0.2916	-0.4929	0.022	0.626	-0.7763	-0.0735	385	387	96	3	2	0.0019	0.4167	0	0.0087
0.0087	0.049	-0.2508	-0.5382	0.0173	0.9068	-0.3516	0.2325	386	388	96	3	3	0.0009	0.375	0	0.0083
0.0087	0.0226	-0.2038	-0.5505	0.0233	0.9077	-0.4166	0.0498	387	389	96	3	4	0.0037	0.375	0	0.0062
0.0087	0.0312	-0.1871	-0.5701	0.0283	0.9291	-0.2442	0.2776	388	0	96	3	5	0.0024	0.25	0	0.0075
0.0115	0.0179	-0.3506	-0.7164	0.0276	0.919	-0.3595	-0.1621	179	391	118	3	1	0.0027	0.4167	1	0.0115
0.0115	0.0632	-0.3342	-0.7228	0.0247	0.8092	-0.4906	0.3232	390	392	118	3	2	0.0027	0.4167	0	0.0115
0.0115	0.0638	-0.2781	-0.7547	0.0357	0.3138	0.9464	0.0761	391	393	118	3	3	0.0029	0.175	0	0.0192
0.0115	0.0528	-0.2606	-0.6956	0.0334	-0.0794	0.9848	-0.1545	392	394	118	3	4	0.0009	0.3333	0	0.0105
0.0115	0.0446	-0.2583	-0.6449	0.0354	0.2048	0.9788	-0.0049	393	395	118	3	5	0.01	0.05	0	0.01
0.0115	0.0196	-0.2705	-0.6202	0.015	-0.2558	0.8253	-0.5034	394	396	118	3	6	0.01	0.05	0	0.01
0.0115	0.0147	-0.2619	-0.641	0.029	0.9014	0.0557	-0.4293	395	0	118	3	7	0.01	0.05	0	0.01
0.0073	0.0437	-0.3921	-0.7898	0.0299	-0.2458	0.9682	-0.046	183	398	119	3	1	0.0022	0.375	0	0.0085
0.0073	0.0701	-0.4042	-0.7514	0.0314	-0.9395	0.3423	0.0154	397	399	119	3	2	0.0011	0.5417	0	0.0084
0.0073	0.0438	-0.4697	-0.7319	0.0337	-0.9888	-0.1159	-0.0945	398	400	119	3	3	0.001	0.375	0	0.0099
0.0073	0.0459	-0.504	-0.7449	0.0259	-0.6811	-0.7261	-0.0943	399	401	119	3	4	0.0041	0.425	0	0.0073
0.0073	0.0453	-0.5291	-0.7879	0.0199	-0.8353	-0.5441	0.0789	400	402	119	3	5	0.0033	0.225	0	0.0377
0.0073	0.0288	-0.5686	-0.8088	0.0187	-0.9496	-0.301	0.0873	401	403	119	3	6	0.01	0.05	0	0.01
0.0073	0.0302	-0.5918	-0.7985	0.0144	-0.9797	0.1795	-0.0894	402	404	119	3	7	0.01	0.05	0	0.01
0.0073	0.0392	-0.616	-0.8109	0.0117	-0.9523	-0.2883	-0.0998	403	405	119	3	8	0.01	0.05	0	0.01
0.0073	0.0237	-0.6373	-0.8335	0.0193	-0.6698	-0.7043	0.2351	404	0	119	3	9	0.01	0.05	0	0.01
0.0059	0.0429	-0.4387	-0.8422	0.0225	0.4819	-0.8659	-0.1341	186	407	122	3	1	0.0009	0.4167	0	0.0081
0.0059	0.0483	-0.416	-0.8763	0.0165	0.8367	-0.5477	-0.0032	406	408	122	3	2	0.0007	0.3333	0	0.009
0.0059	0.0041	-0.3751	-0.8973	0.0262	0.8994	-0.3966	0.1836	407	409	122	3	3	0.01	0.05	0	0.01
0.0059	0.0249	-0.3714	-0.8989	0.0269	-0.4613	-0.8785	-0.1243	408	0	122	3	4	0.01	0.05	0	0.01
0.0081	0.0104	-0.3816	-0.9508	0.0332	0.4945	0.7449	0.4478	189	411	127	3	1	0.0013	0.4583	1	0.0081
0.0081	0.0337	-0.3764	-0.9431	0.0378	0.5446	0.7792	-0.3101	410	412	127	3	2	0.0013	0.4583	0	0.0081
0.0081	0.0098	-0.3592	-0.9189	0.0322	-0.9177	0.3943	-0.0482	411	0	127	3	3	0.0009	0.3333	0	0.0082
0.0096	0.0692	-0.3529	-0.9862	0.038	0.3373	0.9408	0.0329	190	414	130	3	1	0.0032	0.5313	0	0.0096
0.0096	0.0211	-0.3299	-0.9208	0.0396	0.4314	0.8807	0.1955	413	415	130	3	2	0.001	0.3333	0	0.0097
0.0096	0.0457	-0.3245	-0.9038	0.0375	-0.2289	0.9672	-0.1102	414	416	130	3	3	0.0009	0.3333	0	0.008
0.0096	0.0016	-0.3285	-0.8604	0.0265	-0.2325	0.8963	-0.3776	415	417	130	3	4	0.01	0.05	0	0.01
0.0096	0.0272	-0.3288	-0.8593	0.0266	0.8803	0.4462	0.1613	416	0	130	3	5	0.01	0.05	0	0.01
0.007	0.0537	-0.3216	-1.0226	0.0483	0.9855	0.085	0.1469	192	419	133	3	1	0.0014	0.4583	0	0.0078
0.007	0.0688	-0.2641	-1.0195	0.0609	0.4773	0.8561	-0.1983	418	420	133	3	2	0.001	0.2917	0	0.0075
0.0068	0.0381	-0.2242	-0.967	0.0509	0.6771	0.7353	-0.0293	419	421	133	3	3	0.003	0.375	0	0.0049
0.0068	0.0333	-0.1961	-0.9593	0.0522	0.9725	0.1323	0.1919	420	422	133	3	4	0.0035	0.4375	0	0.0068
0.0068	0.0217	-0.1771	-0.961	0.0651	0.559	-0.6078	0.5639	421	423	133	3	5	0.01	0.05	0	0.01
0.0068	0.0188	-0.1551	-0.9659	0.0647	0.8211	-0.4618	0.3355	422	424	133	3	6	0.01	0.05	0	0.01
0.0068	0.0097	-0.1479	-0.9539	0.0544	0.9542	0.2026	-0.2199	423	425	133	3	7	0.01	0.05	0	0.01
0.0068	0.0436	-0.1386	-0.952	0.0522	0.1874	0.9797	0.0713	424	0	133	3	8	0.01	0.05	0	0.01
0.0031	0.0116	-0.1915	0.7433	-0.0094	-0.9293	-0.3213	0.182	225	427	146	3	1	0.0026	0.375	1	0.0131
0.0031	0.0321	-0.201	0.7436	-0.0188	-0.9427	-0.2747	-0.1896	426	0	146	3	2	0.0046	0.175	0	0.0131
0.0058	0.1346	-0.2782	0.836	-0.0253	0.0898	-0.9944	-0.0555	226	429	12	3	1	0.0011	0.4167	0	0.0086
0.0058	0.0141	-0.2988	0.7154	-0.0336	-0.3786	-0.9254	0.0178	428	430	12	3	2	0.0093	0.3333	0	0.0129
0.0058	0.0303	-0.3039	0.7033	-0.033	-0.9733	0.2293	-0.0054	429	431	12	3	3	0.01	0.05	0	0.01
0.0058	0.0322	-0.3281	0.7194	-0.0311	-0.8715	0.4878	0.0511	430	0	12	3	4	0.01	0.05	0	0.01
0.0039	0.0971	-0.2723	0.2388	-0.0361	0.2678	-0.9392	0.2147	234	433	18	4	1	0.0013	0.375	0	0.0216
0.0025	0.0188	-0.2548	0.1425	-0.0318	0.4676	-0.8832	0.0355	432	434	18	4	2	0.01	0.05	0	0.01
0.0025	0.0257	-0.252	0.1464	-0.0297	0.8694	0.2274	0.4387	433	0	18	4	3	0.01	0.05	0	0.01
0.0089	0.0211	0.0017	0.492	-0.0223	0.5234	0.6133	-0.5916	241	436	148	4	1	0.0028	0.4583	1	0.0089
0.0089	0.0395	0.0127	0.5049	-0.0348	0.6065	0.6677	0.4318	435	437	148	4	2	0.0028	0.4583	0	0.0089
0.0089	0.0409	0.0258	0.5376	-0.0244	0.4574	0.884	0.0964	436	0	148	4	3	0.01	0.05	0	0.01
0.0025	0.0464	0.0418	0.6486	-0.0252	-0.0863	0.9922	0.09	245	439	33	4	1	0.01	0.05	0	0.01
0.0025	0.0164	0.0378	0.6946	-0.0211	-0.1966	0.9768	0.0843	438	0	33	4	2	0.01	0.05	0	0.01
0.0079	0.0346	0.1588	0.3614	-0.0059	0.7376	-0.5895	-0.3294	258	441	149	4	1	0.0031	0.375	1	0.0212
0.0079	0.0411	0.1916	0.3342	-0.0099	-0.7601	-0.1285	0.6369	440	442	149	4	2	0.0068	0.275	0	0.0212
0.0079	0.011	0.1631	0.322	-0.0063	-0.9701	-0.2383	-0.0455	441	443	149	4	3	0.01	0.05	0	0.01
0.0079	0.0325	0.1525	0.3194	-0.0068	-0.8644	0.4778	0.1563	442	0	149	4	4	0.01	0.05	0	0.01
0.0077	0.0706	0.2836	0.3812	-0.0078	-0.3928	0.8988	0.1945	263	445	42	4	1	0.0017	0.4583	0	0.0077
0.0077	0.028	0.2529	0.4462	0.0035	-0.468	-0.8836	-0.0173	444	0	42	4	2	0.01	0.05	0	0.01
0.0069	0.0264	0.3308	0.4131	0.0061	0.2836	0.9508	0.125	264	447	150	4	1	0.0019	0.5	0	0.0069
0.0069	0.025	0.3451	0.429	0.0046	0.8257	0.5516	0.1181	446	448	150	4	2	0.01	0.05	0	0.01
0.0069	0.0138	0.3658	0.4427	0.0076	0.7059	-0.6926	-0.1482	447	0	150	4	3	0.01	0.05	0	0.01
0.008	0.1118	0.3583	0.5629	0.0128	-0.7951	0.5893	-0.1432	269	450	66	4	1	0.0017	0.75	0	0.008
0.008	0.0457	0.2661	0.6157	-0.0023	-0.9703	0.2417	-0.0033	449	451	66	4	2	0.005	0.425	0	0.0136
0.008	0.0642	0.222	0.6269	-0.0096	-0.5012	0.8653	0.0031	450	452	66	4	3	0.0012	0.5417	0	0.0094
0.008	0.0342	0.186	0.6796	-0.0091	-0.5989	0.8008	0.0056	451	453	66	4	4	0.01	0.05	0	0.01
0.008	0.0345	0.1795	0.7069	-0.0225	-0.388	0.8306	-0.3994	452	0	66	4	5	0.0027	0.2083	0	0.0102
0.008	0.1227	0.364	0.6409	-0.001	0.9971	-0.0342	0.0677	270	455	67	4	1	0.0032	0.5833	0	0.0094
0.008	0.0583	0.4851	0.634	0.0054	0.932	-0.3521	-0.0861	454	456	67	4	2	0.001	0.4583	0	0.0092
0.008	0.0641	0.5403	0.6128	0.0079	0.9925	-0.0469	-0.1125	455	457	67	4	3	0.0011	0.375	0	0.0092
0.008	0.0356	0.6048	0.6113	-0.0074	0.9553	-0.2905	0.0548	456	458	67	4	4	0.0015	0.2917	0	0.0104
0.008	0.0184	0.6351	0.5958	-0.0115	0.8618	-0.4966	-0.1035	457	459	67	4	5	0.0039	0.5	0	0.008
0.008	0.0059	0.648	0.5857	-0.014	0.2855	-0.414	-0.8644	458	0	67	4	6	0.0018	0.25	0	0.0069
0.0025	0.0992	0.4625	0.7852	-0.0117	-0.6734	-0.7313	0.1081	280	461	103	4	1	0.0117	0.2	1	0.01
0.0025	0.0098	0.4161	0.6937	0.0012	-0.5655	-0.5356	0.6272	460	0	103	4	2	0.0062	0.175	0	0.01
0.0081	0.0955	0.4332	0.1978	0.0149	0.1335	0.991	0.0052	290	463	152	4	1	0.0018	0.4583	1	0.0081
0.0081	0.0396	0.446	0.2924	0.0154	0.288	-0.894	-0.3433	462	464	152	4	2	0.0018	0.4583	0	0.0081
0.0081	0.0491	0.4604	0.2523	0.006	0.7521	0.6348	0.1769	463	0	152	4	3	0.01	0.05	0	0.01
0.0025	0.0942	-0.4541	-0.2942	0.0018	0.9929	0.0742	-0.0928	367	466	155	4	1	0.01	0.22	1	0.01
0.0025	0.0303	-0.3611	-0.2684	-0.0034	0.9848	0.061	-0.1625	465	467	155	4	2	0.0025	0.15	0	0.01
0.0025	0.0056	-0.3309	-0.2649	-0.0091	0.7594	-0.4141	-0.5018	466	0	155	4	3	0.0048	0.1	0	0.01
0.0078	0.0696	-0.4542	-0.4497	0.0128	-0.4189	0.903	-0.0951	0	0	156	0	1	0.0027	0.4583	0	0.0078
0.0071	0.047	-0.6171	-0.5959	0.0158	-0.0947	0.4878	0.8678	376	470	110	4	1	0.0021	0.2667	1	0.0455
0.0066	0.0544	-0.606	-0.5653	0.0196	-0.0612	0.9819	0.179	469	471	110	4	2	0.0029	0.225	0	0.0455
0.0053	0.0139	-0.6124	-0.523	0.0219	-0.8109	0.4598	-0.3619	470	472	110	4	3	0.01	0.05	0	0.01
0.0045	0.0204	-0.6251	-0.5147	0.0199	-0.8211	-0.5685	-0.0516	471	473	110	4	4	0.0015	0.2	0	0.01
0.0034	0.0159	-0.6423	-0.5277	0.0213	-0.9829	0.1717	-0.0659	472	0	110	4	5	0.0056	0.15	0	0.01
0.006	0.0679	-0.6273	-0.6046	0.0096	-0.9954	0.0752	0.0592	376	475	111	4	1	0.0015	0.375	0	0.0059
0.0071	0.0085	-0.6923	-0.6015	0.006	-0.9441	0.0485	-0.326	474	476	111	4	2	0.01	0.05	0	0.01
0.0071	0.0176	-0.6978	-0.5993	0.0046	-0.5345	0.834	-0.1372	475	477	111	4	3	0.01	0.05	0	0.01
0.0071	0.0267	-0.7072	-0.5846	0.0022	0.0871	0.9658	0.2443	476	0	111	4	4	0.01	0.05	0	0.01
0.0108	0.1097	-0.2625	-0.6975	0.0222	-0.0893	-0.9863	0.1386	393	479	157	4	1	0.0023	0.5417	0	0.0108
0.0108	0.0091	-0.2718	-0.8037	0.0424	-0.9778	-0.1482	0.1479	478	480	157	4	2	0.01	0.05	0	0.01
0.0108	0.0166	-0.2784	-0.805	0.0443	0.0525	-0.9803	-0.1905	479	0	157	4	3	0.01	0.05	0	0.01
0.0078	0.0717	-0.5726	-0.8173	0.0216	0.8338	-0.5294	-0.157	402	482	131	4	1	0.0022	0.625	0	0.0078
0.0078	0.0313	-0.5118	-0.854	0.011	0.8069	-0.5744	-0.1377	481	0	131	4	2	0.01	0.05	0	0.01
0.0027	0.0654	-0.1982	-0.9609	0.0578	-0.4308	-0.8812	-0.1946	421	484	136	4	1	0.004	0.275	0	0.0239
0.0025	0.001	-0.218	-1.0141	0.0566	-0.0769	-0.9082	0.4115	483	485	136	4	2	0.0043	0.125	0	0.01
0.0025	0.0362	-0.2182	-1.015	0.0525	0.8419	-0.5392	-0.0237	484	0	136	4	3	0.0026	0.125	0	0.01
0.0119	0.0363	-0.318	0.1257	-0.0282	0.7908	0.2529	-0.5574	0	487	36	0	1	0.0038	0.5417	0	0.0119
0.0119	0.0209	-0.3093	0.146	-0.0382	0.5162	0.852	0.088	486	0	36	0	2	0.01	0.05	0	0.01
