radius (m)	length (m)	start_point	axis_direction	parent	extension	branch	branch_order	position_in_branch	mad	SurfCov	added	UnmodRadius (m)
0.0122	0.0517	0.0123	0.246	-0.1832	-0.5451	-0.4036	0.7348	0	2	1	0	1	0.0024	0.375	0	0.0091
0.0182	0.0512	-0.0076	0.207	-0.1348	-0.83	-0.0599	0.5545	1	3	1	0	2	0.0014	0.375	0	0.02
0.0168	0.0733	-0.0421	0.1834	-0.102	-0.8258	-0.403	-0.3946	2	4	1	0	3	0.0013	0.3333	0	0.0175
0.0163	0.014	-0.1167	0.1659	-0.1053	-0.885	-0.3307	-0.3278	3	5	1	0	4	0.0108	0.325	0	0.0165
0.0149	0.035	-0.1125	0.1406	-0.099	-0.5505	-0.0029	0.8349	4	6	1	0	5	0.0084	0.4063	0	0.0149
0.016	0.0494	-0.1224	0.1504	-0.0649	0.249	-0.6065	0.7551	5	7	1	0	6	0.0062	0.4063	0	0.0161
0.0163	0.0279	-0.0993	0.1209	-0.0364	0.608	-0.3024	0.7341	6	8	1	0	7	0.008	0.2917	0	0.017
0.013	0.0572	-0.0844	0.1102	-0.035	0.7083	-0.7059	0.0038	7	9	1	0	8	0.0056	0.5313	0	0.013
0.0117	0.0032	-0.0595	0.0595	-0.0194	0.4011	-0.8944	-0.1977	8	10	1	0	9	0.006	0.3	0	0.0117
0.0112	0.0683	-0.067	0.0539	-0.0237	0.1993	-0.9523	0.2311	9	11	1	0	10	0.0049	0.2917	0	0.0109
0.011	0.0259	-0.0476	-0.0075	-0.0244	-0.2327	-0.9287	-0.2887	10	12	1	0	11	0.01	0.05	0	0.01
0.0151	0.024	-0.0491	-0.013	-0.0274	0.9633	-0.2531	0.0896	11	13	1	0	12	0.0013	0.3333	0	0.0157
0.0108	0.0328	-0.0295	-0.0193	-0.0363	0.946	0.1111	-0.3046	12	14	1	0	13	0.01	0.05	0	0.01
0.0155	0.0536	-0.0251	-0.0261	-0.021	0.5042	-0.8448	0.179	13	15	1	0	14	0.0014	0.3333	0	0.017
0.0138	0.0414	0.0127	-0.0666	-0.0161	0.4566	-0.877	0.1492	14	16	1	0	15	0.0063	0.325	0	0.0138
0.0104	0.0425	0.0331	-0.103	-0.0161	0.922	-0.3137	0.2271	15	17	1	0	16	0.0051	0.35	0	0.01
0.0104	0.0342	0.0503	-0.13	-0.0154	0.5936	-0.7174	-0.3648	16	18	1	0	17	0.01	0.05	0	0.01
0.0127	0.0169	0.0673	-0.1193	-0.0004	0.9328	0.2719	-0.2366	17	19	1	0	18	0.0017	0.4167	0	0.0127
0.0112	0.0621	0.0889	-0.1146	-0.0067	-0.0396	0.9988	-0.0281	18	20	1	0	19	0.0012	0.2917	0	0.0112
0.0129	0.0268	0.0746	-0.0511	-0.0047	0.0425	0.9745	-0.2205	19	21	1	0	20	0.0014	0.3333	0	0.0134
0.0104	0.0322	0.0808	-0.0316	-0.0216	0.4461	0.8425	-0.302	20	22	1	0	21	0.0037	0.6667	0	0.0104
0.0138	0.0317	0.103	-0.0097	-0.0185	0.7448	0.6344	-0.2069	21	23	1	0	22	0.006	0.5	0	0.0145
0.0104	0.0266	0.1186	-0.0071	-0.0176	0.5562	0.0983	0.8252	22	24	1	0	23	0.01	0.05	0	0.01
0.0104	0.0153	0.1256	0.0026	-0.0179	0.6102	0.7913	0.0394	23	0	1	0	24	0.01	0.05	0	0.01
0.0067	0.1169	-0.1411	0.1545	-0.0645	0.1943	0.9581	0.2104	5	26	2	1	1	0.0013	0.3333	0	0.0206
0.0056	0.0196	-0.1271	0.2577	-0.0503	-0.8404	0.3081	0.4459	25	27	2	1	2	0.01	0.05	0	0.01
0.0045	0.0197	-0.1425	0.2631	-0.0331	0.6453	0.7636	-0.023	26	0	2	1	3	0.0022	0.2917	0	0.0108
0.0107	0.0208	-0.1119	0.1222	-0.0262	-0.806	0.0955	0.5841	7	29	3	1	1	0.0013	0.4583	1	0.0107
0.0107	0.0809	-0.1287	0.1242	-0.0141	-0.8208	-0.4588	0.3404	28	30	3	1	2	0.0013	0.4583	0	0.0107
0.014	0.051	-0.1908	0.0772	0.0129	-0.8481	-0.3847	0.3643	29	31	3	1	3	0.0009	0.3333	0	0.0173
0.0129	0.0456	-0.229	0.0535	0.0309	-0.59	-0.7567	0.2814	30	32	3	1	4	0.0056	0.3542	0	0.0134
0.0107	0.0322	-0.2247	0.0328	0.0396	0.3652	-0.8985	-0.2436	31	33	3	1	5	0.01	0.05	0	0.01
0.0107	0.0454	-0.2281	0.0392	0.0416	-0.864	-0.4382	0.2479	32	34	3	1	6	0.01	0.05	0	0.01
0.0107	0.0047	-0.268	0.0167	0.0517	-0.9645	0.2588	-0.0518	33	0	3	1	7	0.01	0.05	0	0.01
0.0107	0.0209	-0.0593	0.047	-0.012	-0.1896	-0.5559	0.8093	10	36	4	1	1	0.0034	0.5	0	0.0133
0.0107	0.0427	-0.0598	0.0394	0.005	-0.3794	0.3043	0.8738	35	37	4	1	2	0.0013	0.2083	0	0.0128
0.0107	0.0346	-0.0728	0.0379	0.0398	-0.6614	-0.2667	0.701	36	38	4	1	3	0.01	0.05	0	0.01
0.0107	0.003	-0.075	0.048	0.0523	-0.1392	0.6202	0.772	37	0	4	1	4	0.01	0.05	0	0.01
0.0115	0.0644	-0.0368	-0.0012	-0.0307	0.514	0.8555	-0.0625	12	40	6	1	1	0.0023	0.5417	0	0.0115
0.0115	0.0221	0.002	0.0517	-0.0302	0.508	0.8358	-0.2084	39	0	6	1	2	0.0037	0.3333	0	0.0162
0.0112	0.0157	0.0467	-0.1085	-0.0021	0.043	-0.0955	0.9945	16	42	18	1	1	0.0027	0.5	1	0.0134
0.0112	0.0535	0.0474	-0.11	0.0135	0.2913	-0.8802	0.3747	41	43	18	1	2	0.0027	0.5	0	0.0134
0.0112	0.03	0.0581	-0.1473	0.0493	0.1942	-0.8072	0.5574	42	44	18	1	3	0.0085	0.4688	0	0.0112
0.0112	0.0005	0.0641	-0.1593	0.0731	-0.0312	-0.4945	0.8686	43	45	18	1	4	0.01	0.05	0	0.01
0.0112	0.0196	0.068	-0.1597	0.0712	-0.4124	-0.6353	-0.6529	44	0	18	1	5	0.01	0.05	0	0.01
0.0177	0.0597	0.0803	-0.1219	0.0081	0.7907	-0.5717	0.2192	18	47	21	1	1	0.0038	0.2	1	0.0092
0.0177	0.0593	0.1239	-0.1487	0.0038	0.5098	-0.7491	-0.4229	46	48	21	1	2	0.0035	0.2	0	0.0092
0.0177	0.0383	0.1507	-0.211	-0.0022	0.7898	-0.5128	-0.3366	47	49	21	1	3	0.003	0.15	0	0.01
0.0177	0.0184	0.1838	-0.204	-0.0273	0.9656	-0.1863	-0.1815	48	50	21	1	4	0.0003	0.4167	0	0.018
0.0177	0.0319	0.1891	-0.2028	-0.0258	-0.4555	-0.7774	-0.4338	49	51	21	1	5	0.001	0.5	0	0.0177
0.0177	0.0047	0.1715	-0.2121	-0.0469	-0.9571	-0.2511	-0.1448	50	52	21	1	6	0.01	0.05	0	0.01
0.0177	0.0645	0.1722	-0.2034	-0.0373	0.5416	-0.7256	0.4244	51	53	21	1	7	0.0044	0.175	0	0.0378
0.0177	0.0011	0.2085	-0.2461	-0.0438	0.9757	-0.2188	0.0138	52	54	21	1	8	0.0006	0.125	0	0.01
0.0177	0.0777	0.2189	-0.2645	-0.0241	0.2984	0.767	0.5681	53	55	21	1	9	0.0043	0.225	0	0.012
0.0177	0.0265	0.2685	-0.2092	0.0118	0.2765	0.8507	0.447	54	56	21	1	10	0.0016	0.1	0	0.01
0.0177	0.034	0.263	-0.1998	0.0113	0.3435	0.4428	-0.8282	55	57	21	1	11	0.0014	0.2917	0	0.0134
0.0177	0.0306	0.2884	-0.1891	0.0005	0.7927	0.106	-0.6003	56	58	21	1	12	0.0023	0.3333	0	0.016
0.0177	0.0333	0.3195	-0.1909	-0.0071	0.8089	0.5293	-0.2561	57	59	21	1	13	0.004	0.175	0	0.01
0.0177	0.0343	0.3431	-0.1598	-0.0164	0.9672	0.2316	-0.1042	58	60	21	1	14	0.0028	0.175	0	0.0091
0.0177	0.0028	0.3666	-0.1874	-0.0242	0.9124	-0.2845	0.2943	59	61	21	1	15	0.0031	0.175	0	0.01
0.0177	0.0146	0.3714	-0.1894	-0.0207	-0.735	0.1178	0.6677	60	0	21	1	16	0.0003	0.075	0	0.01
0.0131	0.0984	-0.1394	0.0878	0.0014	0.3801	-0.4699	0.7967	30	63	5	2	1	0.0014	0.3333	0	0.0131
0.0128	0.0152	-0.1558	0.0775	0.0697	-0.1929	-0.0131	0.9811	62	64	5	2	2	0.015	0.375	0	0.0173
0.0114	0.0253	-0.157	0.0739	0.0971	-0.9386	0.2747	0.2086	63	65	5	2	3	0.007	0.3036	0	0.0144
0.0064	0.0519	-0.1753	0.0782	0.1107	-0.8304	0.0419	0.5556	64	66	5	2	4	0.01	0.05	0	0.01
0.0042	0.0348	-0.1807	0.0922	0.0924	0.6864	-0.6097	0.3964	65	0	5	2	5	0.01	0.05	0	0.01
0.0106	0.1047	-0.2275	0.0402	0.0524	0.6034	0.7949	0.0635	33	68	11	2	1	0.0041	0.4583	0	0.0106
0.0106	0.0527	-0.1887	0.1289	0.0595	0.2152	0.9731	-0.0819	67	69	11	2	2	0.0063	0.1	0	0.0162
0.0106	0.0297	-0.2047	0.1572	0.0573	-0.6406	0.746	-0.1822	68	70	11	2	3	0.01	0.05	0	0.01
0.0106	0.0349	-0.186	0.1632	0.0567	0.4091	0.8808	-0.2384	69	71	11	2	4	0.0016	0.2917	0	0.0137
0.0106	0.0384	-0.1892	0.1858	0.0486	-0.4023	0.8628	-0.3063	70	72	11	2	5	0.0061	0.25	0	0.0194
0.0106	0.0267	-0.2053	0.2139	0.0303	-0.5902	0.668	-0.4532	71	73	11	2	6	0.01	0.05	0	0.01
0.0106	0.0067	-0.1989	0.224	0.0205	0.3346	0.9406	-0.0568	72	74	11	2	7	0.01	0.05	0	0.01
0.0106	0.0112	-0.1893	0.2254	0.0232	0.2743	-0.191	-0.9425	73	0	11	2	8	0.01	0.05	0	0.01
0.0086	0.0821	0.247	-0.2163	0.0328	-0.3498	-0.8805	-0.32	54	76	23	2	1	0.0076	0.22	0	0.0161
0.0088	0.0121	0.2149	-0.2744	0.0063	-0.883	-0.2181	-0.4157	75	77	23	2	2	0.01	0.05	0	0.01
0.0087	0.0228	0.1941	-0.2756	0.0014	-0.0239	-0.0611	-0.9978	76	0	23	2	3	0.01	0.05	0	0.01
0.0093	0.0805	0.3472	-0.1567	-0.0062	-0.5949	0.6113	-0.5219	58	79	25	2	1	0.0075	0.4167	0	0.0093
0.0094	0.0286	0.2684	-0.097	-0.0475	0.1886	0.6048	-0.7737	78	80	25	2	2	0.01	0.05	0	0.01
0.0093	0.0305	0.2675	-0.0968	-0.0389	0.8411	-0.5266	-0.1238	79	0	25	2	3	0.01	0.05	0	0.01
0.0176	0.0248	-0.1144	0.0643	0.026	0.7452	-0.3531	-0.5657	62	82	7	3	1	0.0031	0.4167	1	0.0176
0.0176	0.0727	-0.0959	0.0556	0.012	-0.181	0.8057	0.5641	81	83	7	3	2	0.0031	0.4167	0	0.0176
0.0176	0.0457	-0.1209	0.0922	0.0705	-0.4738	0.6914	0.5454	82	84	7	3	3	0.0025	0.125	0	0.01
0.0176	0.0474	-0.1416	0.0988	0.1039	-0.7986	0.1676	0.5781	83	85	7	3	4	0.004	0.275	0	0.0092
0.0176	0.017	-0.1528	0.1003	0.1359	-0.1922	-0.0921	0.977	84	0	7	3	5	0.012	0.1	0	0.01
0.0025	0.0317	-0.1741	0.0763	0.0894	-0.488	-0.7518	-0.4435	64	87	8	3	1	0.0073	0.275	1	0.01
0.0025	0.0584	-0.1928	0.0496	0.0713	0.4909	0.4777	-0.7286	86	0	8	3	2	0.008	0.175	0	0.01
