radius (m)	length (m)	start_point	axis_direction	parent	extension	branch	branch_order	position_in_branch	mad	SurfCov	added	UnmodRadius (m)
0.0122	0.0565	-0.0018	0.3461	-0.3105	0.2368	-0.4853	0.8417	0	2	1	0	1	0.0021	0.7083	0	0.0122
0.0131	0.0684	0.015	0.3146	-0.2647	0.3096	-0.1469	0.9395	1	3	1	0	2	0.0017	0.8333	0	0.0131
0.0165	0.0574	0.0337	0.3039	-0.1993	0.4397	-0.1177	0.8904	2	4	1	0	3	0.0023	0.5417	0	0.0171
0.016	0.04	0.0592	0.2845	-0.1664	-0.0189	-0.8207	0.571	3	5	1	0	4	0.0014	0.2917	0	0.0184
0.0122	0.0391	0.057	0.2517	-0.1409	-0.0536	-0.9983	-0.0207	4	6	1	0	5	0.0062	0.4063	0	0.0084
0.0122	0.0259	0.0257	0.2223	-0.1338	-0.2403	-0.9373	0.2524	5	7	1	0	6	0.0042	0.6667	0	0.0087
0.0122	0.0421	0.0251	0.1973	-0.1241	-0.4661	-0.5144	0.7198	6	8	1	0	7	0.0013	0.5	0	0.0121
0.0122	0.0072	0.0149	0.174	-0.0929	-0.1874	-0.7131	0.6755	7	9	1	0	8	0.0044	0.5938	0	0.0104
0.0122	0.0235	0.0132	0.1689	-0.0875	0.8367	-0.0855	0.541	8	0	1	0	9	0.0033	0.625	0	0.0075
0.0119	0.0248	0.026	0.3205	-0.22	-0.2667	0.9626	0.0483	2	11	2	1	1	0.002	0.5417	1	0.0119
0.0119	0.0486	0.0194	0.3444	-0.2188	0.3588	0.906	-0.2248	10	12	2	1	2	0.002	0.5417	0	0.0119
0.0124	0.0266	0.0373	0.3882	-0.2249	0.1527	0.9882	0.0143	11	13	2	1	3	0.0012	0.3333	0	0.0131
0.0119	0.0211	0.039	0.4131	-0.2223	-0.6366	0.7412	-0.2131	12	14	2	1	4	0.01	0.05	0	0.01
0.0119	0.0186	0.0399	0.408	-0.2238	-0.3287	-0.3523	-0.8763	13	15	2	1	5	0.01	0.05	0	0.01
0.0119	0.0237	0.0338	0.4014	-0.2401	-0.1127	-0.4531	-0.8843	14	0	2	1	6	0.01	0.05	0	0.01
0.0126	0.0407	0.0651	0.3111	-0.1579	0.0088	0.3648	0.9311	3	17	130	1	1	0.0037	0.5	0	0.0126
0.0126	0.0154	0.066	0.3242	-0.1205	-0.8224	-0.3529	0.4462	16	0	130	1	2	0.01	0.05	0	0.01
0.0105	0.0831	0.0447	0.1974	-0.1342	0.1977	-0.3871	0.9006	5	19	3	1	1	0.0046	0.6667	0	0.0105
0.0114	0.0366	0.0673	0.1814	-0.048	0.9476	-0.1682	-0.2716	18	20	3	1	2	0.001	0.2917	0	0.02
0.0113	0.0069	0.1042	0.1869	-0.0242	0.4708	0.8242	-0.3148	19	21	3	1	3	0.0014	0.2917	0	0.0191
0.0099	0.0234	0.1107	0.1762	-0.0332	0.8843	-0.0177	0.4665	20	22	3	1	4	0.0011	0.4167	0	0.0099
0.0099	0.0368	0.133	0.1637	-0.0178	0.8501	0.2711	0.4516	21	23	3	1	5	0.0051	0.375	0	0.0074
0.01	0.0254	0.1637	0.1684	-0.0156	0.8882	-0.4417	0.1265	22	24	3	1	6	0.01	0.05	0	0.01
0.0105	0.0427	0.1522	0.17	-0.0267	-0.448	-0.2331	0.8631	23	0	3	1	7	0.0017	0.2917	0	0.0108
0.012	0.0335	0.0278	0.1764	-0.0885	0.3296	0.6998	-0.6337	9	26	5	1	1	0.002	0.4167	1	0.0233
0.012	0.0458	0.0396	0.2036	-0.1114	-0.0032	0.4214	0.9069	25	27	5	1	2	0.0094	0.35	0	0.0233
0.012	0.0589	0.0386	0.2333	-0.0807	0.9973	0.0104	-0.0723	26	28	5	1	3	0.0016	0.625	0	0.012
0.012	0.0152	0.0957	0.2287	-0.0762	0.9239	0.2316	0.3046	27	29	5	1	4	0.0064	0.5	0	0.017
0.012	0.0195	0.1204	0.2398	-0.07	-0.5057	0.7853	-0.357	28	30	5	1	5	0.0013	0.375	0	0.011
0.012	0.0464	0.1061	0.2602	-0.0688	0.4179	0.8546	-0.3082	29	31	5	1	6	0.0015	0.5	0	0.0125
0.012	0.0374	0.1177	0.3021	-0.0792	0.2554	0.9657	-0.0472	30	32	5	1	7	0.0014	0.375	0	0.0117
0.012	0.0337	0.1485	0.333	-0.0883	0.245	0.9694	0.0111	31	33	5	1	8	0.0066	0.375	0	0.0105
0.012	0.046	0.1546	0.3658	-0.0907	0.6281	0.6152	-0.4765	32	0	5	1	9	0.01	0.05	0	0.01
0.0105	0.0925	0.0122	0.1972	-0.137	-0.6949	-0.6283	0.3498	6	35	7	1	1	0.0031	0.5	0	0.0105
0.0111	0.0451	-0.0418	0.1345	-0.1141	-0.706	-0.1589	-0.6902	34	36	7	1	2	0.0012	0.375	0	0.0111
0.0105	0.028	-0.0705	0.1173	-0.132	-0.5875	-0.7052	-0.397	35	37	7	1	3	0.0049	0.3125	0	0.0094
0.0105	0.0082	-0.0883	0.1004	-0.1399	-0.6503	-0.6828	0.333	36	38	7	1	4	0.01	0.05	0	0.01
0.0105	0.0342	-0.0937	0.0948	-0.1372	-0.6904	-0.6935	0.2059	37	0	7	1	5	0.01	0.05	0	0.01
0.0078	0.1417	0.0195	0.2118	-0.1186	-0.4155	-0.7702	0.4839	6	40	8	1	1	0.0028	0.7083	0	0.0078
0.0103	0.027	-0.0266	0.1014	-0.046	-0.2771	-0.7106	0.6468	39	41	8	1	2	0.0013	0.375	0	0.0108
0.0094	0.0264	-0.0361	0.0848	-0.0262	-0.4885	-0.7534	0.4403	40	42	8	1	3	0.001	0.4167	0	0.0094
0.009	0.0326	-0.0502	0.063	-0.0248	-0.9932	0.049	0.1053	41	43	8	1	4	0.0012	0.4167	0	0.009
0.0086	0.0051	-0.0791	0.0552	-0.0234	-0.9143	-0.2697	-0.3023	42	44	8	1	5	0.0044	0.5833	0	0.0086
0.0098	0.0571	-0.0771	0.0645	-0.0172	0.7514	-0.6225	0.219	43	45	8	1	6	0.0014	0.4583	0	0.0099
0.0108	0.0181	-0.0391	0.027	0.0052	0.7843	-0.5533	0.2805	44	46	8	1	7	0.001	0.4167	0	0.0117
0.0092	0.0273	-0.0336	0.0279	-0.0098	-0.681	-0.7256	-0.0984	45	47	8	1	8	0.0102	0.375	0	0.0092
0.0097	0.0062	-0.0526	0.0072	-0.0123	-0.5159	-0.032	-0.856	46	48	8	1	9	0.01	0.05	0	0.01
0.0099	0.2733	-0.0398	-0.0067	-0.0304	0.753	0.3621	0.5494	47	49	8	1	10	0.0069	0.0571	0	0.0205
0.0094	0.037	0.1729	0.0778	0.1117	0.4727	0.5862	-0.6579	48	50	8	1	11	0.001	0.2917	0	0.0094
0.0078	0.0438	0.1996	0.0982	0.108	0.8086	0.4862	-0.3312	49	51	8	1	12	0.004	0.2813	0	0.0075
0.0097	0.0308	0.2209	0.1007	0.1028	0.7836	-0.3265	0.5285	50	52	8	1	13	0.01	0.05	0	0.01
0.0078	0.0194	0.2414	0.1146	0.0955	0.9698	0.2287	0.0843	51	53	8	1	14	0.0009	0.2917	0	0.0078
0.0078	0.0395	0.2521	0.1169	0.101	0.4678	-0.2855	0.8364	52	54	8	1	15	0.0007	0.3333	0	0.0071
0.0084	0.0297	0.2731	0.107	0.1344	0.233	-0.665	0.7095	53	55	8	1	16	0.0009	0.2917	0	0.0084
0.0091	0.0267	0.2738	0.0977	0.1562	0.6324	0.419	-0.6516	54	56	8	1	17	0.0011	0.2917	0	0.0091
0.0107	0.0413	0.2994	0.1069	0.1537	0.8656	0.0981	-0.4911	55	57	8	1	18	0.0008	0.375	0	0.0123
0.0078	0.0311	0.334	0.1144	0.1453	0.961	0.2765	0.0094	56	58	8	1	19	0.005	0.4375	0	0.0067
0.0098	0.0409	0.356	0.1304	0.1517	0.6825	0.1356	0.7182	57	59	8	1	20	0.0012	0.25	0	0.01
0.0106	0.0323	0.3787	0.1062	0.163	0.5064	-0.5095	0.6956	58	60	8	1	21	0.0135	0.3438	0	0.0144
0.0086	0.0209	0.4001	0.1103	0.2033	0.3423	-0.6622	0.6666	59	61	8	1	22	0.0048	0.5	0	0.0086
0.0098	0.0163	0.4167	0.1147	0.1968	0.7425	0.2918	0.603	60	62	8	1	23	0.0064	0.4167	0	0.0099
0.0078	0.0211	0.4301	0.1127	0.2175	0.8985	0.4121	0.151	61	63	8	1	24	0.0031	0.5833	0	0.0065
0.0099	0.0355	0.4492	0.1117	0.2182	0.7438	-0.159	0.6493	62	64	8	1	25	0.0007	0.3333	0	0.0103
0.0086	0.0432	0.4755	0.1028	0.2378	0.915	-0.309	0.2593	63	65	8	1	26	0.0034	0.475	0	0.0086
0.0111	0.0172	0.5141	0.1038	0.2587	0.9633	-0.1055	0.2468	64	66	8	1	27	0.0047	0.5313	0	0.013
0.0096	0.0111	0.5305	0.0905	0.2595	0.8725	-0.1561	0.4629	65	67	8	1	28	0.004	0.5833	0	0.0096
0.0084	0.0322	0.5343	0.0888	0.2639	0.004	-0.9946	-0.1039	66	68	8	1	29	0.0011	0.2917	0	0.0084
0.008	0.0236	0.5429	0.0604	0.271	0.1397	-0.9651	0.2216	67	69	8	1	30	0.0027	0.5833	0	0.008
0.0096	0.0242	0.5471	0.0338	0.2696	0.797	-0.4668	0.3832	68	70	8	1	31	0.0009	0.2917	0	0.0099
0.0081	0.0273	0.5648	0.0239	0.2799	0.214	-0.3995	0.8914	69	71	8	1	32	0.001	0.3333	0	0.0081
0.0095	0.0144	0.5664	0.0077	0.2984	-0.1011	-0.7073	0.6997	70	72	8	1	33	0.01	0.05	0	0.01
0.0097	0.0161	0.5735	0.0043	0.3076	0.5933	-0.702	0.3939	71	73	8	1	34	0.0013	0.2917	0	0.0101
0.0078	0.0487	0.5785	-0.0109	0.3143	0.4296	-0.4318	0.793	72	74	8	1	35	0.001	0.3333	0	0.0075
0.0078	0.0253	0.6021	-0.03	0.3531	0.3697	-0.5681	0.7353	73	75	8	1	36	0.003	0.5625	0	0.0063
0.0078	0.0441	0.6092	-0.0437	0.3729	0.4439	-0.1345	0.8859	74	76	8	1	37	0.0031	0.5313	0	0.006
0.0079	0.0349	0.6195	-0.0643	0.4055	0.253	-0.5215	0.8149	75	77	8	1	38	0.0053	0.5	0	0.0079
0.0109	0.0109	0.6472	-0.065	0.4218	0.7077	-0.3334	0.6228	76	78	8	1	39	0.0067	0.5	0	0.0138
0.01	0.0154	0.6334	-0.0797	0.4132	0.6539	-0.3412	-0.6753	77	79	8	1	40	0.0093	0.4583	0	0.0104
0.0111	0.0178	0.6481	-0.0873	0.4035	0.1518	0.037	-0.9877	78	80	8	1	41	0.0063	0.5417	0	0.0149
0.0102	0.0429	0.6621	-0.063	0.4025	0.9306	-0.3013	-0.2077	79	81	8	1	42	0.0028	0.2	0	0.0173
0.0086	0.0336	0.6946	-0.0708	0.4063	0.8724	0.282	0.3993	80	82	8	1	43	0.0036	0.4375	0	0.0086
0.0092	0.0377	0.7237	-0.0611	0.4195	0.7091	0.6545	0.2621	81	83	8	1	44	0.01	0.05	0	0.01
0.0092	0.0126	0.7296	-0.0648	0.4207	0.2094	-0.4238	0.8812	82	0	8	1	45	0.01	0.05	0	0.01
0.0094	0.0181	0.1187	0.1775	-0.0179	-0.5449	0.1508	0.8248	21	85	10	2	1	0.01	0.05	1	0.01
0.0094	0.0256	0.1089	0.1802	-0.003	-0.3378	0.8946	0.2926	84	86	10	2	2	0.01	0.05	0	0.01
0.0094	0.0215	0.1002	0.2031	0.0044	0.7958	0.5916	-0.129	85	87	10	2	3	0.01	0.05	0	0.01
0.0094	0.0193	0.1155	0.2155	0.0039	-0.3687	0.9071	-0.2032	86	0	10	2	4	0.01	0.05	0	0.01
0.0091	0.0626	0.0873	0.2451	-0.0884	0.118	0.8557	-0.5038	27	89	12	2	1	0.0025	0.5	0	0.0091
0.0091	0.0217	0.095	0.2955	-0.1148	0.7806	0.5468	0.3026	88	90	12	2	2	0.01	0.05	0	0.01
0.0091	0.038	0.1119	0.3073	-0.1083	-0.0086	0.9761	0.2171	89	0	12	2	3	0.01	0.05	0	0.01
0.0115	0.1197	0.106	0.2318	-0.0853	-0.7146	0.5823	-0.3877	28	92	13	2	1	0.0023	0.4167	0	0.0115
0.0115	0.0401	0.0169	0.2961	-0.1342	-0.7356	0.6138	-0.2865	91	93	13	2	2	0.0015	0.3333	0	0.0107
0.0115	0.0411	-0.0126	0.3209	-0.1422	-0.7657	0.6415	-0.0457	92	94	13	2	3	0.0011	0.2917	0	0.01
0.0115	0.0406	-0.0427	0.3494	-0.1375	-0.9114	0.4063	0.0649	93	95	13	2	4	0.01	0.05	0	0.01
0.0115	0.0161	-0.0605	0.3356	-0.1426	-0.8502	-0.4899	-0.1928	94	96	13	2	5	0.01	0.05	0	0.01
0.0115	0.0275	-0.0589	0.3381	-0.1542	0.4158	0.1356	0.8993	95	0	13	2	6	0.01	0.05	0	0.01
0.0109	0.0328	0.1108	0.2458	-0.0593	0.2609	-0.8065	0.5306	30	98	131	2	1	0.01	0.05	1	0.01
0.0106	0.0247	0.1193	0.2193	-0.042	0.4715	-0.8796	-0.0625	97	99	131	2	2	0.01	0.05	0	0.01
0.0103	0.0149	0.132	0.2003	-0.0475	0.8864	0.2382	0.3969	98	100	131	2	3	0.01	0.05	0	0.01
0.0114	0.0161	0.1548	0.2024	-0.03	0.6872	-0.3913	-0.6121	99	0	131	2	4	0.0016	0.3333	0	0.0159
0.0103	0.0473	-0.01	0.1714	-0.1346	-0.1995	0.2579	-0.9454	34	102	132	2	1	0.0025	0.5	0	0.0103
0.0103	0.0332	-0.0219	0.1834	-0.1799	0.1239	0.639	-0.7592	101	103	132	2	2	0.0008	0.2917	0	0.0112
0.0103	0.0102	-0.0231	0.2001	-0.2064	-0.6551	0.6608	0.3663	102	0	132	2	3	0.01	0.05	0	0.01
0.0074	0.0139	-0.0256	0.1442	-0.076	-0.9982	-0.043	0.0417	39	105	14	2	1	0.0016	0.5417	1	0.0106
0.0074	0.0498	-0.0394	0.1436	-0.0754	-0.7461	-0.5917	-0.3054	104	106	14	2	2	0.0016	0.5417	0	0.0106
0.0074	0.0218	-0.0748	0.107	-0.0946	-0.9092	0.008	-0.4162	105	107	14	2	3	0.0014	0.5833	0	0.0115
0.0074	0.0328	-0.0992	0.1052	-0.0988	-0.4969	-0.5345	-0.6836	106	108	14	2	4	0.0051	0.4	0	0.0124
0.0068	0.061	-0.1124	0.0812	-0.1158	-0.8999	-0.4358	-0.0183	107	109	14	2	5	0.0009	0.4167	0	0.0068
0.007	0.0365	-0.1687	0.0574	-0.1156	-0.8951	-0.446	-0.0003	108	110	14	2	6	0.0008	0.2917	0	0.0072
0.0071	0.0282	-0.1964	0.0306	-0.1141	-0.8969	-0.4343	-0.0834	109	111	14	2	7	0.001	0.375	0	0.0104
0.0069	0.0339	-0.2182	0.0162	-0.1162	-0.5288	-0.8487	-0.0107	110	112	14	2	8	0.0009	0.2917	0	0.0084
0.0063	0.0315	-0.2374	-0.01	-0.1128	-0.7665	-0.6204	0.1662	111	0	14	2	9	0.0027	0.4688	0	0.0063
0.0089	0.0914	-0.0131	0.1172	-0.0526	0.7515	0.2872	0.594	40	114	15	2	1	0.0013	0.4167	0	0.0089
0.0095	0.0375	0.057	0.1239	-0.0009	0.7392	-0.0351	0.6726	113	115	15	2	2	0.0054	0.3438	0	0.0099
0.007	0.0165	0.0571	0.1198	0.0222	0.0051	-0.6304	0.7763	114	116	15	2	3	0.0058	0.4583	0	0.0069
0.007	0.0201	0.0619	0.1007	0.0237	-0.6728	-0.6951	0.2534	115	117	15	2	4	0.0041	0.5	0	0.0053
0.0095	0.0405	0.0459	0.0914	0.0374	-0.0248	-0.8851	0.4647	116	118	15	2	5	0.0011	0.2917	0	0.0124
0.0093	0.0265	0.0505	0.0585	0.0577	0.2222	-0.7394	0.6356	117	119	15	2	6	0.0011	0.2917	0	0.0093
0.0095	0.051	0.0474	0.0471	0.0847	0.0956	-0.7316	0.675	118	120	15	2	7	0.0049	0.375	0	0.0104
0.0093	0.0337	0.0434	0.001	0.1068	-0.1719	-0.7396	0.6507	119	121	15	2	8	0.01	0.05	0	0.01
0.0095	0.0441	0.0381	0.0076	0.1045	0.9994	-0.031	-0.0179	120	122	15	2	9	0.001	0.3333	0	0.0147
0.0095	0.0295	0.0802	0.0138	0.1011	0.2513	-0.2564	-0.9333	121	123	15	2	10	0.0016	0.3333	0	0.0122
0.0093	0.1022	0.0805	0.0159	0.0792	0.8226	0.3277	0.4647	122	124	15	2	11	0.0013	0.2188	0	0.017
0.0087	0.0372	0.172	0.0324	0.1191	0.8625	0.1585	0.4805	123	125	15	2	12	0.0013	0.25	0	0.0087
0.0068	0.0215	0.1838	0.0315	0.1435	0.3871	-0.331	0.8606	124	126	15	2	13	0.007	0.4167	0	0.0064
0.0094	0.0357	0.2139	0.0342	0.1221	-0.2894	-0.8806	-0.3752	125	127	15	2	14	0.007	0.4167	0	0.0125
0.0094	0.0085	0.2174	-0.004	0.1371	0.5141	-0.7426	-0.4293	126	128	15	2	15	0.0098	0.375	0	0.0116
0.0094	0.015	0.2095	0.0065	0.1496	0.414	-0.4559	0.7879	127	129	15	2	16	0.0052	0.4583	0	0.0116
0.0092	0.0441	0.223	-0.0204	0.1548	0.9433	0.3293	0.0412	128	130	15	2	17	0.0011	0.3333	0	0.0232
0.0091	0.0445	0.2395	0.0042	0.1706	0.446	0.8802	0.1622	129	131	15	2	18	0.0014	0.25	0	0.0211
0.0074	0.014	0.2736	0.0362	0.1586	0.6303	0.7539	0.1853	130	132	15	2	19	0.0042	0.6667	0	0.0074
0.0064	0.0267	0.2823	0.0478	0.1622	0.9575	-0.1414	0.2512	131	133	15	2	20	0.0036	0.5417	0	0.0051
0.0095	0.0231	0.3025	0.0296	0.1687	0.9117	-0.3495	0.2158	132	134	15	2	21	0.0047	0.5417	0	0.0109
0.008	0.0286	0.3252	0.0236	0.1777	0.5827	-0.7974	0.1569	133	135	15	2	22	0.0042	0.3438	0	0.008
0.0062	0.0267	0.3366	-0.0039	0.167	0.548	-0.8341	0.0639	134	136	15	2	23	0.0041	0.4688	0	0.006
0.0091	0.0338	0.3635	-0.0134	0.1734	0.7407	-0.6531	-0.1575	135	137	15	2	24	0.006	0.4063	0	0.0127
0.0088	0.0575	0.3743	-0.0034	0.1805	0.9023	0.2729	0.3338	136	138	15	2	25	0.0045	0.4	0	0.0095
0.0085	0.0313	0.4281	0.0137	0.1949	0.5253	0.7275	0.4414	137	139	15	2	26	0.0041	0.2917	0	0.0097
0.0081	0.0186	0.451	0.0147	0.2089	0.8772	0.2608	0.4032	138	140	15	2	27	0.0055	0.4063	0	0.0085
0.0076	0.0237	0.4489	0.015	0.2046	0.3609	-0.9089	-0.2089	139	141	15	2	28	0.01	0.05	0	0.01
0.0075	0.0193	0.4575	0.0162	0.218	-0.4617	-0.5578	0.6897	140	142	15	2	29	0.01	0.05	0	0.01
0.0075	0.0234	0.4606	0.019	0.2188	-0.4848	-0.3243	-0.8123	141	0	15	2	30	0.01	0.05	0	0.01
0.0107	0.0759	-0.0683	0.0696	-0.0299	-0.7197	0.188	-0.6684	42	144	17	2	1	0.0025	0.4167	0	0.0107
0.0107	0.0335	-0.1144	0.0913	-0.0765	-0.5144	0.7849	-0.3455	143	145	17	2	2	0.01	0.05	0	0.01
0.0107	0.0031	-0.1214	0.0926	-0.096	-0.3706	0.1375	-0.9186	144	0	17	2	3	0.01	0.05	0	0.01
0.0078	0.0757	-0.0239	0.0962	-0.0248	0.4722	-0.6021	0.6438	41	147	133	2	1	0.0011	0.25	0	0.0078
0.0088	0.0299	0.0117	0.0529	0.0358	-0.1337	-0.9736	0.1852	146	148	133	2	2	0.001	0.3333	0	0.0127
0.0088	0.0375	0.0349	0.0322	0.0444	0.2851	-0.9531	0.1018	147	149	133	2	3	0.0012	0.2917	0	0.0231
0.0078	0.0418	0.0469	0.0007	0.0342	0.9336	-0.3575	-0.0243	148	150	133	2	4	0.0074	0.4375	0	0.0078
0.0082	0.034	0.0733	-0.0167	0.0338	0.1407	-0.8405	-0.5232	149	151	133	2	5	0.01	0.05	0	0.01
0.008	0.0162	0.0836	-0.0142	0.0395	0.9425	-0.2906	0.165	150	0	133	2	6	0.01	0.05	0	0.01
0.0093	0.0369	-0.0639	0.0409	-0.0104	-0.9257	-0.3783	-0.0015	44	153	26	2	1	0.0017	0.5833	1	0.0104
0.0093	0.0884	-0.0981	0.027	-0.0105	-0.8617	-0.3737	-0.3433	152	154	26	2	2	0.0017	0.5833	0	0.0104
0.0093	0.0487	-0.1725	-0.0106	-0.0399	-0.777	-0.4077	-0.4797	153	155	26	2	3	0.0014	0.5417	0	0.0116
0.0093	0.0326	-0.2098	-0.0255	-0.0667	-0.7401	-0.3356	-0.5827	154	156	26	2	4	0.0013	0.5417	0	0.0105
0.0093	0.0306	-0.2388	-0.0337	-0.08	-0.7758	-0.4404	-0.4519	155	157	26	2	5	0.0015	0.5833	0	0.0124
0.0093	0.0364	-0.2531	-0.0406	-0.0995	-0.6043	0.1869	-0.7745	156	158	26	2	6	0.0017	0.5833	0	0.0124
0.0092	0.0374	-0.2897	-0.0342	-0.125	0.0487	-0.9954	0.0823	157	159	26	2	7	0.0039	0.225	0	0.0173
0.0092	0.0215	-0.3001	-0.0591	-0.1335	-0.7077	-0.7064	-0.0093	158	160	26	2	8	0.0015	0.25	0	0.0128
0.0086	0.0225	-0.3087	-0.0757	-0.1386	-0.5995	-0.0475	-0.7989	159	161	26	2	9	0.0008	0.4583	0	0.0086
0.0092	0.0343	-0.3186	-0.0813	-0.137	-0.5923	-0.8021	-0.0758	160	162	26	2	10	0.0014	0.2917	0	0.0138
0.0092	0.0357	-0.3355	-0.1002	-0.1608	-0.5378	-0.748	-0.3889	161	163	26	2	11	0.0013	0.4167	0	0.0096
0.0092	0.019	-0.352	-0.1309	-0.1701	-0.2843	-0.7986	-0.5305	162	164	26	2	12	0.0011	0.3333	0	0.0095
0.0087	0.0307	-0.3585	-0.1319	-0.1597	-0.1632	-0.8162	0.5543	163	165	26	2	13	0.0014	0.25	0	0.0087
0.0091	0.0139	-0.3811	-0.1622	-0.1932	-0.7832	-0.5278	0.3286	164	166	26	2	14	0.0187	0.2917	0	0.0134
0.0092	0.0174	-0.3968	-0.1783	-0.1815	-0.5125	-0.3524	-0.783	165	167	26	2	15	0.0048	0.4688	0	0.01
0.0066	0.0187	-0.4017	-0.1911	-0.1925	-0.7939	-0.576	-0.1946	166	168	26	2	16	0.0037	0.4583	0	0.0053
0.0088	0.0181	-0.4156	-0.2031	-0.1972	-0.7553	-0.6457	0.1124	167	169	26	2	17	0.0012	0.25	0	0.0091
0.0065	0.0223	-0.4277	-0.2171	-0.1925	-0.9099	-0.3516	0.2204	168	170	26	2	18	0.0038	0.4583	0	0.0063
0.0064	0.0379	-0.4515	-0.2237	-0.1878	-0.3302	-0.876	0.3516	169	171	26	2	19	0.0007	0.3333	0	0.0054
0.0088	0.02	-0.4689	-0.2535	-0.1684	0.064	-0.8483	0.5257	170	172	26	2	20	0.001	0.25	0	0.0117
0.0088	0.0469	-0.4733	-0.2713	-0.1635	-0.3553	-0.8103	0.4661	171	173	26	2	21	0.0013	0.3333	0	0.0093
0.0089	0.0285	-0.5054	-0.2938	-0.1488	-0.7083	-0.7059	0.0029	172	174	26	2	22	0.0062	0.4063	0	0.0127
0.0077	0.0086	-0.5165	-0.3251	-0.1393	-0.8501	-0.3669	0.3778	173	175	26	2	23	0.0059	0.5833	0	0.0077
0.0081	0.0294	-0.5288	-0.3261	-0.1407	-0.4493	-0.8917	0.055	174	176	26	2	24	0.01	0.05	0	0.01
0.0081	0.0082	-0.5314	-0.3534	-0.1405	-0.0997	-0.995	0.0057	175	177	26	2	25	0.001	0.375	0	0.0084
0.0079	0.0223	-0.5471	-0.3554	-0.1354	-0.4203	-0.8942	-0.1543	176	178	26	2	26	0.01	0.05	0	0.01
0.0079	0.0187	-0.5473	-0.3628	-0.1276	-0.3162	-0.4943	0.8097	177	179	26	2	27	0.01	0.05	0	0.01
0.0079	0.0294	-0.5532	-0.3595	-0.1309	-0.7184	0.5761	0.3898	178	180	26	2	28	0.001	0.25	0	0.0082
0.0083	0.0407	-0.5676	-0.367	-0.1354	-0.945	-0.3159	0.0841	179	181	26	2	29	0.0081	0.3125	0	0.0092
0.0082	0.0353	-0.6158	-0.365	-0.1234	-0.8258	-0.5628	0.0371	180	182	26	2	30	0.0038	0.325	0	0.0096
0.0072	0.0307	-0.6458	-0.3825	-0.1276	-0.9791	-0.1883	0.0771	181	183	26	2	31	0.01	0.05	0	0.01
0.0075	0.0218	-0.6713	-0.3893	-0.1139	-0.9196	-0.1631	0.3573	182	184	26	2	32	0.0016	0.2083	0	0.0089
0.007	0.047	-0.6692	-0.3635	-0.1239	0.7775	-0.6257	-0.064	183	0	26	2	33	0.01	0.05	0	0.01
0.0075	0.0519	0.2284	0.1195	0.1029	0.0138	-0.7719	0.6355	50	186	57	2	1	0.0034	0.4583	0	0.0116
0.0075	0.034	0.2303	0.078	0.1353	-0.7592	-0.6482	0.0585	185	187	57	2	2	0.0011	0.375	0	0.0092
0.0075	0.0112	0.2062	0.054	0.138	-0.7781	-0.5668	0.2709	186	0	57	2	3	0.0044	0.5	0	0.0075
0.01	0.0113	0.3903	0.1094	0.1703	0.5025	0.8584	-0.1033	59	189	73	2	1	0.0023	0.5417	1	0.012
0.01	0.0434	0.396	0.1191	0.1691	0.0935	0.9717	0.2171	188	190	73	2	2	0.0023	0.5417	0	0.012
0.0082	0.049	0.3962	0.153	0.1771	-0.0296	0.1907	-0.9812	189	191	73	2	3	0.0012	0.4167	0	0.0082
0.0082	0.0586	0.3933	0.1497	0.1392	0.8002	0.3168	0.5093	190	192	73	2	4	0.0083	0.375	0	0.0082
0.01	0.0002	0.4465	0.1843	0.146	0.8004	0.3642	0.4761	191	193	73	2	5	0.0056	0.5938	0	0.0103
0.0092	0.0313	0.4424	0.1892	0.1401	0.6147	0.7675	0.1821	192	194	73	2	6	0.0051	0.4688	0	0.0092
0.0082	0.0015	0.473	0.2051	0.1474	0.5795	0.8146	0.0242	193	195	73	2	7	0.0041	0.5	0	0.0082
0.009	0.0353	0.4684	0.2054	0.1544	0.6145	-0.6872	0.3874	194	196	73	2	8	0.0045	0.5417	0	0.009
0.0093	0.0008	0.4905	0.1809	0.1678	0.173	-0.5588	0.811	195	197	73	2	9	0.01	0.05	0	0.01
0.0096	0.0509	0.4804	0.1786	0.1718	0.3363	-0.6599	0.6719	196	198	73	2	10	0.0014	0.3333	0	0.0102
0.009	0.001	0.5003	0.1447	0.1995	0.0837	-0.993	0.0828	197	199	73	2	11	0.01	0.05	0	0.01
0.0089	0.032	0.5004	0.1437	0.1996	0.607	-0.7471	0.271	198	200	73	2	12	0.01	0.05	0	0.01
0.0088	0.0281	0.5198	0.1198	0.2082	0.8004	0.2259	0.5553	199	0	73	2	13	0.01	0.05	0	0.01
0.0092	0.0783	0.3034	0.1149	0.1422	0.5528	0.4761	-0.6839	56	202	82	2	1	0.0022	0.375	0	0.0093
0.0077	0.0437	0.3367	0.1536	0.0887	0.0446	0.3126	-0.9488	201	203	82	2	2	0.0009	0.3333	0	0.0071
0.0088	0.0264	0.344	0.1659	0.0483	0.2992	0.5407	-0.7862	202	204	82	2	3	0.01	0.05	0	0.01
0.0077	0.0444	0.3349	0.1684	0.0434	-0.6284	-0.1183	-0.7688	203	205	82	2	4	0.0007	0.4583	0	0.0077
0.0084	0.0034	0.3067	0.1619	0.0102	-0.8314	-0.2482	-0.4972	204	206	82	2	5	0.01	0.05	0	0.01
0.0081	0.0273	0.3039	0.1611	0.0085	0.4528	0.1468	-0.8795	205	0	82	2	6	0.01	0.05	0	0.01
0.0094	0.0381	0.4551	0.1046	0.2138	-0.5312	-0.847	0.02	63	208	95	2	1	0.0032	0.5417	0	0.0128
0.0091	0.0281	0.427	0.0734	0.2252	-0.8035	-0.0507	-0.5931	207	209	95	2	2	0.0012	0.5417	0	0.0091
0.0093	0.02	0.4026	0.0599	0.2027	-0.891	0.292	-0.3476	208	210	95	2	3	0.0011	0.375	0	0.0109
0.008	0.0527	0.3846	0.0668	0.2042	-0.377	-0.9202	0.1057	209	211	95	2	4	0.0067	0.5	0	0.008
0.0092	0.0572	0.3663	0.0182	0.2106	-0.1417	-0.96	0.2414	210	212	95	2	5	0.0047	0.5	0	0.0099
0.0087	0.0209	0.3769	-0.0018	0.1798	0.3812	-0.7995	-0.4642	211	213	95	2	6	0.0012	0.3333	0	0.0108
0.0077	0.0246	0.3818	-0.0196	0.1746	0.5421	-0.8185	0.1903	212	214	95	2	7	0.0008	0.3333	0	0.0079
0.0062	0.0418	0.3923	-0.0352	0.1703	0.2205	-0.8409	-0.4941	213	215	95	2	8	0.0046	0.625	0	0.0062
0.0065	0.0268	0.3993	-0.0663	0.1481	-0.1007	-0.4117	-0.9057	214	0	95	2	9	0.01	0.05	0	0.01
0.009	0.0827	0.3998	0.0976	0.1913	0.2274	0.9401	0.2541	59	217	104	2	1	0.0012	0.4167	1	0.009
0.009	0.0558	0.4186	0.1753	0.2123	-0.8535	0.504	0.1321	216	218	104	2	2	0.0012	0.4167	0	0.009
0.0089	0.0164	0.3793	0.2168	0.2099	-0.8753	0.4733	-0.0992	217	219	104	2	3	0.0053	0.4167	0	0.0089
0.0094	0.005	0.3737	0.2248	0.2122	0.1103	0.9434	-0.3127	218	220	104	2	4	0.01	0.05	0	0.01
0.0093	0.0074	0.3705	0.226	0.2144	-0.4859	-0.3531	-0.7996	219	221	104	2	5	0.01	0.05	0	0.01
0.0092	0.0176	0.367	0.2234	0.2085	-0.2069	-0.5443	-0.813	220	222	104	2	6	0.01	0.05	0	0.01
0.0095	0.0359	0.3662	0.2181	0.2172	-0.9435	0.3265	0.0571	221	223	104	2	7	0.0065	0.2	0	0.0206
0.0071	0.0341	0.3374	0.2282	0.2284	-0.4238	0.8228	0.3788	222	224	104	2	8	0.0009	0.3333	0	0.0071
0.0069	0.0145	0.3181	0.2516	0.2442	-0.6133	0.7602	0.2144	223	225	104	2	9	0.004	0.5417	0	0.0069
0.0091	0.0442	0.3161	0.2737	0.2448	-0.8062	0.55	0.218	224	226	104	2	10	0.0022	0.225	0	0.0142
0.0078	0.0282	0.3102	0.3022	0.2541	-0.1362	0.9883	0.0679	225	227	104	2	11	0.0053	0.5	0	0.0078
0.008	0.0281	0.3084	0.3087	0.2488	0.9288	0.1946	-0.3153	226	228	104	2	12	0.01	0.05	0	0.01
0.0078	0.0118	0.3045	0.3165	0.253	0.1786	0.9533	0.2436	227	229	104	2	13	0.01	0.05	0	0.01
0.0076	0.021	0.3066	0.3277	0.2558	-0.761	0.5527	-0.3397	228	0	104	2	14	0.01	0.05	0	0.01
0.0097	0.0671	0.6953	-0.0652	0.3892	-0.9954	0.0722	0.0626	80	231	125	2	1	0.0028	0.4583	0	0.0107
0.009	0.0439	0.6342	-0.07	0.3902	-0.4225	0.0559	-0.9046	230	232	125	2	2	0.0012	0.4167	0	0.009
0.0093	0.0052	0.6179	-0.0687	0.3481	-0.1001	0.8573	-0.5049	231	233	125	2	3	0.01	0.05	0	0.01
0.0092	0.001	0.6151	-0.0597	0.3505	-0.8885	0.052	-0.4559	232	234	125	2	4	0.01	0.05	0	0.01
0.009	0.0274	0.6219	-0.0591	0.3462	-0.3899	0.6012	-0.6975	233	0	125	2	5	0.0012	0.2917	0	0.0089
0.0097	0.0809	0.618	-0.0673	0.4212	-0.4363	0.2985	0.8489	76	236	126	2	1	0.0021	0.4167	0	0.0097
0.0097	0.0135	0.583	-0.0427	0.4858	-0.8125	0.583	0.0082	235	237	126	2	2	0.01	0.05	0	0.01
0.0097	0.0237	0.5702	-0.0374	0.4868	-0.0947	0.3941	0.9142	236	0	126	2	3	0.01	0.05	0	0.01
0.0113	0.059	0.1103	0.1729	-0.0196	-0.8663	-0.4715	-0.1649	84	239	135	3	1	0.0033	0.5	1	0.0113
0.0113	0.0333	0.0592	0.1451	-0.0293	-0.9097	-0.4125	0.0467	238	0	135	3	2	0.0033	0.5	0	0.0113
0.0107	0.051	-0.0985	0.1025	-0.0992	0.36	-0.1334	0.9234	106	241	21	3	1	0.0028	0.4167	0	0.0107
0.0107	0.0163	-0.0816	0.097	-0.055	-0.6871	-0.7265	0.0131	240	242	21	3	2	0.01	0.05	0	0.01
0.0107	0.0176	-0.0927	0.0851	-0.0548	0.0073	-0.492	0.8705	241	0	21	3	3	0.01	0.05	0	0.01
0.0067	0.0626	-0.1936	0.046	-0.1225	0.3616	-0.2928	0.8852	109	244	22	3	1	0.0054	0.475	0	0.0128
0.0067	0.0286	-0.1879	0.0317	-0.0633	0.1081	-0.4045	0.9081	243	245	22	3	2	0.0045	0.275	0	0.0131
0.0067	0.0142	-0.1993	0.0253	-0.0428	-0.4516	-0.7166	0.5315	244	246	22	3	3	0.0012	0.4167	0	0.0115
0.0067	0.0081	-0.2144	0.0199	-0.0344	-0.4077	-0.6104	-0.6791	245	0	22	3	4	0.0014	0.3333	0	0.0063
0.0093	0.0548	-0.2378	0.0253	-0.1223	0.3235	0.0118	-0.9462	109	0	39	3	1	0.0048	0.4583	0	0.0093
0.0077	0.0493	0.0781	0.1289	0.0079	0.9237	0.3119	0.2223	114	249	137	3	1	0.0009	0.375	1	0.0077
0.0077	0.0529	0.1235	0.1443	0.0188	0.9654	0.187	0.1817	248	250	137	3	2	0.0009	0.375	0	0.0077
0.0083	0.03	0.1741	0.1522	0.0317	0.9787	0.0787	0.1898	249	251	137	3	3	0.0008	0.3333	0	0.0088
0.0054	0.0352	0.2026	0.1647	0.0334	0.9623	0.1735	0.2097	250	252	137	3	4	0.0046	0.4688	0	0.0053
0.0068	0.0298	0.2219	0.1616	0.0541	0.6959	-0.0689	0.7148	251	253	137	3	5	0.01	0.05	0	0.01
0.0063	0.02	0.2237	0.163	0.0519	0.7384	0.4076	-0.5373	252	254	137	3	6	0.01	0.05	0	0.01
0.006	0.0131	0.2387	0.1704	0.043	0.9457	-0.2251	-0.2344	253	0	137	3	7	0.01	0.05	0	0.01
0.0051	0.087	0.0639	0.1163	0.0238	0.2967	-0.7756	0.5571	115	256	30	3	1	0.0025	0.5417	0	0.0086
0.0045	0.0034	0.0888	0.0477	0.0705	0.4901	-0.8297	0.2671	255	257	30	3	2	0.0034	0.625	0	0.0045
0.0045	0.0246	0.091	0.0427	0.0679	-0.9902	-0.1	-0.0973	256	0	30	3	3	0.0023	0.3333	0	0.0072
0.0138	0.0247	0.0421	0.0549	0.0612	-0.9981	-0.0206	0.0583	118	259	31	3	1	0.0023	0.4167	1	0.0138
0.0138	0.05	0.0175	0.0544	0.0626	0.6072	-0.6165	-0.5012	258	260	31	3	2	0.0023	0.4167	0	0.0138
0.0138	0.0116	0.0413	0.0204	0.0491	0.607	-0.7832	0.1344	259	0	31	3	3	0.002	0.1	0	0.0063
0.0082	0.025	0.0886	0.0123	0.0748	0.9689	-0.171	-0.1787	123	262	32	3	1	0.003	0.5	1	0.0081
0.0081	0.0604	0.1129	0.008	0.0704	0.8426	-0.1808	0.5073	261	263	32	3	2	0.003	0.5	0	0.0081
0.0088	0.0342	0.161	-0.0066	0.0949	0.9197	-0.3285	-0.2151	262	264	32	3	3	0.0007	0.3333	0	0.0089
0.0088	0.0109	0.1891	-0.0187	0.0894	-0.2308	-0.6364	-0.736	263	0	32	3	4	0.01	0.05	0	0.01
0.0037	0.0259	0.0391	-0.019	0.1121	-0.2787	-0.9473	0.1579	120	266	40	3	1	0.0021	0.375	0	0.0069
0.0025	0.0104	0.0336	-0.0434	0.1155	0.045	-0.9988	0.0212	265	267	40	3	2	0.0024	0.125	0	0.01
0.0025	0.0184	0.0311	-0.0531	0.126	0.788	-0.5567	0.263	266	0	40	3	3	0.0042	0.15	0	0.01
0.0083	0.0143	0.1689	0.0407	0.1186	-0.3513	0.9348	-0.0516	124	269	49	3	1	0.0025	0.5	1	0.0088
0.0083	0.0501	0.1638	0.054	0.1179	0.7685	0.6034	0.2127	268	270	49	3	2	0.0025	0.5	0	0.0088
0.0083	0.001	0.1906	0.0828	0.1328	0.0807	0.8503	0.52	269	271	49	3	3	0.01	0.05	0	0.01
0.0083	0.0243	0.1897	0.0827	0.1318	0.4416	0.6416	-0.6272	270	0	49	3	4	0.01	0.05	0	0.01
0.0088	0.0241	0.2594	-0.0058	0.1473	0.0534	-0.6458	-0.7616	129	273	59	3	1	0.0022	0.4167	0	0.0097
0.0088	0.0302	0.2609	-0.0203	0.1332	0.5126	-0.8373	0.1904	272	274	59	3	2	0.001	0.4167	0	0.0092
0.0088	0.0011	0.2802	-0.0382	0.1404	0.891	-0.4536	-0.018	273	275	59	3	3	0.01	0.05	0	0.01
0.0088	0.0161	0.281	-0.0383	0.1399	0.8584	0.4537	0.2393	274	276	59	3	4	0.01	0.05	0	0.01
0.0088	0.0387	0.2796	-0.0428	0.1326	0.6772	-0.2083	-0.7057	275	277	59	3	5	0.0063	0.225	0	0.02
0.0084	0.0373	0.2975	-0.0549	0.1025	0.4922	-0.5082	-0.7067	276	278	59	3	6	0.001	0.25	0	0.0084
0.0087	0.0588	0.3231	-0.0704	0.091	0.9024	-0.1722	-0.395	277	279	59	3	7	0.0077	0.3	0	0.0114
0.0082	0.0286	0.3732	-0.078	0.058	0.954	-0.0523	-0.2951	278	280	59	3	8	0.0028	0.4	0	0.0082
0.0086	0.0287	0.3904	-0.0777	0.0325	0.858	-0.0292	-0.5128	279	281	59	3	9	0.0059	0.375	0	0.0118
0.0082	0.0438	0.4246	-0.0812	0.0261	0.6582	0.0032	-0.7528	280	282	59	3	10	0.01	0.05	0	0.01
0.0082	0.0011	0.423	-0.0813	0.0263	0.7331	0.0936	0.6737	281	0	59	3	11	0.01	0.05	0	0.01
0.0061	0.0135	0.2911	0.0508	0.1595	0.3266	0.6316	-0.7031	132	284	67	3	1	0.0029	0.3333	1	0.0104
0.006	0.0362	0.2956	0.0594	0.15	0.1774	0.8749	0.4507	283	285	67	3	2	0.0029	0.3333	0	0.0104
0.0054	0.0005	0.3129	0.0862	0.1706	0.2236	0.8777	0.4239	284	286	67	3	3	0.01	0.05	0	0.01
0.0044	0.0332	0.3111	0.0894	0.1695	0.8533	0.4676	-0.2309	285	287	67	3	4	0.0011	0.175	0	0.01
0.0032	0.0214	0.3394	0.1048	0.1609	0.867	-0.4928	0.0736	286	0	67	3	5	0.0004	0.075	0	0.01
0.0086	0.0161	-0.1006	0.0772	-0.0453	-0.5442	-0.8375	0.0493	143	289	28	3	1	0.002	0.4167	0	0.0095
0.0086	0.0253	-0.1078	0.0629	-0.0443	-0.4288	-0.8971	0.106	288	290	28	3	2	0.001	0.4167	0	0.0086
0.0086	0.0116	-0.1185	0.0393	-0.041	-0.5074	-0.4833	-0.7134	289	0	28	3	3	0.0031	0.4167	0	0.009
0.0088	0.0411	0.0091	0.0517	0.0274	0.1232	0.9269	-0.3546	147	292	18	3	1	0.0033	0.5	0	0.0088
0.0088	0.0268	0.0139	0.0907	0.0135	0.9611	0.0174	0.2756	291	0	18	3	2	0.0033	0.25	0	0.0234
0.0128	0.0795	-0.2709	-0.0253	-0.1254	0.1657	0.5085	-0.845	157	294	35	3	1	0.0037	0.4583	0	0.0128
0.0128	0.0286	-0.2705	0.0083	-0.1871	-0.3947	0	-0.9188	293	0	35	3	2	0.01	0.05	0	0.01
0.0092	0.0517	-0.1203	0.013	-0.0289	-0.6578	0.622	-0.4247	153	296	36	3	1	0.002	0.5417	0	0.0092
0.0092	0.0302	-0.1495	0.0431	-0.0535	-0.061	0.7239	-0.6872	295	297	36	3	2	0.0017	0.4167	0	0.0111
0.0092	0.0236	-0.1548	0.0674	-0.0708	0.6846	0.7045	0.1871	296	0	36	3	3	0.0015	0.2917	0	0.0124
0.0108	0.0345	-0.1047	0.014	-0.0157	0.216	-0.9576	-0.1905	153	299	139	3	1	0.0027	0.5417	1	0.0126
0.0108	0.0327	-0.0972	-0.0191	-0.0223	0.0794	-0.9873	0.1376	298	300	139	3	2	0.0027	0.5417	0	0.0126
0.0108	0.0699	-0.0915	-0.0403	-0.0336	0.9409	0.161	0.298	299	301	139	3	3	0.0011	0.4167	0	0.0108
0.0108	0.0342	-0.0269	-0.05	-0.0108	0.851	0.0037	0.5251	300	302	139	3	4	0.0083	0.3125	0	0.0155
0.0108	0.0257	-0.0169	-0.0593	-0.0025	0.1231	-0.8213	0.5571	301	303	139	3	5	0.0011	0.25	0	0.0114
0.0108	0.0413	-0.0118	-0.0811	0.0103	-0.0535	-0.9363	0.3471	302	304	139	3	6	0.0011	0.375	0	0.0117
0.0108	0.0027	0.0014	-0.1125	0.0314	0.1027	-0.7863	0.6093	303	305	139	3	7	0.0046	0.5833	0	0.0141
0.0108	0.0158	0.0055	-0.1346	0.0276	0.9284	0.0773	0.3634	304	306	139	3	8	0.0047	0.2	0	0.017
0.0108	0.0317	0.0211	-0.1385	0.0382	-0.9511	-0.2857	-0.1171	305	307	139	3	9	0.0009	0.3333	0	0.0119
0.0108	0.0004	-0.0079	-0.1491	0.0455	-0.9943	0.0193	0.1052	306	308	139	3	10	0.01	0.05	0	0.01
0.0108	0.0237	-0.0136	-0.1651	0.0551	0.9076	-0.3933	-0.1467	307	309	139	3	11	0.0026	0.25	0	0.0201
0.0108	0.0633	0.0069	-0.1764	0.0458	0.9548	-0.2935	-0.048	308	310	139	3	12	0.0026	0.14	0	0.0053
0.0108	0.0286	0.0617	-0.2084	0.0404	0.9212	-0.3891	-0.0059	309	311	139	3	13	0.01	0.05	0	0.01
0.0108	0.046	0.09	-0.215	0.0392	0.905	-0.4168	-0.0854	310	312	139	3	14	0.0008	0.375	0	0.0076
0.0108	0.0219	0.0913	-0.2381	0.0313	0.1116	-0.9808	-0.1597	311	313	139	3	15	0.0007	0.3333	0	0.0102
0.0108	0.0153	0.092	-0.264	0.0409	0.1536	-0.9412	-0.3009	312	314	139	3	16	0.002	0.2917	0	0.0105
0.0108	0.008	0.0906	-0.2763	0.0407	0.412	-0.6303	0.658	313	315	139	3	17	0.01	0.05	0	0.01
0.0108	0.0165	0.0939	-0.2814	0.0459	0.8753	0.2645	0.4048	314	316	139	3	18	0.01	0.05	0	0.01
0.0108	0.0174	0.1084	-0.277	0.0526	0.1324	-0.8717	0.4717	315	0	139	3	19	0.01	0.05	0	0.01
0.0076	0.1284	-0.15	-0.0066	-0.0209	-0.618	-0.7719	-0.149	154	318	43	3	1	0.001	0.375	0	0.0076
0.0084	0.0416	-0.2286	-0.0989	-0.0495	-0.9181	-0.2851	-0.2752	317	319	43	3	2	0.0014	0.375	0	0.0084
0.0088	0.0396	-0.2655	-0.1137	-0.0629	-0.9446	-0.2402	-0.2235	318	320	43	3	3	0.0013	0.625	0	0.0092
0.0087	0.0207	-0.2991	-0.1278	-0.0751	-0.8295	-0.4698	-0.3021	319	321	43	3	4	0.0011	0.2917	0	0.009
0.0087	0.048	-0.3092	-0.1449	-0.0841	-0.6883	-0.7069	0.1629	320	322	43	3	5	0.001	0.3333	0	0.015
0.0062	0.0309	-0.3539	-0.1692	-0.0928	-0.8046	-0.5409	0.2452	321	323	43	3	6	0.0069	0.4375	0	0.0057
0.0079	0.0112	-0.3777	-0.1866	-0.0862	-0.7468	-0.5686	-0.3449	322	324	43	3	7	0.0046	0.5833	0	0.0079
0.0083	0.0419	-0.3882	-0.1906	-0.0832	-0.4249	-0.888	0.1757	323	325	43	3	8	0.0007	0.3333	0	0.0112
0.0085	0.0219	-0.4129	-0.2178	-0.0869	-0.9052	-0.2178	0.365	324	326	43	3	9	0.0074	0.4583	0	0.0089
0.0077	0.027	-0.4265	-0.2345	-0.0582	-0.9586	-0.2456	0.1443	325	327	43	3	10	0.0069	0.2917	0	0.008
0.0066	0.0329	-0.4471	-0.2513	-0.0732	-0.4854	-0.8193	0.3053	326	328	43	3	11	0.0042	0.375	0	0.0066
0.0057	0.0227	-0.4613	-0.2769	-0.069	-0.2526	-0.9247	-0.2847	327	329	43	3	12	0.0026	0.375	0	0.0045
0.0062	0.0374	-0.4663	-0.2986	-0.0747	-0.3014	-0.8265	-0.4754	328	0	43	3	13	0.01	0.05	0	0.01
0.0025	0.0527	-0.3251	-0.0849	-0.1672	-0.393	-0.3022	-0.8685	160	0	56	3	1	0.01	0.05	0	0.01
0.0085	0.0716	-0.2885	-0.0654	-0.1317	-0.2476	0.5501	-0.7975	158	332	65	3	1	0.0014	0.4583	0	0.0085
0.0085	0.0225	-0.3061	-0.0258	-0.1887	0.0508	0.3671	-0.9288	331	0	65	3	2	0.0023	0.4583	0	0.0093
0.0087	0.0848	-0.3476	-0.1103	-0.1763	-0.5454	-0.4577	-0.7022	162	334	88	3	1	0.0011	0.4167	1	0.011
0.0087	0.0238	-0.3938	-0.1491	-0.2359	-0.1704	-0.8349	-0.5233	333	335	88	3	2	0.0011	0.4167	0	0.011
0.0087	0.0108	-0.3968	-0.1666	-0.248	-0.179	0.2238	-0.9581	334	0	88	3	3	0.002	0.5417	0	0.0087
0.0025	0.0399	-0.4125	-0.1936	-0.2024	-0.2759	0.739	-0.6147	168	337	90	3	1	0.0065	0.25	1	0.01
0.0025	0.019	-0.4277	-0.1667	-0.2329	0.6103	0.4787	-0.6312	336	0	90	3	2	0.003	0.15	0	0.01
0.0062	0.0384	-0.4187	-0.2002	-0.1901	-0.0249	-0.64	0.7679	167	339	91	3	1	0.0024	0.5	0	0.0079
0.0062	0.0359	-0.4432	-0.229	-0.1511	0.3777	-0.0021	0.9259	338	340	91	3	2	0.0034	0.275	0	0.0114
0.0062	0.023	-0.4408	-0.2372	-0.1241	-0.3376	-0.239	0.9104	339	341	91	3	3	0.0011	0.2917	0	0.0079
0.0058	0.0113	-0.4457	-0.2431	-0.1	-0.695	-0.4122	0.5892	340	342	91	3	4	0.0035	0.5833	0	0.0058
0.0062	0.0168	-0.4553	-0.2547	-0.0954	0.3896	-0.3479	0.8527	341	343	91	3	5	0.0011	0.375	0	0.0099
0.0062	0.0298	-0.4478	-0.265	-0.0792	-0.9785	-0.2057	0.0139	342	344	91	3	6	0.0029	0.2	0	0.0161
0.0062	0.0208	-0.4775	-0.2875	-0.0758	-0.9691	-0.0103	-0.2464	343	345	91	3	7	0.0081	0.3	0	0.0185
0.0061	0.026	-0.4827	-0.2996	-0.0786	-0.5001	-0.5006	0.7066	344	346	91	3	8	0.0087	0.225	0	0.0222
0.0059	0.027	-0.4995	-0.323	-0.0743	-0.7541	-0.4147	0.5093	345	347	91	3	9	0.01	0.05	0	0.01
0.006	0.0072	-0.4969	-0.3294	-0.0585	0.0712	-0.6552	0.7521	346	0	91	3	10	0.0032	0.2	0	0.0111
0.0061	0.0172	-0.4547	-0.2475	-0.1826	0.8003	-0.1223	-0.5871	170	349	93	3	1	0.0021	0.4167	1	0.0073
0.0061	0.0543	-0.441	-0.2496	-0.1927	-0.3359	-0.0003	0.9419	348	350	93	3	2	0.0021	0.4167	0	0.0073
0.0061	0.0329	-0.4604	-0.2492	-0.1421	-0.479	-0.742	0.469	349	351	93	3	3	0.001	0.3333	0	0.0068
0.0061	0.0138	-0.4741	-0.274	-0.1303	0.0488	-0.9931	0.1066	350	0	93	3	4	0.01	0.05	0	0.01
0.008	0.0459	-0.4538	-0.2301	-0.1921	-0.7033	0.0031	-0.7109	170	353	94	3	1	0.0018	0.5	0	0.008
0.008	0.0002	-0.4855	-0.2369	-0.2189	-0.6505	-0.5218	-0.5519	352	354	94	3	2	0.01	0.05	0	0.01
0.008	0.0218	-0.4857	-0.2371	-0.219	0.1232	0.1572	-0.9798	353	0	94	3	3	0.01	0.05	0	0.01
0.0088	0.0159	-0.4679	-0.2521	-0.1718	-0.5764	0.7111	0.4026	170	356	101	3	1	0.0019	0.4583	1	0.0088
0.0088	0.0383	-0.477	-0.2408	-0.1654	-0.5	-0.7662	-0.4036	355	357	101	3	2	0.0019	0.4583	0	0.0088
0.0088	0.0216	-0.4967	-0.2762	-0.1776	0.0808	-0.4844	-0.8711	356	358	101	3	3	0.0013	0.3333	0	0.0115
0.0088	0.0135	-0.4966	-0.2798	-0.1951	-0.8019	-0.0823	-0.5918	357	359	101	3	4	0.01	0.05	0	0.01
0.0088	0.0154	-0.5072	-0.2805	-0.2036	-0.9421	0.1894	-0.2768	358	0	101	3	5	0.01	0.05	0	0.01
0.0077	0.0199	-0.5267	-0.3616	-0.1465	0.6658	-0.1394	-0.733	176	361	120	3	1	0.0018	0.4167	1	0.0117
0.0077	0.034	-0.5135	-0.3643	-0.161	-0.5286	-0.1959	-0.8259	360	362	120	3	2	0.0018	0.4167	0	0.0117
0.0074	0.0299	-0.5357	-0.3686	-0.1952	-0.4498	-0.8922	-0.0402	361	363	120	3	3	0.0083	0.4167	0	0.0074
0.0077	0.0333	-0.5539	-0.3849	-0.1932	-0.7569	-0.1474	-0.6367	362	0	120	3	4	0.0019	0.3333	0	0.0078
0.0085	0.0524	0.3501	0.1647	0.0566	0.2686	-0.3241	0.9071	203	365	140	3	1	0.0028	0.5	1	0.0085
0.0085	0.0349	0.3642	0.1478	0.1041	-0.0372	0.1492	-0.9881	364	366	140	3	2	0.0028	0.5	0	0.0085
0.0085	0.0156	0.3618	0.1552	0.0695	0.8839	0.4001	-0.2423	365	367	140	3	3	0.01	0.05	0	0.01
0.0085	0.006	0.3818	0.1546	0.0696	-0.1395	-0.5804	-0.8023	366	368	140	3	4	0.01	0.05	0	0.01
0.0085	0.0115	0.3859	0.1535	0.0641	-0.4416	0.8842	-0.1523	367	369	140	3	5	0.01	0.05	0	0.01
0.0085	0.0169	0.3783	0.1605	0.0615	0.5228	-0.1855	-0.832	368	0	140	3	6	0.01	0.05	0	0.01
0.0073	0.0214	0.3959	-0.0288	0.1816	0.9973	0.0577	-0.0448	213	371	110	3	1	0.01	0.05	0	0.01
0.0071	0.0379	0.4257	-0.0237	0.1887	0.6074	-0.7449	-0.276	370	372	110	3	2	0.0034	0.25	0	0.0144
0.0061	0.0006	0.4531	-0.0468	0.1798	0.7726	-0.6312	-0.0682	371	373	110	3	3	0.01	0.05	0	0.01
0.005	0.0166	0.452	-0.0444	0.1777	-0.4037	-0.6909	-0.5998	372	374	110	3	4	0.01	0.05	0	0.01
0.0037	0.0231	0.4448	-0.0586	0.1674	0.8323	-0.0974	-0.5457	373	0	110	3	5	0.001	0.125	0	0.01
0.0025	0.0498	0.303	0.298	0.2563	-0.824	-0.1477	0.547	226	376	124	3	1	0.0064	0.225	1	0.01
0.0025	0.0285	0.2659	0.291	0.2882	0.2154	0.9398	-0.2655	375	377	124	3	2	0.0077	0.2	0	0.01
0.0025	0.0175	0.2674	0.3215	0.2804	-0.6113	-0.7805	-0.1309	376	0	124	3	3	0.0035	0.15	0	0.01
0.0088	0.1023	0.704	-0.0574	0.4395	-0.3245	-0.0553	0.9443	0	379	129	0	1	0.0024	0.25	0	0.0092
0.0072	0.0181	0.6668	-0.0629	0.5357	-0.1083	-0.1737	0.9788	378	380	129	0	2	0.0011	0.3333	0	0.0091
0.0025	0.0059	0.6568	-0.0652	0.5517	-0.2012	0.0883	0.9756	379	0	129	0	3	0.0043	0.2	0	0.01
0.0105	0.1027	0.1359	0.1526	0.0289	-0.3988	-0.8023	0.444	248	382	25	4	1	0.0011	0.4167	0	0.0105
0.0105	0.0058	0.0934	0.0723	0.0762	-0.2411	-0.72	0.6508	381	383	25	4	2	0.0032	0.6667	0	0.0105
0.0105	0.0035	0.0919	0.0668	0.0817	-0.7216	-0.5015	-0.4772	382	0	25	4	3	0.01	0.05	0	0.01
0.0052	0.0177	0.2133	0.1685	0.0305	0.577	0.4097	-0.7066	251	385	33	4	1	0.0031	0.5	1	0.0106
0.0052	0.0462	0.2231	0.172	0.0169	-0.9929	0.117	-0.023	384	386	33	4	2	0.0053	0.275	0	0.0106
0.0052	0.0034	0.179	0.1754	0.0201	-0.9277	0.0084	0.3732	385	387	33	4	3	0.01	0.05	0	0.01
0.0052	0.0156	0.1789	0.1749	0.0206	-0.2477	-0.0259	-0.9685	386	0	33	4	4	0.01	0.05	0	0.01
0.0025	0.0363	0.2219	0.1616	0.0638	-0.8123	-0.5787	-0.0732	252	389	42	4	1	0.0069	0.2	1	0.0087
0.0025	0.0159	0.1966	0.1323	0.0636	-0.8909	-0.454	-0.0123	388	390	42	4	2	0.0049	0.225	0	0.0087
0.0025	0.0283	0.1813	0.1274	0.0575	-0.9759	0.0483	0.2126	389	0	42	4	3	0.0021	0.15	0	0.01
0.0079	0.097	0.0597	0.0131	0.0871	0.9213	0.3219	0.2183	261	392	41	4	1	0.0038	0.625	0	0.0079
0.0079	0.0035	0.1341	0.0393	0.1074	-0.278	0.716	0.6404	391	393	41	4	2	0.01	0.05	0	0.01
0.0079	0.009	0.1332	0.0419	0.1077	-0.9844	-0.1621	-0.0684	392	0	41	4	3	0.01	0.05	0	0.01
0.0088	0.0821	0.288	-0.0443	0.1119	-0.8586	-0.1226	-0.4978	276	395	99	4	1	0.0024	0.4583	0	0.0088
0.0088	0.031	0.2164	-0.0625	0.0787	-0.9289	-0.1843	-0.3212	394	396	99	4	2	0.01	0.05	0	0.01
0.0088	0.0176	0.1933	-0.0584	0.0559	-0.8371	-0.1844	-0.5151	395	397	99	4	3	0.0009	0.4167	0	0.0088
0.0088	0.044	0.1837	-0.0556	0.0412	-0.6954	-0.0678	-0.7154	396	398	99	4	4	0.0054	0.375	0	0.0092
0.0088	0.0188	0.1665	-0.0557	0.0008	-0.5692	0.1311	-0.8117	397	399	99	4	5	0.01	0.05	0	0.01
0.0088	0.0105	0.1629	-0.0566	0.0102	-0.9438	-0.2259	0.2414	398	0	99	4	6	0.01	0.05	0	0.01
0.0083	0.0139	0.3348	-0.0656	0.0806	-0.0646	0.8152	-0.5755	278	401	112	4	1	0.0034	0.4583	1	0.0134
0.0083	0.0517	0.3353	-0.0582	0.0697	0.2249	-0.5239	0.8216	400	402	112	4	2	0.0038	0.3	0	0.0134
0.0082	0.0405	0.3576	-0.0778	0.0996	0.7145	0.1355	0.6864	401	403	112	4	3	0.0049	0.25	0	0.0166
0.0082	0.0265	0.3765	-0.0621	0.1356	0.7947	0.4482	0.4093	402	404	112	4	4	0.007	0.4583	0	0.0097
0.0069	0.0154	0.4002	-0.0537	0.1481	0.0413	0.4635	0.8851	403	405	112	4	5	0.0034	0.5417	0	0.0069
0.0073	0.0572	0.4013	-0.0464	0.1614	0.2905	0.5947	0.7496	404	406	112	4	6	0.01	0.05	0	0.01
0.0069	0.0213	0.4074	-0.05	0.1605	0.9331	-0.3512	0.0773	405	0	112	4	7	0.01	0.05	0	0.01
0.0092	0.0605	0.0013	-0.0539	-0.0052	0.9718	-0.1354	0.1933	301	408	142	4	1	0.0012	0.25	1	0.009
0.0091	0.0431	0.06	-0.0621	0.0065	0.2699	-0.9105	0.3133	407	409	142	4	2	0.0012	0.25	0	0.009
0.0092	0.0059	0.0749	-0.1026	0.0155	0.2992	-0.85	0.4335	408	410	142	4	3	0.01	0.05	0	0.01
0.0091	0.0152	0.0766	-0.1076	0.0181	0.7717	-0.214	0.5989	409	0	142	4	4	0.01	0.05	0	0.01
0.0081	0.0515	-0.1612	-0.0327	-0.0263	0.2288	-0.9482	-0.2204	317	412	52	4	1	0.0008	0.3333	1	0.0094
0.0081	0.0341	-0.1494	-0.0815	-0.0377	0.2269	-0.9415	-0.2491	411	413	52	4	2	0.0008	0.3333	0	0.0094
0.0081	0.048	-0.1378	-0.1097	-0.043	0.5458	-0.7846	0.2942	412	414	52	4	3	0.0009	0.2917	0	0.0106
0.0081	0.0389	-0.1227	-0.1552	-0.033	0.5584	-0.8263	0.0741	413	415	52	4	4	0.0065	0.4063	0	0.0081
0.0081	0.03	-0.1143	-0.1748	-0.0458	-0.2123	-0.8423	-0.4955	414	416	52	4	5	0.01	0.05	0	0.01
0.0081	0.0585	-0.1166	-0.1727	-0.0453	0.8362	-0.3584	0.4152	415	417	52	4	6	0.001	0.2917	0	0.0102
0.0081	0.0766	-0.0696	-0.1948	-0.0167	0.7934	-0.5754	0.1988	416	418	52	4	7	0.0005	0.375	0	0.0062
0.0081	0.0373	-0.0126	-0.2408	-0.0065	0.6653	-0.7094	-0.2327	417	419	52	4	8	0.0015	0.3333	0	0.0096
0.0081	0.0367	0.0102	-0.2691	-0.0116	0.6465	-0.7621	-0.0346	418	420	52	4	9	0.0011	0.25	0	0.0067
0.0081	0.0403	0.0303	-0.299	-0.0135	0.4469	-0.8866	0.1193	419	421	52	4	10	0.01	0.05	0	0.01
0.0081	0.0292	0.0591	-0.2951	-0.0157	0.9547	-0.2778	-0.107	420	422	52	4	11	0.01	0.05	0	0.01
0.0081	0.0312	0.0468	-0.2875	-0.0131	0.3845	0.8905	0.2433	421	0	52	4	12	0.01	0.05	0	0.01
0.0025	0.0449	-0.1953	-0.0815	-0.0441	-0.2231	0.9697	0.0996	318	424	53	4	1	0.01	0.05	0	0.01
0.0029	0.0197	-0.202	-0.0374	-0.0384	0.3448	0.1106	-0.9321	423	0	53	4	2	0.0016	0.3333	0	0.0061
0.0101	0.0447	-0.2307	-0.1078	-0.0479	0.7462	-0.6399	-0.1837	318	426	54	4	1	0.0022	0.5417	0	0.0101
0.0101	0.0124	-0.2002	-0.1356	-0.0491	0.9156	-0.1321	0.3799	425	0	54	4	2	0.0013	0.125	0	0.0162
0.0068	0.0373	-0.3106	-0.1475	-0.0749	0.127	-0.0058	0.9919	321	428	55	4	1	0.0018	0.4583	1	0.0068
0.0068	0.0645	-0.3058	-0.1477	-0.0379	-0.4212	0.3409	-0.8405	427	0	55	4	2	0.0018	0.4583	0	0.0068
0.0066	0.057	-0.2851	-0.1102	-0.0703	-0.7029	-0.0581	-0.7089	319	430	62	4	1	0.0019	0.5417	0	0.0063
0.0084	0.0418	-0.3278	-0.1153	-0.106	-0.5334	-0.6543	-0.5361	429	431	62	4	2	0.0012	0.4167	0	0.0091
0.0075	0.0089	-0.3502	-0.1449	-0.1191	-0.5889	-0.7836	-0.1979	430	432	62	4	3	0.0053	0.5	0	0.0078
0.0072	0.0062	-0.3499	-0.1544	-0.1228	-0.1919	-0.8244	0.5325	431	0	62	4	4	0.0028	0.2917	0	0.0083
0.0093	0.055	-0.3879	-0.1918	-0.0915	-0.3771	-0.6172	-0.6905	324	434	70	4	1	0.0022	0.5	0	0.0093
0.0093	0.0273	-0.4085	-0.2159	-0.1303	0.3806	-0.0869	-0.9207	433	0	70	4	2	0.01	0.05	0	0.01
0.0061	0.0544	-0.335	-0.1742	-0.0691	0.9614	-0.004	0.275	321	436	75	4	1	0.0016	0.4583	0	0.0061
0.0061	0.0119	-0.2867	-0.1685	-0.0558	0.8049	0.5761	0.1423	435	0	75	4	2	0.01	0.05	0	0.01
0.0095	0.0254	-0.4096	-0.2182	-0.0791	0.9506	0.0878	0.2977	325	438	86	4	1	0.0015	0.5417	0	0.0095
0.0095	0.0394	-0.3846	-0.2117	-0.0711	0.9782	-0.1707	-0.1185	437	439	86	4	2	0.01	0.05	0	0.01
0.0095	0.0205	-0.3461	-0.2185	-0.0758	0.6887	0.4463	-0.5715	438	0	86	4	3	0.01	0.05	0	0.01
0.0065	0.0466	-0.2625	-0.0501	-0.058	0.7311	-0.68	0.0552	0	441	144	0	1	0.0054	0.3	0	0.0121
0.0071	0.0128	-0.228	-0.0818	-0.0579	0.8277	0.5418	0.1461	440	442	144	0	2	0.01	0.05	0	0.01
0.0067	0.0222	-0.2187	-0.0743	-0.0523	0.0813	0.9895	-0.1197	441	0	144	0	3	0.01	0.05	0	0.01
0.0056	0.0382	-0.508	-0.3236	-0.0642	0.1431	0.8791	0.4546	346	444	106	4	1	0.0026	0.4167	0	0.0094
0.0056	0.0236	-0.5089	-0.2942	-0.0457	-0.2422	0.5788	0.7787	443	445	106	4	2	0.01	0.05	0	0.01
0.0056	0.0367	-0.5111	-0.3002	-0.0416	0.1002	0.5972	-0.7958	444	446	106	4	3	0.01	0.05	0	0.01
0.0056	0.0165	-0.5074	-0.2782	-0.0716	0.2761	0.9464	0.1676	445	0	106	4	4	0.01	0.05	0	0.01
0.0051	0.0452	-0.4917	-0.2763	-0.1372	-0.7198	-0.4695	0.5114	0	448	119	0	1	0.0051	0.2	0	0.0107
0.0075	0.0156	-0.5242	-0.2922	-0.109	-0.7776	-0.4252	0.4631	447	0	119	0	2	0.0028	0.375	0	0.0095
0.0027	0.0301	-0.1103	-0.1875	-0.0284	-0.5049	-0.7784	-0.3731	414	0	74	5	1	0.0016	0.25	0	0.0118
