radius (m)	length (m)	start_point	axis_direction	parent	extension	branch	branch_order	position_in_branch	mad	SurfCov	added	UnmodRadius (m)
0.0203	0.0868	0.1718	0.0576	-0.1562	-0.0231	0.5931	0.8048	0	2	1	0	1	0.0071	0.625	0	0.0205
0.0148	0.0566	0.1767	0.1059	-0.0848	0.3376	0.8918	0.3012	1	3	1	0	2	0.0018	0.4583	0	0.0148
0.0148	0.0482	0.2025	0.1532	-0.0755	0.7202	0.5829	0.3763	2	4	1	0	3	0.0009	0.2917	0	0.0148
0.0148	0.024	0.23	0.1776	-0.0718	0.2691	0.8918	-0.3636	3	5	1	0	4	0.007	0.1	0	0.0089
0.0148	0.0331	0.2249	0.1745	-0.0796	-0.4415	0.1722	-0.8806	4	6	1	0	5	0.0108	0.3438	0	0.0129
0.0148	0.0358	0.2015	0.1919	-0.1061	-0.6605	-0.3448	-0.667	5	7	1	0	6	0.01	0.05	0	0.01
0.0148	0.0094	0.2101	0.1721	-0.1103	0.0551	-0.8978	-0.4369	6	0	1	0	7	0.01	0.05	0	0.01
0.0112	0.0787	0.1559	0.0716	-0.1141	-0.7332	-0.4771	0.4845	1	9	3	1	1	0.0014	0.5833	1	0.0112
0.0112	0.0755	0.0981	0.0341	-0.0759	-0.8799	-0.3085	0.3613	8	10	3	1	2	0.0014	0.5833	0	0.0112
0.0118	0.0275	0.0397	0.0301	-0.0329	-0.8785	-0.0257	0.4771	9	11	3	1	3	0.0083	0.3333	0	0.0123
0.01	0.0285	0.0065	0.0342	-0.0356	-0.5625	0.6448	0.5176	10	12	3	1	4	0.01	0.05	0	0.01
0.0131	0.0307	-0.0105	0.0482	-0.0199	-0.7626	0.316	0.5644	11	13	3	1	5	0.0012	0.3333	0	0.0152
0.01	0.0011	0.0146	0.0552	-0.0327	-0.3415	0.7116	-0.614	12	14	3	1	6	0.01	0.05	0	0.01
0.0114	0.0579	0.0113	0.0622	-0.0205	-0.7949	-0.5975	0.1052	13	15	3	1	7	0.0016	0.3333	0	0.0116
0.0084	0.0389	-0.0314	0.0273	-0.0113	-0.1966	-0.9739	0.1138	14	16	3	1	8	0.001	0.2917	0	0.0081
0.0112	0.0396	-0.0432	-0.0042	0.0042	-0.2413	-0.8796	0.4099	15	17	3	1	9	0.0009	0.375	0	0.0112
0.0102	0.0455	-0.0499	-0.0418	0.0184	-0.3516	-0.7694	0.5333	16	18	3	1	10	0.0048	0.4	0	0.0102
0.01	0.0417	-0.0546	-0.0807	0.0272	-0.1187	-0.9795	0.1625	17	19	3	1	11	0.01	0.05	0	0.01
0.0091	0.0449	-0.0678	-0.1082	0.0541	-0.2313	-0.8495	0.4741	18	20	3	1	12	0.001	0.4167	0	0.0091
0.0082	0.0315	-0.089	-0.1424	0.0514	-0.4535	-0.8892	0.061	19	21	3	1	13	0.0009	0.375	0	0.0082
0.008	0.0676	-0.1021	-0.1724	0.0419	-0.5483	-0.8326	0.0779	20	22	3	1	14	0.003	0.3125	0	0.0078
0.01	0.0249	-0.1016	-0.2283	0.027	-0.099	-0.9745	-0.2012	21	23	3	1	15	0.01	0.05	0	0.01
0.0094	0.0484	-0.1291	-0.2357	0.0145	-0.4655	-0.8287	-0.3107	22	24	3	1	16	0.0008	0.3333	0	0.0094
0.0107	0.0405	-0.1233	-0.2857	-0.0031	-0.3372	-0.8893	-0.3089	23	25	3	1	17	0.0011	0.3333	0	0.0111
0.0101	0.0315	-0.0993	-0.3232	0.0103	0.0183	-0.9964	-0.0825	24	26	3	1	18	0.001	0.2917	0	0.0101
0.0076	0.0572	-0.0697	-0.335	0.0255	0.4351	-0.8665	0.2447	25	27	3	1	19	0.0048	0.6667	0	0.0071
0.0106	0.035	-0.0266	-0.373	0.0229	0.6352	-0.7516	0.1778	26	28	3	1	20	0.0046	0.5417	0	0.0108
0.01	0.0417	-0.105	-0.2945	0.0095	-0.7264	-0.6647	0.175	27	29	3	1	21	0.001	0.2083	0	0.01
0.0102	0.0347	-0.1318	-0.3316	0.0037	-0.8418	-0.5197	0.1459	28	30	3	1	22	0.0011	0.375	0	0.0105
0.0096	0.0141	-0.1675	-0.3424	0.0051	-0.744	-0.6682	-0.0018	29	31	3	1	23	0.0049	0.4583	0	0.0096
0.0072	0.0544	-0.1746	-0.352	0.008	-0.4096	0.7399	0.5337	30	32	3	1	24	0.0009	0.3333	0	0.0071
0.0082	0.0478	-0.2013	-0.3246	0.0185	-0.9515	0.3076	0.0109	31	33	3	1	25	0.0085	0.2813	0	0.0082
0.0091	0.0209	-0.2495	-0.31	0.0257	-0.9255	0.0203	-0.3782	32	34	3	1	26	0.0033	0.4	0	0.0091
0.0065	0.0376	-0.2676	-0.3029	0.0152	-0.949	0.0427	-0.3123	33	35	3	1	27	0.004	0.425	0	0.0047
0.0085	0.0213	-0.2968	-0.2941	0.0219	-0.8711	0.4758	0.122	34	36	3	1	28	0.01	0.05	0	0.01
0.0086	0.0512	-0.3008	-0.2996	0.0145	-0.7833	-0.454	-0.4247	35	37	3	1	29	0.001	0.375	0	0.0089
0.0082	0.0309	-0.3408	-0.3202	-0.0127	-0.9163	-0.3418	-0.2085	36	38	3	1	30	0.01	0.05	0	0.01
0.0116	0.0194	-0.3724	-0.3192	-0.0133	-0.9473	-0.3132	0.0672	37	39	3	1	31	0.0041	0.25	0	0.0169
0.0082	0.0588	-0.384	-0.3263	-0.0252	-0.7977	-0.4735	-0.3735	38	40	3	1	32	0.0054	0.3542	0	0.009
0.0074	0.0298	-0.4104	-0.3587	-0.0344	-0.0523	-0.9643	-0.2596	39	41	3	1	33	0.01	0.05	0	0.01
0.0072	0.0041	-0.425	-0.3513	-0.0434	-0.7425	-0.2894	-0.6041	40	0	3	1	34	0.01	0.05	0	0.01
0.0104	0.1137	0.1515	0.0598	-0.1549	-0.6501	0.4718	0.5956	1	43	4	1	1	0.0022	0.5	0	0.0104
0.0104	0.0065	0.0792	0.119	-0.0894	-0.8445	0.3946	0.362	42	44	4	1	2	0.01	0.05	0	0.01
0.0104	0.0227	0.0737	0.1216	-0.087	-0.706	0.4751	0.5252	43	0	4	1	3	0.01	0.05	0	0.01
0.0125	0.0317	0.2355	0.1874	-0.0605	0.2709	0.3409	0.9002	4	46	5	1	1	0.0035	0.5	1	0.0126
0.0125	0.0635	0.2441	0.1982	-0.0319	0.9093	-0.0146	0.4158	45	47	5	1	2	0.0035	0.5	0	0.0126
0.0104	0.0359	0.3014	0.1955	-0.0038	0.0226	0.6954	0.7183	46	48	5	1	3	0.0019	0.2083	0	0.0104
0.0103	0.0274	0.2974	0.2122	0.0148	0.3116	-0.7218	0.618	47	49	5	1	4	0.0014	0.2917	0	0.0103
0.01	0.0579	0.3059	0.1916	0.0365	0.2434	0.9554	0.167	48	50	5	1	5	0.0011	0.4167	0	0.01
0.0101	0.041	0.3371	0.2358	0.0442	0.5393	0.7642	0.3538	49	51	5	1	6	0.0069	0.375	0	0.0101
0.013	0.0499	0.3557	0.2518	0.0546	0.9748	-0.2225	-0.0143	50	52	5	1	7	0.0029	0.12	0	0.019
0.009	0.0138	0.4076	0.2518	0.0575	0.9594	-0.279	-0.0401	51	53	5	1	8	0.0073	0.4375	0	0.0082
0.0105	0.0226	0.4152	0.2401	0.0667	0.8916	-0.0824	0.4453	52	54	5	1	9	0.0034	0.4688	0	0.0105
0.01	0.0275	0.4188	0.2501	0.0775	0.0791	0.0482	0.9957	53	55	5	1	10	0.01	0.05	0	0.01
0.0128	0.0428	0.4199	0.2299	0.0714	0.9048	-0.3701	0.2107	54	56	5	1	11	0.0032	0.225	0	0.0212
0.01	0.0133	0.4463	0.214	0.0845	-0.1466	-0.8832	-0.4455	55	57	5	1	12	0.01	0.05	0	0.01
0.0113	0.053	0.448	0.1912	0.0763	0.8523	0.1803	0.491	56	58	5	1	13	0.001	0.375	0	0.0113
0.01	0.0023	0.4808	0.1989	0.1087	0.3714	0.3941	0.8407	57	59	5	1	14	0.01	0.05	0	0.01
0.0126	0.0401	0.4886	0.2026	0.0984	0.0643	0.9643	0.257	58	60	5	1	15	0.0011	0.3333	0	0.0167
0.0103	0.0354	0.5018	0.245	0.1033	-0.102	0.8966	0.4309	59	61	5	1	16	0.0011	0.3333	0	0.0103
0.0114	0.0324	0.4989	0.2766	0.1109	0.0937	0.9955	-0.0105	60	62	5	1	17	0.0012	0.2917	0	0.0117
0.0123	0.0333	0.5036	0.2959	0.1129	0.9703	0.1606	0.1811	61	63	5	1	18	0.0011	0.2917	0	0.015
0.0121	0.0224	0.5315	0.3209	0.13	0.9724	0.1023	0.2098	62	64	5	1	19	0.0009	0.2917	0	0.0138
0.01	0.0068	0.5464	0.3291	0.1214	0.5952	0.8024	0.0434	63	65	5	1	20	0.01	0.05	0	0.01
0.01	0.0248	0.5504	0.3346	0.1217	0.259	-0.3129	0.9138	64	0	5	1	21	0.01	0.05	0	0.01
0.012	0.0436	0.187	0.2003	-0.1085	-0.8847	0.3381	-0.3211	6	67	11	1	1	0.0026	0.375	0	0.012
0.0106	0.0649	0.1458	0.2096	-0.1086	-0.6253	0.7585	0.1837	66	68	11	1	2	0.0067	0.375	0	0.0106
0.01	0.0449	0.0916	0.2426	-0.1112	-0.8456	0.4248	0.3233	67	69	11	1	3	0.01	0.05	0	0.01
0.0092	0.0449	0.0882	0.2544	-0.0735	-0.5077	0.2306	0.8301	68	70	11	1	4	0.0008	0.375	0	0.0089
0.009	0.0336	0.0571	0.2301	-0.0598	-0.6002	-0.3469	0.7207	69	71	11	1	5	0.0008	0.2917	0	0.0079
0.0116	0.0559	0.0566	0.2119	-0.0719	0.3091	0.951	-0.0044	70	72	11	1	6	0.0009	0.3333	0	0.0116
0.01	0.0308	0.0748	0.2614	-0.0841	0.644	0.7449	-0.1741	71	73	11	1	7	0.01	0.05	0	0.01
0.0103	0.0735	0.0898	0.2582	-0.084	-0.8843	0.247	0.3963	72	74	11	1	8	0.0015	0.375	0	0.0103
0.01	0.008	0.0344	0.2712	-0.0549	-0.3896	-0.7368	0.5525	73	75	11	1	9	0.01	0.05	0	0.01
0.01	0.0217	0.0313	0.2653	-0.0505	-0.8826	0.1982	0.4263	74	76	11	1	10	0.01	0.05	0	0.01
0.011	0.0472	0.0041	0.2686	-0.0503	-0.0427	-0.9886	0.1447	75	77	11	1	11	0.001	0.2917	0	0.012
0.0107	0.0145	-0.0127	0.2206	-0.0532	-0.3672	-0.6706	0.6446	76	78	11	1	12	0.0016	0.3333	0	0.0118
0.0116	0.0342	-0.0123	0.2126	-0.0453	-0.3061	0.9479	-0.0881	77	79	11	1	13	0.0061	0.25	0	0.0185
0.0108	0.0288	-0.0145	0.2455	-0.0379	-0.3058	0.9302	0.2028	78	80	11	1	14	0.005	0.225	0	0.0181
0.0111	0.0409	-0.0227	0.2607	-0.0366	-0.4296	-0.3485	0.8331	79	81	11	1	15	0.0014	0.375	0	0.0134
0.0081	0.0298	-0.0409	0.2533	0.001	-0.4787	-0.4308	0.765	80	82	11	1	16	0.01	0.05	0	0.01
0.0077	0.0092	-0.0453	0.2441	-0.0026	-0.4265	-0.8605	-0.2786	81	83	11	1	17	0.01	0.05	0	0.01
0.0073	0.0242	-0.051	0.2362	-0.0048	0.0412	-0.8604	0.508	82	0	11	1	18	0.01	0.05	0	0.01
0.0139	0.0176	0.0825	0.0399	-0.0744	-0.6879	0.7144	-0.1281	9	85	107	2	1	0.0038	0.5417	1	0.0139
0.0139	0.041	0.0705	0.0525	-0.0766	-0.5708	0.7627	0.3042	84	0	107	2	2	0.0038	0.5417	0	0.0139
0.0025	0.0296	-0.0447	-0.0292	0.0113	0.2051	-0.9732	-0.1044	16	87	8	2	1	0.0106	0.25	1	0.01
0.0025	0.0469	-0.0349	-0.059	0.0038	0.2357	-0.8801	0.4122	86	0	8	2	2	0.0066	0.175	0	0.01
0.0095	0.0806	-0.0332	-0.0155	-0.0116	0.7021	-0.6781	-0.2171	15	89	10	2	1	0.0025	0.5	0	0.0095
0.0095	0.0021	0.0261	-0.0626	-0.0286	0.8922	-0.3037	-0.3343	88	90	10	2	2	0.01	0.05	0	0.01
0.0095	0.0343	0.0489	-0.0636	-0.034	-0.1922	-0.5498	-0.8129	89	91	10	2	3	0.0075	0.275	0	0.0198
0.0095	0.0485	0.0585	-0.0757	-0.0512	0.6013	-0.5982	-0.5297	90	92	10	2	4	0.0007	0.25	0	0.0117
0.0095	0.0318	0.0854	-0.1125	-0.072	0.6439	-0.5313	-0.5506	91	93	10	2	5	0.01	0.05	0	0.01
0.0095	0.0079	0.1049	-0.1067	-0.0743	0.9673	0.1688	-0.1893	92	0	10	2	6	0.01	0.05	0	0.01
0.0096	0.0864	-0.0756	-0.0794	0.0545	-0.8899	0.4552	0.0289	17	95	15	2	1	0.0009	0.375	0	0.0107
0.0095	0.0296	-0.1514	-0.0402	0.0608	-0.5168	0.8352	0.1879	94	96	15	2	2	0.0011	0.25	0	0.0095
0.0086	0.0334	-0.1451	-0.0146	0.0628	-0.0259	0.9955	0.0908	95	97	15	2	3	0.0067	0.375	0	0.0079
0.0096	0.024	-0.1453	0.0191	0.0551	0.5007	0.8623	0.0754	96	98	15	2	4	0.0035	0.5	0	0.0108
0.0086	0.0063	-0.1396	0.0439	0.0586	0.461	0.8306	-0.3124	97	99	15	2	5	0.0045	0.6667	0	0.0086
0.0095	0.0435	-0.1337	0.0484	0.0513	0.2187	0.9757	-0.0106	98	100	15	2	6	0.001	0.25	0	0.0119
0.0086	0.0478	-0.1377	0.0931	0.0519	0.1451	0.9737	-0.1757	99	101	15	2	7	0.0036	0.375	0	0.0045
0.0092	0.024	-0.1436	0.134	0.043	-0.3546	0.8439	-0.4025	100	102	15	2	8	0.01	0.05	0	0.01
0.0093	0.0355	-0.1302	0.1518	0.0587	-0.1191	0.9733	0.1964	101	103	15	2	9	0.001	0.3333	0	0.0095
0.009	0.0021	-0.141	0.1838	0.0669	-0.211	0.8329	0.5116	102	104	15	2	10	0.01	0.05	0	0.01
0.0089	0.017	-0.1414	0.1855	0.0679	0.5001	0.7972	0.3383	103	105	15	2	11	0.01	0.05	0	0.01
0.0089	0.0214	-0.1329	0.1991	0.0737	-0.9632	0.2685	0.0141	104	0	15	2	12	0.01	0.05	0	0.01
0.0089	0.0372	-0.0932	-0.3352	0.001	0.4022	-0.8282	-0.3903	25	107	45	2	1	0.0026	0.4167	0	0.0089
0.0096	0.0053	-0.0899	-0.3551	-0.0114	-0.6755	-0.6789	-0.2877	106	108	45	2	2	0.01	0.05	0	0.01
0.0096	0.0289	-0.0816	-0.3736	-0.0028	0.6031	-0.0563	-0.7956	107	109	45	2	3	0.0045	0.25	0	0.0169
0.0095	0.0098	-0.0609	-0.3768	-0.0114	0.7098	0.6988	-0.0882	108	110	45	2	4	0.01	0.05	0	0.01
0.0093	0.0323	-0.0539	-0.3699	-0.0123	0.8378	-0.5132	-0.1861	109	111	45	2	5	0.01	0.05	0	0.01
0.0092	0.0181	-0.0268	-0.3865	-0.0183	0.3457	-0.0276	-0.9379	110	112	45	2	6	0.01	0.05	0	0.01
0.009	0.0311	-0.0173	-0.3869	-0.0327	-0.2544	0.923	0.2888	111	0	45	2	7	0.01	0.05	0	0.01
0.0068	0.0395	-0.1827	-0.3496	0.0071	-0.7828	-0.4439	0.436	31	114	47	2	1	0.0082	0.3	1	0.0362
0.0065	0.0314	-0.2119	-0.3955	0.0014	-0.9839	-0.1446	0.105	113	115	47	2	2	0.0023	0.225	0	0.0362
0.0056	0.0409	-0.2436	-0.3991	0.0023	-0.9492	-0.2252	0.2198	114	116	47	2	3	0.01	0.05	0	0.01
0.0045	0.0308	-0.2814	-0.4102	0.0016	-0.9778	-0.2009	-0.0593	115	117	47	2	4	0.0018	0.175	0	0.01
0.0034	0.0275	-0.3097	-0.4017	-0.0037	-0.9919	0.1061	-0.0698	116	0	47	2	5	0.0024	0.125	0	0.01
0.0101	0.0215	-0.2202	-0.3107	0.0152	-0.5337	0.0734	-0.8425	32	119	51	2	1	0.0028	0.4167	0	0.0101
0.0101	0.0098	-0.2329	-0.3023	0.004	-0.5421	0.5496	-0.6356	118	120	51	2	2	0.01	0.05	0	0.01
0.0101	0.0358	-0.2382	-0.2969	-0.0022	-0.3131	0.9109	-0.2687	119	0	51	2	3	0.01	0.05	0	0.01
0.0099	0.0879	-0.269	-0.3092	0.0161	-0.3948	-0.8191	-0.4161	34	122	62	2	1	0.0033	0.4167	0	0.0099
0.0099	0.038	-0.3085	-0.3765	-0.0202	-0.6939	-0.7	-0.1686	121	123	62	2	2	0.001	0.2083	0	0.0082
0.0099	0.0306	-0.3332	-0.4014	-0.0145	-0.4767	-0.8574	0.1937	122	124	62	2	3	0.01	0.05	0	0.01
0.0099	0.0256	-0.3497	-0.4074	-0.027	-0.772	-0.4668	-0.4314	123	125	62	2	4	0.01	0.05	0	0.01
0.0099	0.0195	-0.3667	-0.4181	-0.0422	-0.6782	-0.4275	-0.5977	124	0	62	2	5	0.01	0.05	0	0.01
0.0086	0.0372	-0.2621	-0.3026	0.0266	-0.8582	0.509	0.0663	33	127	65	2	1	0.0008	0.4167	1	0.0108
0.0086	0.0447	-0.294	-0.2836	0.0291	-0.8763	0.4702	0.1051	126	128	65	2	2	0.0008	0.4167	0	0.0108
0.0086	0.0005	-0.3237	-0.2632	0.026	-0.1408	0.9594	-0.2446	127	129	65	2	3	0.01	0.05	0	0.01
0.0075	0.0549	-0.3256	-0.2635	0.0322	-0.7909	0.5925	-0.1533	128	130	65	2	4	0.0012	0.375	0	0.0075
0.0083	0.046	-0.3716	-0.2361	0.0209	-0.8998	0.4362	0.0097	129	131	65	2	5	0.0008	0.25	0	0.0083
0.0086	0.0289	-0.401	-0.2114	0.0106	-0.6405	0.6273	-0.4431	130	132	65	2	6	0.01	0.05	0	0.01
0.0086	0.0202	-0.4322	-0.208	0.0137	-0.8524	0.4552	-0.2574	131	133	65	2	7	0.001	0.3333	0	0.0088
0.0085	0.0227	-0.4467	-0.1936	0.0064	-0.8919	0.4099	-0.191	132	134	65	2	8	0.01	0.05	0	0.01
0.0086	0.0057	-0.4643	-0.1825	0.0017	-0.5497	0.7535	-0.3607	133	135	65	2	9	0.0008	0.4583	0	0.0103
0.0086	0.0281	-0.4805	-0.1856	0.0077	-0.5331	0.026	-0.8457	134	136	65	2	10	0.0031	0.275	0	0.0142
0.0086	0.0068	-0.4998	-0.169	-0.0085	-0.8448	0.0305	-0.5342	135	137	65	2	11	0.0081	0.4167	0	0.0174
0.0085	0.0917	-0.4938	-0.1716	-0.0042	0.24	0.9708	-0.0033	136	138	65	2	12	0.0063	0.1167	0	0.0143
0.0075	0.0025	-0.4734	-0.0831	-0.0181	0.2898	0.9547	-0.0682	137	139	65	2	13	0.0059	0.6	0	0.0075
0.0084	0.0599	-0.4776	-0.08	-0.0146	-0.0286	0.9717	-0.2346	138	140	65	2	14	0.0014	0.375	0	0.0126
0.0084	0.0189	-0.4858	-0.0225	-0.0255	-0.1509	0.9864	-0.0654	139	141	65	2	15	0.0046	0.15	0	0.0146
0.0083	0.0258	-0.4647	0.0017	-0.0228	-0.27	0.8754	0.4009	140	142	65	2	16	0.0042	0.375	0	0.0105
0.0075	0.0299	-0.4632	0.013	-0.0225	0.8511	0.5022	0.1534	141	143	65	2	17	0.0055	0.375	0	0.0069
0.0078	0.0262	-0.4432	0.0288	-0.0273	0.8209	0.3546	-0.4476	142	144	65	2	18	0.01	0.05	0	0.01
0.0077	0.0347	-0.4182	0.0368	-0.0271	0.9379	0.2452	-0.2454	143	145	65	2	19	0.01	0.05	0	0.01
0.0077	0.0009	-0.4201	0.0614	-0.0291	0.389	0.9029	-0.1829	144	0	65	2	20	0.01	0.05	0	0.01
0.0078	0.0772	-0.4066	-0.3378	-0.0267	-0.2253	0.9339	0.2777	39	147	69	2	1	0.0018	0.375	0	0.0084
0.0073	0.0153	-0.4161	-0.2726	0.0056	0.6475	0.762	0.0128	146	148	69	2	2	0.0033	0.225	0	0.0156
0.0065	0.0144	-0.4066	-0.2681	0.001	-0.3037	-0.5196	0.7986	147	149	69	2	3	0.01	0.05	0	0.01
0.0066	0.0338	-0.4027	-0.2636	0.0253	-0.2872	0.787	-0.5461	148	150	69	2	4	0.0067	0.275	0	0.0142
0.0044	0.0065	-0.4031	-0.2343	0.0126	0.2316	0.6756	-0.6999	149	151	69	2	5	0.0013	0.15	0	0.01
0.0034	0.0132	-0.4008	-0.2292	0.0077	0.5002	-0.7762	-0.3838	150	0	69	2	6	0.001	0.075	0	0.01
0.0096	0.0189	0.3427	0.2603	0.0496	-0.4332	0.8925	-0.1258	50	153	17	2	1	0.0028	0.4167	1	0.0114
0.0096	0.0487	0.3345	0.2772	0.0472	0.2908	0.7175	0.6329	152	154	17	2	2	0.0028	0.4167	0	0.0114
0.0096	0.0149	0.3575	0.3003	0.0811	0.0625	0.2968	0.9529	153	155	17	2	3	0.01	0.05	0	0.01
0.0096	0.0206	0.3585	0.3047	0.0954	0.1336	-0.6957	0.7059	154	0	17	2	4	0.01	0.05	0	0.01
0.0025	0.1147	0.3043	0.2769	0.0547	0.9923	0.039	0.1173	51	157	22	2	1	0.01	0.05	0	0.01
0.0061	0.0635	0.4202	0.2813	0.0654	0.7423	0.3466	0.5735	156	158	22	2	2	0.0008	0.3333	0	0.0077
0.0025	0.0138	0.4615	0.307	0.1023	0.5031	0.7433	0.4409	157	0	22	2	3	0.01	0.05	0	0.01
0.0073	0.0167	0.407	0.2431	0.0546	0.0193	-0.9506	-0.3097	52	160	31	2	1	0.0025	0.4167	1	0.0073
0.0073	0.0576	0.4073	0.2272	0.0494	0.1746	-0.9002	0.3989	159	161	31	2	2	0.0025	0.4167	0	0.0073
0.0085	0.0262	0.4187	0.1771	0.0709	0.6853	-0.6952	-0.2169	160	162	31	2	3	0.0017	0.2083	0	0.012
0.0085	0.0368	0.4403	0.1649	0.0623	0.23	-0.5366	-0.8119	161	163	31	2	4	0.003	0.125	0	0.0151
0.0085	0.0435	0.4403	0.1392	0.0405	-0.2503	-0.6337	-0.732	162	164	31	2	5	0.004	0.475	0	0.0114
0.0085	0.0884	0.4238	0.108	0.019	-0.3877	-0.7832	-0.4861	163	165	31	2	6	0.0036	0.2679	0	0.0104
0.0084	0.0499	0.3692	0.0559	0.0015	-0.702	-0.7074	-0.0827	164	166	31	2	7	0.01	0.05	0	0.01
0.0084	0.0121	0.3862	0.0192	-0.0212	-0.2299	-0.7759	-0.5874	165	167	31	2	8	0.008	0.225	0	0.0198
0.0083	0.0186	0.3928	0.0207	-0.0182	-0.3266	-0.4777	0.8156	166	168	31	2	9	0.01	0.05	0	0.01
0.0084	0.0562	0.3875	0.0061	0.0029	-0.8621	-0.4125	-0.2942	167	169	31	2	10	0.0012	0.375	0	0.0094
0.0083	0.0625	0.3421	-0.019	-0.0115	-0.5325	-0.8461	-0.0231	168	170	31	2	11	0.0011	0.3333	0	0.0085
0.0081	0.0516	0.3078	-0.0716	-0.0105	-0.4358	-0.8953	-0.0923	169	171	31	2	12	0.01	0.05	0	0.01
0.0083	0.0339	0.3045	-0.0772	-0.0057	0.8184	-0.4661	0.336	170	172	31	2	13	0.0012	0.4167	0	0.0132
0.008	0.0284	0.327	-0.1007	-0.0069	0.8844	-0.4573	-0.0935	171	173	31	2	14	0.01	0.05	0	0.01
0.0079	0.0059	0.3301	-0.1142	-0.0006	0.2388	-0.8036	0.5451	172	174	31	2	15	0.01	0.05	0	0.01
0.0079	0.012	0.3306	-0.121	0.0051	0.352	-0.7819	-0.5145	173	0	31	2	16	0.01	0.05	0	0.01
0.0107	0.0231	0.4508	0.1805	0.0739	0.6131	-0.7894	0.0308	57	176	55	2	1	0.0025	0.375	1	0.0128
0.0104	0.0376	0.4649	0.1622	0.0746	0.9518	-0.0372	-0.3044	175	177	55	2	2	0.0025	0.375	0	0.0128
0.0094	0.042	0.5085	0.1584	0.0626	-0.1406	-0.2326	-0.9623	176	178	55	2	3	0.001	0.2917	0	0.012
0.0066	0.0038	0.501	0.1399	0.0316	0.4812	-0.6783	-0.5553	177	179	55	2	4	0.01	0.05	0	0.01
0.0045	0.0223	0.5014	0.1391	0.0289	-0.2993	-0.4798	-0.8248	178	0	55	2	5	0.0017	0.175	0	0.01
0.008	0.0597	0.5654	0.3169	0.1274	0.8745	-0.1237	-0.4689	63	181	81	2	1	0.0009	0.2917	0	0.0085
0.0025	0.0101	0.62	0.3108	0.0977	-0.5801	-0.022	-0.8143	180	0	81	2	2	0.01	0.05	0	0.01
0.0062	0.0298	0.5522	0.3352	0.1328	0.9385	0.3019	0.1676	63	183	83	2	1	0.0059	0.3	0	0.0125
0.0025	0.0009	0.5742	0.345	0.1333	0.1796	-0.8976	-0.4025	182	184	83	2	2	0.0066	0.2	0	0.01
0.0025	0.0378	0.5765	0.3432	0.1352	-0.1046	-0.9414	-0.3206	183	0	83	2	3	0.0075	0.225	0	0.01
0.0175	0.0751	0.0947	0.2691	-0.0871	0.8781	-0.4774	0.0327	72	186	13	2	1	0.0025	0.4583	0	0.0175
0.0175	0.0257	0.152	0.2521	-0.0876	0.7278	0.2358	-0.644	185	0	13	2	2	0.003	0.15	0	0.01
0.0098	0.0711	0.1199	0.2602	-0.0933	-0.0701	0.9957	0.0603	73	188	16	2	1	0.0009	0.3333	0	0.0116
0.0098	0.0011	0.1067	0.3243	-0.0831	-0.6011	0.7968	0.0623	187	189	16	2	2	0.01	0.05	0	0.01
0.0098	0.0186	0.1051	0.3272	-0.0865	0.6598	0.7093	0.2481	188	190	16	2	3	0.01	0.05	0	0.01
0.0098	0.026	0.1174	0.3404	-0.0819	0.214	0.2782	0.9364	189	0	16	2	4	0.01	0.05	0	0.01
0.0095	0.0237	0.0317	0.2664	-0.0633	0.6673	0.659	-0.3471	74	192	36	2	1	0.0071	0.275	0	0.0173
0.0095	0.0516	0.0275	0.2889	-0.0897	-0.0263	0.9252	0.3786	191	193	36	2	2	0.0017	0.2917	0	0.0111
0.0085	0.0462	0.0271	0.3289	-0.0592	-0.1342	0.8055	0.5772	192	194	36	2	3	0.0057	0.4375	0	0.0085
0.0089	0.0568	0.0293	0.3553	-0.0282	-0.0787	0.3132	0.9464	193	195	36	2	4	0.01	0.05	0	0.01
0.0086	0.0183	0.026	0.3794	-0.0406	-0.1689	0.9815	0.0902	194	196	36	2	5	0.01	0.05	0	0.01
0.0085	0.015	0.0222	0.365	-0.0402	0.1607	0.0333	-0.9864	195	0	36	2	6	0.01	0.05	0	0.01
0.0051	0.051	0.0705	0.2302	-0.0784	-0.0031	-0.3111	-0.9504	71	198	37	2	1	0.0049	0.3	0	0.0107
0.0046	0.0375	0.0771	0.224	-0.121	0.8497	-0.507	-0.1448	197	199	37	2	2	0.0056	0.2	0	0.0112
0.0025	0.012	0.1055	0.2034	-0.1164	0.8064	-0.5566	0.1998	198	0	37	2	3	0.005	0.125	0	0.01
0.0087	0.0446	0.0705	0.2664	-0.0573	0.2767	0.9015	-0.3328	69	201	38	2	1	0.0027	0.4583	0	0.0118
0.0087	0.0026	0.0749	0.3022	-0.064	-0.2668	0.9315	0.2471	200	202	38	2	2	0.01	0.05	0	0.01
0.0087	0.0294	0.0741	0.3091	-0.0628	-0.8711	0.0409	-0.4894	201	203	38	2	3	0.01	0.05	0	0.01
0.0087	0.0003	0.0475	0.3101	-0.0778	-0.2343	0.9721	0.0092	202	0	38	2	4	0.01	0.05	0	0.01
0.009	0.0264	0.0516	-0.0575	-0.041	0.2946	0.6638	-0.6874	90	205	23	3	1	0.0034	0.4583	1	0.0131
0.009	0.0445	0.0594	-0.04	-0.0592	0.8276	-0.3184	-0.4624	204	206	23	3	2	0.0034	0.4583	0	0.0131
0.007	0.0286	0.0977	-0.0549	-0.0683	0.3138	-0.9445	-0.0975	205	207	23	3	3	0.0058	0.4583	0	0.007
0.0079	0.0359	0.1051	-0.0654	-0.0666	0.4584	-0.1903	0.8681	206	208	23	3	4	0.01	0.05	0	0.01
0.0074	0.0185	0.1049	-0.0658	-0.0671	0.0921	-0.965	-0.2454	207	0	23	3	5	0.01	0.05	0	0.01
0.0108	0.1239	-0.1369	0.0143	0.0553	-0.2202	-0.972	-0.082	97	210	109	3	1	0.0035	0.5	0	0.0108
0.0108	0.0159	-0.1624	-0.0951	0.0465	-0.9791	0.1768	-0.1004	209	211	109	3	2	0.0065	0.5417	0	0.0111
0.0108	0.046	-0.1772	-0.1034	0.0473	-0.8538	-0.1646	-0.4938	210	212	109	3	3	0.0012	0.2917	0	0.0144
0.0108	0.0439	-0.1967	-0.1236	0.0339	-0.3875	-0.8543	-0.3466	211	213	109	3	4	0.0081	0.375	0	0.0076
0.0108	0.0129	-0.2374	-0.1446	0.0084	-0.3065	-0.7781	-0.5483	212	214	109	3	5	0.0072	0.3125	0	0.0112
0.0108	0.0283	-0.2197	-0.175	0.0064	-0.5163	-0.6805	-0.5199	213	215	109	3	6	0.0057	0.4063	0	0.013
0.0108	0.0257	-0.2236	-0.1896	-0.0081	0.3583	-0.791	-0.496	214	216	109	3	7	0.01	0.05	0	0.01
0.0108	0.0291	-0.2212	-0.2037	-0.0295	0.2363	-0.6948	-0.6793	215	0	109	3	8	0.01	0.05	0	0.01
0.0098	0.0324	-0.1462	-0.0315	0.0588	0.5361	-0.8425	-0.0526	95	218	27	3	1	0.0022	0.4583	0	0.0099
0.0098	0.0606	-0.1164	-0.0652	0.0581	0.4606	0.8808	-0.1099	217	219	27	3	2	0.0011	0.375	0	0.0096
0.0098	0.0662	-0.099	0.0001	0.0456	0.7786	0.4923	-0.3892	218	220	27	3	3	0.0014	0.3333	0	0.0109
0.0098	0.0268	-0.0481	0.0391	0.0229	0.2494	0.445	-0.8601	219	221	27	3	4	0.0014	0.375	0	0.0122
0.0098	0.0031	-0.0366	0.0423	0.0072	0.9196	0.2985	-0.2552	220	222	27	3	5	0.01	0.05	0	0.01
0.0098	0.0531	-0.0434	0.0464	0.0097	0.161	0.9011	-0.4026	221	223	27	3	6	0.0012	0.4167	0	0.0098
0.0098	0.0323	-0.0396	0.0889	-0.0188	0.3624	0.6003	-0.713	222	224	27	3	7	0.01	0.05	0	0.01
0.0098	0.0245	-0.0286	0.1096	-0.0185	0.4715	0.8811	-0.0366	223	225	27	3	8	0.01	0.05	0	0.01
0.0098	0.0067	-0.0335	0.1258	-0.0124	-0.1792	0.9369	0.3003	224	0	27	3	9	0.01	0.05	0	0.01
0.0091	0.0797	-0.2802	-0.2829	0.0323	-0.3445	0.8924	0.2913	126	227	70	3	1	0.0029	0.5	0	0.0091
0.0091	0.0326	-0.3159	-0.2181	0.0505	-0.5524	0.8227	-0.1338	226	228	70	3	2	0.01	0.05	0	0.01
0.0091	0.0083	-0.3086	-0.2249	0.0492	-0.0859	0.0266	0.9959	227	0	70	3	3	0.01	0.05	0	0.01
0.0079	0.0617	-0.3738	-0.2284	0.0151	0.6279	0.7172	0.3023	130	230	78	3	1	0.003	0.5833	0	0.0083
0.0062	0.0403	-0.3521	-0.193	0.0181	0.1591	0.7775	-0.6084	229	231	78	3	2	0.0053	0.4583	0	0.0062
0.0077	0.0233	-0.3522	-0.1584	0.0135	-0.7086	0.6239	-0.3296	230	232	78	3	3	0.01	0.05	0	0.01
0.0078	0.0215	-0.3364	-0.1525	0.004	0.2243	0.9143	-0.3374	231	233	78	3	4	0.0016	0.4167	0	0.0125
0.0076	0.0435	-0.329	-0.1328	0.0026	0.2289	0.9684	-0.099	232	234	78	3	5	0.0009	0.2917	0	0.0089
0.0076	0.0381	-0.3138	-0.0988	0.0142	0.5164	0.8198	0.2473	233	235	78	3	6	0.0029	0.4375	0	0.0079
0.0069	0.0231	-0.2998	-0.0854	0.0251	0.2819	-0.0064	0.9594	234	236	78	3	7	0.01	0.05	0	0.01
0.0067	0.0194	-0.3001	-0.0847	0.0233	0.2739	0.9608	-0.0428	235	0	78	3	8	0.01	0.05	0	0.01
0.0081	0.0459	-0.4467	-0.1918	-0.0024	0.4656	0.734	0.4944	133	238	82	3	1	0.0015	0.3333	0	0.0065
0.0081	0.0323	-0.4174	-0.1661	0.0168	0.7119	0.7016	0.0309	237	239	82	3	2	0.0011	0.4167	0	0.0104
0.0081	0.0048	-0.3955	-0.1399	0.0208	0.9032	0.4026	-0.1488	238	240	82	3	3	0.01	0.05	0	0.01
0.0081	0.0047	-0.3905	-0.1377	0.02	-0.1065	0.658	0.7455	239	0	82	3	4	0.01	0.05	0	0.01
0.0074	0.0586	-0.3917	0.0361	-0.0309	0.6793	-0.5455	0.4909	144	242	97	3	1	0.0021	0.5	0	0.0109
0.0074	0.0384	-0.35	0.0094	-0.0007	0.6975	-0.4217	0.5793	241	243	97	3	2	0.0008	0.25	0	0.0091
0.0074	0.0211	-0.3321	0.0016	0.0317	0.6093	-0.2612	0.7487	242	244	97	3	3	0.0054	0.5	0	0.0099
0.0074	0.0364	-0.3191	-0.0126	0.0444	0.0574	-0.3305	0.9421	243	0	97	3	4	0.01	0.05	0	0.01
0.0212	0.0361	0.4244	0.1596	0.0649	-0.5762	0.1169	-0.8089	161	246	49	3	1	0.0036	0.4583	0	0.0212
0.0212	0.0452	0.3987	0.1527	0.0415	0.0171	-0.4734	-0.8807	245	247	49	3	2	0.0054	0.25	0	0.0145
0.0212	0.023	0.3811	0.1224	0.0238	-0.7894	0.1427	-0.597	246	248	49	3	3	0.0025	0.15	0	0.0093
0.0212	0.0203	0.3639	0.1347	-0.0179	-0.848	0.5124	0.1357	247	249	49	3	4	0.002	0.15	0	0.008
0.0212	0.0317	0.3548	0.1299	-0.0227	-0.8246	-0.1676	-0.5403	248	250	49	3	5	0.0021	0.1	0	0.0122
0.0212	0.0328	0.3447	0.1097	-0.0313	-0.3732	-0.7277	-0.5755	249	251	49	3	6	0.0021	0.1	0	0.01
0.0212	0.02	0.3241	0.095	-0.0554	-0.1043	-0.5575	-0.8236	250	0	49	3	7	0.0178	0.1	0	0.01
0.0084	0.0943	0.4467	0.1342	0.0333	0.8587	0.5106	0.044	163	253	59	3	1	0.002	0.4167	0	0.0084
0.0084	0.0345	0.5157	0.1978	0.0289	0.325	0.6399	0.6963	252	254	59	3	2	0.007	0.25	0	0.0215
0.0084	0.0302	0.5253	0.2108	0.042	0.9027	0.2563	-0.3456	253	255	59	3	3	0.0063	0.35	0	0.0143
0.0084	0.0065	0.5491	0.2123	0.0276	0.8906	-0.4411	-0.1104	254	256	59	3	4	0.01	0.05	0	0.01
0.0084	0.0225	0.5549	0.2094	0.0268	0.0785	-0.2959	0.952	255	0	59	3	5	0.01	0.05	0	0.01
0.008	0.0222	0.4204	0.0902	0.0172	0.3551	-0.5805	0.7328	164	258	63	3	1	0.0031	0.3333	1	0.0205
0.0078	0.0643	0.4214	0.069	0.028	0.6766	-0.0817	-0.7318	257	259	63	3	2	0.0063	0.2	0	0.0205
0.0068	0.0133	0.4584	0.0535	-0.0045	0.8999	-0.4231	0.1052	258	260	63	3	3	0.01	0.05	0	0.01
0.006	0.0282	0.4704	0.0479	-0.0031	0.8362	0.5379	-0.1072	259	261	63	3	4	0.01	0.05	0	0.01
0.0047	0.0329	0.4948	0.0605	-0.0056	0.7501	0.3763	0.5438	260	262	63	3	5	0.0046	0.175	0	0.01
0.0035	0.0111	0.5191	0.0755	0.0138	0.7309	-0.2253	0.6442	261	0	63	3	6	0.0063	0.1	0	0.01
0.0025	0.0576	0.575	0.3448	0.1336	-0.5475	0.591	-0.5924	184	264	88	3	1	0.0027	0.4583	1	0.0142
0.0025	0.0511	0.5487	0.379	0.1037	-0.5107	-0.5488	0.6618	263	265	88	3	2	0.0094	0.225	0	0.0142
0.0025	0.0073	0.5313	0.3526	0.1243	0.5781	0.667	0.47	264	266	88	3	3	0.01	0.05	0	0.01
0.0025	0.0427	0.5339	0.3565	0.1273	-0.2023	-0.106	0.9736	265	0	88	3	4	0.0047	0.225	0	0.01
0.01	0.1131	-0.1366	-0.0272	0.0468	0.007	-0.9794	-0.2018	209	268	19	4	1	0.01	0.05	1	0.01
0.0076	0.0366	-0.1358	-0.138	0.0239	-0.0801	-0.9694	-0.2319	267	269	19	4	2	0.01	0.05	0	0.01
0.0061	0.0169	-0.1388	-0.1734	0.0155	-0.7177	-0.6278	0.3013	268	270	19	4	3	0.01	0.05	0	0.01
0.0048	0.0149	-0.1508	-0.184	0.0214	-0.6819	-0.7283	0.0679	269	271	19	4	4	0.003	0.15	0	0.01
0.0035	0.0166	-0.1635	-0.1924	0.0228	0.268	0.1191	0.956	270	0	19	4	5	0.0025	0.1	0	0.01
0.0157	0.0162	-0.0926	0.0157	0.0389	0.259	0.8419	-0.4734	219	273	39	4	1	0.0029	0.4583	0	0.0157
0.0157	0.0358	-0.0914	0.0395	0.0254	-0.5352	0.2974	0.7907	272	274	39	4	2	0.0036	0.2	0	0.0099
0.0157	0.0281	-0.0959	0.0293	0.0657	-0.6169	0.024	0.7867	273	0	39	4	3	0.001	0.125	0	0.01
0.0036	0.0688	-0.3579	-0.2013	0.0213	-0.9426	0.2968	-0.1533	229	276	114	4	1	0.0043	0.225	0	0.0114
0.0025	0.0178	-0.4171	-0.1965	0.0173	-0.9375	-0.2252	0.2654	275	277	114	4	2	0.001	0.15	0	0.01
0.0025	0.007	-0.4271	-0.1878	0.025	-0.8073	0.3118	0.5011	276	0	114	4	3	0.0017	0.15	0	0.01
0.007	0.0615	-0.457	-0.0992	-0.0153	0.8746	0.4784	-0.0789	0	0	115	0	1	0.0045	0.275	0	0.0146
0.0127	0.0376	-0.378	-0.104	-0.0092	-0.8663	-0.4872	0.1102	0	280	120	0	1	0.0024	0.4167	0	0.0127
0.0127	0.0119	-0.4039	-0.1173	-0.0035	-0.5183	0.4511	0.7265	279	281	120	0	2	0.01	0.05	0	0.01
0.0127	0.0135	-0.4157	-0.1132	0.0022	0.0772	0.848	-0.5243	280	0	120	0	3	0.01	0.05	0	0.01
