radius (m)	length (m)	start_point	axis_direction	parent	extension	branch	branch_order	position_in_branch	mad	SurfCov	added	UnmodRadius (m)
0.0171	0.0541	-0.14	-0.287	-0.894	0.2437	0.8372	0.4896	0	2	1	0	1	0.0027	0.7083	0	0.0171
0.0163	0.1194	-0.1092	-0.2299	-0.8786	-0.0317	0.7065	0.707	1	3	1	0	2	0.0023	0.7917	0	0.0163
0.0133	0.062	-0.1104	-0.1461	-0.793	-0.2561	0.4421	0.8596	2	4	1	0	3	0.0016	0.7083	0	0.0133
0.013	0.069	-0.1288	-0.1157	-0.7409	0.2614	0.528	0.808	3	5	1	0	4	0.0016	0.6667	0	0.0128
0.0213	0.1267	-0.13	-0.0698	-0.6549	0.8035	-0.1796	0.5675	4	6	1	0	5	0.0039	0.7	0	0.0259
0.0211	0.0984	-0.0432	-0.102	-0.6022	0.4947	-0.8682	0.0379	5	7	1	0	6	0.0037	0.6667	0	0.0251
0.0188	0.1377	0.0051	-0.1992	-0.6007	0.4065	-0.1753	0.8967	6	8	1	0	7	0.0207	0.3375	0	0.0552
0.0202	0.1133	0.0335	-0.2641	-0.4888	-0.011	-0.2677	0.9634	7	9	1	0	8	0.0031	0.7813	0	0.0202
0.0149	0.072	0.0429	-0.2961	-0.3782	-0.1563	-0.1277	0.9794	8	10	1	0	9	0.0021	0.8333	0	0.0149
0.0153	0.0523	0.0281	-0.3064	-0.3075	0.0339	0.0459	0.9984	9	11	1	0	10	0.0021	0.7917	0	0.0153
0.0134	0.073	0.0321	-0.3	-0.2548	-0.067	-0.0963	0.9931	10	12	1	0	11	0.0016	0.875	0	0.0134
0.0134	0.0511	0.0238	-0.3035	-0.182	-0.072	-0.1306	0.9888	11	13	1	0	12	0.0019	0.75	0	0.0134
0.0144	0.0944	0.0224	-0.2949	-0.1269	-0.0634	-0.2788	0.9583	12	14	1	0	13	0.0022	0.7813	0	0.0144
0.0131	0.1293	0.0178	-0.323	-0.0365	-0.0101	-0.0271	0.9996	13	15	1	0	14	0.0026	0.8	0	0.0131
0.0158	0.0476	0.0154	-0.3147	0.0938	0.0296	-0.0767	0.9966	14	16	1	0	15	0.0019	0.7917	0	0.0158
0.0147	0.0474	0.0218	-0.3224	0.1416	-0.2009	-0.1479	0.9684	15	17	1	0	16	0.002	0.8333	0	0.0147
0.0138	0.0611	0.0161	-0.3254	0.188	0.0329	-0.1688	0.9851	16	18	1	0	17	0.002	0.875	0	0.0138
0.0139	0.0639	0.0165	-0.3411	0.248	0.0355	-0.0638	0.9973	17	19	1	0	18	0.002	0.875	0	0.0139
0.0124	0.0428	0.022	-0.3409	0.3126	0.0491	-0.2452	0.9682	18	20	1	0	19	0.0013	0.9167	0	0.0124
0.0131	0.0599	0.0209	-0.3552	0.3531	0.0607	-0.274	0.9598	19	21	1	0	20	0.0021	0.8333	0	0.0131
0.0146	0.0673	0.0309	-0.3778	0.4104	0.0514	0.0014	0.9987	20	22	1	0	21	0.0023	0.7083	0	0.0146
0.0158	0.0791	0.0308	-0.3789	0.4772	-0.1268	0.1115	0.9856	21	23	1	0	22	0.0026	0.875	0	0.0158
0.0142	0.0534	0.0212	-0.3687	0.5552	0.0201	0.0181	0.9996	22	24	1	0	23	0.0021	0.7917	0	0.0142
0.0133	0.0652	0.0165	-0.3727	0.6081	-0.0589	-0.0095	0.9982	23	25	1	0	24	0.002	0.8333	0	0.0133
0.0138	0.0476	0.0195	-0.3642	0.6768	-0.0067	-0.3641	0.9313	24	26	1	0	25	0.0015	0.75	0	0.0138
0.012	0.037	0.016	-0.3867	0.721	0.0048	-0.0303	0.9995	25	27	1	0	26	0.0016	0.7917	0	0.012
0.013	0.0426	0.0128	-0.3894	0.7573	-0.1654	-0.0459	0.9852	26	28	1	0	27	0.002	0.7083	0	0.013
0.0124	0.0543	0.0064	-0.3956	0.7986	0.1426	-0.1338	0.9807	27	29	1	0	28	0.0017	0.7083	0	0.0124
0.0146	0.0339	0.0142	-0.4067	0.8516	0.6086	-0.0468	0.7921	28	30	1	0	29	0.0017	0.625	0	0.0148
0.012	0.0279	0.0356	-0.4091	0.882	0.169	-0.956	-0.2396	29	0	1	0	30	0.01	0.05	0	0.01
0.0125	0.0191	0.0125	-0.4001	0.8703	-0.0977	0.3416	0.9347	29	32	2	1	1	0.0019	0.5417	1	0.0125
0.0125	0.0336	0.0106	-0.3935	0.8881	0.0016	-0.2028	0.9792	31	33	2	1	2	0.0019	0.5417	0	0.0125
0.0143	0.0427	0.0157	-0.4053	0.9216	-0.0632	0.0466	0.9969	32	34	2	1	3	0.0019	0.7917	0	0.0143
0.0123	0.049	0.0165	-0.4049	0.9648	-0.1448	0.0739	0.9867	33	35	2	1	4	0.0017	0.7917	0	0.0123
0.0138	0.0348	0.0093	-0.4021	1.0131	0.0205	0.0228	0.9995	34	36	2	1	5	0.0018	0.6667	0	0.0139
0.0133	0.0342	0.0072	-0.4017	1.0487	0.2656	-0.0528	0.9626	35	37	2	1	6	0.0017	0.5833	0	0.0133
0.0123	0.0275	0.0083	-0.4082	1.0891	0.5641	0.2746	0.7787	36	0	2	1	7	0.0021	0.2917	0	0.0112
0.0201	0.026	-0.1357	-0.2599	-0.8595	-0.9653	0.0448	0.2572	1	39	20	1	1	0.0024	0.375	0	0.0181
0.0201	0.117	-0.2415	-0.285	-0.8346	-0.3343	0.9327	-0.1354	38	40	20	1	2	0.002	0.4375	0	0.0201
0.0201	0.0354	-0.2799	-0.1724	-0.8475	0.9014	0.1598	-0.4025	39	0	20	1	3	0.0054	0.3	0	0.0137
0.0204	0.1934	-0.119	-0.0554	-0.6333	0.0528	0.7475	0.6621	5	42	3	1	1	0.0028	0.75	1	0.0204
0.0204	0.113	-0.1088	0.0892	-0.5052	0.0998	0.7865	0.6095	41	43	3	1	2	0.0028	0.75	0	0.0204
0.0187	0.0663	-0.1005	0.1785	-0.4367	0.0643	0.7954	0.6027	42	44	3	1	3	0.0026	0.875	0	0.0187
0.0227	0.0568	-0.0898	0.2295	-0.3956	0.1362	0.8246	0.5491	43	45	3	1	4	0.0022	0.9167	0	0.0227
0.0204	0.0692	-0.0905	0.2766	-0.3625	0.1557	0.8192	0.5519	44	46	3	1	5	0.0024	0.8333	0	0.0204
0.0197	0.0711	-0.083	0.3293	-0.3145	0.2654	0.857	0.4416	45	47	3	1	6	0.0023	1	0	0.0197
0.021	0.0492	-0.0647	0.3848	-0.2784	0.2887	0.611	0.7371	46	48	3	1	7	0.0022	0.7917	0	0.021
0.0216	0.049	-0.048	0.4155	-0.244	0.1626	0.833	0.5289	47	49	3	1	8	0.0024	0.75	0	0.0216
0.0238	0.0443	-0.0402	0.4609	-0.2235	0.1084	0.7662	0.6334	48	50	3	1	9	0.0021	0.875	0	0.0238
0.0173	0.0599	-0.035	0.4893	-0.1897	0.1032	0.7209	0.6853	49	51	3	1	10	0.0021	0.875	0	0.0173
0.02	0.0644	-0.0087	0.5329	-0.1541	0.1313	0.8262	0.5478	50	52	3	1	11	0.0026	0.7083	0	0.02
0.0203	0.048	-0.0099	0.5832	-0.1094	0.2858	0.7961	0.5335	51	53	3	1	12	0.002	0.6667	0	0.02
0.0208	0.0428	0.0081	0.6219	-0.0852	0.1427	0.7329	0.6652	52	54	3	1	13	0.0017	0.9167	0	0.0208
0.0201	0.0535	0.0147	0.6547	-0.0586	0.1826	0.7578	0.6265	53	55	3	1	14	0.002	0.7917	0	0.0201
0.0193	0.0564	0.0287	0.6927	-0.021	-0.0476	0.8259	0.5618	54	56	3	1	15	0.0022	0.875	0	0.0193
0.0214	0.0396	0.0268	0.7405	0.0067	0.1356	0.9441	0.3005	55	57	3	1	16	0.0021	0.7917	0	0.0214
0.0174	0.0493	0.0293	0.7752	0.0261	0.0749	0.9311	0.3569	56	58	3	1	17	0.0022	0.7917	0	0.0174
0.0193	0.0419	0.0384	0.821	0.044	-0.0244	0.737	0.6755	57	59	3	1	18	0.0026	0.6667	0	0.0204
0.0214	0.0324	0.0357	0.8567	0.0648	0.0004	0.8466	0.5322	58	60	3	1	19	0.0023	0.7917	0	0.0214
0.0187	0.0547	0.0438	0.8811	0.0865	-0.0469	0.7793	0.6249	59	61	3	1	20	0.0024	0.8333	0	0.0187
0.0184	0.0477	0.0352	0.9277	0.1209	0.5008	0.7501	0.4319	60	62	3	1	21	0.0024	0.6667	0	0.0225
0.0182	0.055	0.0411	0.9629	0.1527	0.1748	0.9263	0.3337	61	63	3	1	22	0.0023	0.9583	0	0.0182
0.0158	0.0456	0.0625	1.0085	0.1791	0.0049	0.8373	0.5467	62	64	3	1	23	0.002	0.6667	0	0.0158
0.0192	0.0479	0.0628	1.0578	0.1966	0.0909	0.5537	0.8277	63	65	3	1	24	0.0022	0.6667	0	0.0192
0.0215	0.0326	0.072	1.0866	0.2329	0.0117	0.8192	0.5734	64	66	3	1	25	0.0027	0.75	0	0.0215
0.0189	0.05	0.0743	1.1084	0.2588	0.2033	0.8334	0.5139	65	67	3	1	26	0.0021	0.7917	0	0.0189
0.017	0.0417	0.0858	1.1527	0.2816	0.1226	0.7071	0.6964	66	68	3	1	27	0.0023	0.75	0	0.017
0.0154	0.0479	0.0954	1.181	0.3105	0.1749	0.6501	0.7394	67	69	3	1	28	0.0017	0.7917	0	0.0154
0.0158	0.0456	0.108	1.2116	0.3471	-0.0896	0.6802	0.7275	68	70	3	1	29	0.002	0.7083	0	0.0158
0.0191	0.0474	0.1043	1.2564	0.3728	0.9638	0.1065	0.2444	69	71	3	1	30	0.0023	0.5	0	0.0229
0.0154	0.0215	0.1267	1.2708	0.3934	-0.2328	0.3082	-0.9224	70	0	3	1	31	0.0021	0.3333	0	0.0118
0.0176	0.1574	-0.0109	-0.1091	-0.5478	-0.2025	0.0374	0.9786	5	73	4	1	1	0.0022	0.7083	0	0.0176
0.0186	0.0691	-0.046	-0.1049	-0.3936	0.0698	-0.0484	0.9964	72	74	4	1	2	0.0032	0.8333	0	0.0186
0.0191	0.0371	-0.0413	-0.0991	-0.3253	-0.2552	0.0527	0.9655	73	75	4	1	3	0.0023	0.5833	0	0.0195
0.0197	0.0525	-0.0294	-0.1094	-0.2936	0.0688	-0.2084	0.9756	74	76	4	1	4	0.0027	0.6667	0	0.0198
0.02	0.0652	-0.0232	-0.1222	-0.243	0.0706	-0.2222	0.9724	75	77	4	1	5	0.0026	0.6667	0	0.0202
0.0158	0.0556	-0.0408	-0.1245	-0.1749	0.2185	0.0251	0.9755	76	78	4	1	6	0.0021	0.7917	0	0.0158
0.0163	0.0825	-0.0302	-0.1128	-0.1195	0.0533	-0.1062	0.9929	77	79	4	1	7	0.0024	0.7917	0	0.0163
0.0169	0.0638	-0.0235	-0.1355	-0.0382	0.0753	-0.0295	0.9967	78	80	4	1	8	0.0024	0.8333	0	0.0169
0.0163	0.068	-0.0203	-0.1392	0.0255	0.2117	-0.1648	0.9633	79	81	4	1	9	0.0024	0.7083	0	0.0163
0.0167	0.0594	-0.0072	-0.1459	0.0922	0.1718	-0.213	0.9618	80	82	4	1	10	0.0026	0.75	0	0.0167
0.0136	0.0802	0.0002	-0.1458	0.1528	-0.1666	-0.2896	0.9425	81	83	4	1	11	0.002	0.875	0	0.0136
0.0127	0.0773	-0.0056	-0.1756	0.2284	-0.0225	-0.0349	0.9991	82	84	4	1	12	0.0018	0.875	0	0.0127
0.0114	0.0651	-0.0086	-0.1769	0.3059	0.0829	-0.1259	0.9886	83	85	4	1	13	0.0015	0.8333	0	0.0114
0.0136	0.0617	-0.0001	-0.1838	0.3702	0.0899	-0.2184	0.9717	84	86	4	1	14	0.002	0.875	0	0.0136
0.0119	0.0597	-0.0013	-0.1964	0.4316	0.1577	-0.2389	0.9582	85	87	4	1	15	0.0017	0.8333	0	0.0119
0.0125	0.0584	0.009	-0.2102	0.4887	0.105	-0.041	0.9936	86	88	4	1	16	0.0018	0.7917	0	0.0125
0.0133	0.0526	0.0179	-0.2229	0.5446	-0.0417	-0.2109	0.9766	87	89	4	1	17	0.0019	0.7917	0	0.0133
0.0139	0.0378	0.0103	-0.2293	0.5969	0.1077	-0.065	0.9921	88	90	4	1	18	0.0018	0.6667	0	0.0124
0.0145	0.0524	0.0147	-0.2355	0.6343	0.184	0.0105	0.9829	89	91	4	1	19	0.0024	0.7917	0	0.0145
0.0149	0.0556	0.0353	-0.2511	0.6894	-0.055	0.1823	0.9817	90	92	4	1	20	0.002	0.7083	0	0.0149
0.0147	0.0494	0.0288	-0.2406	0.7444	0.1073	-0.096	0.9896	91	93	4	1	21	0.0023	0.6667	0	0.0143
0.0144	0.0444	0.0431	-0.2401	0.7953	-0.1352	-0.1376	0.9812	92	94	4	1	22	0.0016	0.8333	0	0.0144
0.0135	0.05	0.0388	-0.2469	0.8384	0.2317	-0.0007	0.9728	93	95	4	1	23	0.0017	0.6667	0	0.014
0.0125	0.0389	0.0345	-0.2527	0.8922	0.3119	-0.0186	0.9499	94	96	4	1	24	0.0018	0.7083	0	0.0125
0.0138	0.0437	0.0534	-0.2553	0.929	0.0037	-0.0622	0.9981	95	97	4	1	25	0.002	0.75	0	0.0138
0.0129	0.0374	0.0468	-0.2579	0.9728	0.0117	-0.3786	0.9255	96	98	4	1	26	0.0017	0.5833	0	0.0129
0.0152	0.0428	0.0614	-0.2665	1.0115	-0.2158	-0.1681	0.9619	97	99	4	1	27	0.0021	0.5833	0	0.0157
0.0129	0.0375	0.0481	-0.2846	1.0541	0.1265	0.0862	0.9882	98	100	4	1	28	0.0013	0.7083	0	0.0129
0.0123	0.0158	0.0517	-0.278	1.0919	0.0324	-0.2382	0.9707	99	0	4	1	29	0.0014	0.3333	0	0.0123
0.0085	0.125	0.0261	-0.2003	-0.6	0.9961	0.0509	0.0727	7	0	6	1	1	0.0084	0.1667	0	0.0315
0.0139	0.0961	0.0091	-0.216	-0.6087	0.1728	-0.8481	-0.5009	7	103	7	1	1	0.0033	0.7917	1	0.0139
0.0139	0.068	0.0257	-0.2974	-0.6569	0.8404	0.3813	0.3853	102	0	7	1	2	0.0033	0.7917	0	0.0139
0.0117	0.0766	0.0154	-0.2811	-0.1299	-0.3899	0.8458	-0.3641	13	105	9	1	1	0.0022	0.5417	1	0.012
0.0117	0.0847	-0.0145	-0.2163	-0.1578	0.2049	-0.1816	0.9618	104	106	9	1	2	0.0022	0.5417	0	0.012
0.0117	0.0544	-0.0055	-0.2165	-0.0688	-0.0722	-0.4733	0.8779	105	0	9	1	3	0.0044	0.4167	0	0.0117
0.0137	0.0321	0.0052	-0.313	-0.0789	-0.9292	-0.1902	-0.3168	13	108	10	1	1	0.0035	0.4167	1	0.0237
0.0137	0.0748	-0.0324	-0.3236	-0.0907	0.3951	-0.833	0.3874	107	109	10	1	2	0.009	0.4	0	0.0237
0.0137	0.0457	-0.0031	-0.3877	-0.0663	0.7788	-0.5953	0.1976	108	110	10	1	3	0.0018	0.5	0	0.0146
0.0119	0.0323	0.0367	-0.4212	-0.0674	0.8567	-0.1901	0.4796	109	0	10	1	4	0.0037	0.4167	0	0.0119
0.0112	0.0489	0.0423	-0.3903	0.4852	0.4285	-0.662	0.6149	21	112	11	1	1	0.002	0.5417	1	0.0112
0.0112	0.0483	0.0633	-0.4227	0.5153	-0.1853	-0.5356	0.8239	111	113	11	1	2	0.002	0.5417	0	0.0112
0.0128	0.0439	0.051	-0.4503	0.5548	0.1431	-0.4179	0.8972	112	114	11	1	3	0.0018	0.5833	0	0.0128
0.0137	0.0374	0.0657	-0.4655	0.5948	0.0993	-0.4486	0.8882	113	115	11	1	4	0.002	0.5417	0	0.0147
0.0096	0.0673	0.0614	-0.4875	0.6269	0.1236	-0.3855	0.9144	114	116	11	1	5	0.0013	0.5417	0	0.0089
0.0107	0.0621	0.0757	-0.5127	0.6888	-0.0193	-0.3163	0.9484	115	117	11	1	6	0.0014	0.5417	0	0.0107
0.0125	0.043	0.0751	-0.5307	0.7482	0.0148	-0.2922	0.9562	116	118	11	1	7	0.0016	0.625	0	0.0125
0.012	0.0464	0.0732	-0.5475	0.7889	0.2728	-0.2491	0.9293	117	119	11	1	8	0.0018	0.6667	0	0.012
0.0129	0.0372	0.0919	-0.5618	0.83	0.1781	-0.2953	0.9387	118	120	11	1	9	0.0016	0.625	0	0.0129
0.0117	0.0502	0.0956	-0.5751	0.8654	0.3822	-0.2787	0.881	119	121	11	1	10	0.0013	0.5833	0	0.0117
0.0112	0.0515	0.109	-0.6037	0.9074	0.1932	-0.2271	0.9545	120	122	11	1	11	0.0015	0.625	0	0.0112
0.0137	0.0353	0.1139	-0.6182	0.9589	0.4174	0.0312	0.9082	121	123	11	1	12	0.0019	0.625	0	0.0139
0.0119	0.0576	0.1236	-0.6204	0.9896	0.1517	-0.5749	0.804	122	124	11	1	13	0.0019	0.5833	0	0.0119
0.0128	0.0257	0.134	-0.6562	1.0434	-0.6798	-0.7264	-0.1014	123	125	11	1	14	0.0015	0.5833	0	0.013
0.0133	0.0738	0.1297	-0.6787	1.0423	-0.2925	-0.785	0.5461	124	126	11	1	15	0.002	0.5417	0	0.0183
0.0086	0.0518	0.102	-0.7451	1.0685	-0.0924	-0.8349	0.5426	125	0	11	1	16	0.0054	0.4688	0	0.0086
0.0144	0.0892	-0.0913	0.0597	-0.5227	0.9108	0.0159	0.4126	41	128	14	2	1	0.0027	0.5833	1	0.0144
0.0144	0.0678	-0.01	0.0611	-0.4859	0.036	0.1229	0.9918	127	129	14	2	2	0.0027	0.5833	0	0.0144
0.0135	0.0705	-0.0113	0.0809	-0.4187	0.276	0.0939	0.9566	128	130	14	2	3	0.0021	0.75	0	0.0135
0.0155	0.0315	0.0086	0.0843	-0.3493	0.203	0.5311	0.8226	129	131	14	2	4	0.0015	0.5417	0	0.0158
0.0133	0.0529	0.0189	0.0993	-0.3234	0.1341	0.2862	0.9487	130	132	14	2	5	0.0012	0.6667	0	0.0133
0.0124	0.0548	0.0311	0.112	-0.2733	0.1193	0.2441	0.9624	131	133	14	2	6	0.0014	0.75	0	0.0124
0.0132	0.0433	0.0397	0.1251	-0.2212	0.3129	0.1234	0.9417	132	134	14	2	7	0.0016	0.5417	0	0.0132
0.0124	0.0541	0.0461	0.1357	-0.1772	0.5463	0.2653	0.7945	133	135	14	2	8	0.0014	0.625	0	0.0113
0.0124	0.0345	0.0801	0.1514	-0.1353	0.1383	0.2794	0.9502	134	136	14	2	9	0.0013	0.5833	0	0.0103
0.0124	0.052	0.0871	0.1559	-0.1021	0.2354	0.1944	0.9523	135	137	14	2	10	0.0017	0.5833	0	0.0115
0.0128	0.067	0.101	0.1668	-0.0535	0.3317	0.3325	0.8829	136	138	14	2	11	0.0017	0.5833	0	0.0128
0.0124	0.0263	0.1194	0.1878	0.0069	0.2603	0.2007	0.9444	137	139	14	2	12	0.0012	0.2917	0	0.0113
0.0124	0.0209	0.1259	0.1908	0.0397	0.5672	0.7806	0.2625	138	0	14	2	13	0.0027	0.375	0	0.0104
0.0116	0.0795	0.0307	-0.2412	0.6476	0.7421	-0.2636	0.6162	90	141	15	2	1	0.002	0.4583	1	0.0116
0.0116	0.0444	0.0897	-0.2622	0.6966	0.4669	-0.3857	0.7957	140	142	15	2	2	0.002	0.4583	0	0.0116
0.0116	0.0354	0.1172	-0.2819	0.7308	-0.1905	-0.764	0.6165	141	0	15	2	3	0.0012	0.2917	0	0.0113
0.0113	0.0457	0.066	-0.4434	0.5532	0.6304	-0.2058	0.7485	112	144	17	2	1	0.0032	0.5	1	0.0113
0.0113	0.0461	0.0948	-0.4528	0.5874	0.543	-0.6374	0.5467	143	0	17	2	2	0.0032	0.5	0	0.0113
