radius (m)	length (m)	start_point	axis_direction	parent	extension	branch	branch_order	position_in_branch	mad	SurfCov	added	UnmodRadius (m)
0.0118	0.0838	-0.3957	-0.1246	-0.1505	0.8697	0.1339	0.4751	0	2	1	0	1	0.0024	0.75	0	0.0118
0.0118	0.0641	-0.3247	-0.1149	-0.1075	0.5267	0.6063	0.5958	1	3	1	0	2	0.0011	0.4583	0	0.0098
0.0118	0.0391	-0.2877	-0.0764	-0.0718	0.5042	0.6682	0.547	2	4	1	0	3	0.0008	0.3333	0	0.009
0.0118	0.0043	-0.2816	-0.0489	-0.0487	0.1613	0.7155	0.6798	3	5	1	0	4	0.01	0.05	0	0.01
0.0123	0.0483	-0.2722	-0.0403	-0.038	0.2671	-0.9007	0.3427	4	6	1	0	5	0.0011	0.3333	0	0.0123
0.0118	0.0434	-0.2625	-0.0852	-0.0306	0.4229	-0.9061	-0.0086	5	7	1	0	6	0.0046	0.375	0	0.0114
0.0118	0.0339	-0.2615	-0.1166	-0.0215	-0.3124	-0.9276	0.205	6	8	1	0	7	0.01	0.05	0	0.01
0.0141	0.07	-0.269	-0.1078	-0.0342	0.8963	-0.2497	-0.3665	7	9	1	0	8	0.0011	0.4167	0	0.0154
0.0136	0.0492	-0.2176	-0.1206	-0.0536	0.4797	0.8439	0.2401	8	10	1	0	9	0.0017	0.4167	0	0.014
0.0123	0.0254	-0.1893	-0.0767	-0.0601	0.2221	0.9577	0.1831	9	11	1	0	10	0.0012	0.4583	0	0.0123
0.0134	0.0477	-0.1745	-0.0661	-0.0651	0.7099	0.6537	-0.2622	10	12	1	0	11	0.001	0.2917	0	0.0139
0.0118	0.027	-0.1375	-0.0356	-0.0607	0.9833	-0.0041	-0.1817	11	13	1	0	12	0.0012	0.25	0	0.0105
0.0118	0.0304	-0.1094	-0.036	-0.0683	0.8561	0.0722	0.5117	12	14	1	0	13	0.001	0.3333	0	0.0088
0.0118	0.0529	-0.0898	-0.0296	-0.0498	0.529	0.8473	-0.0481	13	15	1	0	14	0.0012	0.375	0	0.0096
0.0118	0.0297	-0.0552	0.0134	-0.0508	0.2953	0.9495	-0.1058	14	16	1	0	15	0.0012	0.4167	0	0.0108
0.012	0.0318	-0.0595	0.0379	-0.0694	0.181	0.9134	-0.3647	15	17	1	0	16	0.0067	0.6667	0	0.012
0.0142	0.029	-0.0331	0.0671	-0.0636	0.2668	0.9083	-0.3222	16	18	1	0	17	0.0087	0.4583	0	0.0177
0.0118	0.0073	-0.0175	0.0729	-0.0653	0.8189	0.4466	0.3604	17	19	1	0	18	0.0051	0.5833	0	0.0068
0.0134	0.0049	-0.0279	0.0664	-0.0591	0.4748	-0.8612	-0.181	18	0	1	0	19	0.0019	0.2917	0	0.014
0.014	0.0272	-0.2893	-0.0596	-0.0601	-0.9054	0.3961	0.1527	3	21	4	1	1	0.0014	0.4583	1	0.014
0.014	0.0486	-0.314	-0.0489	-0.056	-0.865	0.5014	-0.0174	20	22	4	1	2	0.0014	0.4583	0	0.014
0.014	0.0138	-0.3541	-0.0418	-0.0646	-0.9907	-0.0504	-0.1262	21	23	4	1	3	0.01	0.05	0	0.01
0.014	0.0265	-0.3503	-0.0415	-0.0621	-0.0151	0.9834	-0.181	22	24	4	1	4	0.01	0.05	0	0.01
0.014	0.0143	-0.3507	-0.0154	-0.0669	-0.7791	0.0838	0.6213	23	0	4	1	5	0.01	0.05	0	0.01
0.0104	0.0423	-0.2468	-0.0915	-0.0282	0.5108	-0.854	0.0987	6	26	6	1	1	0.0029	0.625	0	0.0104
0.0112	0.0489	-0.2335	-0.1268	-0.0271	-0.0565	-0.9929	-0.1048	25	27	6	1	2	0.0012	0.375	0	0.0122
0.0112	0.0576	-0.233	-0.1772	-0.0325	-0.3883	-0.7932	0.469	26	28	6	1	3	0.0012	0.4167	0	0.0128
0.0112	0.0211	-0.2516	-0.2235	-0.0043	-0.3215	-0.6992	0.6386	27	29	6	1	4	0.0046	0.425	0	0.0135
0.0103	0.038	-0.2596	-0.2327	-0.0162	0.4621	-0.862	-0.2084	28	30	6	1	5	0.0083	0.5833	0	0.0103
0.011	0.0186	-0.2676	-0.2709	-0.0216	-0.0353	-0.2785	-0.9598	29	31	6	1	6	0.0078	0.4167	0	0.013
0.0103	0.002	-0.2529	-0.2743	-0.0222	0.0853	-0.9959	0.0286	30	32	6	1	7	0.01	0.05	0	0.01
0.0103	0.0202	-0.2527	-0.2762	-0.0221	-0.8068	0.1028	-0.5819	31	0	6	1	8	0.01	0.05	0	0.01
0.013	0.0191	-0.1848	-0.0878	-0.0486	0.7863	-0.4396	-0.4341	9	34	8	1	1	0.0015	0.3333	1	0.0134
0.013	0.0405	-0.1698	-0.0962	-0.0568	0.809	-0.5878	-0.0056	33	35	8	1	2	0.0015	0.3333	0	0.0134
0.0092	0.0381	-0.1358	-0.11	-0.0524	0.9476	0.0292	-0.3181	34	36	8	1	3	0.01	0.05	0	0.01
0.008	0.0329	-0.1326	-0.1027	-0.0523	-0.3156	-0.8462	-0.4293	35	0	8	1	4	0.0016	0.2917	0	0.008
0.0126	0.0532	-0.1723	-0.0488	-0.0612	0.0356	0.9767	0.2115	11	38	9	1	1	0.0034	0.625	0	0.0133
0.0113	0.0418	-0.1609	0.0047	-0.0532	0.1206	0.7313	0.6713	37	39	9	1	2	0.002	0.5833	0	0.0113
0.0103	0.0627	-0.1527	0.0381	-0.0328	0.8239	0.3232	0.4656	38	40	9	1	3	0.0012	0.5833	0	0.0103
0.0112	0.0334	-0.0986	0.0579	-0.0057	-0.1575	0.9041	-0.3972	39	41	9	1	4	0.0012	0.375	0	0.0112
0.0082	0.0174	-0.0947	0.0891	-0.0221	-0.1516	0.979	-0.1365	40	42	9	1	5	0.005	0.4688	0	0.0074
0.0115	0.0381	-0.0886	0.0943	-0.0263	0.6432	0.5614	-0.5206	41	43	9	1	6	0.0009	0.4167	0	0.0121
0.008	0.0317	-0.0878	0.1247	-0.0281	-0.0474	0.8694	-0.4918	42	44	9	1	7	0.0119	0.3333	0	0.008
0.0091	0.0335	-0.0778	0.1572	-0.0362	-0.4602	0.8777	0.1337	43	45	9	1	8	0.0055	0.375	0	0.0091
0.0082	0.0342	-0.0947	0.1696	-0.0165	-0.1968	0.6633	0.722	44	46	9	1	9	0.01	0.05	0	0.01
0.0078	0.0299	-0.0985	0.1588	-0.0131	0.4415	0.509	-0.7389	45	0	9	1	10	0.01	0.05	0	0.01
0.0122	0.021	-0.0151	0.0876	-0.0808	0.7485	-0.3148	-0.5837	17	48	14	1	1	0.0012	0.375	1	0.0122
0.0122	0.0402	0.0006	0.081	-0.093	0.544	0.8376	0.0498	47	49	14	1	2	0.0012	0.375	0	0.0122
0.0115	0.0342	0.0211	0.1084	-0.0909	0.9684	-0.2188	-0.1195	48	50	14	1	3	0.0009	0.25	0	0.0115
0.0102	0.0293	0.0472	0.0998	-0.0998	-0.1323	0.991	-0.0222	49	51	14	1	4	0.0011	0.3333	0	0.0106
0.008	0.0213	0.0504	0.1313	-0.1042	-0.2274	0.9574	0.178	50	52	14	1	5	0.01	0.05	0	0.01
0.0079	0.0076	0.0433	0.137	-0.1013	-0.891	0.1164	0.4387	51	0	14	1	6	0.0021	0.25	0	0.0121
0.01	0.0709	-0.0749	-0.0207	-0.0593	0.7933	-0.4983	0.3498	14	54	19	1	1	0.0024	0.4583	0	0.01
0.0112	0.0463	-0.0173	-0.0338	-0.0332	0.9955	-0.0644	0.0701	53	55	19	1	2	0.0061	0.4688	0	0.0146
0.01	0.0052	0.004	-0.0307	-0.043	0.2429	0.97	-0.0082	54	56	19	1	3	0.01	0.05	0	0.01
0.01	0.0273	0.0052	-0.0252	-0.0432	0.9124	0.3721	0.1705	55	57	19	1	4	0.01	0.05	0	0.01
0.01	0.0208	0.0286	-0.0156	-0.0389	-0.1029	0.7641	-0.6368	56	58	19	1	5	0.01	0.05	0	0.01
0.01	0.012	0.0315	-0.0166	-0.0359	-0	-0.6927	-0.7213	57	0	19	1	6	0.01	0.05	0	0.01
0.01	0.0402	-0.0466	0.0629	-0.0692	-0.4846	0.7919	0.3717	17	0	21	1	1	0.01	0.05	0	0.01
0.0073	0.0369	-0.0484	0.0118	-0.0605	0.5883	-0.0015	-0.8086	15	61	23	1	1	0.0022	0.4167	1	0.0072
0.0073	0.0445	-0.0267	0.0118	-0.0904	0.9084	0.3909	0.1487	60	62	23	1	2	0.0022	0.4167	0	0.0072
0.0075	0.0147	0.0141	0.0289	-0.0842	0.85	0.259	0.4586	61	63	23	1	3	0.01	0.05	0	0.01
0.0074	0.029	0.0266	0.0328	-0.0774	0.8304	-0.4122	0.375	62	0	23	1	4	0.01	0.05	0	0.01
0.0094	0.0159	-0.024	0.0686	-0.0771	0.4905	-0.412	-0.7679	17	65	24	1	1	0.0027	0.4167	1	0.0094
0.0094	0.0485	-0.0162	0.062	-0.0893	0.658	-0.3908	0.6437	64	66	24	1	2	0.0027	0.4167	0	0.0094
0.0092	0.0315	0.0168	0.0455	-0.0624	0.9763	-0.0525	0.2099	65	67	24	1	3	0.0042	0.4583	0	0.0086
0.01	0.0276	0.0199	0.0426	-0.0451	0.0468	0.9701	0.2381	66	68	24	1	4	0.01	0.05	0	0.01
0.0128	0.0736	0.0122	0.0493	-0.0607	0.8176	-0.5515	0.1652	67	69	24	1	5	0.0022	0.3	0	0.0248
0.01	0.0273	0.0675	0.0084	-0.0414	0.3798	-0.8983	0.2211	68	70	24	1	6	0.01	0.05	0	0.01
0.0128	0.0156	0.0648	-0.0164	-0.0487	0.0485	-0.9986	-0.0207	69	71	24	1	7	0.0009	0.375	0	0.0133
0.013	0.0424	0.0681	-0.0369	-0.052	0.3821	-0.3245	0.8653	70	72	24	1	8	0.0008	0.4583	0	0.0155
0.0119	0.0164	0.0905	-0.056	-0.0181	0.1382	-0.3244	0.9358	71	73	24	1	9	0.0046	0.5417	0	0.0119
0.01	0.0039	0.1069	-0.0607	-0.0075	0.1922	-0.8569	0.4784	72	74	24	1	10	0.01	0.05	0	0.01
0.0127	0.0349	0.1054	-0.048	0.0007	0.8177	-0.1082	0.5654	73	75	24	1	11	0.0033	0.25	0	0.0186
0.0117	0.0291	0.1344	-0.0501	0.0163	0.99	-0.1327	0.0478	74	76	24	1	12	0.0014	0.25	0	0.0117
0.0124	0.0463	0.1588	-0.0271	0.0152	0.9816	0.1485	-0.1203	75	77	24	1	13	0.0099	0.2813	0	0.0133
0.0087	0.0129	0.2159	-0.0402	0.0138	0.8658	0.4705	-0.1707	76	78	24	1	14	0.0071	0.4375	0	0.0078
0.0125	0.0366	0.2228	-0.0165	0.0172	0.9612	0.1675	0.2191	77	79	24	1	15	0.0053	0.375	0	0.0155
0.01	0.0367	0.2587	-0.0308	0.0245	0.8915	0.013	0.4528	78	80	24	1	16	0.01	0.05	0	0.01
0.0098	0.0081	0.2639	-0.0099	0.0364	0.4581	0.7328	0.5031	79	81	24	1	17	0.0014	0.375	0	0.0098
0.0103	0.0246	0.2666	-0.0046	0.0407	0.3338	-0.2532	0.908	80	82	24	1	18	0.0009	0.2917	0	0.0103
0.0112	0.021	0.2826	-0.0047	0.0539	0.592	0.3289	0.7358	81	83	24	1	19	0.0015	0.25	0	0.0118
0.011	0.0397	0.293	0.0035	0.0672	-0.5539	-0.8319	0.0332	82	84	24	1	20	0.0011	0.1667	0	0.0116
0.01	0.0378	0.2756	-0.032	0.076	-0.6613	-0.7336	0.1568	83	85	24	1	21	0.01	0.05	0	0.01
0.0117	0.0139	0.2924	-0.0425	0.0949	-0.0326	-0.5539	0.8319	84	86	24	1	22	0.0014	0.4167	0	0.0125
0.01	0.03	0.3004	-0.0453	0.1075	0.3653	-0.7455	0.5575	85	87	24	1	23	0.01	0.05	0	0.01
0.0087	0.0318	0.3065	-0.0649	0.1288	0.386	-0.5467	0.743	86	88	24	1	24	0.0009	0.375	0	0.0087
0.01	0.0196	0.3165	-0.0595	0.1275	0.9233	0.3216	0.2101	87	89	24	1	25	0.01	0.05	0	0.01
0.01	0.011	0.3255	-0.0595	0.1393	0.6364	0.017	0.7712	88	90	24	1	26	0.01	0.05	0	0.01
0.0112	0.0383	0.3407	-0.0553	0.1606	0.5616	-0.8217	-0.0971	89	91	24	1	27	0.0025	0.175	0	0.0215
0.0097	0.03	0.355	-0.0929	0.1628	0.487	-0.832	-0.2657	90	92	24	1	28	0.01	0.05	0	0.01
0.008	0.0326	0.3604	-0.0929	0.1647	0.9455	0.2809	0.1646	91	93	24	1	29	0.0009	0.3333	0	0.008
0.0095	0.0033	0.3902	-0.0842	0.1668	0.8749	0.3471	-0.3378	92	94	24	1	30	0.01	0.05	0	0.01
0.0093	0.0194	0.3931	-0.083	0.1657	0.5971	0.4738	0.6473	93	0	24	1	31	0.01	0.05	0	0.01
0.009	0.0455	-0.1174	0.0512	-0.0247	0.7803	-0.2875	-0.5554	39	96	71	2	1	0.0029	0.4583	0	0.009
0.009	0.0255	-0.086	0.033	-0.063	0.7601	0.4882	-0.4289	95	97	71	2	2	0.0041	0.275	0	0.0143
0.009	0.0387	-0.0624	0.0329	-0.0723	-0.9352	-0.3347	-0.1157	96	0	71	2	3	0.01	0.05	0	0.01
0.0098	0.011	-0.1119	0.0463	-0.003	-0.1307	-0.8063	0.5769	39	99	16	2	1	0.0019	0.375	1	0.0118
0.0098	0.0423	-0.1133	0.0374	0.0033	0.2928	-0.8863	-0.3589	98	100	16	2	2	0.0019	0.375	0	0.0118
0.0098	0.0314	-0.0925	0.0014	-0.0108	0.1775	-0.9803	-0.0865	99	101	16	2	3	0.01	0.05	0	0.01
0.0098	0.007	-0.0934	-0.0159	-0.0281	-0.0222	-0.7386	-0.6738	100	0	16	2	4	0.01	0.05	0	0.01
0.0076	0.0167	-0.0956	0.1373	-0.0394	-0.8694	-0.3909	-0.3023	43	103	17	2	1	0.0039	0.4167	1	0.0128
0.0076	0.0767	-0.1088	0.1329	-0.043	0.6322	0.0892	-0.7696	102	104	17	2	2	0.0053	0.3	0	0.0128
0.0076	0.0207	-0.0615	0.1408	-0.1049	0.6584	-0.5519	-0.5117	103	105	17	2	3	0.01	0.05	0	0.01
0.0076	0.0186	-0.0479	0.1294	-0.1155	-0.2639	-0.9356	-0.2344	104	0	17	2	4	0.01	0.05	0	0.01
0.0106	0.0262	-0.0904	0.0691	-0.0044	0.839	0.3803	0.3892	40	107	18	2	1	0.0016	0.375	1	0.0158
0.0106	0.0695	-0.0701	0.0828	0.0016	-0.9551	-0.1347	0.2638	106	108	18	2	2	0.0022	0.225	0	0.0158
0.01	0.0025	-0.1371	0.0861	0.0198	-0.9527	-0.0414	0.3011	107	109	18	2	3	0.01	0.05	0	0.01
0.0105	0.0271	-0.1413	0.0838	0.0129	-0.9622	-0.0868	0.2583	108	110	18	2	4	0.0024	0.25	0	0.0171
0.0093	0.0455	-0.1692	0.0808	0.0172	-0.8437	-0.0139	0.5367	109	111	18	2	5	0.0007	0.4167	0	0.0093
0.0082	0.0203	-0.2065	0.0806	0.0446	-0.9262	-0.1143	0.3594	110	112	18	2	6	0.0038	0.625	0	0.0082
0.0101	0.0384	-0.2227	0.0814	0.0369	-0.7729	0.6346	0.0011	111	113	18	2	7	0.0009	0.2917	0	0.0114
0.0092	0.0409	-0.2438	0.1095	0.0348	-0.4441	0.7187	-0.535	112	114	18	2	8	0.0043	0.4688	0	0.0092
0.0088	0.0242	-0.2598	0.1328	0.0348	-0.2265	0.9326	0.2809	113	115	18	2	9	0.01	0.05	0	0.01
0.0085	0.0118	-0.2597	0.1313	0.0223	-0.1516	0.5957	-0.7888	114	0	18	2	10	0.01	0.05	0	0.01
0.0092	0.028	-0.0881	0.0566	-0.0097	0.8588	-0.4971	-0.124	40	117	26	2	1	0.0025	0.4583	1	0.0092
0.0092	0.0436	-0.0641	0.0427	-0.0131	-0.4945	0.5705	-0.6558	116	118	26	2	2	0.0025	0.4583	0	0.0092
0.0093	0.0033	-0.083	0.064	-0.0435	-0.3933	0.1497	-0.9071	117	119	26	2	3	0.01	0.05	0	0.01
0.0093	0.0277	-0.0843	0.0645	-0.0465	-0.5265	-0.7472	-0.4056	118	0	26	2	4	0.01	0.05	0	0.01
0.0076	0.0233	-0.0928	0.1228	-0.0202	-0.5978	-0.0207	0.8014	43	121	27	2	1	0.003	0.4167	1	0.0119
0.0076	0.0625	-0.1068	0.1223	-0.0015	-0.1749	0.0812	-0.9812	120	122	27	2	2	0.003	0.4167	0	0.0119
0.0076	0.0311	-0.1058	0.128	-0.053	0.6221	-0.2618	-0.7378	121	123	27	2	3	0.0069	0.3	0	0.0183
0.0076	0.0167	-0.0862	0.1204	-0.0702	0.5979	-0.7996	0.0563	122	0	27	2	4	0.01	0.05	0	0.01
0.0091	0.0174	-0.0045	-0.0286	-0.0477	-0.4064	0.8087	-0.4252	55	125	72	2	1	0.0024	0.5	0	0.0091
0.0091	0.0396	-0.0086	-0.0155	-0.0482	0.9039	0.2383	-0.3552	124	126	72	2	2	0.0045	0.5833	0	0.0102
0.0091	0.0171	0.0189	-0.0004	-0.0584	0.515	0.844	-0.1502	125	0	72	2	3	0.01	0.05	0	0.01
0.0155	0.0725	-0.0435	0.0738	-0.0601	0.157	-0.9255	0.3448	59	128	30	2	1	0.0034	0.4167	0	0.0155
0.0155	0.003	-0.0541	0.0124	-0.0408	-0.2059	-0.9618	-0.1804	127	129	30	2	2	0.0028	0.15	0	0.01
0.0155	0.0137	-0.0408	0.0133	-0.0311	0.3608	0.6054	-0.7095	128	0	30	2	3	0.0019	0.125	0	0.0096
0.0098	0.038	0.029	0.0418	-0.0408	0.899	-0.0348	0.4366	67	131	31	2	1	0.0026	0.4583	1	0.0157
0.0098	0.0516	0.0633	0.0392	-0.0229	0.9951	0.0927	-0.035	130	132	31	2	2	0.006	0.275	0	0.0157
0.0098	0.0234	0.1036	0.057	-0.017	0.7253	0.6794	-0.1106	131	133	31	2	3	0.01	0.05	0	0.01
0.0098	0.0385	0.1045	0.0716	-0.0236	0.0409	0.8876	-0.4588	132	134	31	2	4	0.001	0.4167	0	0.0098
0.0098	0.0395	0.1162	0.0933	-0.0228	0.027	0.836	0.5481	133	135	31	2	5	0.0081	0.5	0	0.0137
0.0098	0.0264	0.1288	0.1343	-0.0182	0.552	0.546	0.6302	134	136	31	2	6	0.01	0.05	0	0.01
0.0098	0.0247	0.1459	0.1313	-0.0021	0.884	0.1147	0.4531	135	137	31	2	7	0.0062	0.275	0	0.0163
0.0098	0.0185	0.1237	0.1453	-0.0024	-0.1722	0.2923	0.9407	136	138	31	2	8	0.0009	0.4583	0	0.0116
0.0098	0.0402	0.1252	0.1476	0.0134	-0.1295	0.2845	-0.9499	137	139	31	2	9	0.0013	0.375	0	0.0118
0.0098	0.0532	0.1235	0.1653	-0.0249	-0.1908	0.1342	0.9724	138	140	31	2	10	0.0039	0.25	0	0.0268
0.0098	0.0436	0.1039	0.1715	0.0224	-0.4211	0.0475	0.9057	139	141	31	2	11	0.003	0.225	0	0.016
0.0098	0.0043	0.0862	0.1732	0.0611	0.6814	0.6704	0.2937	140	142	31	2	12	0.01	0.05	0	0.01
0.0098	0.0422	0.0912	0.1743	0.0485	0.7403	0.6721	0.0171	141	143	31	2	13	0.0015	0.375	0	0.0147
0.0098	0.0598	0.1198	0.1892	0.0564	0.6464	0.2567	0.7185	142	144	31	2	14	0.001	0.1667	0	0.0092
0.0098	0.0253	0.1521	0.2082	0.0987	0.3615	0.7044	0.6109	143	145	31	2	15	0.0009	0.3333	0	0.0101
0.0098	0.003	0.1603	0.2145	0.1143	-0.0846	0.0172	0.9963	144	146	31	2	16	0.01	0.05	0	0.01
0.0098	0.0237	0.16	0.2145	0.1173	-0.2275	0.933	-0.2789	145	0	31	2	17	0.01	0.05	0	0.01
0.0136	0.0542	0.0839	-0.0407	-0.0484	0.6825	0.4733	0.557	71	148	42	2	1	0.0047	0.5417	0	0.0136
0.0136	0.0397	0.1168	-0.0136	-0.0269	0.2361	0.9701	0.0562	147	149	42	2	2	0.0011	0.4167	0	0.0144
0.0136	0.0398	0.1261	0.0232	-0.0169	0.6038	0.7768	0.179	148	0	42	2	3	0.0042	0.375	0	0.0089
0.0112	0.0738	0.0829	-0.0669	-0.0092	-0.8012	-0.266	0.5361	72	151	48	2	1	0.0024	0.4167	0	0.0112
0.0113	0.0238	0.0306	-0.0982	0.0179	0.0158	-0.7242	0.6894	150	152	48	2	2	0.0012	0.2917	0	0.0113
0.0112	0.0039	0.0348	-0.1135	0.0307	0.5656	-0.8074	0.1679	151	153	48	2	3	0.01	0.05	0	0.01
0.0112	0.0284	0.037	-0.1166	0.0314	-0.5267	-0.8071	-0.2667	152	0	48	2	4	0.01	0.05	0	0.01
0.011	0.0597	0.3041	0.0009	0.0628	0.3557	0.273	0.8938	82	155	59	2	1	0.0026	0.5	0	0.011
0.011	0.0021	0.3271	0.0256	0.1127	-0.0967	0.3939	0.914	154	156	59	2	2	0.01	0.05	0	0.01
0.011	0.0414	0.3215	0.0214	0.1231	0.0411	-0.874	-0.4842	155	157	59	2	3	0.001	0.375	0	0.0128
0.011	0.0169	0.3101	-0.0167	0.1147	-0.0093	-0.9857	-0.1682	156	158	59	2	4	0.01	0.05	0	0.01
0.011	0.0386	0.3174	-0.0231	0.1117	0.7367	-0.5353	0.4133	157	159	59	2	5	0.0012	0.375	0	0.0106
0.011	0.0221	0.3409	-0.0486	0.1208	0.4007	-0.8572	0.3237	158	160	59	2	6	0.01	0.05	0	0.01
0.011	0.0173	0.3397	-0.0413	0.1253	0.2284	0.1835	0.9561	159	0	59	2	7	0.01	0.05	0	0.01
0.0095	0.0398	0.2706	-0.0261	0.0823	-0.6836	-0.7296	-0.0188	84	162	60	2	1	0.0028	0.4583	0	0.0106
0.0095	0.0378	0.2424	-0.055	0.0824	-0.6385	-0.0752	-0.7659	161	163	60	2	2	0.0011	0.3333	0	0.0106
0.0095	0.0062	0.2211	-0.0631	0.0602	-0.3412	-0.804	-0.4871	162	164	60	2	3	0.01	0.05	0	0.01
0.0095	0.0369	0.219	-0.0681	0.0571	-0.6351	-0.0738	-0.7689	163	0	60	2	4	0.01	0.05	0	0.01
0.0121	0.0115	0.3088	-0.0796	0.1352	-0.5084	-0.0332	-0.8605	87	166	64	2	1	0.003	0.5	1	0.0121
0.0121	0.0354	0.303	-0.08	0.1253	0.1674	-0.2623	0.9503	165	167	64	2	2	0.003	0.5	0	0.0121
0.0121	0.0293	0.3099	-0.0912	0.1562	0.397	-0.6928	0.602	166	168	64	2	3	0.0013	0.375	0	0.0092
0.0121	0.032	0.3165	-0.1112	0.1735	-0.0785	-0.7612	0.6438	167	169	64	2	4	0.01	0.05	0	0.01
0.0121	0.0185	0.3317	-0.125	0.1849	0.6185	-0.6057	0.5005	168	170	64	2	5	0.01	0.05	0	0.01
0.0121	0.0213	0.3265	-0.1212	0.1765	-0.2742	0.5889	0.7603	169	0	64	2	6	0.01	0.05	0	0.01
0.0117	0.1085	-0.0911	0.0746	0.0064	-0.9881	-0.0851	-0.1283	106	172	74	3	1	0.0032	0.4167	0	0.0117
0.0117	0.0245	-0.1912	0.0541	0.0001	-0.8779	-0.2917	0.3798	171	173	74	3	2	0.01	0.05	0	0.01
0.0117	0.0208	-0.1999	0.0561	-0.0177	-0.8211	-0.2951	-0.4885	172	0	74	3	3	0.0017	0.3333	0	0.0095
0.0096	0.0291	-0.2235	0.0939	0.0328	0.367	0.8407	-0.3983	112	175	32	3	1	0.01	0.05	1	0.01
0.0095	0.0185	-0.2128	0.1184	0.0212	0.0452	0.8365	0.5461	174	176	32	3	2	0.01	0.05	0	0.01
0.0093	0.0331	-0.2131	0.1327	0.0341	-0.9274	0.281	-0.2468	175	177	32	3	3	0.0009	0.4167	0	0.0093
0.0093	0.0178	-0.2446	0.1431	0.03	-0.7124	0.6257	-0.3179	176	178	32	3	4	0.01	0.05	0	0.01
0.0093	0.0215	-0.2467	0.14	0.0318	0.8356	0.4644	-0.2935	177	0	32	3	5	0.01	0.05	0	0.01
0.0091	0.053	0.0971	0.0689	-0.0294	0.1919	-0.7911	0.5808	133	180	40	3	1	0.0015	0.375	0	0.0091
0.0091	0.0282	0.1079	0.0274	0.007	0.9884	-0.1065	-0.108	179	181	40	3	2	0.0033	0.225	0	0.016
0.0078	0.0154	0.1363	0.0264	0.0027	0.7718	-0.4896	-0.4058	180	182	40	3	3	0.01	0.05	0	0.01
0.0058	0.0308	0.1483	0.0189	-0.0035	0.7054	-0.5624	0.4314	181	183	40	3	4	0.01	0.05	0	0.01
0.004	0.0254	0.1682	-0.0002	0.0068	0.4356	-0.8608	0.2634	182	0	40	3	5	0.0016	0.1	0	0.01
0.005	0.0544	0.3223	0.012	0.1206	-0.0836	0.9564	-0.28	157	185	63	3	1	0.0047	0.25	1	0.0123
0.005	0.0286	0.3184	0.0693	0.0937	0.9949	0.0579	0.0826	184	0	63	3	2	0.0036	0.15	0	0.0123
0.0141	0.0978	0.2583	-0.0497	0.1158	-0.921	-0.1175	-0.3713	162	187	75	3	1	0.006	0.4583	0	0.0141
0.0141	0.0032	0.178	-0.0552	0.0826	-0.0454	-0.4058	0.9128	186	188	75	3	2	0.01	0.05	0	0.01
0.0141	0.012	0.1753	-0.0554	0.0851	0.2872	0.8616	0.4185	187	0	75	3	3	0.01	0.05	0	0.01
0.0087	0.0117	0.1047	0.0356	0.0062	-0.1774	0.5324	0.8277	179	190	76	4	1	0.0013	0.2917	1	0.0125
0.0086	0.0436	0.1026	0.0418	0.0158	0.9193	0.278	0.2786	189	191	76	4	2	0.0013	0.2917	0	0.0125
0.0077	0.0027	0.1375	0.0417	0.0348	0.9346	-0.2656	0.2366	190	192	76	4	3	0.01	0.05	0	0.01
0.0066	0.0238	0.1403	0.0402	0.0354	0.3076	0.2166	-0.9265	191	193	76	4	4	0.01	0.05	0	0.01
0.0052	0.0287	0.1453	0.0499	0.0166	-0.043	0.5546	-0.831	192	194	76	4	5	0.01	0.05	0	0.01
0.0037	0.0161	0.1453	0.0673	-0.0066	0.7409	-0.421	-0.5232	193	0	76	4	6	0.0012	0.15	0	0.01
0.01	0.0051	0.2347	-0.0478	0.1207	0.1392	0.2504	0.9581	186	196	77	4	1	0.0028	0.4167	0	0.0115
0.01	0.0402	0.2414	-0.0454	0.1212	0.5518	-0.5851	0.5943	195	0	77	4	2	0.0035	0.4583	0	0.01
0.0038	0.0831	0.102	0.0412	0.0306	0.2471	-0.8871	-0.3898	189	198	45	5	1	0.0055	0.375	0	0.007
0.0025	0.0313	0.1157	-0.0281	-0.0076	-0.3573	-0.8968	-0.2607	197	199	45	5	2	0.01	0.05	0	0.01
0.0025	0.0334	0.1173	-0.0555	0.0028	-0.1173	-0.9862	0.1173	198	0	45	5	3	0.01	0.05	0	0.01
