radius (m)	length (m)	start_point	axis_direction	parent	extension	branch	branch_order	position_in_branch	mad	SurfCov	added	UnmodRadius (m)
0.0279	0.12	-0.2467	-0.2685	-0.0515	0.6758	0.6215	-0.3963	0	2	1	0	1	0.0515	0.15	0	0.1045
0.015	0.0854	-0.1737	-0.2259	-0.0447	0.9304	0.2388	0.2782	1	3	1	0	2	0.0013	0.375	0	0.015
0.0119	0.0434	-0.1064	-0.1939	-0.0262	0.5116	0.7349	0.4452	2	4	1	0	3	0.0009	0.2917	0	0.0102
0.0116	0.0526	-0.0756	-0.163	-0.0098	0.1479	0.9853	0.0853	3	5	1	0	4	0.0012	0.375	0	0.0075
0.0112	0.0381	-0.0857	-0.1126	-0.0022	-0.0422	0.9791	0.199	4	6	1	0	5	0.006	0.3	0	0.0082
0.0104	0.0385	-0.0911	-0.0786	0.005	-0.6453	0.7078	0.2873	5	7	1	0	6	0.0043	0.4	0	0.007
0.0096	0.0244	-0.122	-0.0594	0.0133	-0.8162	0.5619	0.1341	6	8	1	0	7	0.005	0.3438	0	0.009
0.0088	0.0211	-0.1249	-0.0321	0.0185	-0.6059	0.7796	-0.1584	7	9	1	0	8	0.0049	0.4063	0	0.0087
0.0103	0.0412	-0.1159	-0.0324	0.01	0.6205	0.6948	0.3636	8	10	1	0	9	0.0076	0.375	0	0.0103
0.0112	0.0212	-0.0971	-0.0303	0.0034	0.9782	-0.1064	-0.1781	9	11	1	0	10	0.0098	0.375	0	0.013
0.0085	0.019	-0.073	-0.0074	0.0036	0.8269	-0.0223	-0.5619	10	12	1	0	11	0.01	0.05	0	0.01
0.0079	0.018	-0.0881	-0.015	0.0097	-0.0278	-0.899	-0.4371	11	13	1	0	12	0.01	0.05	0	0.01
0.0072	0.0247	-0.0886	-0.0313	0.0019	0.2405	-0.7988	-0.5514	12	0	1	0	13	0.01	0.05	0	0.01
0.0159	0.2055	-0.1377	-0.0258	0.0103	-0.6885	-0.1959	-0.6982	8	15	2	1	1	0.0036	0.4167	1	0.0159
0.0159	0.0501	-0.2792	-0.0661	-0.1332	0.2125	-0.2978	0.9307	14	16	2	1	2	0.0036	0.4167	0	0.0159
0.0159	0.0123	-0.2684	-0.0707	-0.0906	0.2701	0.3405	0.9006	15	17	2	1	3	0.0012	0.175	0	0.01
0.0159	0.0277	-0.2445	-0.0551	-0.0868	0.2809	0.1045	0.954	16	18	2	1	4	0.003	0.125	0	0.01
0.0159	0.0273	-0.2413	-0.0538	-0.058	0.4461	0.0233	0.8947	17	0	2	1	5	0.0024	0.125	0	0.01
0.0098	0.0585	-0.1651	-0.2381	-0.0373	-0.3971	-0.8809	-0.2575	2	20	3	1	1	0.0022	0.4167	0	0.0102
0.008	0.0367	-0.1813	-0.2946	-0.0474	-0.5949	-0.8031	0.0349	19	21	3	1	2	0.0052	0.4063	0	0.0077
0.0083	0.0143	-0.202	-0.3224	-0.0423	-0.0355	-0.9082	0.417	20	22	3	1	3	0.01	0.05	0	0.01
0.0078	0.0272	-0.2081	-0.3343	-0.0409	-0.4405	-0.8289	0.3447	21	0	3	1	4	0.01	0.05	0	0.01
0.0114	0.0526	-0.2615	-0.2659	-0.075	-0.4025	0.2003	-0.8932	1	24	79	1	1	0.0032	0.7083	1	0.0114
0.0114	0.0794	-0.2827	-0.2554	-0.122	0.5279	-0.7137	0.4605	23	25	79	1	2	0.0032	0.7083	0	0.0114
0.0114	0.0238	-0.2419	-0.31	-0.0825	0.7111	-0.4004	0.578	24	26	79	1	3	0.0012	0.2917	0	0.0109
0.0114	0.0466	-0.2391	-0.3338	-0.0727	0.7229	-0.6746	-0.1495	25	27	79	1	4	0.0073	0.375	0	0.008
0.0114	0.0144	-0.2169	-0.3631	-0.0852	0.0066	-0.927	-0.3751	26	28	79	1	5	0.0041	0.4688	0	0.0087
0.0114	0.0176	-0.2184	-0.3772	-0.0841	0.3611	-0.9322	-0.0226	27	29	79	1	6	0.0035	0.1	0	0.0063
0.0114	0.0223	-0.2003	-0.3881	-0.0815	0.4627	-0.7898	-0.4027	28	30	79	1	7	0.01	0.05	0	0.01
0.0114	0.0178	-0.211	-0.4057	-0.0892	-0.0262	-0.9453	-0.3252	29	31	79	1	8	0.0011	0.3333	0	0.0089
0.0114	0.0347	-0.2113	-0.4191	-0.1016	-0.3114	-0.8405	-0.4433	30	32	79	1	9	0.01	0.05	0	0.01
0.0114	0.0292	-0.216	-0.4484	-0.097	-0.1903	-0.9803	0.0533	31	33	79	1	10	0.01	0.05	0	0.01
0.0114	0.0141	-0.2104	-0.4395	-0.1032	0.5332	-0.3194	-0.7834	32	34	79	1	11	0.01	0.05	0	0.01
0.0114	0.0255	-0.2029	-0.444	-0.1142	-0.297	-0.9391	0.173	33	0	79	1	12	0.01	0.05	0	0.01
0.0086	0.0332	-0.1114	-0.1867	-0.0151	-0.4104	0.9029	0.1278	3	36	7	1	1	0.002	0.4167	0	0.0086
0.0108	0.0371	-0.128	-0.1585	-0.0133	-0.6618	0.6744	0.3274	35	37	7	1	2	0.001	0.3333	0	0.0114
0.0094	0.042	-0.1585	-0.1401	-0.0062	-0.7459	0.666	-0.0098	36	38	7	1	3	0.0058	0.4375	0	0.0094
0.0097	0.0371	-0.192	-0.1187	-0.0038	-0.9542	0.2668	-0.1355	37	39	7	1	4	0.01	0.05	0	0.01
0.0095	0.0187	-0.2107	-0.0931	-0.0147	-0.7081	0.6476	-0.2814	38	40	7	1	5	0.01	0.05	0	0.01
0.0093	0.0049	-0.185	-0.1011	-0.0015	0.4329	0.8989	0.068	39	41	7	1	6	0.01	0.05	0	0.01
0.009	0.0224	-0.1829	-0.0967	-0.0012	0.4987	0.8665	-0.0209	40	0	7	1	7	0.01	0.05	0	0.01
0.0109	0.0551	-0.0773	-0.0437	0.0012	0.96	-0.1616	-0.2285	10	43	17	1	1	0.0027	0.4167	0	0.0109
0.0109	0.0012	-0.0226	-0.0578	-0.0088	0.7493	0.4799	0.4563	42	44	17	1	2	0.01	0.05	0	0.01
0.0109	0.0167	-0.0217	-0.0572	-0.0082	-0.6717	0.7364	-0.0812	43	45	17	1	3	0.01	0.05	0	0.01
0.0109	0.0452	-0.0316	-0.0468	-0.006	0.8702	0.4889	-0.0601	44	46	17	1	4	0.01	0.05	0	0.01
0.0109	0.0267	0.0078	-0.0247	-0.0088	0.8602	0.4843	0.1594	45	0	17	1	5	0.01	0.05	0	0.01
0.0094	0.0826	-0.0958	-0.0196	0.0064	0.1121	0.9565	0.2693	10	48	21	1	1	0.0014	0.3333	1	0.0094
0.0094	0.0287	-0.0866	0.0594	0.0287	0.5114	0.8557	0.0792	47	49	21	1	2	0.0014	0.3333	0	0.0094
0.0106	0.0579	-0.0685	0.0702	0.0368	0.9547	0.2794	0.1028	48	50	21	1	3	0.0042	0.375	0	0.0116
0.01	0.0384	-0.0233	0.0802	0.0609	0.8832	-0.0922	0.4599	49	51	21	1	4	0.01	0.05	0	0.01
0.0105	0.0156	-0.0181	0.0787	0.0363	0.7904	0.321	-0.5217	50	52	21	1	5	0.0025	0.25	0	0.018
0.0104	0.05	-0.0106	0.0792	0.0407	-0.0413	0.9454	0.3232	51	53	21	1	6	0.001	0.4167	0	0.0106
0.0078	0.0546	-0.0072	0.1263	0.0467	0.1622	0.9844	0.0685	52	54	21	1	7	0.001	0.3333	0	0.0078
0.0099	0.025	-0.0051	0.1777	0.0581	-0.1309	0.9761	0.1733	53	55	21	1	8	0.01	0.05	0	0.01
0.0102	0.025	0.0138	0.1999	0.059	0.1316	0.9619	0.2398	54	56	21	1	9	0.0012	0.3333	0	0.0108
0.0095	0.0243	0.015	0.2254	0.0573	-0.4329	0.8569	0.2798	55	57	21	1	10	0.01	0.05	0	0.01
0.0097	0.0217	0.02	0.2364	0.0629	0.5041	0.8207	-0.2691	56	58	21	1	11	0.0008	0.4167	0	0.01
0.0094	0.0429	0.0313	0.2514	0.0754	0.2933	0.9461	0.1373	57	59	21	1	12	0.001	0.3333	0	0.0098
0.0067	0.0427	0.0428	0.2877	0.0768	0.9844	-0.1274	-0.1212	58	60	21	1	13	0.0007	0.2917	0	0.0062
0.0096	0.03	0.0844	0.2828	0.0778	0.8937	0.4479	0.0251	59	61	21	1	14	0.0031	0.3	0	0.0249
0.0087	0.0481	0.1029	0.302	0.0792	0.5791	0.8147	0.0321	60	62	21	1	15	0.0008	0.2917	0	0.0092
0.0082	0.0451	0.1232	0.3442	0.085	0.4338	0.8868	0.1592	61	63	21	1	16	0.01	0.05	0	0.01
0.0062	0.0158	0.1505	0.3738	0.0746	0.679	0.7227	-0.1291	62	64	21	1	17	0.0012	0.4167	0	0.0062
0.0075	0.0252	0.1586	0.3857	0.0803	0.5189	0.8477	0.1104	63	65	21	1	18	0.01	0.05	0	0.01
0.0073	0.007	0.1708	0.3827	0.0721	0.8922	0.1602	-0.4222	64	66	21	1	19	0.01	0.05	0	0.01
0.007	0.0282	0.177	0.3839	0.0692	0.8279	-0.4446	0.3418	65	0	21	1	20	0.01	0.05	0	0.01
0.0108	0.0718	-0.2873	-0.2467	-0.1161	0.467	0.8577	0.215	23	68	4	2	1	0.0021	0.375	0	0.0146
0.0104	0.0219	-0.2641	-0.1772	-0.1052	0.4893	0.8183	0.3014	67	69	4	2	2	0.01	0.05	0	0.01
0.0102	0.0087	-0.2639	-0.1632	-0.098	-0.2705	0.807	0.5249	68	70	4	2	3	0.01	0.05	0	0.01
0.01	0.0182	-0.2662	-0.1562	-0.0934	-0.9046	0.3603	-0.2278	69	0	4	2	4	0.01	0.05	0	0.01
0.01	0.0247	-0.259	-0.2686	-0.1068	0.4076	0.7702	0.4905	24	72	5	2	1	0.01	0.05	0	0.01
0.01	0.0567	-0.2566	-0.2405	-0.0914	0.5354	0.1472	0.8317	71	73	5	2	2	0.0009	0.4167	0	0.0101
0.0098	0.0288	-0.2301	-0.2431	-0.045	0.6578	-0.2741	0.7016	72	74	5	2	3	0.01	0.05	0	0.01
0.0071	0.0572	-0.2229	-0.2444	-0.0465	0.043	0.9625	0.2679	73	75	5	2	4	0.0009	0.4167	0	0.0064
0.0091	0.0047	-0.2188	-0.189	-0.0364	0.0885	0.9909	0.1019	74	76	5	2	5	0.01	0.05	0	0.01
0.0096	0.0525	-0.2258	-0.1852	-0.0289	0.0823	0.9752	0.2053	75	77	5	2	6	0.0012	0.3333	0	0.0136
0.0081	0.0006	-0.2305	-0.1336	-0.0255	0.1465	0.9819	-0.1202	76	78	5	2	7	0.01	0.05	0	0.01
0.0074	0.0323	-0.2305	-0.1331	-0.0256	0.8506	0.4346	0.2959	77	0	5	2	8	0.01	0.05	0	0.01
0.0134	0.1104	-0.0278	0.0756	0.0685	-0.8348	0.0969	-0.542	50	80	24	2	1	0.0037	0.375	0	0.0141
0.0134	0.0428	-0.1174	0.094	0.0126	-0.8183	0.4582	-0.3471	79	81	24	2	2	0.0013	0.2083	0	0.0107
0.0134	0.0006	-0.1513	0.1135	0.0087	-0.9621	0.2528	0.1027	80	82	24	2	3	0.01	0.05	0	0.01
0.0134	0.0649	-0.1534	0.1218	-0.0006	-0.723	-0.5736	-0.385	81	83	24	2	4	0.0011	0.4583	0	0.0134
0.0134	0.0414	-0.1807	0.0793	-0.0276	-0.2737	-0.9281	-0.2523	82	84	24	2	5	0.01	0.05	0	0.01
0.0134	0.0433	-0.1986	0.0852	-0.02	-0.9482	-0.011	-0.3175	83	85	24	2	6	0.0036	0.25	0	0.0338
0.0134	0.0175	-0.2298	0.082	-0.039	-0.2082	0.6543	-0.727	84	86	24	2	7	0.01	0.05	0	0.01
0.0134	0.0236	-0.2334	0.0935	-0.0518	-0.7746	0.6107	-0.1641	85	0	24	2	8	0.01	0.05	0	0.01
0.009	0.0637	-0.0831	0.0382	0.0267	0.9686	0.1543	-0.1952	47	88	25	2	1	0.0033	0.3	0	0.0194
0.0082	0.0072	-0.0382	0.0381	0.0205	0.5678	-0.7345	0.3715	87	89	25	2	2	0.01	0.05	0	0.01
0.0079	0.0301	-0.0267	0.0262	0.0217	0.6653	0.6633	0.3428	88	90	25	2	3	0.001	0.25	0	0.0106
0.0065	0.0273	-0.015	0.049	0.0372	0.4959	0.7873	0.3663	89	91	25	2	4	0.01	0.05	0	0.01
0.0055	0.0001	-0.0012	0.0446	0.0447	0.8666	-0.0418	0.4973	90	92	25	2	5	0.01	0.05	0	0.01
0.004	0.0292	-0.0001	0.0457	0.0464	0.8473	-0.4688	-0.2497	91	0	25	2	6	0.0029	0.2	0	0.01
0.0094	0.0753	0.0051	0.176	0.0578	0.9858	-0.1662	-0.0248	54	94	36	2	1	0.001	0.4167	1	0.0094
0.0094	0.0368	0.0793	0.1635	0.056	0.9249	-0.0049	-0.3801	93	95	36	2	2	0.001	0.4167	0	0.0094
0.0094	0.0512	0.0995	0.1434	0.0452	0.8215	-0.5703	0.0019	94	96	36	2	3	0.0054	0.25	0	0.0086
0.0094	0.0331	0.1107	0.1133	0.037	0.1016	-0.9546	-0.28	95	97	36	2	4	0.0118	0.225	0	0.0104
0.0094	0.0272	0.1284	0.077	0.0351	-0.2156	-0.9561	-0.1986	96	98	36	2	5	0.01	0.05	0	0.01
0.0094	0.0127	0.1169	0.0533	0.0263	-0.1417	-0.9216	-0.3613	97	99	36	2	6	0.0011	0.4583	0	0.0116
0.0094	0.0338	0.1167	0.0426	0.02	0.0931	-0.8856	-0.4551	98	100	36	2	7	0.001	0.2917	0	0.0101
0.0094	0.026	0.1276	0.0129	0.0128	0.468	-0.7791	-0.4171	99	101	36	2	8	0.01	0.05	0	0.01
0.0094	0.042	0.1195	-0.007	0.0158	-0.2347	-0.9184	-0.3185	100	102	36	2	9	0.0011	0.3333	0	0.0105
0.0094	0.041	0.1089	-0.0331	-0.0005	0.9579	-0.0111	-0.287	101	103	36	2	10	0.0012	0.2917	0	0.0138
0.0094	0.0243	0.1369	-0.0455	-0.022	0.6321	0.0299	-0.7743	102	104	36	2	11	0.01	0.05	0	0.01
0.0094	0.0413	0.1414	-0.0389	-0.0123	0.9117	0.2948	0.2862	103	105	36	2	12	0.0013	0.3333	0	0.0099
0.0094	0.02	0.1769	-0.0236	0.0028	0.9044	0.3006	0.3027	104	106	36	2	13	0.01	0.05	0	0.01
0.0094	0.0394	0.1718	-0.0275	0.0076	0.3967	-0.9037	-0.1608	105	107	36	2	14	0.0007	0.2917	0	0.0086
0.0094	0.0315	0.1782	-0.0625	0.0005	-0.0191	-0.9129	-0.4077	106	108	36	2	15	0.0011	0.2917	0	0.0088
0.0094	0.0246	0.1723	-0.0871	-0.014	-0.382	-0.7012	-0.602	107	109	36	2	16	0.01	0.05	0	0.01
0.0094	0.0499	0.1813	-0.0984	-0.0059	0.5626	-0.7901	-0.2436	108	110	36	2	17	0.0014	0.2917	0	0.011
0.0094	0.0634	0.1971	-0.1351	-0.0208	-0.1012	-0.8983	-0.4275	109	111	36	2	18	0.0043	0.3	0	0.02
0.0094	0.0336	0.1758	-0.177	-0.0363	-0.7519	-0.6473	-0.1253	110	112	36	2	19	0.01	0.05	0	0.01
0.0094	0.077	0.1686	-0.173	-0.0393	0.7714	-0.525	-0.3597	111	113	36	2	20	0.001	0.2917	0	0.0127
0.0094	0.0208	0.2322	-0.2114	-0.0583	0.902	-0.217	-0.3733	112	114	36	2	21	0.01	0.05	0	0.01
0.0094	0.0809	0.2565	-0.2031	-0.0545	0.8892	0.0223	-0.4569	113	115	36	2	22	0.0066	0.1333	0	0.0383
0.0094	0.0442	0.3307	-0.1987	-0.0816	0.9492	0.1773	-0.2598	114	116	36	2	23	0.01	0.05	0	0.01
0.0094	0.0278	0.3708	-0.2102	-0.0904	0.9654	-0.125	-0.229	115	117	36	2	24	0.01	0.05	0	0.01
0.0094	0.0259	0.3976	-0.2137	-0.0967	0.4185	0.3163	-0.8513	116	0	36	2	25	0.01	0.05	0	0.01
0.0095	0.0425	0.0334	0.2577	0.0721	-0.9072	0.4038	0.1182	58	119	51	2	1	0.0032	0.25	0	0.015
0.0095	0.0576	-0.0104	0.2775	0.0842	-0.786	-0.4721	-0.3991	118	120	51	2	2	0.0013	0.375	0	0.0101
0.0095	0.027	-0.0535	0.252	0.0615	-0.592	0.6157	0.52	119	121	51	2	3	0.0011	0.25	0	0.0097
0.0095	0.0518	-0.0685	0.2701	0.0571	-0.6592	0.7516	0.0216	120	122	51	2	4	0.0039	0.5313	0	0.0095
0.0095	0.0316	-0.0762	0.3147	0.0479	-0.3487	0.8268	-0.4414	121	123	51	2	5	0.01	0.05	0	0.01
0.0095	0.0109	-0.0952	0.3017	0.0581	-0.9153	0.3295	0.2315	122	0	51	2	6	0.0021	0.3333	0	0.0093
0.0064	0.0707	0.1099	0.3218	0.0864	-0.9952	-0.0751	-0.0633	61	125	58	2	1	0.002	0.4583	0	0.006
0.0083	0.0508	0.0406	0.3244	0.0776	-0.9929	0.0904	-0.077	124	126	58	2	2	0.01	0.05	0	0.01
0.0083	0.0395	-0.0017	0.3283	0.0596	-0.8345	0.25	-0.491	125	127	58	2	3	0.0011	0.2917	0	0.0106
0.0083	0.0381	-0.0229	0.3511	0.0396	-0.6217	0.5334	-0.5736	126	0	58	2	4	0.01	0.05	0	0.01
0.0025	0.0423	0.1453	0.3761	0.0779	-0.9404	0.3342	0.062	63	129	63	2	1	0.01	0.05	0	0.01
0.0025	0.0295	0.1055	0.3902	0.0806	-0.8365	-0.2729	-0.4752	128	0	63	2	2	0.01	0.05	0	0.01
0.0067	0.0588	-0.2262	-0.2201	-0.0456	-0.5414	0.5857	-0.6032	74	131	13	3	1	0.0033	0.4583	0	0.0115
0.0067	0.0141	-0.267	-0.2033	-0.0734	-0.8337	0.1948	-0.5167	130	132	13	3	2	0.0076	0.4167	0	0.0086
0.0067	0.0279	-0.2496	-0.1879	-0.0927	0.0436	-0.7369	-0.6746	131	133	13	3	3	0.0056	0.4583	0	0.0067
0.0067	0.0384	-0.2527	-0.2208	-0.0998	0.3598	-0.7045	-0.6117	132	134	13	3	4	0.01	0.05	0	0.01
0.0067	0.0149	-0.2585	-0.21	-0.1008	0.7225	0.5885	-0.3629	133	0	13	3	5	0.01	0.05	0	0.01
0.0102	0.0646	-0.1304	0.1035	0.0209	0.1322	0.9906	0.0341	80	136	29	3	1	0.0023	0.4167	0	0.0102
0.0102	0.001	-0.1186	0.1568	0.031	0.5366	0.6054	0.5879	135	137	29	3	2	0.01	0.05	0	0.01
0.0102	0.0354	-0.1167	0.1582	0.0315	-0.3941	0.5127	-0.7628	136	0	29	3	3	0.0016	0.3333	0	0.0066
0.0091	0.0195	-0.182	0.0846	-0.0118	0.6096	-0.7723	0.1788	82	139	32	3	1	0.0018	0.4167	0	0.009
0.009	0.0346	-0.1824	0.0724	-0.0097	-0.1961	-0.9495	-0.245	138	140	32	3	2	0.0009	0.25	0	0.0077
0.0091	0.0051	-0.1875	0.0392	-0.0168	0.0506	-0.9619	-0.2686	139	141	32	3	3	0.01	0.05	0	0.01
0.0091	0.029	-0.1873	0.0343	-0.0182	0.3993	-0.9167	0.012	140	0	32	3	4	0.01	0.05	0	0.01
0.0089	0.0984	0.1265	0.1313	0.0518	0.5621	-0.7983	-0.2162	95	143	43	3	1	0.0038	0.2	1	0.0145
0.0089	0.051	0.1602	0.0487	0.0248	0.2828	-0.8176	-0.5016	142	144	43	3	2	0.0028	0.2	0	0.0145
0.0089	0.0079	0.1697	0.0052	-0.0027	0.4463	-0.7828	-0.4336	143	145	43	3	3	0.01	0.05	0	0.01
0.0089	0.0363	0.1732	-0.001	-0.0061	0.8749	-0.4713	-0.1117	144	0	43	3	4	0.01	0.05	0	0.01
0.0089	0.0565	0.1071	0.1494	0.0446	0.8217	0.5671	-0.0566	95	147	47	3	1	0.01	0.05	1	0.01
0.0089	0.0177	0.1535	0.1815	0.0415	0.8224	0.5618	0.0903	146	148	47	3	2	0.01	0.05	0	0.01
0.0089	0.053	0.1644	0.1792	0.0372	0.9582	-0.184	-0.2191	147	149	47	3	3	0.0009	0.375	0	0.0107
0.0089	0.0274	0.212	0.1704	0.0324	-0.8219	0.3739	-0.4298	148	0	47	3	4	0.01	0.05	0	0.01
0.0089	0.0302	0.1122	0.097	0.0334	-0.9343	0.1393	0.3282	96	151	49	3	1	0.0053	0.3	0	0.0142
0.0089	0.0311	0.0876	0.1149	0.0324	-0.8655	0.4318	0.2539	150	152	49	3	2	0.0013	0.2917	0	0.0115
0.0089	0.0082	0.0615	0.1276	0.0422	0.0958	0.9475	0.3052	151	153	49	3	3	0.01	0.05	0	0.01
0.0089	0.0187	0.0624	0.1354	0.0466	0.9823	0.1797	-0.0539	152	0	49	3	4	0.01	0.05	0	0.01
0.0106	0.0542	0.1224	0.0036	0.0089	-0.9904	0.1381	0.0006	100	155	52	3	1	0.003	0.4167	0	0.0106
0.0106	0.0435	0.0692	0.0066	0.0038	-0.9656	-0.2279	0.1251	154	156	52	3	2	0.0012	0.2917	0	0.0123
0.0106	0.0326	0.0313	0.0001	0.0097	-0.628	0.7782	0.0038	155	157	52	3	3	0.0016	0.175	0	0.022
0.0106	0.0356	0.0131	0.0239	0.0297	-0.3186	0.9413	0.1115	156	158	52	3	4	0.0008	0.2917	0	0.0108
0.0106	0.0319	0.0124	0.0583	0.0235	-0.0142	0.9968	0.0786	157	159	52	3	5	0.001	0.2917	0	0.0113
0.0106	0.0316	0.0178	0.0907	0.0305	0.0393	0.9829	-0.1796	158	160	52	3	6	0.01	0.05	0	0.01
0.0106	0.0246	0.0055	0.1086	0.0174	-0.4492	0.741	-0.4991	159	0	52	3	7	0.01	0.05	0	0.01
0.01	0.0274	0.1808	-0.0286	0.011	-0.4429	0.8685	-0.2225	105	162	64	3	1	0.007	0.225	0	0.0266
0.01	0.0191	0.1776	-0.0049	0.0223	0.4726	0.8485	-0.2382	161	163	64	3	2	0.01	0.05	0	0.01
0.01	0.0224	0.1856	0.0218	0.0132	0.9944	0.1053	0.0099	162	164	64	3	3	0.001	0.2917	0	0.0095
0.01	0.0336	0.2131	0.0248	0.0025	0.8155	-0.4461	0.3686	163	165	64	3	4	0.0022	0.225	0	0.0171
0.01	0.0264	0.24	0.0059	0.0063	0.906	-0.4022	0.1317	164	166	64	3	5	0.01	0.05	0	0.01
0.01	0.0075	0.2373	-0.0046	0.0286	0.3651	-0.7691	0.5246	165	167	64	3	6	0.0039	0.275	0	0.0175
0.01	0.005	0.2272	-0.0066	0.0368	0.1561	-0.4521	0.8782	166	168	64	3	7	0.01	0.05	0	0.01
0.01	0.0481	0.2269	-0.0179	0.0398	0.8835	-0.0378	-0.467	167	169	64	3	8	0.0009	0.4167	0	0.01
0.01	0.0074	0.2654	-0.0178	0.0219	0.6835	-0.2199	0.696	168	170	64	3	9	0.01	0.05	0	0.01
0.01	0.0314	0.2711	-0.0186	0.0285	0.7842	0.3115	-0.5366	169	171	64	3	10	0.01	0.05	0	0.01
0.01	0.0323	0.2957	-0.0088	0.0117	0.6907	0.0526	-0.7212	170	0	64	3	11	0.01	0.05	0	0.01
0.0089	0.0311	0.185	-0.0343	0.0061	0.7643	-0.632	-0.1281	106	173	69	3	1	0.01	0.05	1	0.01
0.0089	0.0264	0.2088	-0.054	0.0021	0.7485	-0.6625	-0.0271	172	174	69	3	2	0.01	0.05	0	0.01
0.0089	0.0164	0.2328	-0.0693	0.003	0.2478	-0.858	0.4499	173	175	69	3	3	0.01	0.05	0	0.01
0.0089	0.0121	0.2364	-0.0849	0.0117	0.9722	-0.1554	0.1753	174	0	69	3	4	0.01	0.05	0	0.01
0.0089	0.0611	0.1956	-0.103	-0.0116	0.8959	-0.3693	0.247	109	177	73	3	1	0.0058	0.1	1	0.0284
0.0089	0.0314	0.2628	-0.1162	0.0069	0.5238	-0.4253	-0.7381	176	178	73	3	2	0.0052	0.2	0	0.0284
0.0089	0.0233	0.2843	-0.1321	-0.0142	0.2335	-0.2885	-0.9286	177	179	73	3	3	0.01	0.05	0	0.01
0.0089	0.0032	0.2966	-0.1438	-0.0172	0.6519	-0.6392	-0.408	178	0	73	3	4	0.01	0.05	0	0.01
0.0085	0.0979	0.1583	-0.2044	-0.0402	0.9148	-0.3149	-0.253	111	181	75	3	1	0.0028	0.4583	0	0.0084
0.0089	0.056	0.246	-0.2369	-0.0658	0.6408	-0.4547	-0.6186	180	182	75	3	2	0.0011	0.3333	0	0.0123
0.0089	0.0032	0.2801	-0.2454	-0.1003	0.9109	0.1022	-0.3999	181	183	75	3	3	0.01	0.05	0	0.01
0.0089	0.0002	0.2834	-0.2452	-0.1017	0.0757	0.9438	-0.3216	182	0	75	3	4	0.01	0.05	0	0.01
0.0089	0.0596	0.3014	-0.1985	-0.0678	0.8947	0.3041	0.3273	114	185	77	3	1	0.0025	0.375	1	0.0163
0.0089	0.0358	0.3499	-0.1744	-0.05	0.7852	0.5505	-0.2836	184	186	77	3	2	0.004	0.2	0	0.0163
0.0089	0.0105	0.3779	-0.1572	-0.0651	0.9842	0.1434	-0.1038	185	187	77	3	3	0.01	0.05	0	0.01
0.0089	0.0323	0.3883	-0.1557	-0.0661	0.8471	0.5242	0.0876	186	0	77	3	4	0.01	0.05	0	0.01
0.0086	0.0188	-0.1744	0.0647	-0.0147	0.5531	-0.1633	0.8169	138	189	40	4	1	0.0014	0.375	0	0.0088
0.0086	0.0035	-0.1669	0.057	0.0038	0.0867	0.5114	0.8549	188	190	40	4	2	0.01	0.05	0	0.01
0.0086	0.0465	-0.1655	0.0548	-0.002	0.6261	0.7371	-0.2545	189	191	40	4	3	0.0012	0.2083	0	0.0091
0.0086	0.0097	-0.1421	0.0943	-0.0119	0.4114	0.6778	-0.6094	190	0	40	4	4	0.01	0.05	0	0.01
0.004	0.0915	0.1328	0.1097	0.0419	0.8038	-0.3922	-0.4472	142	193	82	4	1	0.0092	0.16	1	0.0107
0.004	0.0329	0.2194	0.0841	0.0067	0.6166	-0.7872	0.0074	192	194	82	4	2	0.0065	0.225	0	0.0107
0.0025	0.0143	0.2385	0.0573	0.0093	-0.7953	-0.3071	-0.5228	193	0	82	4	3	0.0026	0.15	0	0.01
0.0119	0.0523	0.1352	0.152	0.0581	0.1508	0.9877	-0.0409	0	196	83	0	1	0.0028	0.4583	0	0.0119
0.0119	0.0221	0.1302	0.1946	0.0646	-0.6898	0.6036	-0.3997	195	197	83	0	2	0.001	0.3333	0	0.0083
0.0119	0.018	0.1195	0.212	0.0538	-0.7013	0.6171	-0.3569	196	198	83	0	3	0.01	0.05	0	0.01
0.0119	0.0156	0.1197	0.2123	0.0617	-0.0906	-0.8305	-0.5496	197	0	83	0	4	0.01	0.05	0	0.01
0.0095	0.0478	0.2493	-0.0076	0.0302	-0.6038	-0.6797	-0.4165	166	200	68	4	1	0.0048	0.325	0	0.0152
0.0095	0.0077	0.2255	-0.0452	0.0187	-0.8819	-0.1375	0.4509	199	201	68	4	2	0.01	0.05	0	0.01
0.0095	0.0213	0.2191	-0.0454	0.0215	-0.9446	0.2753	-0.1787	200	202	68	4	3	0.01	0.05	0	0.01
0.0095	0.0253	0.1991	-0.0389	0.0172	-0.1487	0.6534	0.7423	201	0	68	4	4	0.01	0.05	0	0.01
0.004	0.0847	0.3068	-0.0109	0.0151	-0.4164	-0.8993	-0.1338	170	204	71	4	1	0.0011	0.2917	0	0.01
0.0025	0.0091	0.2786	-0.0868	0.0074	0.1216	-0.9789	-0.164	203	205	71	4	2	0.01	0.05	0	0.01
0.0025	0.0156	0.2797	-0.0956	0.0059	0.0167	-0.9187	0.3945	204	0	71	4	3	0.01	0.05	0	0.01
0.0127	0.0357	0.0169	0.0551	0.0369	0.7956	-0.2917	-0.531	0	207	85	0	1	0.0036	0.5417	0	0.0127
0.0127	0.0055	0.0456	0.045	0.02	0.9902	-0.049	-0.1307	206	0	85	0	2	0.01	0.05	0	0.01
