radius (m)	length (m)	start_point	axis_direction	parent	extension	branch	branch_order	position_in_branch	mad	SurfCov	added	UnmodRadius (m)
0.018	0.064	-0.1477	0.0343	-0.1656	0.529	-0.0752	0.8453	0	2	1	0	1	0.0041	0.6667	0	0.018
0.0188	0.0816	-0.1148	0.03	-0.1068	0.8309	-0.5039	0.2359	1	3	1	0	2	0.0016	0.2917	0	0.0188
0.018	0.0725	-0.046	-0.0017	-0.0613	0.7844	-0.5932	0.1812	2	4	1	0	3	0.0015	0.25	0	0.0141
0.018	0.0268	0.018	-0.0291	-0.0484	0.7476	-0.3369	0.5724	3	5	1	0	4	0.0019	0.25	0	0.0136
0.018	0.0063	0.0397	-0.0169	-0.0401	0.9958	-0.086	-0.0297	4	6	1	0	5	0.0018	0.125	0	0.01
0.018	0.0574	0.0287	-0.0262	-0.0295	0.0421	-0.8077	-0.588	5	7	1	0	6	0.0016	0.375	0	0.0134
0.018	0.0172	0.029	-0.0744	-0.0606	-0.3404	-0.6437	-0.6855	6	8	1	0	7	0.0018	0.15	0	0.01
0.018	0.0224	0.0227	-0.0809	-0.0703	0.9922	0.1214	-0.0296	7	0	1	0	8	0.004	0.125	0	0.01
0.0119	0.0931	-0.0524	0.0067	-0.0764	0.2445	0.6983	0.6727	2	10	3	1	1	0.004	0.4583	0	0.0119
0.0139	0.0404	-0.0297	0.0748	-0.0252	0.5243	0.8226	0.22	9	11	3	1	2	0.0013	0.2917	0	0.0148
0.0119	0.0083	-0.0154	0.1011	-0.01	-0.2734	0.7834	0.5582	10	12	3	1	3	0.01	0.05	0	0.01
0.0119	0.0233	-0.0144	0.1073	-0.0036	0.2354	0.9258	-0.2958	11	13	3	1	4	0.01	0.05	0	0.01
0.0119	0.0385	-0.009	0.1288	-0.0104	0.2427	0.6163	-0.7492	12	0	3	1	5	0.01	0.05	0	0.01
0.0099	0.0875	0.0192	-0.0799	-0.0463	0.081	0.8128	0.5769	7	15	5	1	1	0.01	0.05	0	0.01
0.0099	0.0318	0.0277	-0.0072	0.0191	-0.362	0.9304	-0.058	14	16	5	1	2	0.0047	0.625	0	0.0099
0.0075	0.0421	0.0182	0.014	0.031	-0.5987	0.6431	0.4775	15	17	5	1	3	0.0066	0.3438	0	0.0075
0.0072	0.0072	-0.0042	0.0367	0.0546	-0.363	0.4316	0.8258	16	18	5	1	4	0.0041	0.45	0	0.0062
0.009	0.0205	0.0105	0.0503	0.0549	-0.1772	0.6776	0.7138	17	19	5	1	5	0.0066	0.375	0	0.009
0.0094	0.0392	-0.0065	0.0622	0.058	-0.171	0.985	0.0231	18	20	5	1	6	0.01	0.05	0	0.01
0.0088	0.0576	-0.0074	0.0683	0.0409	0.4374	-0.3761	0.8168	19	21	5	1	7	0.0009	0.4167	0	0.0088
0.0105	0.0395	0.0111	0.048	0.0863	0.1982	0.98	-0.0195	20	22	5	1	8	0.0016	0.375	0	0.0117
0.0091	0.0004	0.021	0.0817	0.0748	-0.1818	0.8769	-0.445	21	23	5	1	9	0.01	0.05	0	0.01
0.0095	0.0598	0.0126	0.0783	0.0779	-0.1058	0.7828	0.6133	22	24	5	1	10	0.0005	0.4167	0	0.0099
0.0088	0.0258	0.0149	0.1217	0.1041	0.5513	0.8131	0.1867	23	25	5	1	11	0.01	0.05	0	0.01
0.0082	0.0332	0.0042	0.1367	0.1132	-0.1412	0.8988	0.415	24	26	5	1	12	0.0007	0.375	0	0.0082
0.0085	0.0252	0.0025	0.1613	0.135	-0.0803	0.8206	0.5658	25	27	5	1	13	0.01	0.05	0	0.01
0.0086	0.0384	-0.0032	0.172	0.1246	-0.3084	0.8968	-0.3172	26	28	5	1	14	0.0011	0.4583	0	0.0089
0.0081	0.0289	-0.0217	0.2012	0.1089	-0.5062	0.8173	-0.2753	27	29	5	1	15	0.01	0.05	0	0.01
0.008	0.0004	-0.0297	0.2272	0.1023	-0.2895	0.9277	-0.2358	28	30	5	1	16	0.01	0.05	0	0.01
0.0078	0.0288	-0.0298	0.2276	0.1022	-0.2569	0.0205	0.9662	29	0	5	1	17	0.01	0.05	0	0.01
0.0161	0.0928	0.0314	-0.0338	-0.0436	-0.4314	-0.8836	-0.1818	5	32	6	1	1	0.0016	0.2917	1	0.0161
0.0155	0.0381	-0.0086	-0.1158	-0.0605	-0.4871	-0.2078	-0.8482	31	33	6	1	2	0.0016	0.2917	0	0.0161
0.0107	0.0063	-0.0118	-0.1244	-0.0917	0.0346	-0.5785	-0.8149	32	34	6	1	3	0.01	0.05	0	0.01
0.0094	0.0775	-0.0098	-0.1337	-0.0937	-0.9111	-0.3792	-0.1616	33	35	6	1	4	0.0015	0.2917	0	0.0084
0.01	0.0257	-0.0825	-0.1547	-0.104	-0.9645	-0.1988	-0.1739	34	36	6	1	5	0.01	0.05	0	0.01
0.0085	0.0674	-0.0875	-0.1511	-0.1006	0.4188	-0.9067	-0.0503	35	37	6	1	6	0.001	0.2917	0	0.0093
0.0049	0.0193	-0.0558	-0.2124	-0.1015	0.3231	-0.8078	-0.493	36	0	6	1	7	0.0019	0.15	0	0.01
0.0109	0.0765	0.0466	-0.0287	0.0218	0.2632	0.6585	0.7051	15	39	12	2	1	0.01	0.05	0	0.01
0.0109	0.054	0.0636	0.0223	0.0783	0.6116	0.4278	0.6655	38	40	12	2	2	0.001	0.5	0	0.0109
0.0109	0.008	0.0941	0.0402	0.1035	0.4234	-0.8508	0.3112	39	41	12	2	3	0.01	0.05	0	0.01
0.0109	0.0648	0.1059	0.0309	0.1162	0.2957	0.9552	-0.0091	40	42	12	2	4	0.0012	0.375	0	0.01
0.0109	0.0054	0.1221	0.0908	0.1217	-0.0876	0.9554	0.2821	41	43	12	2	5	0.01	0.05	0	0.01
0.0109	0.0322	0.1216	0.096	0.1233	-0.4399	0.8581	-0.2649	42	44	12	2	6	0.01	0.05	0	0.01
0.0109	0.0296	0.1075	0.1236	0.1147	-0.9542	-0.0557	0.2939	43	0	12	2	7	0.01	0.05	0	0.01
0.0085	0.0696	0.0196	0.0362	0.0491	0.7481	-0.494	0.4431	18	46	19	2	1	0.0004	0.25	0	0.0298
0.0067	0.0897	0.0756	0.0244	0.0847	0.8978	-0.0664	-0.4354	45	47	19	2	2	0.0046	0.2917	0	0.0067
0.006	0.0285	0.1537	0.0169	0.0424	0.8237	-0.2083	-0.5274	46	48	19	2	3	0.01	0.05	0	0.01
0.0052	0.0305	0.1809	0.0145	0.0347	0.905	-0.1468	-0.3994	47	49	19	2	4	0.01	0.05	0	0.01
0.004	0.0477	0.1503	0.0117	0.0363	0.1962	0.6334	0.7486	48	0	19	2	5	0.01	0.05	0	0.01
0.0084	0.0153	0.0011	0.0661	0.0384	0.9314	-0.2274	-0.2841	20	51	20	2	1	0.0053	0.4583	1	0.0233
0.0084	0.0476	0.0184	0.056	0.0354	0.8673	0.4385	0.2357	50	52	20	2	2	0.0137	0.3	0	0.0233
0.0084	0.0235	0.0559	0.0698	0.0407	-0.303	0.7038	-0.6425	51	53	20	2	3	0.01	0.05	0	0.01
0.0084	0.0413	0.0488	0.0863	0.0256	-0.7711	0.3108	0.5557	52	0	20	2	4	0.01	0.05	0	0.01
0.0084	0.0332	0.0012	0.05	0.0724	-0.9276	-0.2037	-0.3131	20	55	23	2	1	0.0021	0.375	1	0.0108
0.008	0.0451	-0.0296	0.0432	0.062	-0.8731	0.4273	-0.2348	54	56	23	2	2	0.0021	0.375	0	0.0108
0.0065	0.0097	-0.0668	0.059	0.0502	-0.8615	-0.4847	-0.1513	55	57	23	2	3	0.01	0.05	0	0.01
0.0052	0.0246	-0.0752	0.0543	0.0488	-0.5295	0.57	-0.6283	56	58	23	2	4	0.01	0.05	0	0.01
0.0038	0.0229	-0.0883	0.0694	0.0291	-0.9959	-0.0905	0.0057	57	0	23	2	5	0.0036	0.15	0	0.01
0.0115	0.0396	0.0113	0.1053	0.1104	0.2782	-0.9604	-0.0141	23	60	29	2	1	0.002	0.4167	1	0.0115
0.0115	0.0582	0.0223	0.0673	0.1099	0.1201	0.9698	0.2124	59	61	29	2	2	0.002	0.4167	0	0.0115
0.0115	0.0018	0.0331	0.1199	0.1135	-0.1753	0.874	-0.4533	60	62	29	2	3	0.01	0.05	0	0.01
0.0115	0.0255	0.0328	0.1216	0.1127	-0.3191	0.6579	0.6822	61	63	29	2	4	0.01	0.05	0	0.01
0.0115	0.0325	0.0246	0.1384	0.1301	0.811	0.5688	0.1369	62	0	29	2	5	0.01	0.05	0	0.01
0.0084	0.0169	0.011	0.1315	0.1043	-0.8533	0.509	-0.1128	24	65	37	2	1	0.0023	0.3333	1	0.0085
0.0084	0.04	-0.0035	0.1401	0.1024	-0.5364	-0.4572	0.7093	64	66	37	2	2	0.0023	0.3333	0	0.0085
0.0084	0.031	-0.0211	0.1206	0.1236	0.855	-0.179	0.4868	65	67	37	2	3	0.01	0.05	0	0.01
0.0084	0.0235	0.0032	0.1146	0.1479	-0.213	-0.9722	-0.0978	66	0	37	2	4	0.01	0.05	0	0.01
0.0134	0.0322	0.0152	-0.0734	-0.0676	0.2811	0.1892	-0.9408	31	69	42	2	1	0.004	0.4583	1	0.0134
0.0134	0.0881	0.0242	-0.0673	-0.098	0.2641	-0.467	0.8439	68	70	42	2	2	0.004	0.4583	0	0.0134
0.0148	0.0553	0.0365	-0.112	-0.0138	0.4009	-0.9077	0.1237	69	71	42	2	3	0.0031	0.225	0	0.02
0.0134	0.0395	0.0579	-0.1531	-0.0113	0.9783	0.1522	0.1405	70	72	42	2	4	0.0008	0.3333	0	0.0119
0.0134	0.0287	0.0953	-0.1473	-0.0098	0.8114	0.5205	-0.266	71	73	42	2	5	0.01	0.05	0	0.01
0.0134	0.0178	0.097	-0.1513	-0.0062	0.5774	-0.1878	0.7946	72	74	42	2	6	0.01	0.05	0	0.01
0.0134	0.0158	0.108	-0.154	0.0112	0.4043	-0.9109	0.083	73	0	42	2	7	0.01	0.05	0	0.01
0.0096	0.0442	-0.0147	-0.1284	-0.0875	-0.4102	0.608	0.6798	34	76	10	2	1	0.002	0.4167	1	0.0096
0.0096	0.0528	-0.0328	-0.1015	-0.0575	-0.3748	0.8483	-0.374	75	77	10	2	2	0.002	0.4167	0	0.0096
0.0096	0.0213	-0.0551	-0.0519	-0.0609	0.8152	0.5769	-0.0512	76	78	10	2	3	0.0054	0.275	0	0.0173
0.0096	0.0181	-0.0444	-0.0426	-0.0769	-0.8394	-0.3141	0.4435	77	79	10	2	4	0.01	0.05	0	0.01
0.0096	0.0574	-0.0622	-0.0519	-0.0621	0.7692	0.391	0.5054	78	80	10	2	5	0.0008	0.3333	0	0.0093
0.0096	0.0172	-0.0225	-0.0226	-0.0342	0.709	0.5339	0.4607	79	81	10	2	6	0.01	0.05	0	0.01
0.0096	0.0214	-0.0103	-0.0134	-0.0263	0.9636	0.2654	0.0332	80	0	10	2	7	0.01	0.05	0	0.01
0.01	0.0191	-0.0327	-0.1146	-0.0943	-0.071	-0.674	0.7353	32	83	11	2	1	0.01	0.05	0	0.01
0.01	0.0309	-0.034	-0.1275	-0.0802	-0.8376	0.4706	0.2774	82	84	11	2	2	0.01	0.05	0	0.01
0.01	0.0361	-0.0599	-0.113	-0.0717	-0.2249	0.0545	-0.9728	83	0	11	2	3	0.01	0.05	0	0.01
0.0089	0.082	-0.0168	-0.1347	-0.0726	-0.0804	-0.9195	-0.3848	32	86	14	2	1	0.0019	0.4167	0	0.0089
0.0095	0.0324	-0.0221	-0.2024	-0.1126	0.087	-0.7378	-0.6694	85	87	14	2	2	0.01	0.05	0	0.01
0.0094	0.0294	-0.0033	-0.2172	-0.1094	0.6444	-0.7518	-0.1394	86	88	14	2	3	0.01	0.05	0	0.01
0.0093	0.0339	0.0075	-0.2423	-0.1168	0.4171	-0.8752	-0.245	87	89	14	2	4	0.01	0.05	0	0.01
0.0092	0.0242	0.0069	-0.2333	-0.1157	-0.7875	-0.1571	-0.596	88	0	14	2	5	0.01	0.05	0	0.01
0.0108	0.035	-0.0274	0.0534	0.0253	-0.4072	-0.8787	0.2491	0	91	43	0	1	0.0027	0.4583	0	0.0108
0.0108	0.0031	-0.0443	0.0303	0.0355	-0.3292	-0.289	0.899	90	92	43	0	2	0.01	0.05	0	0.01
0.0108	0.0186	-0.0467	0.0305	0.0422	0.5486	-0.7359	0.3969	91	93	43	0	3	0.01	0.05	0	0.01
0.0108	0.0175	-0.0381	0.0203	0.0487	-0.9076	-0.4191	-0.0246	92	0	43	0	4	0.01	0.05	0	0.01
0.0097	0.0459	0.0488	0.0212	0.0738	-0.471	0.741	0.4785	45	95	26	3	1	0.0022	0.4167	1	0.0097
0.0097	0.0437	0.0271	0.0552	0.0958	0.9783	-0.2049	0.0301	94	96	26	3	2	0.0022	0.4167	0	0.0097
0.0097	0.0614	0.0622	0.048	0.0967	0.1337	0.7708	0.6228	95	97	26	3	3	0.001	0.375	0	0.0087
0.0097	0.0266	0.0721	0.0983	0.1216	-0.0367	0.9771	0.2097	96	98	26	3	4	0.01	0.05	0	0.01
0.0097	0.03	0.0581	0.1096	0.1406	-0.2574	0.7668	0.588	97	0	26	3	5	0.01	0.05	0	0.01
0.0138	0.0896	0.1535	-0.0168	0.0589	-0.8813	-0.3044	-0.3616	0	100	34	0	1	0.0028	0.4583	0	0.0138
0.0138	0.0383	0.0794	-0.0289	0.038	-0.9457	0.3243	-0.0226	99	101	34	0	2	0.01	0.05	0	0.01
0.0138	0.0246	0.0817	-0.0462	0.0245	-0.6091	-0.5458	-0.5755	100	0	34	0	3	0.0026	0.175	0	0.0229
