radius (m)	length (m)	start_point	axis_direction	parent	extension	branch	branch_order	position_in_branch	mad	SurfCov	added	UnmodRadius (m)
0.0157	0.0827	-0.1377	0.066	-0.1057	0.5793	-0.6972	0.4223	0	2	1	0	1	0.0038	0.625	0	0.0157
0.0154	0.068	-0.0901	0.0003	-0.0711	0.9124	-0.0586	0.405	1	3	1	0	2	0.0017	0.6667	0	0.0154
0.0173	0.0423	-0.0287	-0.0119	-0.0472	0.9192	-0.2085	0.334	2	4	1	0	3	0.0016	0.3333	0	0.0181
0.0154	0.0447	0.0045	-0.0265	-0.0367	0.696	-0.7161	0.0525	3	5	1	0	4	0.002	0.225	0	0.0091
0.0154	0.0084	0.0178	-0.0662	-0.0279	0.4443	-0.879	0.1731	4	6	1	0	5	0.0032	0.125	0	0.01
0.0154	0.0394	0.0238	-0.0845	-0.0201	0.919	0.3249	0.2235	5	7	1	0	6	0.0031	0.15	0	0.01
0.0154	0.0208	0.0578	-0.0712	-0.0072	0.859	0.2793	0.4291	6	0	1	0	7	0.0023	0.175	0	0.01
0.0105	0.1114	-0.0941	-0.0109	-0.0659	-0.8914	-0.3457	0.2932	1	9	2	1	1	0.0012	0.4583	0	0.0105
0.0105	0.0024	-0.1895	-0.0542	-0.0383	-0.6708	-0.7229	0.1655	8	10	2	1	2	0.01	0.05	0	0.01
0.0105	0.0165	-0.191	-0.0559	-0.0379	-0.8339	0.5155	-0.1971	9	11	2	1	3	0.01	0.05	0	0.01
0.0105	0.0193	-0.2098	-0.0518	-0.0425	-0.6556	0.6311	0.4146	10	0	2	1	4	0.01	0.05	0	0.01
0.0139	0.1241	-0.083	-0.0026	-0.0513	-0.1016	-0.4994	0.8604	2	13	3	1	1	0.0055	0.5417	0	0.0139
0.0145	0.0105	-0.0876	-0.0757	0.0532	-0.5043	-0.5061	0.6997	12	14	3	1	2	0.0063	0.5625	0	0.0148
0.014	0.0642	-0.0929	-0.08	0.0568	0.2118	-0.9426	-0.2583	13	15	3	1	3	0.0017	0.375	0	0.0166
0.0099	0.0531	-0.0773	-0.1388	0.0453	0.3664	-0.9179	0.1523	14	16	3	1	4	0.0013	0.2917	0	0.0099
0.0124	0.0365	-0.0626	-0.1853	0.0552	-0.3454	-0.9013	0.2615	15	17	3	1	5	0.0013	0.25	0	0.0135
0.0081	0.0263	-0.0695	-0.2184	0.0721	-0.5113	-0.7741	0.3733	16	18	3	1	6	0.0048	0.4688	0	0.0064
0.0118	0.0335	-0.051	-0.2199	0.081	0.3987	-0.6458	0.6511	17	19	3	1	7	0.0059	0.3333	0	0.0162
0.0084	0.0267	-0.035	-0.2463	0.0862	0.9742	-0.1205	0.1906	18	20	3	1	8	0.01	0.05	0	0.01
0.0075	0.0414	-0.0287	-0.2267	0.1043	0.767	0.3634	0.5289	19	0	3	1	9	0.01	0.05	0	0.01
0.0104	0.0622	-0.1045	0.0499	-0.086	0.6069	-0.0017	0.7948	1	22	5	1	1	0.0037	0.5417	0	0.0104
0.0142	0.0499	-0.0664	0.0487	-0.0319	0.9899	0.1377	-0.0335	21	23	5	1	2	0.0015	0.5417	0	0.0153
0.0116	0.0646	-0.0102	0.0549	-0.0185	0.6866	0.6706	-0.2807	22	24	5	1	3	0.0012	0.4583	0	0.0116
0.0126	0.0338	0.0328	0.0994	-0.0321	0.5283	0.8459	-0.0736	23	25	5	1	4	0.0013	0.25	0	0.0144
0.0086	0.0103	0.0507	0.1159	-0.0268	0.8626	0.2747	0.4249	24	26	5	1	5	0.0052	0.5417	0	0.0074
0.0085	0.04	0.0695	0.1158	-0.0341	0.5039	-0.633	0.5877	25	27	5	1	6	0.0062	0.4167	0	0.006
0.0083	0.0383	0.0876	0.0898	-0.0059	0.7784	-0.5738	0.2546	26	28	5	1	7	0.0037	0.425	0	0.0069
0.01	0.0356	0.119	0.0761	-0.018	0.8553	-0.5011	-0.132	27	29	5	1	8	0.01	0.05	0	0.01
0.0109	0.043	0.1185	0.0739	0.0137	0.5925	-0.4246	0.6846	28	30	5	1	9	0.0009	0.3333	0	0.0113
0.013	0.0167	0.1446	0.0492	0.0434	0.8381	0.1083	0.5347	29	31	5	1	10	0.003	0.25	0	0.0183
0.0102	0.0501	0.1532	0.0423	0.0511	0.8452	-0.5314	0.0566	30	32	5	1	11	0.0012	0.375	0	0.0103
0.0094	0.0451	0.1926	0.0197	0.0646	0.6389	-0.6423	0.4233	31	33	5	1	12	0.0047	0.4	0	0.0094
0.0092	0.0399	0.2311	0.0007	0.0823	0.6604	-0.5833	0.4729	32	34	5	1	13	0.01	0.05	0	0.01
0.0108	0.011	0.2553	0.0056	0.0785	0.9426	0.2495	0.2217	33	35	5	1	14	0.0017	0.2917	0	0.0134
0.0086	0.0143	0.2566	0.0123	0.0841	0.3737	0.1149	0.9204	34	36	5	1	15	0.01	0.05	0	0.01
0.0084	0.0263	0.262	0.014	0.0973	0.1662	-0.9448	-0.2823	35	0	5	1	16	0.01	0.05	0	0.01
0.0105	0.0187	0.0238	-0.0363	-0.0219	0.2958	0.3495	0.889	4	38	13	1	1	0.0028	0.375	1	0.0105
0.0105	0.0777	0.0294	-0.0297	-0.0052	0.7007	0.5853	-0.4079	37	39	13	1	2	0.0028	0.375	0	0.0105
0.0091	0.0296	0.0763	0.0207	-0.0308	0.1062	0.8348	-0.5402	38	40	13	1	3	0.01	0.05	0	0.01
0.0074	0.0011	0.0958	0.0272	-0.0266	0.815	0.5587	-0.1539	39	41	13	1	4	0.01	0.05	0	0.01
0.0049	0.0178	0.0913	0.0292	-0.03	-0.476	0.1524	0.8662	40	0	13	1	5	0.0031	0.15	0	0.01
0.0092	0.0358	-0.1684	-0.0297	-0.0473	-0.1246	0.8622	-0.491	8	43	4	2	1	0.0027	0.5417	1	0.0092
0.0092	0.0623	-0.1729	0.0012	-0.0649	0.0558	-0.5171	0.8541	42	44	4	2	2	0.0027	0.5417	0	0.0092
0.0099	0.0495	-0.1558	-0.0276	-0.0139	0.1421	-0.878	-0.457	43	45	4	2	3	0.0039	0.25	0	0.0159
0.0098	0.0157	-0.1402	-0.0654	-0.0423	-0.3303	-0.373	-0.8671	44	46	4	2	4	0.0013	0.25	0	0.0109
0.0097	0.0135	-0.1448	-0.0678	-0.0528	0.9668	0.0581	-0.2488	45	47	4	2	5	0.01	0.05	0	0.01
0.0096	0.0275	-0.1317	-0.067	-0.0562	0.0465	0.233	-0.9714	46	48	4	2	6	0.01	0.05	0	0.01
0.0095	0.0224	-0.124	-0.0607	-0.0843	-0.0922	-0.9477	-0.3056	47	0	4	2	7	0.01	0.05	0	0.01
0.038	0.0282	-0.0784	-0.0333	-0.0196	0.9282	0.148	0.3415	12	50	38	2	1	0.0034	0.4583	0	0.038
0.038	0.0572	-0.0846	-0.0402	-0.014	0.0884	0.1012	-0.9909	49	51	38	2	2	0.0028	0.1042	0	0.01
0.038	0.0457	-0.0834	-0.0483	-0.0534	0.3771	-0.7612	-0.5277	50	0	38	2	3	0.0026	0.1042	0	0.01
0.0055	0.1143	-0.0972	0.0546	-0.0409	0.7956	0.473	-0.3786	22	0	8	2	1	0.0028	0.2917	0	0.0132
0.0045	0.1266	0.094	0.0796	-0.0175	0.3416	-0.9393	0.0317	28	54	23	2	1	0.0012	0.3333	0	0.0142
0.0025	0.012	0.145	-0.0315	-0.0155	0.6479	-0.7128	-0.2684	53	0	23	2	2	0.01	0.05	0	0.01
0.0167	0.0279	0.113	0.0684	-0.0203	-0.2912	-0.3394	-0.8944	28	56	26	2	1	0.0045	0.4167	0	0.0167
0.0167	0.0396	0.0995	0.0785	-0.0347	-0.6692	0.199	-0.7159	55	0	26	2	2	0.0022	0.14	0	0.01
0.0097	0.1153	0.1254	0.0635	0.0588	-0.0035	-0.3225	0.9466	31	58	34	2	1	0.0008	0.375	0	0.0096
0.0097	0.0295	0.1297	0.0217	0.1687	-0.1685	0.0076	0.9857	57	59	34	2	2	0.0013	0.375	0	0.0084
0.0097	0.0256	0.1215	0.0214	0.1968	-0.1909	-0.4843	0.8538	58	60	34	2	3	0.001	0.3333	0	0.0093
0.0097	0.0123	0.1129	0.0123	0.2151	-0.735	-0.1125	0.6687	59	0	34	2	4	0.0029	0.4167	0	0.0101
0.0105	0.0617	0.0588	0.1754	-0.0419	0.6503	-0.7582	0.0481	0	62	42	0	1	0.0029	0.5	0	0.0105
0.0105	0.0384	0.0883	0.129	-0.0429	-0.0953	-0.9805	0.1719	61	0	42	0	2	0.01	0.05	0	0.01
0.0043	0.0186	0.1055	0.0365	-0.0138	-0.7731	-0.3834	0.5054	53	64	44	3	1	0.0019	0.4167	1	0.0124
0.0043	0.0531	0.0954	0.0264	-0.0059	0.5786	0.5599	0.5931	63	65	44	3	2	0.0059	0.35	0	0.0124
0.0043	0.0098	0.1168	0.0497	0.0275	-0.1686	0.4948	0.8525	64	66	44	3	3	0.0032	0.175	0	0.01
0.0043	0.0298	0.1142	0.0533	0.0375	-0.7451	0.6654	0.0462	65	0	44	3	4	0.0033	0.175	0	0.01
0.0025	0.0203	0.1367	-0.0255	-0.0126	-0.6083	-0.4389	-0.6613	53	68	33	3	1	0.0094	0.225	0	0.0111
0.0025	0.0349	0.1206	-0.0322	-0.0306	-0.5935	-0.7979	0.1056	67	0	33	3	2	0.0066	0.125	0	0.0093
0.0025	0.0351	0.1297	-0.0068	0.2396	0.3379	-0.3499	-0.8737	57	70	37	3	1	0.01	0.05	0	0.01
0.0025	0.0212	0.1416	-0.0191	0.209	0.5724	-0.6884	-0.4455	69	0	37	3	2	0.01	0.05	0	0.01
