radius (m)	length (m)	start_point	axis_direction	parent	extension	branch	branch_order	position_in_branch	mad	SurfCov	added	UnmodRadius (m)
0.0088	0.0835	-0.3209	0.2918	-0.0476	0.8748	0.4431	0.1961	0	2	1	0	1	0.0017	0.3333	0	0.0088
0.0082	0.0173	-0.2452	0.3142	-0.0323	0.9822	0.1799	0.0538	1	3	1	0	2	0.0007	0.4167	0	0.0082
0.0096	0.0561	-0.2335	0.3052	-0.0342	0.8498	-0.4391	0.2917	2	4	1	0	3	0.001	0.3333	0	0.0096
0.0082	0.0272	-0.1911	0.2786	-0.0234	0.2136	-0.9661	0.1448	3	5	1	0	4	0.0007	0.3333	0	0.0069
0.0106	0.0132	-0.1802	0.2518	-0.0248	-0.3635	-0.8938	-0.2626	4	6	1	0	5	0.0009	0.25	0	0.0127
0.0093	0.0249	-0.1793	0.2437	-0.016	-0.1254	-0.9313	0.3419	5	7	1	0	6	0.0009	0.3333	0	0.0093
0.0089	0.0395	-0.1723	0.2199	-0.0155	0.0177	-0.9944	0.1038	6	8	1	0	7	0.0008	0.3333	0	0.0089
0.0082	0.0436	-0.171	0.1805	-0.0048	0.109	-0.9938	-0.0232	7	9	1	0	8	0.0035	0.375	0	0.0046
0.0098	0.0218	-0.1739	0.1436	0.0087	0.1603	-0.8671	0.4716	8	10	1	0	9	0.01	0.05	0	0.01
0.0103	0.0406	-0.1558	0.1446	-0.009	0.8664	-0.4874	0.1085	9	11	1	0	10	0.0008	0.4167	0	0.0107
0.0098	0.0175	-0.1276	0.1297	0.0098	0.8232	-0.2744	0.4971	10	12	1	0	11	0.01	0.05	0	0.01
0.0082	0.0202	-0.113	0.1325	0	0.9976	0.0591	0.0374	11	13	1	0	12	0.0005	0.3333	0	0.0043
0.0098	0.0024	-0.0926	0.1331	0.0019	0.9316	0.3544	0.081	12	14	1	0	13	0.01	0.05	0	0.01
0.0082	0.0393	-0.092	0.13	0.0087	0.6348	-0.723	-0.2727	13	15	1	0	14	0.001	0.2917	0	0.007
0.0107	0.0355	-0.0638	0.0931	-0.003	0.9174	0.3715	-0.1431	14	16	1	0	15	0.0009	0.2917	0	0.013
0.0098	0.0215	-0.0342	0.1067	0.0051	0.5584	0.824	0.096	15	17	1	0	16	0.01	0.05	0	0.01
0.0097	0.0494	-0.0233	0.115	0.0013	0.9929	-0.0467	-0.1094	16	18	1	0	17	0.001	0.375	0	0.0097
0.0098	0.0012	0.0256	0.1075	0.0032	0.9964	0.0539	0.0659	17	19	1	0	18	0.01	0.05	0	0.01
0.0106	0.0332	0.033	0.1066	-0.0037	0.1611	0.9869	0.0069	18	20	1	0	19	0.0024	0.175	0	0.0221
0.0109	0.0427	0.0331	0.1297	-0.013	0.1968	-0.7439	0.6386	19	21	1	0	20	0.0008	0.375	0	0.0156
0.0098	0.0236	0.0533	0.1016	-0.003	0.2405	-0.9698	-0.0405	20	22	1	0	21	0.01	0.05	0	0.01
0.0098	0.0178	0.052	0.0833	0.0063	-0.0272	-0.9191	0.3932	21	23	1	0	22	0.01	0.05	0	0.01
0.0098	0.019	0.0496	0.0925	0.0039	0.9698	-0.019	-0.2432	22	24	1	0	23	0.01	0.05	0	0.01
0.0098	0.0119	0.0686	0.092	0.0003	0.3242	0.9391	-0.1136	23	0	1	0	24	0.01	0.05	0	0.01
0.0061	0.032	-0.2876	0.2996	-0.0373	0.161	-0.9765	0.1432	1	26	2	1	1	0.0017	0.5	0	0.0061
0.0079	0.0362	-0.2876	0.2704	-0.0345	-0.4057	-0.8995	0.1619	25	27	2	1	2	0.0008	0.375	0	0.0079
0.0079	0.0163	-0.2999	0.2423	-0.0357	-0.5924	-0.5732	-0.5661	26	28	2	1	3	0.01	0.05	0	0.01
0.0061	0.0478	-0.3019	0.2422	-0.0327	0.7405	-0.6707	0.0421	27	29	2	1	4	0.0006	0.3333	0	0.0057
0.0061	0.0383	-0.2823	0.2075	-0.0266	0.2047	-0.9637	0.1713	28	30	2	1	5	0.005	0.3438	0	0.0053
0.0079	0.0235	-0.2825	0.1742	-0.0225	-0.4267	-0.8982	0.1052	29	31	2	1	6	0.01	0.05	0	0.01
0.0082	0.0271	-0.2664	0.1554	-0.0125	-0.058	-0.8784	0.4744	30	32	2	1	7	0.0008	0.375	0	0.0101
0.0079	0.0032	-0.2669	0.1309	-0.0104	0.4087	-0.9074	0.0978	31	33	2	1	8	0.01	0.05	0	0.01
0.0068	0.0489	-0.2731	0.1291	-0.0056	0.0294	-0.9625	0.2696	32	34	2	1	9	0.0009	0.2917	0	0.0068
0.0081	0.0445	-0.2654	0.0877	-0.001	0.6877	-0.7257	0.0172	33	35	2	1	10	0.0006	0.25	0	0.0085
0.0079	0.0308	-0.2316	0.0644	0.0026	0.9446	-0.3264	-0.0339	34	36	2	1	11	0.01	0.05	0	0.01
0.0061	0.047	-0.2307	0.0569	0.0071	-0.1015	-0.9929	-0.0622	35	37	2	1	12	0.0006	0.2917	0	0.0051
0.0079	0.0262	-0.2322	0.012	-0.0001	0.2242	-0.9469	-0.2304	36	38	2	1	13	0.01	0.05	0	0.01
0.008	0.0212	-0.2225	-0.0083	0.0047	0.9143	-0.3672	-0.1712	37	39	2	1	14	0.0027	0.225	0	0.0441
0.008	0.0146	-0.2058	-0.0264	-0.0058	0.9632	-0.2679	0.0192	38	40	2	1	15	0.0029	0.175	0	0.0183
0.0079	0.0104	-0.1951	-0.028	-0.0027	-0.2882	-0.8854	0.3648	39	41	2	1	16	0.01	0.05	0	0.01
0.0079	0.0919	-0.2006	-0.0421	0.008	0.6839	-0.689	-0.24	40	42	2	1	17	0.0005	0.375	0	0.0079
0.0079	0.0342	-0.1319	-0.0938	-0.0091	0.8986	-0.4375	-0.0332	41	43	2	1	18	0.01	0.05	0	0.01
0.0081	0.0292	-0.126	-0.115	-0.008	0.2554	-0.9414	0.2205	42	44	2	1	19	0.0026	0.225	0	0.0215
0.008	0.0362	-0.116	-0.1368	-0.0106	0.9419	0.0879	0.3241	43	45	2	1	20	0.004	0.2	0	0.0132
0.008	0.0264	-0.0813	-0.1399	-0.0002	0.7836	0.1979	-0.5889	44	46	2	1	21	0.0009	0.25	0	0.0129
0.0061	0.0365	-0.0616	-0.1348	-0.0088	0.6657	-0.7423	0.0769	45	47	2	1	22	0.001	0.2917	0	0.0054
0.0078	0.0209	-0.0366	-0.1595	-0.01	0.79	-0.5805	-0.1973	46	48	2	1	23	0.01	0.05	0	0.01
0.0081	0.0284	-0.0203	-0.1594	0.0012	0.987	-0.1186	0.1082	47	49	2	1	24	0.0007	0.375	0	0.0092
0.0078	0.0279	0.0065	-0.1585	-0.0036	0.9195	-0.2718	-0.284	48	50	2	1	25	0.01	0.05	0	0.01
0.0071	0.0266	0.0122	-0.1759	-0.0022	0.2773	-0.8939	-0.3522	49	51	2	1	26	0.001	0.2083	0	0.0071
0.008	0.0447	0.017	-0.2018	-0.0137	0.6539	-0.7557	-0.0381	50	52	2	1	27	0.0009	0.175	0	0.0197
0.0078	0.037	0.0459	-0.2361	-0.0095	0.7476	-0.6641	-0.011	51	53	2	1	28	0.01	0.05	0	0.01
0.008	0.0068	0.0776	-0.2558	-0.0117	0.785	-0.5944	0.1743	52	54	2	1	29	0.0006	0.2917	0	0.0112
0.0078	0.0209	0.078	-0.2658	-0.0072	0.7309	-0.6693	-0.1339	53	55	2	1	30	0.01	0.05	0	0.01
0.0081	0.0424	0.0895	-0.2683	-0.0113	0.8912	0.2489	-0.3793	54	56	2	1	31	0.0009	0.375	0	0.0085
0.0074	0.0363	0.1276	-0.2654	-0.0255	0.9953	0.0597	0.0768	55	57	2	1	32	0.0008	0.3333	0	0.0074
0.008	0.0252	0.1631	-0.2638	-0.024	0.8647	-0.4594	-0.2031	56	58	2	1	33	0.0007	0.2917	0	0.0086
0.0077	0.025	0.1864	-0.2753	-0.0242	0.8812	-0.3972	-0.2565	57	59	2	1	34	0.01	0.05	0	0.01
0.0077	0.0034	0.1927	-0.2924	-0.0235	0.4154	-0.9096	0.0054	58	0	2	1	35	0.01	0.05	0	0.01
0.0094	0.0447	-0.1929	0.2459	-0.0229	-0.6167	-0.7242	0.3085	5	61	3	1	1	0.0021	0.4583	0	0.0093
0.0095	0.0007	-0.2189	0.2165	-0.0173	-0.5043	-0.7739	-0.3831	60	62	3	1	2	0.01	0.05	0	0.01
0.0094	0.0207	-0.2192	0.216	-0.0175	0.4197	-0.7165	0.5572	61	63	3	1	3	0.01	0.05	0	0.01
0.0094	0.0215	-0.2105	0.2012	-0.006	0.4795	-0.8516	0.2119	62	0	3	1	4	0.01	0.05	0	0.01
0.0082	0.0465	-0.2228	0.3104	-0.033	0.976	0.085	0.2007	3	65	6	1	1	0.01	0.05	1	0.01
0.0082	0.0295	-0.1775	0.3143	-0.0237	0.9447	0.0872	0.3162	64	66	6	1	2	0.01	0.05	0	0.01
0.0062	0.0438	-0.1495	0.3172	-0.0131	0.7747	-0.6291	0.0641	65	67	6	1	3	0.0009	0.3333	0	0.0054
0.0082	0.0044	-0.1154	0.2927	-0.0179	0.7	-0.6669	-0.2554	66	68	6	1	4	0.01	0.05	0	0.01
0.0062	0.0287	-0.1111	0.2849	-0.014	0.7607	0.5479	0.3481	67	69	6	1	5	0.0008	0.5	0	0.0062
0.0086	0.046	-0.088	0.3044	-0.0138	0.9698	0.1605	0.1837	68	70	6	1	6	0.0008	0.3333	0	0.0111
0.0082	0.0382	-0.0467	0.3006	-0.0015	0.964	-0.2371	0.1208	69	71	6	1	7	0.0008	0.25	0	0.0083
0.0062	0.025	-0.0086	0.3011	0.0056	0.985	-0.1564	0.0724	70	72	6	1	8	0.0054	0.375	0	0.0055
0.0082	0.0237	0.0106	0.3022	0.0116	0.7338	0.2962	0.6115	71	73	6	1	9	0.01	0.05	0	0.01
0.008	0.0091	0.0325	0.2944	0.0119	0.9748	0.1112	0.1936	72	74	6	1	10	0.0009	0.375	0	0.008
0.0081	0.0012	0.0414	0.2978	0.0075	0.8914	0.4217	0.166	73	75	6	1	11	0.01	0.05	0	0.01
0.0081	0.0549	0.0438	0.2902	0.013	0.9917	0.0953	-0.0859	74	76	6	1	12	0.0009	0.2917	0	0.0081
0.0081	0.0286	0.0903	0.2913	0.0187	0.7946	0.0171	0.6069	75	77	6	1	13	0.01	0.05	0	0.01
0.0065	0.0304	0.1086	0.2995	0.0173	0.7884	0.6118	0.0643	76	78	6	1	14	0.0009	0.375	0	0.0065
0.008	0.0206	0.1307	0.3163	0.0255	0.6128	0.6882	0.3884	77	79	6	1	15	0.01	0.05	0	0.01
0.0062	0.0266	0.1448	0.3151	0.0254	0.9862	0.011	0.1654	78	80	6	1	16	0.0004	0.375	0	0.0059
0.0083	0.0564	0.1689	0.3097	0.023	0.9522	-0.3007	-0.054	79	81	6	1	17	0.0008	0.25	0	0.012
0.008	0.0244	0.223	0.2943	0.0227	0.9846	0.0469	-0.1684	80	82	6	1	18	0.01	0.05	0	0.01
0.0084	0.022	0.2385	0.2855	0.0262	0.8059	-0.5732	0.1479	81	83	6	1	19	0.0009	0.2	0	0.0167
0.0079	0.0095	0.2567	0.2798	0.0318	0.9858	-0.0185	-0.1667	82	84	6	1	20	0.01	0.05	0	0.01
0.0085	0.0426	0.2738	0.2753	0.0385	-0.3128	-0.9282	-0.2014	83	85	6	1	21	0.0007	0.375	0	0.0121
0.008	0.0274	0.2612	0.237	0.0348	-0.582	-0.7605	0.2882	84	86	6	1	22	0.0009	0.2917	0	0.0084
0.0078	0.0042	0.2485	0.2281	0.0435	-0.8484	0.1992	0.4904	85	87	6	1	23	0.01	0.05	0	0.01
0.0078	0.0533	0.2342	0.2242	0.0423	0.4387	-0.8831	-0.1664	86	88	6	1	24	0.0014	0.3333	0	0.0079
0.0078	0.0269	0.2549	0.177	0.0307	0.451	-0.805	-0.3856	87	89	6	1	25	0.01	0.05	0	0.01
0.0062	0.0237	0.2717	0.1608	0.0159	0.4499	-0.7678	-0.4561	88	90	6	1	26	0.0009	0.3333	0	0.0062
0.0077	0.0274	0.282	0.1446	0.0023	0.2848	-0.7592	-0.5852	89	91	6	1	27	0.01	0.05	0	0.01
0.0064	0.0345	0.2857	0.1471	0.0086	0.9866	0.0155	0.1626	90	92	6	1	28	0.0009	0.4583	0	0.0064
0.0076	0.0278	0.32	0.1475	0.0127	0.9492	-0.2304	0.2142	91	93	6	1	29	0.01	0.05	0	0.01
0.0079	0.0338	0.3441	0.1365	0.0183	0.8992	-0.4365	0.0294	92	94	6	1	30	0.0007	0.2917	0	0.0086
0.0075	0.0081	0.3742	0.1413	0.0108	0.9998	0.0193	0.0092	93	95	6	1	31	0.01	0.05	0	0.01
0.0075	0.0228	0.3895	0.1382	0.0099	0.3463	0.8614	-0.3716	94	96	6	1	32	0.01	0.05	0	0.01
0.0071	0.0023	0.3968	0.1506	0.0217	0.6981	0.6687	0.256	95	97	6	1	33	0.0006	0.25	0	0.0071
0.0074	0.0068	0.3932	0.1529	0.0236	0.0799	-0.6906	0.7188	96	0	6	1	34	0.01	0.05	0	0.01
0.0084	0.0351	-0.1799	0.1968	-0.0093	-0.3034	-0.9203	0.2468	7	99	8	1	1	0.0018	0.4167	1	0.0091
0.0084	0.035	-0.1905	0.1644	-0.0006	-0.016	-0.9858	-0.167	98	100	8	1	2	0.0018	0.4167	0	0.0091
0.0083	0.004	-0.1902	0.1367	-0.0096	0.3751	-0.4321	-0.8201	99	101	8	1	3	0.01	0.05	0	0.01
0.0079	0.0579	-0.1913	0.1359	-0.0077	-0.0655	-0.9884	0.137	100	102	8	1	4	0.0008	0.5	0	0.0079
0.0081	0.0327	-0.1843	0.0879	0.0084	0.4236	-0.8242	0.3758	101	103	8	1	5	0.01	0.05	0	0.01
0.0079	0.035	-0.1845	0.0618	-0	0.1221	-0.9848	-0.1238	102	104	8	1	6	0.01	0.05	0	0.01
0.0079	0.0126	-0.1858	0.0397	0.018	0.0642	-0.8665	0.4951	103	0	8	1	7	0.01	0.05	0	0.01
0.0092	0.0425	-0.152	0.1372	-0.0049	-0.0024	-1	-0.0081	10	106	18	1	1	0.0013	0.175	0	0.0212
0.009	0.0349	-0.1443	0.0959	0.0097	0.3605	-0.9259	-0.113	105	107	18	1	2	0.0017	0.15	0	0.0573
0.009	0.0093	-0.1355	0.0693	0.0001	0.8939	0.387	-0.2262	106	108	18	1	3	0.01	0.05	0	0.01
0.007	0.0565	-0.1272	0.0677	-0.0058	0.9592	-0.1726	0.224	107	109	18	1	4	0.0006	0.2917	0	0.0052
0.0089	0.0248	-0.0741	0.0632	0.0075	0.9755	0.1829	0.1219	108	110	18	1	5	0.01	0.05	0	0.01
0.0078	0.0392	-0.0649	0.0621	0.0086	0.3565	-0.7635	-0.5385	109	111	18	1	6	0.0008	0.3333	0	0.0078
0.007	0.0386	-0.0522	0.0305	-0.0022	-0.3485	-0.9181	-0.1888	110	112	18	1	7	0.0007	0.2917	0	0.0067
0.0088	0.0272	-0.0702	-0.0021	-0.003	-0.4161	-0.9043	0.0955	111	113	18	1	8	0.01	0.05	0	0.01
0.0084	0.0277	-0.0651	-0.0197	-0.0063	0.4488	-0.8699	0.2046	112	114	18	1	9	0.0011	0.4167	0	0.0084
0.0086	0.0344	-0.0521	-0.0429	-0.0054	0.6761	-0.7343	-0.0609	113	115	18	1	10	0.01	0.05	0	0.01
0.0075	0.0202	-0.0306	-0.0682	-0.0134	0.7495	-0.6265	-0.2138	114	116	18	1	11	0.0009	0.4167	0	0.0075
0.0087	0.0279	-0.0182	-0.0737	-0.0109	0.9302	0.0058	0.367	115	117	18	1	12	0.0008	0.3333	0	0.0091
0.0083	0.0239	0.0045	-0.0787	0.0033	0.667	0.152	0.7294	116	118	18	1	13	0.01	0.05	0	0.01
0.007	0.0328	0.0172	-0.0851	0.0078	0.9673	-0.2484	-0.051	117	119	18	1	14	0.0005	0.4583	0	0.007
0.0081	0.0002	0.0463	-0.0971	0.0101	0.8978	-0.2546	0.3593	118	120	18	1	15	0.01	0.05	0	0.01
0.0076	0.0513	0.0469	-0.0932	0.0065	0.9947	-0.1028	0.0078	119	121	18	1	16	0.0011	0.375	0	0.0076
0.0079	0.0284	0.0985	-0.0978	0.0088	0.9401	-0.287	-0.1841	120	122	18	1	17	0.01	0.05	0	0.01
0.0078	0.0016	0.1142	-0.1163	0.0042	0.6665	-0.7214	-0.1879	121	123	18	1	18	0.01	0.05	0	0.01
0.0077	0.0163	0.1153	-0.1175	0.0039	-0.2953	-0.7818	-0.5492	122	0	18	1	19	0.01	0.05	0	0.01
0.0078	0.0444	-0.0928	0.1255	0.0014	-0.6976	-0.7111	-0.0878	12	125	19	1	1	0.0021	0.5417	0	0.0084
0.0078	0.0144	-0.1243	0.0996	0.0014	0.9927	0.1135	-0.0405	124	126	19	1	2	0.01	0.05	0	0.01
0.0078	0.0193	-0.11	0.1012	0.0008	0.7161	-0.698	-0.0052	125	127	19	1	3	0.01	0.05	0	0.01
0.0078	0.0195	-0.0961	0.0877	0.0007	0.1703	-0.9333	-0.3162	126	0	19	1	4	0.01	0.05	0	0.01
0.0101	0.0478	-0.004	0.1199	-0.0087	-0.1277	0.9406	0.3147	17	129	22	1	1	0.0024	0.4167	0	0.0101
0.0101	0.0044	-0.0133	0.1674	-0.003	-0.7017	0.5901	0.3993	128	130	22	1	2	0.01	0.05	0	0.01
0.0101	0.0467	-0.0152	0.1692	0.0005	-0.5406	-0.8413	-0.0069	129	131	22	1	3	0.001	0.3333	0	0.0061
0.0101	0.0203	-0.0403	0.1353	-0.0087	-0.3467	-0.7983	-0.4924	130	132	22	1	4	0.01	0.05	0	0.01
0.0101	0.0042	-0.0457	0.1192	-0.005	-0.3347	-0.9412	0.0472	131	0	22	1	5	0.01	0.05	0	0.01
0.0093	0.0189	0.0619	0.1001	0.0069	0.8312	0.5188	0.2	23	134	39	1	1	0.01	0.05	1	0.01
0.0087	0.0175	0.0776	0.1099	0.0106	-0.4066	0.7486	-0.5237	133	135	39	1	2	0.01	0.05	0	0.01
0.0074	0.0086	0.0685	0.1258	0.0001	0.7084	0.6509	0.2728	134	136	39	1	3	0.01	0.05	0	0.01
0.0058	0.0128	0.0745	0.1279	0.001	0.8378	-0.2174	0.5008	135	137	39	1	4	0.01	0.05	0	0.01
0.0039	0.0119	0.0842	0.1259	0.0099	0.7428	0.6671	0.0577	136	0	39	1	5	0.0013	0.125	0	0.01
0.0091	0.0353	0.0683	0.083	0.0028	0.09	-0.935	0.3431	23	139	40	1	1	0.01	0.05	1	0.01
0.0091	0.011	0.0715	0.05	0.0149	0.2701	-0.2267	0.9358	138	140	40	1	2	0.01	0.05	0	0.01
0.0092	0.0292	0.0746	0.0476	0.0145	0.2373	-0.9714	-0.0109	139	141	40	1	3	0.0009	0.25	0	0.0101
0.0091	0.0056	0.0737	0.0233	0.013	0.0126	-0.241	-0.9704	140	142	40	1	4	0.01	0.05	0	0.01
0.0068	0.0625	0.0776	0.0234	0.0066	0.3944	-0.8907	0.2261	141	143	40	1	5	0.0008	0.4167	0	0.0066
0.009	0.0276	0.0963	-0.0306	0.0245	0.0762	-0.8665	0.4933	142	144	40	1	6	0.01	0.05	0	0.01
0.0067	0.0451	0.1064	-0.0384	0.0209	0.8605	-0.5037	-0.0765	143	145	40	1	7	0.0005	0.3333	0	0.0054
0.0089	0.0299	0.1448	-0.0608	0.0137	0.9295	-0.3542	-0.1025	144	146	40	1	8	0.01	0.05	0	0.01
0.009	0.0081	0.1367	-0.0793	0.0057	0.2485	-0.8667	-0.4326	145	147	40	1	9	0.0009	0.3333	0	0.0131
0.0088	0.0169	0.1253	-0.0881	0.0082	-0.255	-0.6029	-0.7559	146	148	40	1	10	0.01	0.05	0	0.01
0.0089	0.0629	0.1269	-0.0909	0.0028	0.8091	-0.585	-0.0561	147	149	40	1	11	0.0009	0.3333	0	0.0096
0.0088	0.0295	0.1765	-0.1293	-0.0037	0.8022	-0.5955	-0.0429	148	150	40	1	12	0.0007	0.3333	0	0.0092
0.0085	0.0142	0.2014	-0.1386	0.0047	0.8874	-0.4	0.2291	149	151	40	1	13	0.01	0.05	0	0.01
0.0077	0.0409	0.202	-0.1485	-0.0052	0.4674	-0.8718	-0.1465	150	152	40	1	14	0.001	0.4583	0	0.0077
0.0083	0.0218	0.2173	-0.185	-0.0099	0.2571	-0.9657	0.0372	151	153	40	1	15	0.01	0.05	0	0.01
0.0087	0.0103	0.2305	-0.2049	-0.0092	0.159	-0.9735	0.1645	152	154	40	1	16	0.005	0.25	0	0.0141
0.008	0.0072	0.236	-0.2011	-0.0104	0.8227	-0.1186	0.5559	153	155	40	1	17	0.01	0.05	0	0.01
0.008	0.0165	0.242	-0.202	-0.0064	-0.1002	-0.8683	-0.4858	154	156	40	1	18	0.01	0.05	0	0.01
0.0079	0.0355	0.2403	-0.2163	-0.0144	0.0893	-0.9852	-0.1462	155	0	40	1	19	0.01	0.05	0	0.01
0.008	0.0514	-0.2922	0.2388	-0.0324	0.8486	-0.3858	0.3621	27	158	7	2	1	0.0023	0.4583	1	0.008
0.008	0.0539	-0.2486	0.219	-0.0138	0.4253	-0.8923	0.1515	157	159	7	2	2	0.0023	0.4583	0	0.008
0.008	0.0311	-0.2183	0.1816	-0.0015	0.5971	-0.6106	0.5203	158	160	7	2	3	0.01	0.05	0	0.01
0.008	0.0011	-0.2169	0.1542	-0.0038	0.4036	-0.9138	0.0448	159	161	7	2	4	0.0007	0.3333	0	0.0068
0.008	0.0135	-0.2165	0.1536	-0.0122	0.0668	-0.9964	-0.0519	160	162	7	2	5	0.01	0.05	0	0.01
0.008	0.0022	-0.216	0.1448	-0.0119	0.1171	0.222	-0.968	161	0	7	2	6	0.01	0.05	0	0.01
0.0078	0.0378	-0.2876	0.1524	-0.0138	-0.5427	-0.8399	0.0072	30	164	10	2	1	0.0019	0.4167	0	0.0078
0.0078	0.0243	-0.3047	0.1193	-0.0117	-0.2793	-0.9472	-0.1572	163	165	10	2	2	0.0009	0.3333	0	0.0098
0.0078	0.0241	-0.311	0.0953	-0.0105	0.1234	-0.9718	-0.201	164	166	10	2	3	0.01	0.05	0	0.01
0.0078	0.0303	-0.2993	0.0758	-0.0069	0.3879	-0.9214	0.0256	165	167	10	2	4	0.0009	0.3333	0	0.0047
0.0078	0.0312	-0.2845	0.05	-0.009	0.5199	-0.8517	-0.0659	166	168	10	2	5	0.01	0.05	0	0.01
0.0078	0.0201	-0.2844	0.0513	-0.009	-0.8447	-0.5002	0.1904	167	169	10	2	6	0.01	0.05	0	0.01
0.0078	0.0175	-0.3016	0.0394	-0.0062	-0.9264	-0.0753	0.369	168	0	10	2	7	0.01	0.05	0	0.01
0.0075	0.0654	-0.2453	0.0353	0.0031	-0.7248	-0.6814	-0.1024	37	171	26	2	1	0.001	0.2917	0	0.0122
0.0072	0.0342	-0.279	-0.0143	-0.0065	-0.3458	-0.9375	-0.0393	170	172	26	2	2	0.001	0.25	0	0.0072
0.0075	0.0228	-0.292	-0.047	-0.0108	-0.2455	-0.9212	0.3017	171	173	26	2	3	0.001	0.25	0	0.01
0.0074	0.0576	-0.2849	-0.0695	-0.0076	-0.1213	-0.9925	0.0125	172	174	26	2	4	0.0052	0.3	0	0.009
0.007	0.036	-0.2984	-0.1277	-0.0111	0.1099	-0.9924	0.0546	173	175	26	2	5	0.0034	0.325	0	0.005
0.007	0.004	-0.3142	-0.1581	-0.0015	-0.2138	-0.9697	0.1181	174	176	26	2	6	0.0053	0.4167	0	0.007
0.007	0.0186	-0.3149	-0.162	0.0021	-0.8702	-0.4897	0.0534	175	177	26	2	7	0.01	0.05	0	0.01
0.007	0.0322	-0.3292	-0.1546	0.0017	-0.971	0.1243	0.2043	176	0	26	2	8	0.0011	0.375	0	0.0064
0.0063	0.0551	-0.2264	0.0151	-0.0046	0.8775	0.4173	0.2362	37	179	27	2	1	0.0022	0.5833	0	0.0062
0.0075	0.0003	-0.1805	0.0415	0.0066	0.6942	0.6507	0.3076	178	180	27	2	2	0.01	0.05	0	0.01
0.0075	0.0229	-0.1803	0.0417	0.0067	0.8119	0.5652	-0.1462	179	181	27	2	3	0.01	0.05	0	0.01
0.0075	0.0074	-0.1617	0.0547	0.0034	0.0787	0.9948	-0.0644	180	0	27	2	4	0.01	0.05	0	0.01
0.0058	0.0745	-0.1169	-0.1449	-0.0109	-0.2921	-0.9513	-0.0987	44	183	54	2	1	0.0007	0.25	1	0.0053
0.0058	0.0361	-0.1386	-0.2158	-0.0182	-0.5329	-0.7714	0.3479	182	184	54	2	2	0.0007	0.25	0	0.0053
0.0071	0.0583	-0.155	-0.2177	-0.0177	-0.975	0.1722	0.1406	183	185	54	2	3	0.0078	0.1875	0	0.0081
0.0058	0.0319	-0.2139	-0.2108	-0.0078	-0.8557	0.5167	-0.0275	184	186	54	2	4	0.0037	0.3542	0	0.0048
0.0071	0.0456	-0.2449	-0.2053	-0.0054	-0.9494	0.2953	-0.1069	185	187	54	2	5	0.005	0.225	0	0.0082
0.0069	0.0283	-0.2775	-0.1737	-0.0152	-0.8686	0.464	-0.1737	186	188	54	2	6	0.01	0.05	0	0.01
0.0071	0.0405	-0.284	-0.2017	0.0057	-0.1807	-0.5776	-0.7961	187	189	54	2	7	0.0166	0.2	0	0.0341
0.0068	0.0112	-0.3015	-0.2245	-0.0092	-0.2764	-0.9527	-0.1261	188	190	54	2	8	0.01	0.05	0	0.01
0.0058	0.0407	-0.3036	-0.2357	-0.0089	-0.0786	-0.949	-0.3053	189	191	54	2	9	0.0005	0.3333	0	0.0042
0.0068	0.0004	-0.3051	-0.2734	-0.0166	0.1487	-0.9806	0.1278	190	192	54	2	10	0.01	0.05	0	0.01
0.0058	0.0561	-0.2988	-0.2747	-0.019	-0.0815	-0.9835	0.1615	191	193	54	2	11	0.0007	0.4167	0	0.0058
0.0067	0.0273	-0.297	-0.327	-0.0076	0.2942	-0.9015	0.3174	192	194	54	2	12	0.01	0.05	0	0.01
0.0073	0.0069	-0.313	-0.343	-0.0137	-0.3619	-0.931	0.0472	193	195	54	2	13	0.0008	0.4583	0	0.0096
0.0067	0.042	-0.3147	-0.3496	-0.0117	-0.0776	-0.996	-0.0432	194	196	54	2	14	0.0006	0.3333	0	0.0069
0.0066	0.0165	-0.3115	-0.3886	-0.0153	0.2641	-0.8719	-0.4124	195	197	54	2	15	0.01	0.05	0	0.01
0.0066	0.0045	-0.3126	-0.3922	-0.0097	0.7091	-0.3457	0.6146	196	0	54	2	16	0.01	0.05	0	0.01
0.0079	0.0676	-0.0429	-0.1465	-0.0075	0.8079	0.5602	0.1831	46	199	63	2	1	0.0023	0.4583	0	0.0079
0.0079	0.0458	0.0109	-0.1347	0.0023	0.9644	-0.0579	0.258	198	200	63	2	2	0.0075	0.2292	0	0.0078
0.0079	0.0249	0.0569	-0.1335	0.0148	0.8717	-0.4481	0.1985	199	201	63	2	3	0.01	0.05	0	0.01
0.0079	0.0113	0.0707	-0.1266	0.0086	0.9286	0.3666	-0.058	200	202	63	2	4	0.0022	0.275	0	0.0157
0.0079	0.0062	0.0784	-0.1233	0.0145	0.5657	0.7502	0.3423	201	203	63	2	5	0.01	0.05	0	0.01
0.0079	0.0191	0.0819	-0.1187	0.0166	0.3489	0.8818	-0.3173	202	0	63	2	6	0.01	0.05	0	0.01
0.0057	0.0582	0.0785	-0.2762	-0.011	-0.896	-0.3926	-0.2074	54	205	98	2	1	0.0011	0.4167	0	0.0057
0.0071	0.0232	0.0282	-0.2923	-0.0304	-0.8154	-0.3065	-0.4912	204	206	98	2	2	0.01	0.05	0	0.01
0.0072	0.0164	0.0183	-0.2865	-0.0198	-0.9322	0.2943	0.2107	205	207	98	2	3	0.0023	0.25	0	0.0123
0.007	0.0201	0.0094	-0.2743	-0.0128	-0.753	0.4116	0.5135	206	208	98	2	4	0.01	0.05	0	0.01
0.0071	0.0016	-0.0138	-0.2698	-0.0083	-0.6501	0.5028	0.5697	207	209	98	2	5	0.0045	0.25	0	0.0176
0.0059	0.0541	-0.0129	-0.2728	-0.0213	-0.6388	-0.7603	0.1181	208	210	98	2	6	0.0005	0.4583	0	0.0059
0.0068	0.0351	-0.0467	-0.3137	-0.0119	-0.6403	-0.7414	0.201	209	211	98	2	7	0.01	0.05	0	0.01
0.0067	0.041	-0.0701	-0.3389	-0.0114	-0.658	-0.753	-0.0088	210	212	98	2	8	0.0007	0.3333	0	0.0067
0.0065	0.0252	-0.0952	-0.3683	-0.0023	-0.4817	-0.8476	0.2227	211	213	98	2	9	0.01	0.05	0	0.01
0.0063	0.0043	-0.1134	-0.3811	-0.0137	-0.6624	-0.7365	-0.1369	212	214	98	2	10	0.01	0.05	0	0.01
0.0061	0.0325	-0.1163	-0.3843	-0.0143	-0.9505	0.2996	-0.0829	213	0	98	2	11	0.01	0.05	0	0.01
0.0072	0.0288	-0.1732	0.309	-0.0162	0.0042	-0.9905	-0.1377	65	216	108	2	1	0.0007	0.375	0	0.0043
0.0072	0.0364	-0.1664	0.2842	-0.0208	0.489	-0.872	-0.0214	215	217	108	2	2	0.0009	0.4583	0	0.0072
0.0075	0.001	-0.1549	0.2503	-0.021	0.3276	-0.8485	0.4156	216	218	108	2	3	0.01	0.05	0	0.01
0.0074	0.0058	-0.1527	0.249	-0.0152	-0.5034	-0.8593	0.0905	217	219	108	2	4	0.01	0.05	0	0.01
0.0073	0.0098	-0.1561	0.2434	-0.015	0.2738	-0.7017	0.6578	218	0	108	2	5	0.01	0.05	0	0.01
0.0078	0.066	-0.1145	0.2836	-0.0139	0.3245	-0.9449	0.0432	67	221	14	2	1	0.01	0.05	0	0.01
0.0078	0.0574	-0.0979	0.2113	-0.0154	0.8354	-0.5036	0.22	220	222	14	2	2	0.0006	0.2917	0	0.0121
0.0078	0.0067	-0.053	0.1929	0.0014	0.9605	0.209	0.1838	221	223	14	2	3	0.01	0.05	0	0.01
0.0078	0.0253	-0.0392	0.1987	0.013	0.7455	0.2253	-0.6273	222	224	14	2	4	0.0011	0.25	0	0.0149
0.0074	0.0338	-0.0205	0.199	-0.0064	0.9874	-0.1043	0.1191	223	225	14	2	5	0.0037	0.5	0	0.0074
0.0074	0.0395	0.0131	0.195	-0.0008	0.9631	0.2654	-0.0437	224	226	14	2	6	0.004	0.3438	0	0.0067
0.0077	0.0329	0.0348	0.22	0.003	0.6842	0.7113	0.1606	225	227	14	2	7	0.01	0.05	0	0.01
0.0074	0.0344	0.0479	0.205	0.006	0.9663	-0.2419	0.088	226	228	14	2	8	0.0006	0.375	0	0.0073
0.0074	0.0475	0.0808	0.1966	0.0114	0.9904	-0.0569	0.1263	227	229	14	2	9	0.0005	0.2917	0	0.0062
0.0074	0.0426	0.1262	0.1833	0.0124	0.9856	-0.1682	0.0172	228	230	14	2	10	0.0048	0.35	0	0.0054
0.0077	0.0452	0.1633	0.1696	0.0118	0.8048	-0.5907	-0.0582	229	231	14	2	11	0.0021	0.275	0	0.0078
0.0076	0.0345	0.2062	0.154	0.009	0.8618	-0.5051	-0.046	230	232	14	2	12	0.0049	0.325	0	0.009
0.0075	0.0266	0.2307	0.131	-0.0023	0.8985	-0.3183	-0.3022	231	233	14	2	13	0.01	0.05	0	0.01
0.0074	0.0409	0.2538	0.1368	0.0091	0.9956	-0.0488	0.0799	232	0	14	2	14	0.01	0.05	0	0.01
0.0078	0.0214	-0.0488	0.2928	-0.0002	-0.4119	-0.9041	0.114	70	235	15	2	1	0.002	0.375	0	0.0097
0.0065	0.0534	-0.0564	0.2768	-0.0051	0.9773	-0.2028	0.0609	234	236	15	2	2	0.0006	0.2917	0	0.0065
0.0057	0.0352	-0.0033	0.27	-0.0026	0.9733	-0.226	0.0395	235	237	15	2	3	0.01	0.05	0	0.01
0.0045	0.0167	0.0222	0.2659	0.0133	0.8423	-0.0812	0.5328	236	238	15	2	4	0.0021	0.175	0	0.01
0.0036	0.0165	0.0346	0.2556	0.0104	0.9054	-0.3898	0.1685	237	0	15	2	5	0.0022	0.175	0	0.01
0.0048	0.0478	0.078	0.2868	0.0055	-0.3026	-0.947	-0.1078	75	240	17	2	1	0.001	0.375	0	0.0048
0.0056	0.0097	0.063	0.2417	0.0007	-0.4855	-0.8459	-0.2209	239	241	17	2	2	0.01	0.05	0	0.01
0.0051	0.0057	0.0638	0.2368	0.0043	-0.1235	-0.7986	0.5891	240	242	17	2	3	0.01	0.05	0	0.01
0.0043	0.0176	0.063	0.2314	0.0095	0.637	-0.694	-0.3355	241	243	17	2	4	0.0018	0.15	0	0.01
0.0036	0.0049	0.076	0.2186	0.0035	-0.1118	-0.29	-0.9505	242	0	17	2	5	0.0003	0.15	0	0.01
0.0079	0.0911	0.2525	0.2704	0.0365	-0.9999	-0.0031	-0.0108	82	245	33	2	1	0.001	0.4583	0	0.0099
0.0079	0.0494	0.1599	0.2615	0.0279	-0.9371	0.3116	-0.1573	244	246	33	2	2	0.0007	0.25	0	0.0067
0.0079	0.0027	0.1125	0.2729	0.0193	-0.9455	0.2967	-0.1345	245	247	33	2	3	0.01	0.05	0	0.01
0.0079	0.0086	0.1098	0.2736	0.0188	-0.017	0.7904	-0.6124	246	0	33	2	4	0.01	0.05	0	0.01
0.0048	0.0519	0.2528	0.2855	0.027	0.9982	0.0032	0.0596	82	249	37	2	1	0.0027	0.4063	1	0.0048
0.0048	0.0679	0.3046	0.2857	0.0301	0.6265	-0.7711	-0.1137	248	250	37	2	2	0.0027	0.4063	0	0.0048
0.0064	0.0226	0.3504	0.2361	0.0246	0.6172	-0.783	0.077	249	251	37	2	3	0.01	0.05	0	0.01
0.0069	0.0343	0.3457	0.2206	0.0227	-0.0519	-0.9506	-0.306	250	252	37	2	4	0.0029	0.25	0	0.0128
0.0063	0.026	0.3369	0.1882	0.0183	-0.1011	-0.992	-0.0753	251	253	37	2	5	0.01	0.05	0	0.01
0.0071	0.0301	0.3365	0.1909	0.027	0.9818	-0.0056	-0.1898	252	254	37	2	6	0.0009	0.375	0	0.0088
0.0061	0.0095	0.3638	0.1913	0.0207	0.234	0.9675	-0.0955	253	255	37	2	7	0.01	0.05	0	0.01
0.0061	0.0109	0.367	0.1999	0.0239	0.948	0.2429	-0.2058	254	256	37	2	8	0.01	0.05	0	0.01
0.006	0.0118	0.3777	0.2042	0.0218	0.8109	-0.2036	0.5486	255	0	37	2	9	0.01	0.05	0	0.01
0.0074	0.0379	0.2335	0.2109	0.0361	-0.9351	-0.1394	-0.3257	87	258	38	2	1	0.002	0.3333	0	0.0121
0.0067	0.0061	0.1964	0.2079	0.0338	-0.7309	-0.6817	0.0316	257	259	38	2	2	0.01	0.05	0	0.01
0.0061	0.0113	0.1945	0.203	0.0314	-0.2317	-0.9716	0.0486	258	260	38	2	3	0.01	0.05	0	0.01
0.0049	0.0275	0.1953	0.1938	0.0308	0.1963	-0.7671	-0.6108	259	261	38	2	4	0.0008	0.125	0	0.01
0.0034	0.0128	0.198	0.1733	0.0148	-0.3345	-0.6211	-0.7087	260	0	38	2	5	0.0023	0.125	0	0.01
0.006	0.0774	0.2861	0.1531	0.0065	0.9846	0.0651	0.1621	91	263	57	2	1	0.0014	0.4167	0	0.0065
0.0058	0.0321	0.3622	0.1572	0.0211	0.8149	0.5099	0.2757	262	264	57	2	2	0.0023	0.5833	0	0.0057
0.006	0.0228	0.3904	0.165	0.0275	0.9108	0.0918	0.4025	263	265	57	2	3	0.01	0.05	0	0.01
0.006	0.0261	0.3913	0.1809	0.0347	0.471	0.7467	0.4697	264	0	57	2	4	0.01	0.05	0	0.01
0.0059	0.0555	-0.0709	0.0548	0.0079	-0.2898	-0.9464	-0.1423	109	267	34	2	1	0.0015	0.4167	0	0.0059
0.007	0.0286	-0.0902	0.0048	-0.0041	-0.36	-0.8919	-0.2737	266	268	34	2	2	0.01	0.05	0	0.01
0.0059	0.0338	-0.1101	-0.0028	-0.0046	-0.895	-0.4122	-0.1704	267	269	34	2	3	0.0003	0.375	0	0.004
0.0069	0.0018	-0.1411	-0.0141	-0.0095	-0.9667	-0.2524	-0.0431	268	270	34	2	4	0.01	0.05	0	0.01
0.0073	0.042	-0.1299	-0.0237	-0.0027	-0.4706	-0.8473	-0.2461	269	271	34	2	5	0.0035	0.2	0	0.0265
0.0067	0.0188	-0.1498	-0.0575	-0.0159	-0.803	-0.5297	-0.2732	270	272	34	2	6	0.01	0.05	0	0.01
0.0066	0.0156	-0.1595	-0.0517	-0.0129	-0.9572	0.2552	0.1367	271	0	34	2	7	0.01	0.05	0	0.01
0.0073	0.0524	-0.0559	0.0163	0.002	0.9793	-0.1601	-0.1242	111	274	35	2	1	0.0009	0.4167	0	0.0073
0.0073	0.0019	-0.0079	0.0148	-0.0054	0.8979	0.4367	-0.0554	273	275	35	2	2	0.01	0.05	0	0.01
0.0073	0.0464	-0.0027	0.0175	-0.011	0.853	-0.2676	0.4481	274	276	35	2	3	0.0006	0.3333	0	0.0067
0.0073	0.016	0.0354	0.0038	0.01	0.643	-0.6308	0.4342	275	277	35	2	4	0.01	0.05	0	0.01
0.0073	0.0309	0.0412	-0.005	0.0021	0.2021	-0.9689	-0.1428	276	278	35	2	5	0.0009	0.2917	0	0.0084
0.0073	0.0023	0.0532	-0.0257	0.0039	0.4005	-0.6709	0.6241	277	279	35	2	6	0.01	0.05	0	0.01
0.0073	0.0222	0.0541	-0.0273	0.0053	-0.4589	-0.872	-0.1705	278	280	35	2	7	0.01	0.05	0	0.01
0.0073	0.0281	0.0439	-0.0466	0.0015	0.5737	-0.8137	0.0938	279	0	35	2	8	0.01	0.05	0	0.01
0.0067	0.0252	0.0674	0.0389	0.0129	-0.8299	0.3622	-0.4243	140	282	45	2	1	0.0016	0.4167	0	0.01
0.0067	0.0504	0.0453	0.0514	0.0054	-0.9679	-0.2114	-0.1359	281	283	45	2	2	0.0023	0.4063	0	0.0067
0.0067	0.0012	-0.0025	0.0406	-0.0041	-0.9186	-0.2167	-0.3306	282	0	45	2	3	0.0022	0.25	0	0.008
0.0086	0.0473	0.0782	0.0725	0.0047	0.8349	0.5494	-0.034	138	285	109	2	1	0.0022	0.4167	0	0.0086
0.0082	0.0351	0.1182	0.0942	0.0039	0.9944	0.0926	-0.0518	284	286	109	2	2	0.0006	0.2917	0	0.0069
0.0086	0.039	0.1394	0.0711	0.0044	0.8818	-0.448	0.1476	285	287	109	2	3	0.0106	0.275	0	0.0096
0.0086	0.0259	0.1676	0.0524	-0.0011	0.412	-0.9032	-0.1208	286	288	109	2	4	0.01	0.05	0	0.01
0.0082	0.0141	0.1802	0.0418	0.0129	0.6927	-0.6123	0.3812	287	289	109	2	5	0.0009	0.375	0	0.006
0.0086	0.0223	0.1924	0.0374	0.0198	0.7	-0.5532	0.4516	288	290	109	2	6	0.01	0.05	0	0.01
0.0082	0.0088	0.1997	0.018	0.018	0.5559	-0.8243	0.1072	289	291	109	2	7	0.0006	0.4167	0	0.0082
0.0082	0.0451	0.2056	0.0126	0.0173	0.8515	-0.5192	-0.0734	290	292	109	2	8	0.0005	0.2083	0	0.0052
0.0085	0.0406	0.2428	-0.011	0.0108	0.7782	-0.5592	-0.2858	291	293	109	2	9	0.01	0.05	0	0.01
0.0086	0.0116	0.2697	-0.0121	0.0121	0.975	0.0871	0.2043	292	294	109	2	10	0.001	0.3333	0	0.0088
0.0082	0.0439	0.2811	-0.0107	0.0139	0.9584	0.2401	0.1543	293	295	109	2	11	0.0007	0.2917	0	0.0058
0.0084	0.0287	0.3221	0.0022	0.0234	0.9499	0.1208	0.2881	294	296	109	2	12	0.01	0.05	0	0.01
0.0082	0.0062	0.3445	-0.0046	0.0192	0.9586	-0.186	-0.2158	295	297	109	2	13	0.0006	0.3333	0	0.0061
0.0085	0.0267	0.3483	-0.0177	0.0043	-0.2354	-0.7104	0.6633	296	298	109	2	14	0.0061	0.225	0	0.0189
0.0084	0.0091	0.3434	-0.036	0.0075	-0.8647	-0.491	-0.1056	297	299	109	2	15	0.01	0.05	0	0.01
0.0084	0.0185	0.328	-0.048	0.0086	0.7173	-0.6798	0.1527	298	300	109	2	16	0.0007	0.4167	0	0.0085
0.0083	0.0015	0.3358	-0.065	0.0117	0.5933	-0.7023	0.3935	299	301	109	2	17	0.01	0.05	0	0.01
0.0083	0.0198	0.3367	-0.066	0.0123	0.89	-0.4513	0.0656	300	302	109	2	18	0.01	0.05	0	0.01
0.0083	0.0162	0.3544	-0.075	0.0136	0.548	0.3728	-0.7488	301	0	109	2	19	0.01	0.05	0	0.01
0.0104	0.0534	0.0988	-0.0348	0.0208	0.8545	0.5192	-0.0149	143	304	52	2	1	0.0022	0.175	0	0.0169
0.0104	0.0252	0.1472	-0.0173	0.0145	0.9406	0.3187	-0.1166	303	305	52	2	2	0.0008	0.2917	0	0.0095
0.0104	0.0228	0.1707	-0.0102	0.0146	0.921	0.3512	0.1684	304	306	52	2	3	0.0008	0.4167	0	0.0104
0.0104	0.031	0.1956	-0.0088	0.0161	0.8726	0.4388	0.2144	305	307	52	2	4	0.01	0.05	0	0.01
0.0104	0.0031	0.1943	-0.0095	0.0238	0.2624	-0.4625	0.8469	306	0	52	2	5	0.01	0.05	0	0.01
0.0085	0.0621	0.1601	-0.107	-0.0054	0.0347	0.7989	0.6005	148	309	61	2	1	0.003	0.175	0	0.0146
0.0078	0.0636	0.1597	-0.0601	0.0158	-0.6648	0.7466	-0.0249	308	310	61	2	2	0.0008	0.2917	0	0.0095
0.0058	0.0412	0.1181	-0.0115	0.0199	-0.7067	0.7055	-0.0537	309	311	61	2	3	0.01	0.05	0	0.01
0.0045	0.0228	0.105	0.0242	0.0105	-0.4605	0.8551	-0.2382	310	312	61	2	4	0.0012	0.15	0	0.01
0.0035	0.0165	0.083	0.0299	0.0166	-0.7426	0.6677	0.0518	311	0	61	2	5	0.0026	0.125	0	0.01
0.009	0.0345	0.117	-0.0855	0.0089	0.556	0.4973	0.666	147	314	65	2	1	0.0018	0.4583	0	0.009
0.009	0.0001	0.1329	-0.0614	0.035	0.9182	0.3417	0.2002	313	315	65	2	2	0.01	0.05	0	0.01
0.009	0.0232	0.133	-0.0614	0.035	0.9934	0.0343	-0.1093	314	0	65	2	3	0.01	0.05	0	0.01
0.0052	0.0497	0.1726	-0.1374	-0.0035	-0.5008	-0.7938	-0.3451	149	317	67	2	1	0.0011	0.4583	0	0.005
0.0075	0.0457	0.1523	-0.1807	-0.0118	-0.3861	-0.9009	-0.1984	316	318	67	2	2	0.0041	0.3438	0	0.0084
0.0064	0.029	0.1221	-0.2146	-0.0198	-0.496	-0.8677	0.0311	317	319	67	2	3	0.01	0.05	0	0.01
0.0062	0.0254	0.1386	-0.2329	-0.0205	0.2169	-0.9762	-0.0047	318	320	67	2	4	0.01	0.05	0	0.01
0.0059	0.031	0.1268	-0.2497	-0.0298	-0.2705	-0.9195	-0.2852	319	0	67	2	5	0.01	0.05	0	0.01
0.0058	0.0469	0.2056	-0.1341	-0.0013	0.6808	0.7085	0.186	150	322	78	2	1	0.0007	0.4583	0	0.0058
0.0075	0.057	0.2305	-0.0963	-0.0065	-0.1674	0.9081	0.3837	321	323	78	2	2	0.0007	0.2917	0	0.0115
0.0069	0.0034	0.2208	-0.054	0.0215	-0.6905	0.4013	0.6019	322	324	78	2	3	0.01	0.05	0	0.01
0.0066	0.0303	0.2173	-0.0541	0.0203	0.0942	0.8979	-0.4301	323	325	78	2	4	0.0004	0.375	0	0.0067
0.0064	0.0092	0.223	-0.0271	0.0088	0.1023	0.9917	-0.0776	324	0	78	2	5	0.01	0.05	0	0.01
0.0075	0.0779	0.234	-0.2333	-0.0176	-0.8538	0.519	-0.0414	156	327	79	2	1	0.0026	0.3333	0	0.0077
0.0068	0.0198	0.1717	-0.1879	-0.0176	-0.7973	0.5883	0.1346	326	328	79	2	2	0.01	0.05	0	0.01
0.0063	0.0422	0.1726	-0.1845	-0.0143	-0.4274	-0.8803	-0.2056	327	329	79	2	3	0.0008	0.375	0	0.0064
0.0055	0.0203	0.1574	-0.2223	-0.0213	-0.1054	-0.9706	-0.2163	328	330	79	2	4	0.01	0.05	0	0.01
0.0049	0.0166	0.1526	-0.2375	-0.0164	-0.1175	-0.9034	0.4124	329	331	79	2	5	0.0014	0.125	0	0.01
0.0043	0.0083	0.1576	-0.2278	-0.0229	0.2741	-0.5148	-0.8123	330	332	79	2	6	0.0013	0.125	0	0.01
0.0035	0.0222	0.1616	-0.2325	-0.0274	-0.5055	-0.8405	0.1951	331	0	79	2	7	0.0016	0.15	0	0.01
0.0084	0.0609	-0.1339	-0.1986	-0.0107	0.5121	-0.8589	0.0075	182	334	62	3	1	0.0015	0.4167	0	0.0084
0.0084	0.0198	-0.1038	-0.2494	-0.0015	0.071	-0.9833	0.1677	333	335	62	3	2	0.01	0.05	0	0.01
0.0084	0.0241	-0.1006	-0.2671	-0.0067	0.262	-0.9542	-0.1445	334	336	62	3	3	0.0006	0.375	0	0.0042
0.0084	0.0206	-0.0954	-0.2902	-0.0087	0.1413	-0.989	0.0436	335	337	62	3	4	0.01	0.05	0	0.01
0.0084	0.024	-0.1024	-0.3052	-0.0146	-0.2779	-0.9115	-0.303	336	338	62	3	5	0.01	0.05	0	0.01
0.0084	0.0104	-0.0973	-0.3056	-0.0151	-0.731	0.1919	0.6548	337	0	62	3	6	0.01	0.05	0	0.01
0.0055	0.0207	-0.1395	-0.1997	-0.0153	-0.9696	0.0805	0.2309	182	340	69	3	1	0.01	0.05	1	0.01
0.0054	0.0248	-0.1596	-0.198	-0.0105	-0.99	0.0985	0.1008	339	341	69	3	2	0.01	0.05	0	0.01
0.0053	0.0507	-0.1908	-0.1935	-0.0039	0.296	0.9552	-0.0039	340	342	69	3	3	0.0008	0.25	0	0.0075
0.0048	0.0281	-0.1822	-0.1434	0.0022	0.3937	0.9013	0.1807	341	343	69	3	4	0.0007	0.125	0	0.01
0.0047	0.0218	-0.1714	-0.1203	-0.0028	0.3456	0.9162	-0.2026	342	344	69	3	5	0.0007	0.3333	0	0.0052
0.0035	0.0296	-0.1615	-0.1015	-0.0059	0.5625	0.7441	-0.3604	343	345	69	3	6	0.0017	0.1	0	0.01
0.0029	0.029	-0.159	-0.0773	-0.0127	0.1004	0.9782	-0.182	344	0	69	3	7	0.0019	0.175	0	0.01
0.0052	0.0447	-0.1616	-0.2448	-0.0101	-0.7173	-0.6941	0.0613	183	347	70	3	1	0.0009	0.4167	0	0.0052
0.0055	0.0602	-0.1971	-0.274	-0.0032	-0.6258	-0.7624	-0.165	346	348	70	3	2	0.0007	0.3333	0	0.01
0.0054	0.03	-0.2403	-0.3113	-0.005	-0.7247	-0.6596	0.1994	347	349	70	3	3	0.01	0.05	0	0.01
0.0054	0.04	-0.2328	-0.321	-0.0047	0.3093	-0.9467	-0.0903	348	350	70	3	4	0.0034	0.2	0	0.0131
0.0053	0.0157	-0.2136	-0.3564	-0.0069	0.358	-0.9299	-0.0839	349	351	70	3	5	0.01	0.05	0	0.01
0.0054	0.0321	-0.2182	-0.3519	-0.0042	-0.8796	-0.4754	0.0195	350	352	70	3	6	0.001	0.3333	0	0.0064
0.0053	0.0136	-0.2462	-0.3652	-0.0019	-0.7669	-0.3715	0.5233	351	353	70	3	7	0.01	0.05	0	0.01
0.0053	0.0054	-0.2564	-0.3685	0.0062	-0.8999	-0.1003	0.4243	352	354	70	3	8	0.0032	0.25	0	0.0162
0.0052	0.0133	-0.2617	-0.3696	0.0092	-0.8401	-0.1057	-0.5321	353	355	70	3	9	0.01	0.05	0	0.01
0.0052	0.0247	-0.2729	-0.371	0.0021	-0.8879	-0.4575	-0.0474	354	0	70	3	10	0.01	0.05	0	0.01
0.0066	0.0497	-0.2313	-0.1945	-0.0056	0.2719	0.9383	0.2135	185	357	76	3	1	0.001	0.5	0	0.0066
0.0066	0.016	-0.2158	-0.1529	-0.0015	0.7366	0.6285	-0.25	356	358	76	3	2	0.01	0.05	0	0.01
0.0066	0.0426	-0.2191	-0.1428	0.0048	-0.0594	0.9945	-0.0863	357	359	76	3	3	0.0006	0.3333	0	0.0059
0.0066	0.0177	-0.2277	-0.105	-0.0036	-0.4891	0.8522	-0.186	358	360	76	3	4	0.01	0.05	0	0.01
0.0066	0.0354	-0.2338	-0.0889	-0.0023	-0.4043	0.9139	0.0371	359	361	76	3	5	0.0009	0.375	0	0.0062
0.0066	0.0338	-0.2487	-0.0593	-0.0071	-0.3985	0.8535	-0.3359	360	362	76	3	6	0.01	0.05	0	0.01
0.0066	0.0252	-0.2559	-0.0496	-0.0035	0.968	0.1879	-0.166	361	363	76	3	7	0.0007	0.375	0	0.0095
0.0066	0.0067	-0.2356	-0.0323	-0.0028	0.8562	0.4043	-0.3217	362	364	76	3	8	0.01	0.05	0	0.01
0.0066	0.0209	-0.2211	-0.0278	-0.0038	-0.169	0.9608	-0.2197	363	365	76	3	9	0.01	0.05	0	0.01
0.0066	0.0131	-0.2269	-0.0288	-0.0038	-0.988	0.0731	-0.1362	364	0	76	3	10	0.01	0.05	0	0.01
0.0055	0.0297	-0.2991	-0.2785	-0.0126	0.832	-0.5441	-0.1083	192	367	102	3	1	0.002	0.4583	0	0.008
0.0055	0.0031	-0.2719	-0.2951	-0.005	0.6834	-0.707	-0.1818	366	368	102	3	2	0.01	0.05	0	0.01
0.0055	0.0167	-0.2678	-0.2974	-0.0129	0.5258	-0.8341	0.1666	367	369	102	3	3	0.01	0.05	0	0.01
0.0055	0.0115	-0.259	-0.3114	-0.0101	0.8869	-0.411	0.2109	368	0	102	3	4	0.01	0.05	0	0.01
0.0054	0.0228	0.0365	-0.2996	-0.0245	0.8796	-0.3336	-0.3391	204	371	104	3	1	0.01	0.05	1	0.01
0.0054	0.0328	0.0566	-0.3072	-0.0322	0.9018	-0.1264	0.4133	370	372	104	3	2	0.01	0.05	0	0.01
0.0054	0.0176	0.0861	-0.3113	-0.0187	0.3059	-0.9433	0.1288	371	373	104	3	3	0.01	0.05	0	0.01
0.0054	0.0107	0.0915	-0.3279	-0.0164	0.9566	0.1092	0.2703	372	0	104	3	4	0.01	0.05	0	0.01
0.0025	0.0643	-0.0092	-0.2591	-0.0235	-0.7385	0.6296	0.2413	209	375	105	3	1	0.01	0.05	0	0.01
0.0025	0.0527	-0.052	-0.215	-0.0068	-0.6138	0.7885	-0.0396	374	376	105	3	2	0.0006	0.2917	0	0.0042
0.0025	0.0224	-0.086	-0.1751	-0.0102	-0.6954	0.7159	-0.0632	375	0	105	3	3	0.01	0.05	0	0.01
0.0074	0.0375	-0.098	0.2037	-0.0102	-0.9242	-0.2391	0.2978	221	378	24	3	1	0.0007	0.3333	1	0.0099
0.0074	0.0275	-0.1326	0.1948	0.001	-0.9413	-0.3374	-0.004	377	379	24	3	2	0.0007	0.3333	0	0.0099
0.0074	0.0001	-0.1487	0.1832	-0.0059	-0.3035	-0.9454	-0.1186	378	380	24	3	3	0.01	0.05	0	0.01
0.0074	0.0208	-0.1487	0.1831	-0.0059	-0.9927	-0.0945	-0.0746	379	0	24	3	4	0.01	0.05	0	0.01
0.0057	0.0211	-0.0497	0.1908	-0.0065	0.3887	0.8378	-0.3835	221	382	32	3	1	0.0016	0.4167	1	0.0057
0.0057	0.0367	-0.0415	0.2084	-0.0146	0.1695	0.9284	0.3306	381	383	32	3	2	0.0016	0.4167	0	0.0057
0.0067	0.0281	-0.0334	0.2351	-0.0081	0.9804	0.1588	0.1169	382	384	32	3	3	0.0007	0.3333	0	0.0069
0.0069	0.0313	-0.005	0.2374	-0.0038	0.9258	0.3779	0.0055	383	385	32	3	4	0.0006	0.3333	0	0.0085
0.0064	0.029	0.02	0.2542	-0.0068	0.8244	0.4647	-0.3232	384	386	32	3	5	0.01	0.05	0	0.01
0.0063	0.0148	0.0171	0.2526	-0.0057	0.5631	-0.7276	0.3918	385	387	32	3	6	0.01	0.05	0	0.01
0.0062	0.0078	0.0238	0.2406	-0.0005	-0.2502	-0.0902	0.964	386	0	32	3	7	0.01	0.05	0	0.01
0.0071	0.0561	0.1287	0.1997	0.0221	0.8642	0.4674	0.1862	228	389	55	3	1	0.0015	0.375	0	0.0077
0.0071	0.0005	0.1749	0.2303	0.0308	0.9029	0.4118	-0.1233	388	390	55	3	2	0.01	0.05	0	0.01
0.0071	0.0151	0.1754	0.2305	0.0307	0.663	0.3519	0.6608	389	391	55	3	3	0.01	0.05	0	0.01
0.0071	0.0149	0.1854	0.2358	0.0407	0.2047	0.5918	0.7797	390	0	55	3	4	0.01	0.05	0	0.01
0.0045	0.0353	0.0751	0.2045	0.0126	0.7088	0.5265	0.4695	227	393	56	3	1	0.0009	0.4167	0	0.0045
0.0054	0.0009	0.1031	0.2198	0.0234	0.9139	0.2733	0.3002	392	394	56	3	2	0.01	0.05	0	0.01
0.0053	0.0074	0.1011	0.2234	0.0293	0.0806	0.8724	-0.4821	393	395	56	3	3	0.01	0.05	0	0.01
0.0052	0.0107	0.1044	0.231	0.0171	0.105	0.981	0.163	394	396	56	3	4	0.01	0.05	0	0.01
0.005	0.0202	0.1044	0.2383	0.0163	-0.533	0.6272	-0.568	395	0	56	3	5	0.0011	0.15	0	0.01
0.0025	0.0232	0.1665	0.1609	0.0134	0.2083	-0.9776	-0.0289	230	398	64	3	1	0.006	0.175	1	0.01
0.0025	0.0265	0.1707	0.1375	0.013	-0.795	0.6027	-0.0681	397	399	64	3	2	0.0017	0.15	0	0.01
0.0025	0.0191	0.1457	0.152	0.0094	-0.4663	0.8188	0.3349	398	0	64	3	3	0.0042	0.2	0	0.01
0.0046	0.0183	0.3324	0.2591	0.0265	0.8662	0.4831	0.1278	249	401	43	3	1	0.0011	0.375	1	0.0065
0.0046	0.0295	0.3482	0.2679	0.0288	0.8428	0.5007	-0.1973	400	402	43	3	2	0.0011	0.375	0	0.0065
0.0045	0.0287	0.3748	0.2842	0.0197	0.074	0.8863	0.4571	401	403	43	3	3	0.0047	0.25	0	0.0128
0.0044	0.0258	0.3867	0.3075	0.0231	0.2928	0.9519	0.0903	402	404	43	3	4	0.0009	0.175	0	0.01
0.0044	0.0415	0.3808	0.3044	0.0282	-0.8852	0.4452	0.135	403	405	43	3	5	0.0008	0.3333	0	0.0071
0.0042	0.0362	0.3444	0.3219	0.0344	-0.8585	-0.4373	-0.2678	404	406	43	3	6	0.0008	0.3333	0	0.0065
0.0036	0.0234	0.3143	0.3052	0.0244	-0.7178	-0.6572	-0.2298	405	407	43	3	7	0.0013	0.2	0	0.01
0.0034	0.0168	0.2938	0.2952	0.0217	-0.8451	-0.5106	-0.1585	406	408	43	3	8	0.0022	0.15	0	0.01
0.0031	0.0169	0.3085	0.3056	0.0271	-0.5582	0.8282	0.0507	407	409	43	3	9	0.0009	0.125	0	0.01
0.0028	0.0144	0.3015	0.3221	0.0266	0.3671	0.14	0.9196	408	0	43	3	10	0.0013	0.125	0	0.01
0.0073	0.0581	0.2269	0.0047	0.0088	0.8758	0.418	0.2414	291	411	68	3	1	0.0016	0.2917	0	0.0073
0.0076	0.025	0.2706	0.03	0.0278	-0.0793	0.9486	-0.3064	410	412	68	3	2	0.001	0.25	0	0.0085
0.0053	0.036	0.2861	0.0499	0.0319	0.3011	0.9425	-0.1452	411	413	68	3	3	0.0074	0.2917	0	0.0051
0.0066	0.0238	0.2991	0.0764	0.0228	0.9682	0.2438	0.0561	412	414	68	3	4	0.01	0.05	0	0.01
0.007	0.0299	0.2852	0.0807	0.0305	-0.1691	0.4288	-0.8875	413	415	68	3	5	0.0005	0.375	0	0.0119
0.0067	0.0281	0.2753	0.0999	0.0168	-0.3661	0.7721	-0.5195	414	416	68	3	6	0.0037	0.25	0	0.0129
0.0051	0.0248	0.257	0.115	0.0044	-0.6416	0.6622	-0.3871	415	417	68	3	7	0.01	0.05	0	0.01
0.0052	0.0115	0.255	0.1313	0.0071	0.0166	0.9998	-0.0144	416	0	68	3	8	0.0018	0.3333	0	0.0065
0.0064	0.0105	0.3141	0.0011	0.0269	-0.4342	0.3116	0.8452	294	419	90	3	1	0.0009	0.4167	1	0.0064
0.0064	0.0404	0.3096	0.0043	0.0358	0.4358	0.725	-0.5333	418	420	90	3	2	0.0009	0.4167	0	0.0064
0.0074	0.0337	0.3232	0.0376	0.0251	0.416	0.8921	-0.1763	419	421	90	3	3	0.001	0.3333	0	0.0082
0.0069	0.0095	0.3288	0.0576	0.0277	-0.8041	0.2077	-0.557	420	422	90	3	4	0.01	0.05	0	0.01
0.0068	0.0081	0.3197	0.0624	0.022	-0.8566	-0.3973	0.3291	421	0	90	3	5	0.01	0.05	0	0.01
0.0061	0.0157	0.2129	-0.1339	-0.003	0.8904	-0.2833	-0.3564	321	424	86	3	1	0.0013	0.4167	1	0.0061
0.0061	0.0297	0.227	-0.1384	-0.0086	0.9001	-0.3381	0.2747	423	425	86	3	2	0.0013	0.4167	0	0.0061
0.0061	0.028	0.2552	-0.1477	-0.0061	0.6293	-0.7735	0.0746	424	426	86	3	3	0.0007	0.3333	0	0.0075
0.0061	0.0025	0.273	-0.1598	-0.0016	0.9193	-0.1187	0.3751	425	427	86	3	4	0.01	0.05	0	0.01
0.0061	0.0407	0.2729	-0.1585	-0.0013	0.4813	0.8456	0.2308	426	428	86	3	5	0.0006	0.2917	0	0.0073
0.0061	0.022	0.294	-0.1256	0.0018	0.7574	0.6519	0.0369	427	429	86	3	6	0.01	0.05	0	0.01
0.0061	0.0174	0.3026	-0.1069	0.0066	0.5245	0.8336	0.1734	428	0	86	3	7	0.01	0.05	0	0.01
0.0027	0.0404	-0.173	-0.1502	-0.0083	0.4574	-0.8163	0.3526	341	431	92	4	1	0.0068	0.275	0	0.0116
0.0027	0.0331	-0.1538	-0.1817	0.0008	0.4636	-0.8698	-0.169	430	432	92	4	2	0.0047	0.375	0	0.0057
0.0025	0.0308	-0.1425	-0.2095	-0.0005	0.1757	-0.9094	0.3769	431	0	92	4	3	0.0019	0.2917	0	0.0066
0.0051	0.0692	-0.2287	-0.3193	-0.0079	-0.1738	0.9834	-0.052	349	434	74	4	1	0.0016	0.2917	0	0.0072
0.0051	0.0275	-0.2494	-0.2568	-0.0209	-0.7516	0.548	0.3671	433	435	74	4	2	0.0052	0.225	0	0.0113
0.0051	0.0333	-0.2728	-0.2411	-0.0107	0.2241	0.9544	0.1974	434	436	74	4	3	0.0005	0.2917	0	0.0086
0.0051	0.011	-0.266	-0.2077	-0.0104	0.7017	0.7054	0.1003	435	0	74	4	4	0.01	0.05	0	0.01
0.0051	0.1141	-0.2027	-0.3749	-0.0127	0.5013	0.8653	0.0056	350	438	97	4	1	0.0009	0.2083	0	0.0065
0.0041	0.0294	-0.1448	-0.2773	-0.0054	-0.2162	0.9567	0.1947	437	439	97	4	2	0.01	0.05	0	0.01
0.0043	0.0265	-0.1623	-0.2543	-0.0046	-0.4641	0.8718	0.1566	438	440	97	4	3	0.0008	0.375	0	0.0065
0.003	0.0132	-0.154	-0.2601	0.0031	0.3089	0.3286	0.8925	439	441	97	4	4	0.01	0.05	0	0.01
0.0027	0.0099	-0.1572	-0.2637	-0.0008	-0.5079	-0.6521	0.5628	440	0	97	4	5	0.01	0.05	0	0.01
