radius (m)	length (m)	start_point	axis_direction	parent	extension	branch	branch_order	position_in_branch	mad	SurfCov	added	UnmodRadius (m)
0.0084	0.0631	-0.306	0.0864	-0.1284	0.6255	-0.6859	0.3718	0	2	1	0	1	0.0024	0.5	0	0.0085
0.0064	0.0633	-0.2513	0.0556	-0.1013	0.5561	-0.7673	0.3195	1	3	1	0	2	0.001	0.3333	0	0.0064
0.0061	0.0326	-0.2153	0.008	-0.0796	0.5993	-0.7647	0.2369	2	4	1	0	3	0.0007	0.3333	0	0.0061
0.008	0.0477	-0.1954	-0.0168	-0.0739	0.275	-0.9614	0.0098	3	5	1	0	4	0.0007	0.3333	0	0.0082
0.007	0.0532	-0.1813	-0.0624	-0.0697	0.349	-0.936	-0.0462	4	6	1	0	5	0.0031	0.3333	0	0.007
0.008	0.0278	-0.1481	-0.1009	-0.0761	0.5917	-0.7988	-0.1084	5	7	1	0	6	0.0045	0.4063	0	0.0084
0.0059	0.0354	-0.1296	-0.1174	-0.0632	0.9108	-0.412	0.0277	6	8	1	0	7	0.005	0.4375	0	0.0059
0.0071	0.0232	-0.0998	-0.1331	-0.0573	0.863	-0.3688	0.3454	7	9	1	0	8	0.01	0.05	0	0.01
0.007	0.0369	-0.0792	-0.1219	-0.0494	0.933	-0.024	0.3591	8	10	1	0	9	0.01	0.05	0	0.01
0.0069	0.0127	-0.093	-0.1078	-0.047	0.1424	0.8385	0.526	9	11	1	0	10	0.01	0.05	0	0.01
0.0068	0.0075	-0.089	-0.1142	-0.0609	0.5745	0.6588	-0.4857	10	0	1	0	11	0.01	0.05	0	0.01
0.0107	0.0426	-0.2968	0.0883	-0.1242	0.9348	-0.0839	0.3452	1	13	2	1	1	0.0028	0.5	0	0.0107
0.0107	0.0167	-0.2586	0.0891	-0.1111	0.8975	0.3919	0.2023	12	14	2	1	2	0.0008	0.3333	0	0.0109
0.0107	0.0147	-0.2457	0.0956	-0.1102	0.1738	0.9653	-0.1951	13	0	2	1	3	0.01	0.05	0	0.01
0.006	0.016	-0.2321	0.0198	-0.0842	-0.8959	-0.1724	0.4095	2	16	3	1	1	0.0024	0.375	1	0.0078
0.006	0.0554	-0.2465	0.0171	-0.0776	-0.692	0.2359	-0.6823	15	17	3	1	2	0.0024	0.375	0	0.0078
0.006	0.0262	-0.2842	0.0278	-0.1079	-0.7999	0.5495	0.2412	16	18	3	1	3	0.0042	0.2	0	0.0292
0.006	0.0222	-0.3015	0.0431	-0.0988	0.03	-0.9561	0.2915	17	0	3	1	4	0.01	0.05	0	0.01
0.0064	0.0221	-0.1964	-0.0127	-0.0669	0.034	0.514	0.8571	3	20	5	1	1	0.0014	0.375	1	0.0136
0.0064	0.0872	-0.199	-0.0007	-0.0529	0.3999	0.9039	-0.1519	19	21	5	1	2	0.0043	0.26	0	0.0136
0.0064	0.0108	-0.1603	0.0643	-0.0589	0.553	0.5006	0.666	20	22	5	1	3	0.01	0.05	0	0.01
0.0064	0.0393	-0.1496	0.0801	-0.0527	0.7334	-0.2646	0.6262	21	23	5	1	4	0.0037	0.2	0	0.0114
0.0064	0.0014	-0.1252	0.0722	-0.0404	0.934	0.2001	-0.2959	22	24	5	1	5	0.01	0.05	0	0.01
0.0064	0.036	-0.1281	0.0756	-0.036	0.7792	0.1149	0.6162	23	25	5	1	6	0.001	0.375	0	0.01
0.0064	0.1018	-0.1061	0.0784	-0.0043	0.502	-0.8415	0.1997	24	26	5	1	7	0.005	0.2	0	0.0227
0.0064	0.0905	-0.0534	-0.0032	0.0253	0.4821	-0.8282	0.2856	25	27	5	1	8	0.01	0.05	0	0.01
0.0064	0.0448	-0.0106	-0.0195	0.0009	0.939	-0.216	-0.2676	26	28	5	1	9	0.0036	0.275	0	0.0118
0.0064	0.0246	0.0194	0.0032	-0.0067	0.908	0.3662	-0.2034	27	29	5	1	10	0.01	0.05	0	0.01
0.0064	0.0083	0.0134	-0.0236	0.0131	0.8341	-0.5025	0.2276	28	30	5	1	11	0.0007	0.3333	0	0.0067
0.0064	0.0488	0.0204	-0.03	0.0145	0.9731	0.0783	-0.2165	29	31	5	1	12	0.0008	0.25	0	0.0066
0.0064	0.0292	0.0673	-0.0244	0.0016	0.9752	0.0248	-0.22	30	32	5	1	13	0.01	0.05	0	0.01
0.0064	0.0151	0.0967	-0.0186	0.0039	0.9744	0.1331	-0.1811	31	33	5	1	14	0.0053	0.3	0	0.0129
0.0064	0.0347	0.1107	-0.0216	0.0003	0.0238	-0.1813	0.9831	32	34	5	1	15	0.0038	0.275	0	0.0116
0.0064	0.0241	0.1201	-0.0167	0.0295	0.4539	0.0438	0.89	33	35	5	1	16	0.0056	0.25	0	0.0134
0.0064	0.0494	0.1284	-0.0194	0.0553	0.4122	0.5619	0.7172	34	36	5	1	17	0.0048	0.4063	0	0.0072
0.0064	0.0343	0.1408	-0.0103	0.09	0.2294	-0.1347	0.964	35	37	5	1	18	0.01	0.05	0	0.01
0.0064	0.04	0.1518	0.0091	0.0898	0.5947	0.6239	0.5071	36	38	5	1	19	0.0008	0.5417	0	0.0067
0.0064	0.0458	0.1719	0.0355	0.1107	0.3672	0.7119	0.5987	37	39	5	1	20	0.0024	0.425	0	0.0064
0.0064	0.0244	0.1883	0.0722	0.1332	0.2636	0.7543	0.6013	38	40	5	1	21	0.0029	0.4688	0	0.0065
0.0064	0.0334	0.1959	0.0933	0.1381	0.4163	0.8628	0.2868	39	41	5	1	22	0.0032	0.4375	0	0.0079
0.0064	0.0181	0.1884	0.1067	0.1371	-0.3106	0.7935	-0.5234	40	42	5	1	23	0.01	0.05	0	0.01
0.0064	0.0397	0.2026	0.1082	0.1493	0.7857	0.2874	-0.5479	41	43	5	1	24	0.0014	0.2917	0	0.011
0.0064	0.0045	0.2187	0.1148	0.1283	0.0727	-0.3749	-0.9242	42	44	5	1	25	0.01	0.05	0	0.01
0.0064	0.0387	0.2228	0.123	0.1285	0.9115	-0.1879	-0.366	43	45	5	1	26	0.0008	0.3333	0	0.0103
0.0064	0.0309	0.2488	0.1179	0.1113	-0.0716	0.7024	0.7082	44	46	5	1	27	0.0062	0.3	0	0.0132
0.0064	0.012	0.2411	0.1383	0.1251	0.78	0.2507	-0.5733	45	47	5	1	28	0.01	0.05	0	0.01
0.0064	0.0137	0.2514	0.1386	0.1172	0.9019	0.1711	0.3966	46	48	5	1	29	0.01	0.05	0	0.01
0.0064	0.0266	0.2637	0.1409	0.1227	0.0919	0.9425	0.3215	47	0	5	1	30	0.01	0.05	0	0.01
0.0076	0.052	-0.1911	-0.0435	-0.0809	-0.8224	-0.5688	0.0053	4	50	6	1	1	0.0022	0.4167	0	0.011
0.0076	0.0093	-0.2348	-0.0742	-0.0711	-0.7217	-0.6773	-0.1431	49	51	6	1	2	0.01	0.05	0	0.01
0.0076	0.0062	-0.2402	-0.076	-0.0828	-0.6097	0.7541	0.2443	50	52	6	1	3	0.01	0.05	0	0.01
0.0076	0.012	-0.245	-0.07	-0.0802	0.3946	0.7442	-0.5389	51	0	6	1	4	0.01	0.05	0	0.01
0.0082	0.0216	-0.1658	-0.084	-0.0699	0.8419	0.522	0.1367	5	54	7	1	1	0.0035	0.375	1	0.0123
0.0082	0.0196	-0.1476	-0.0727	-0.067	0.2429	0.4375	0.8658	53	55	7	1	2	0.0035	0.375	0	0.0123
0.0082	0.0085	-0.136	-0.0633	-0.0598	-0.4415	0.8676	-0.2289	54	56	7	1	3	0.01	0.05	0	0.01
0.0082	0.0453	-0.1441	-0.0488	-0.0496	0.8386	-0.2905	0.4609	55	57	7	1	4	0.0013	0.2917	0	0.0115
0.0082	0.0424	-0.1096	-0.0641	-0.0355	0.6899	-0.7125	-0.128	56	58	7	1	5	0.0007	0.25	0	0.0075
0.0082	0.0371	-0.0806	-0.0958	-0.033	0.7592	-0.6455	-0.0833	57	59	7	1	6	0.01	0.05	0	0.01
0.0082	0.0077	-0.0488	-0.1035	-0.0408	0.8255	-0.3209	-0.4643	58	60	7	1	7	0.0015	0.4167	0	0.0105
0.0082	0.0322	-0.0438	-0.1097	-0.0299	0.986	-0.1565	0.058	59	61	7	1	8	0.0041	0.5417	0	0.0088
0.0082	0.0429	-0.0206	-0.0939	-0.0219	0.873	0.2294	0.4304	60	62	7	1	9	0.0072	0.2188	0	0.0123
0.0082	0.0231	-0.0002	-0.0795	-0.0305	0.4031	0.9097	-0.1002	61	63	7	1	10	0.01	0.05	0	0.01
0.0082	0.0314	0.0179	-0.0712	-0.0138	0.8682	0.491	-0.0719	62	64	7	1	11	0.0058	0.275	0	0.0161
0.0082	0.0624	0.0446	-0.0555	-0.0188	0.9763	0.0606	-0.2078	63	65	7	1	12	0.0013	0.25	0	0.0084
0.0082	0.0269	0.1038	-0.0472	-0.0094	0.9955	-0.0426	0.0846	64	66	7	1	13	0.0069	0.35	0	0.0119
0.0082	0.0151	0.1331	-0.0592	-0.0215	0.7989	-0.4041	0.4454	65	67	7	1	14	0.0041	0.5833	0	0.0082
0.0082	0.0677	0.1453	-0.0461	-0.0024	0.9982	-0.0366	0.0475	66	68	7	1	15	0.0069	0.325	0	0.0086
0.0082	0.0402	0.2116	-0.0533	0.006	0.915	0.1609	0.3701	67	69	7	1	16	0.01	0.05	0	0.01
0.0082	0.004	0.2536	-0.0481	0.0068	0.9379	0.0009	0.3468	68	70	7	1	17	0.001	0.4167	0	0.0114
0.0082	0.0283	0.2538	-0.0606	-0.0003	0.9727	-0.2006	-0.1167	69	71	7	1	18	0.01	0.05	0	0.01
0.0082	0.0197	0.2649	-0.0584	0.0149	0.7571	0.0441	0.6518	70	0	7	1	19	0.01	0.05	0	0.01
0.0061	0.0611	-0.188	0.0289	-0.0639	-0.4164	0.9021	-0.1132	20	73	27	2	1	0.0026	0.5	0	0.0091
0.0061	0.0487	-0.2068	0.0762	-0.0786	0.3436	0.7918	-0.5049	72	74	27	2	2	0.0045	0.5	0	0.0069
0.0061	0.0277	-0.1883	0.1057	-0.1071	0.4807	0.4268	-0.766	73	75	27	2	3	0.01	0.05	0	0.01
0.0061	0.0228	-0.1879	0.1271	-0.1054	0.2216	0.9375	-0.2682	74	0	27	2	4	0.01	0.05	0	0.01
0.0061	0.0254	0.1167	-0.0289	0.022	0.8584	-0.5128	-0.0161	33	77	17	2	1	0.0038	0.4167	1	0.0116
0.0061	0.0493	0.1385	-0.0433	0.0227	0.5083	0.5119	0.6925	76	78	17	2	2	0.0056	0.3	0	0.0116
0.0061	0.0113	0.178	-0.0228	0.0488	0.4348	0.86	0.2671	77	79	17	2	3	0.01	0.05	0	0.01
0.0061	0.0225	0.1824	-0.0096	0.0604	0.8185	-0.5141	0.2564	78	80	17	2	4	0.001	0.4167	0	0.0109
0.0061	0.0214	0.1995	-0.0126	0.0657	0.5237	0.1181	0.8437	79	81	17	2	5	0.0009	0.3333	0	0.0106
0.0061	0.0468	0.2142	-0.0018	0.0684	0.6703	0.5779	0.4656	80	82	17	2	6	0.0041	0.4063	0	0.007
0.0061	0.0273	0.2417	0.0149	0.0675	0.701	0.5952	-0.3929	81	83	17	2	7	0.01	0.05	0	0.01
0.0061	0.0246	0.2321	0.0219	0.0842	0.5077	0.5022	0.7001	82	84	17	2	8	0.001	0.4167	0	0.0102
0.0061	0.0448	0.2433	0.043	0.095	0.4029	0.5809	0.7073	83	85	17	2	9	0.0046	0.4688	0	0.0061
0.0061	0.0252	0.2495	0.0762	0.1179	0.0885	0.8258	0.5569	84	86	17	2	10	0.0047	0.4375	0	0.0074
0.0061	0.0011	0.2676	0.0852	0.1292	0.5291	0.5647	0.6334	85	87	17	2	11	0.01	0.05	0	0.01
0.0061	0.0184	0.265	0.0831	0.1337	-0.7248	0.6732	-0.1468	86	88	17	2	12	0.01	0.05	0	0.01
0.0061	0.0244	0.2483	0.0977	0.1355	-0.7318	-0.6431	-0.2257	87	0	17	2	13	0.0014	0.3333	0	0.0093
0.0087	0.0173	0.1842	0.0519	0.119	0.7722	0.3486	-0.5313	38	90	20	2	1	0.0021	0.5	1	0.0087
0.0087	0.0399	0.1976	0.0579	0.1098	0.0409	-0.9381	0.344	89	91	20	2	2	0.0021	0.5	0	0.0087
0.0087	0.0066	0.202	0.0222	0.1253	0.6084	-0.761	-0.2252	90	92	20	2	3	0.01	0.05	0	0.01
0.0087	0.008	0.2111	0.0163	0.1217	-0.3715	-0.6448	-0.668	91	93	20	2	4	0.01	0.05	0	0.01
0.0087	0.0139	0.2081	0.0112	0.1164	-0.2354	0.1303	-0.9631	92	0	20	2	5	0.01	0.05	0	0.01
0.0079	0.0367	0.2649	0.1665	0.1248	-0.6362	0.7555	-0.1566	48	95	25	2	1	0.0021	0.4583	0	0.0108
0.0079	0.0431	0.2388	0.1878	0.1151	-0.9069	0.4183	-0.0505	94	96	25	2	2	0.0042	0.4375	0	0.0079
0.0079	0.038	0.2	0.1872	0.1145	-0.9998	-0.017	-0.0075	95	97	25	2	3	0.01	0.05	0	0.01
0.0079	0.0169	0.2062	0.1863	0.1155	-0.0009	0.9699	0.2433	96	98	25	2	4	0.01	0.05	0	0.01
0.0079	0.0125	0.197	0.198	0.1181	0.0639	-0.4263	0.9023	97	0	25	2	5	0.01	0.05	0	0.01
0.01	0.0547	-0.1201	-0.0535	-0.0286	0.3127	0.9055	0.2868	56	100	10	2	1	0.0028	0.4583	0	0.01
0.01	0.0217	-0.0918	-0.0048	-0.0181	0.2042	0.935	0.29	99	101	10	2	2	0.01	0.05	0	0.01
0.01	0.0201	-0.0998	-0.007	-0.0188	-0.8784	0.4772	0.0266	100	0	10	2	3	0.0028	0.25	0	0.0062
0.0042	0.0418	-0.0609	-0.1203	-0.0315	0.5878	-0.6014	-0.5412	58	103	11	2	1	0.0053	0.225	0	0.0118
0.0042	0.0247	-0.0377	-0.1451	-0.0543	-0.129	-0.7878	-0.6023	102	104	11	2	2	0.0064	0.225	0	0.0102
0.0025	0.018	-0.0346	-0.1687	-0.067	-0.6001	-0.7398	0.3043	103	0	11	2	3	0.0024	0.15	0	0.01
0.0088	0.0642	-0.0189	-0.1218	-0.0266	0.9875	-0.1222	0.0997	60	106	13	2	1	0.003	0.5833	0	0.0088
0.0088	0.0032	0.0435	-0.1315	-0.0213	0.9084	-0.4154	-0.0479	105	107	13	2	2	0.01	0.05	0	0.01
0.0088	0.0159	0.0465	-0.1329	-0.0215	0.6759	0.5638	-0.4747	106	0	13	2	3	0.01	0.05	0	0.01
0.0025	0.0534	-0.0006	-0.0723	-0.0132	-0.9349	0.3541	0.0221	63	109	15	2	1	0.01	0.05	0	0.01
0.0025	0.0181	-0.0505	-0.0534	-0.012	-0.3243	-0.7722	0.5464	108	110	15	2	2	0.01	0.05	0	0.01
0.0025	0.0213	-0.0564	-0.0673	-0.0021	-0.7794	0.5681	-0.2642	109	0	15	2	3	0.01	0.05	0	0.01
0.0058	0.0278	0.2351	0.01	0.0764	0.3837	-0.5985	-0.7032	81	112	22	3	1	0.0016	0.4583	1	0.0125
0.0058	0.0252	0.2461	-0.0036	0.056	0.2024	-0.2747	-0.94	111	113	22	3	2	0.0057	0.275	0	0.0125
0.0058	0.0141	0.2577	-0.0091	0.045	0.0871	-0.994	0.0664	112	114	22	3	3	0.01	0.05	0	0.01
0.0058	0.027	0.2589	-0.0232	0.046	-0.9361	-0.2251	-0.2702	113	0	22	3	4	0.01	0.05	0	0.01
