radius (m)	length (m)	start_point	axis_direction	parent	extension	branch	branch_order	position_in_branch	mad	SurfCov	added	UnmodRadius (m)
0.0122	0.0608	0.0246	-0.0629	-0.1356	0.2647	0.7302	0.6299	0	2	1	0	1	0.0034	0.7083	0	0.0122
0.0168	0.0837	0.0366	-0.0106	-0.0891	0.7441	0.628	-0.228	1	3	1	0	2	0.0018	0.3333	0	0.0186
0.0122	0.0563	0.1072	0.0288	-0.095	0.9119	0.261	-0.3168	2	4	1	0	3	0.0012	0.4167	0	0.0098
0.0122	0.0017	0.1501	0.0495	-0.1132	0.5507	0.7502	-0.366	3	5	1	0	4	0.01	0.05	0	0.01
0.0166	0.048	0.1526	0.0614	-0.1271	0.6165	0.5803	0.5322	4	6	1	0	5	0.0014	0.375	0	0.0187
0.0128	0.025	0.1777	0.0855	-0.0974	-0.3544	0.8547	0.3793	5	7	1	0	6	0.0009	0.375	0	0.0128
0.0122	0.0048	0.1817	0.0968	-0.0881	0.6123	0.7813	-0.1209	6	8	1	0	7	0.01	0.05	0	0.01
0.0122	0.0193	0.1846	0.1006	-0.0886	-0.0795	0.9492	0.3043	7	9	1	0	8	0.01	0.05	0	0.01
0.0122	0.0244	0.183	0.1169	-0.0818	-0.7881	0.3019	0.5364	8	10	1	0	9	0.01	0.05	0	0.01
0.0122	0.0177	0.1637	0.1243	-0.0687	-0.547	0.5649	-0.6178	9	0	1	0	10	0.01	0.05	0	0.01
0.0116	0.088	0.0227	-0.0411	-0.1093	-0.8355	-0.0837	0.5431	1	12	2	1	1	0.0016	0.2917	1	0.0157
0.0116	0.0252	-0.0509	-0.0484	-0.0615	-0.4713	0.8431	-0.259	11	13	2	1	2	0.0016	0.2917	0	0.0157
0.0104	0.0114	-0.0622	-0.0292	-0.0562	-0.9793	0.1878	0.0754	12	14	2	1	3	0.01	0.05	0	0.01
0.01	0.0248	-0.0734	-0.0271	-0.0554	-0.5143	-0.3509	-0.7825	13	0	2	1	4	0.01	0.05	0	0.01
0.0112	0.0782	-0.0204	-0.0418	-0.0633	-0.0841	0.985	0.1505	2	16	3	1	1	0.0009	0.4167	0	0.0112
0.0101	0.0551	-0.0195	0.0342	-0.0572	0.5301	-0.3597	0.7678	15	17	3	1	2	0.0007	0.4583	0	0.0101
0.009	0.0272	0.0037	0.0159	-0.0095	0.4802	-0.5425	0.6893	16	18	3	1	3	0.0044	0.4063	0	0.0085
0.01	0.0213	0.0087	-0.0054	-0.0016	-0.2921	-0.7056	0.6455	17	19	3	1	4	0.01	0.05	0	0.01
0.0131	0.0128	-0.004	-0.004	0.0206	-0.2348	-0.5165	0.8234	18	20	3	1	5	0.0013	0.375	0	0.0142
0.01	0.0095	-0.004	-0.0063	0.0301	-0.7625	0.598	0.2471	19	21	3	1	6	0.01	0.05	0	0.01
0.0132	0.0459	-0.0189	0.0149	0.0426	-0.4201	-0.6334	0.6499	20	22	3	1	7	0.0008	0.25	0	0.0184
0.01	0.039	-0.0532	-0.0141	0.0592	-0.6095	-0.4002	0.6844	21	23	3	1	8	0.01	0.05	0	0.01
0.0106	0.0241	-0.0435	-0.0206	0.0859	0.1683	-0.6206	0.7658	22	24	3	1	9	0.0013	0.3333	0	0.0106
0.0095	0.0424	-0.0292	-0.0221	0.1042	0.3055	-0.2241	0.9255	23	25	3	1	10	0.0077	0.25	0	0.0095
0.0081	0.0252	-0.0254	-0.0517	0.1388	0.0787	-0.2608	0.9622	24	26	3	1	11	0.0065	0.4167	0	0.0077
0.0114	0.0275	-0.0336	-0.0502	0.1656	-0.0695	-0.3824	0.9214	25	27	3	1	12	0.0048	0.4583	0	0.0119
0.01	0.0012	-0.0337	-0.0658	0.1633	-0.7338	-0.6753	0.0748	26	28	3	1	13	0.01	0.05	0	0.01
0.0121	0.0377	-0.0498	-0.0309	0.1603	-0.546	-0.1633	0.8217	27	29	3	1	14	0.0011	0.25	0	0.0372
0.0077	0.0341	-0.056	-0.0656	0.1969	-0.8947	-0.4214	0.1481	28	30	3	1	15	0.0007	0.3333	0	0.0061
0.0097	0.0192	-0.0847	-0.0829	0.1997	-0.8706	-0.4789	-0.1126	29	31	3	1	16	0.01	0.05	0	0.01
0.0097	0.0233	-0.0915	-0.0749	0.1992	0.022	-0.1106	0.9936	30	32	3	1	17	0.0008	0.375	0	0.0098
0.0093	0.0075	-0.0892	-0.0705	0.2181	0.5691	0.3208	0.7571	31	33	3	1	18	0.01	0.05	0	0.01
0.0091	0.0211	-0.085	-0.0681	0.2238	-0.306	-0.9083	0.2851	32	0	3	1	19	0.01	0.05	0	0.01
0.0107	0.024	-0.0304	-0.04	-0.0684	-0.8779	0.1555	-0.453	15	35	25	2	1	0.003	0.5417	1	0.011
0.0106	0.0701	-0.0514	-0.0363	-0.0793	-0.1969	0.9749	-0.104	34	36	25	2	2	0.003	0.5417	0	0.011
0.0091	0.0424	-0.0697	0.0185	-0.0741	-0.8024	0.5259	0.282	35	37	25	2	3	0.0065	0.4375	0	0.0091
0.0087	0.0208	-0.1063	0.0402	-0.0628	-0.2561	0.0479	0.9655	36	38	25	2	4	0.0009	0.3333	0	0.0087
0.0084	0.0172	-0.1133	0.0511	-0.0487	-0.4273	0.4131	0.8042	37	39	25	2	5	0.0035	0.625	0	0.0084
0.0092	0.0168	-0.1217	0.0528	-0.0334	-0.8131	0.0027	-0.5821	38	40	25	2	6	0.01	0.05	0	0.01
0.0089	0.0178	-0.1353	0.0528	-0.0432	-0.6191	0.3866	0.6835	39	41	25	2	7	0.01	0.05	0	0.01
0.0086	0.0265	-0.1464	0.0597	-0.031	0.0594	0.7019	0.7098	40	0	25	2	8	0.01	0.05	0	0.01
0.0025	0.0422	0.0277	0.0004	0.0102	0.9835	0.1556	-0.0928	17	43	9	2	1	0.01	0.05	0	0.01
0.0025	0.0244	0.0692	0.007	0.0063	0.6796	0.7083	-0.1909	42	44	9	2	2	0.01	0.05	0	0.01
0.0025	0.024	0.0857	0.0242	0.0016	0.0704	0.9958	0.0593	43	0	9	2	3	0.01	0.05	0	0.01
0.0071	0.0333	0.0113	0.0171	0.003	-0.0183	0.9877	-0.1554	17	46	10	2	1	0.001	0.4167	0	0.0071
0.0085	0.0493	0.021	0.0487	0.0052	0.3991	0.8208	-0.4087	45	47	10	2	2	0.0012	0.2917	0	0.0125
0.0085	0.0238	0.0208	0.0845	-0.0064	-0.1849	0.9779	0.098	46	48	10	2	3	0.0064	0.4583	0	0.0096
0.0081	0.0226	0.0193	0.0851	-0.0141	-0.9018	-0.2641	0.3421	47	49	10	2	4	0.01	0.05	0	0.01
0.0079	0.0151	0.0198	0.1025	-0.0288	-0.3803	0.7945	0.4734	48	50	10	2	5	0.01	0.05	0	0.01
0.0076	0	0.0148	0.1131	-0.0224	-0.2789	0.3779	-0.8829	49	0	10	2	6	0.01	0.05	0	0.01
0.0085	0.0844	0.0003	0.0097	0.0002	-0.5388	-0.782	0.3133	17	52	11	2	1	0.0079	0.14	1	0.0163
0.0085	0.0176	-0.054	-0.0626	0.0217	-0.1696	-0.4447	0.8794	51	53	11	2	2	0.0046	0.275	0	0.0163
0.0085	0.0223	-0.0586	-0.065	0.0184	0.5773	-0.77	-0.2715	52	54	11	2	3	0.0055	0.5	0	0.0105
0.0083	0.0311	-0.0539	-0.0713	0.018	-0.0255	0.4427	-0.8963	53	55	11	2	4	0.0045	0.5	0	0.0083
0.0083	0.0512	-0.0622	-0.0662	-0.0072	-0.5488	0.2144	-0.808	54	0	11	2	5	0.0024	0.375	0	0.0101
0.0093	0.0418	-0.0145	-0.0365	0.1304	0.8213	-0.3472	-0.4527	24	57	24	2	1	0.0029	0.4167	0	0.0093
0.0093	0.0312	0.0193	-0.0519	0.1169	0.8524	-0.5229	-0.0029	56	58	24	2	2	0.01	0.05	0	0.01
0.0093	0.0366	0.0207	-0.0524	0.1251	-0.2455	0.1106	-0.9631	57	0	24	2	3	0.01	0.05	0	0.01
0.011	0.029	-0.1021	0.0326	-0.0614	-0.0742	0.7837	0.6167	37	60	26	3	1	0.0095	0.275	0	0.0208
0.011	0.0015	-0.0986	0.0671	-0.0527	0.1575	-0.6559	-0.7382	59	61	26	3	2	0.0011	0.4167	0	0.011
0.011	0.0168	-0.1022	0.0673	-0.0566	0.5725	0.6285	-0.5266	60	0	26	3	3	0.01	0.05	0	0.01
0.0074	0.0814	0.0178	0.0203	0.0054	0.6892	0.4445	-0.5723	45	63	15	3	1	0.0017	0.4583	0	0.0074
0.0074	0.0059	0.0659	0.0606	-0.0452	0.5877	0.6329	-0.5041	62	0	15	3	2	0.01	0.05	0	0.01
0.0112	0.0326	0.0072	0.0846	-0.0179	-0.6185	-0.7857	-0.007	48	65	21	3	1	0.0025	0.4167	0	0.0112
0.0112	0.0048	-0.0119	0.0678	-0.0215	-0.98	0.1629	0.1148	64	66	21	3	2	0.01	0.05	0	0.01
0.0112	0.0034	-0.0197	0.0667	-0.0202	-0.3561	0.1983	-0.9131	65	0	21	3	3	0.01	0.05	0	0.01
