radius (m)	length (m)	start_point	axis_direction	parent	extension	branch	branch_order	position_in_branch	mad	SurfCov	added	UnmodRadius (m)
0.0118	0.0895	0.1364	-0.1487	-0.1471	0.9131	-0.3302	0.2392	0	2	1	0	1	0.0026	0.5833	0	0.0118
0.0114	0.0516	0.216	-0.1792	-0.121	0.9001	-0.2372	0.3653	1	3	1	0	2	0.0011	0.3333	0	0.0114
0.01	0.0039	0.2552	-0.1965	-0.1066	0.6825	-0.5094	-0.5241	2	4	1	0	3	0.01	0.05	0	0.01
0.0129	0.0538	0.2518	-0.1989	-0.0966	0.7259	-0.5974	0.3407	3	5	1	0	4	0.0029	0.25	0	0.0352
0.0126	0.0317	0.2885	-0.2273	-0.0751	-0.3427	-0.715	0.6093	4	6	1	0	5	0.001	0.2917	0	0.0143
0.008	0.0282	0.2663	-0.2325	-0.0672	-0.3833	0.3214	0.8659	5	7	1	0	6	0.0059	0.5	0	0.0076
0.0099	0.0284	0.2706	-0.2191	-0.0553	-0.1202	0.9733	0.1957	6	8	1	0	7	0.01	0.05	0	0.01
0.0112	0.0097	0.2646	-0.2315	-0.0453	-0.9763	0.0844	0.1993	7	0	1	0	8	0.0027	0.2917	0	0.0139
0.0101	0.0335	0.1228	-0.1362	-0.1416	-0.7057	0.6492	0.2836	1	10	90	1	1	0.0021	0.5417	1	0.0101
0.0101	0.0515	0.0992	-0.1144	-0.1321	0.3257	-0.1179	0.9381	9	11	90	1	2	0.0021	0.5417	0	0.0101
0.011	0.01	0.1177	-0.1282	-0.0717	-0.7787	0.4739	0.4111	10	12	90	1	3	0.0013	0.375	0	0.013
0.0107	0.0225	0.1098	-0.1239	-0.0623	-0.5499	0.8324	0.0688	11	13	90	1	4	0.0016	0.2917	0	0.0107
0.0109	0.263	0.0972	-0.1053	-0.0608	-0.5273	0.8422	-0.1125	12	14	90	1	5	0.0016	0.3125	0	0.0124
0.0111	0.0416	-0.0344	0.1115	-0.085	-0.2444	0.5502	0.7984	13	15	90	1	6	0.0021	0.5833	0	0.0139
0.0108	0.0223	-0.0428	0.1268	-0.0496	-0.5685	0.0941	0.8173	14	16	90	1	7	0.0014	0.2917	0	0.014
0.0092	0.0528	-0.0408	0.1366	-0.0307	-0.465	0.8636	0.1946	15	17	90	1	8	0.0031	0.4688	0	0.0092
0.0108	0.0212	-0.074	0.1771	-0.029	-0.4882	0.8723	-0.0282	16	18	90	1	9	0.0051	0.5938	0	0.0109
0.009	0.0277	-0.0851	0.1952	-0.0278	-0.5095	0.86	-0.0288	17	19	90	1	10	0.0011	0.375	0	0.009
0.0106	0.0275	-0.1017	0.2173	-0.0226	-0.5729	0.8196	0.0027	18	20	90	1	11	0.0016	0.2083	0	0.0116
0.0106	0.0419	-0.1138	0.2404	-0.0209	-0.3098	0.8533	0.4195	19	21	90	1	12	0.0009	0.3333	0	0.011
0.0077	0.0299	-0.1345	0.2733	-0.0049	-0.3783	0.9065	0.1874	20	22	90	1	13	0.0058	0.4063	0	0.0054
0.0076	0.0185	-0.1422	0.2775	0.0172	-0.9258	0.1139	0.3605	21	23	90	1	14	0.0092	0.5	0	0.0071
0.0076	0.0137	-0.1642	0.3034	0.0113	-0.8374	0.1125	0.5349	22	24	90	1	15	0.0082	0.4583	0	0.0051
0.011	0.0191	-0.1591	0.3076	0.0239	-0.1736	0.9839	0.0426	23	25	90	1	16	0.0058	0.5833	0	0.0118
0.0102	0.025	-0.1717	0.3311	0.0227	0.4388	0.8973	0.0479	24	26	90	1	17	0.0089	0.5	0	0.0104
0.0101	0.0335	-0.1625	0.3492	0.0155	-0.3174	0.8698	-0.3777	25	27	90	1	18	0.0008	0.25	0	0.0108
0.0098	0.0378	-0.1629	0.3773	0.0005	-0.089	0.7224	-0.6858	26	28	90	1	19	0.0056	0.3438	0	0.01
0.0071	0.0284	-0.1685	0.4048	-0.0262	0.2817	0.71	-0.6454	27	29	90	1	20	0.003	0.625	0	0.006
0.0082	0.0136	-0.1525	0.416	-0.0503	0.2265	0.6625	-0.714	28	30	90	1	21	0.0055	0.4583	0	0.0082
0.0102	0.0256	-0.165	0.4399	-0.0569	0.2404	0.4331	-0.8687	29	31	90	1	22	0.0015	0.375	0	0.0143
0.0101	0.0246	-0.1669	0.4567	-0.0679	-0.3198	0.7318	-0.6019	30	32	90	1	23	0.0069	0.3	0	0.0194
0.0109	0.0182	-0.1743	0.4742	-0.0819	-0.5862	0.478	0.6541	31	33	90	1	24	0.0064	0.625	0	0.0117
0.0101	0.0663	-0.1869	0.4804	-0.0775	-0.5714	0.8111	-0.1249	32	34	90	1	25	0.0034	0.375	0	0.0171
0.0091	0.0527	-0.2218	0.5345	-0.0764	-0.6016	0.7826	0.1603	33	35	90	1	26	0.0012	0.375	0	0.0095
0.0063	0.0186	-0.259	0.572	-0.0689	-0.5682	0.821	0.0555	34	36	90	1	27	0.003	0.4688	0	0.006
0.009	0.0536	-0.2722	0.585	-0.0751	-0.7669	0.6367	0.0805	35	37	90	1	28	0.0046	0.15	0	0.0311
0.0081	0.0029	-0.3116	0.6083	-0.0707	-0.9816	-0.1517	-0.1163	36	38	90	1	29	0.01	0.05	0	0.01
0.0085	0.0341	-0.3259	0.6074	-0.0712	-0.0232	0.8439	-0.5359	37	39	90	1	30	0.0006	0.375	0	0.0091
0.0079	0.0162	-0.3234	0.6353	-0.0952	-0.036	0.9846	-0.1709	38	0	90	1	31	0.01	0.05	0	0.01
0.0119	0.0785	0.2889	-0.2425	-0.0779	0.2799	-0.7003	-0.6567	5	41	19	1	1	0.0018	0.098	1	0.0766
0.0119	0.0535	0.2951	-0.2387	-0.1045	-0.8886	-0.0438	-0.4566	40	42	19	1	2	0.0012	0.125	0	0.0766
0.0118	0.1757	0.2754	-0.2614	-0.1382	-0.4749	-0.8082	0.3482	41	43	19	1	3	0.002	0.25	0	0.0272
0.0104	0.0308	0.1959	-0.4087	-0.083	-0.5885	-0.7574	0.2827	42	44	19	1	4	0.01	0.05	0	0.01
0.0104	0.032	0.1834	-0.4248	-0.0627	-0.2804	-0.7489	0.6005	43	45	19	1	5	0.0011	0.4167	0	0.0104
0.0104	0.0168	0.1931	-0.4283	-0.0368	0.12	-0.4052	0.9063	44	46	19	1	6	0.01	0.05	0	0.01
0.0104	0.0339	0.1842	-0.4169	-0.0551	-0.3603	-0.8638	-0.3521	45	47	19	1	7	0.0007	0.3333	0	0.0077
0.0104	0.0477	0.1772	-0.4427	-0.0722	-0.0151	-0.8223	-0.5689	46	48	19	1	8	0.01	0.05	0	0.01
0.0104	0.0311	0.1578	-0.4728	-0.0755	-0.5348	-0.8394	-0.0974	47	49	19	1	9	0.01	0.05	0	0.01
0.0104	0.0191	0.1376	-0.4955	-0.0808	-0.6321	-0.7591	-0.1556	48	50	19	1	10	0.01	0.05	0	0.01
0.0104	0.0163	0.1579	-0.4959	-0.0891	0.2607	-0.8033	-0.5355	49	0	19	1	11	0.01	0.05	0	0.01
0.0113	0.0682	0.2872	-0.2476	-0.0732	-0.2998	-0.8357	0.4601	5	52	38	1	1	0.0021	0.375	0	0.016
0.01	0.0045	0.2662	-0.309	-0.0587	-0.5526	-0.8019	0.2271	51	53	38	1	2	0.01	0.05	0	0.01
0.0098	0.0336	0.2665	-0.313	-0.0562	-0.4536	-0.6122	0.6477	52	54	38	1	3	0.0011	0.3333	0	0.0098
0.0092	0.0395	0.246	-0.3225	-0.0292	0.2582	-0.3093	0.9153	53	55	38	1	4	0.001	0.375	0	0.0092
0.0097	0.0281	0.2563	-0.3272	0.0092	-0.3557	-0.264	0.8965	54	56	38	1	5	0.0008	0.375	0	0.0097
0.0088	0.0758	0.2418	-0.351	0.017	-0.4964	-0.5633	0.6605	55	57	38	1	6	0.0064	0.325	0	0.0088
0.01	0.0516	0.208	-0.4003	0.0518	-0.3979	-0.8748	0.2765	56	58	38	1	7	0.01	0.05	0	0.01
0.0085	0.0437	0.1905	-0.4237	0.092	-0.3555	-0.6949	0.6251	57	59	38	1	8	0.0009	0.4167	0	0.0085
0.0086	0.0427	0.167	-0.4375	0.0588	-0.6173	-0.7756	-0.1323	58	60	38	1	9	0.001	0.3333	0	0.0086
0.0105	0.0578	0.1581	-0.4809	0.0656	-0.3977	-0.8982	-0.1871	59	61	38	1	10	0.0041	0.4583	0	0.0106
0.0108	0.0445	0.1168	-0.4645	0.0704	-0.8993	-0.3108	0.3078	60	62	38	1	11	0.0014	0.2917	0	0.0131
0.0082	0.0599	0.1301	-0.4899	0.0377	-0.6092	-0.5616	-0.5598	61	63	38	1	12	0.0078	0.5	0	0.0082
0.0105	0.0168	0.1515	-0.4855	0.0221	0.5764	-0.6325	-0.5174	62	64	38	1	13	0.0065	0.3438	0	0.0113
0.0071	0.012	0.1429	-0.4966	0.0166	-0.1434	-0.4402	-0.8864	63	65	38	1	14	0.0037	0.5	0	0.0065
0.008	0.0522	0.1456	-0.5031	0.003	-0.5833	-0.4154	-0.698	64	66	38	1	15	0.0007	0.375	0	0.008
0.0101	0.0362	0.1115	-0.5189	-0.0259	0.2345	-0.7049	0.6695	65	67	38	1	16	0.0017	0.25	0	0.0141
0.0105	0.0212	0.0928	-0.517	-0.012	-0.1628	0.203	0.9655	66	68	38	1	17	0.008	0.375	0	0.0133
0.0092	0.0121	0.0837	-0.5274	0.0031	-0.9292	0.2659	0.2566	67	69	38	1	18	0.0034	0.4688	0	0.0095
0.0086	0.0059	0.0746	-0.5253	0.004	-0.6807	-0.636	-0.3635	68	70	38	1	19	0.01	0.05	0	0.01
0.0084	0.0435	0.0706	-0.5291	0.0018	0.0299	-0.7636	-0.6451	69	71	38	1	20	0.01	0.05	0	0.01
0.0082	0.0296	0.0719	-0.5623	-0.0263	-0.0381	-0.3664	-0.9297	70	0	38	1	21	0.01	0.05	0	0.01
0.0084	0.0847	0.1317	-0.1434	-0.1345	0.6609	-0.5329	0.5285	9	73	2	2	1	0.0032	0.4583	1	0.0084
0.0084	0.0836	0.1877	-0.1885	-0.0898	-0.0684	-0.0685	0.9953	72	74	2	2	2	0.0032	0.4583	0	0.0084
0.0069	0.0307	0.1831	-0.1981	-0.0071	-0.2952	-0.1977	0.9348	73	75	2	2	3	0.003	0.5833	0	0.0069
0.0085	0.059	0.1902	-0.2164	0.0173	-0.1768	-0.5208	0.8352	74	76	2	2	4	0.0048	0.35	0	0.0085
0.0089	0.0496	0.1759	-0.2562	0.0517	0.0317	-0.8578	0.513	75	77	2	2	5	0.01	0.05	0	0.01
0.0092	0.0105	0.1688	-0.2506	0.0766	-0.1654	-0.0172	0.9861	76	78	2	2	6	0.0052	0.225	0	0.0171
0.0091	0.048	0.1633	-0.2568	0.0874	0.0733	0.0387	0.9966	77	79	2	2	7	0.0011	0.3333	0	0.0097
0.009	0.0287	0.1683	-0.2716	0.1274	-0.0238	-0.4303	0.9024	78	80	2	2	8	0.0064	0.075	0	0.016
0.0089	0.0328	0.1537	-0.2775	0.1544	-0.3091	-0.7608	0.5706	79	81	2	2	9	0.0099	0.3125	0	0.0104
0.0083	0.0429	0.1384	-0.2876	0.1672	-0.6089	0.0971	0.7873	80	82	2	2	10	0.01	0.05	0	0.01
0.0081	0.0462	0.1499	-0.2962	0.1675	0.4053	-0.6049	0.6854	81	0	2	2	11	0.01	0.05	0	0.01
0.0096	0.122	0.1243	-0.1389	-0.1321	0.1491	-0.2721	0.9507	9	84	3	2	1	0.001	0.3333	1	0.0127
0.0089	0.0347	0.1425	-0.1721	-0.0161	-0.3602	0.3956	0.8448	83	85	3	2	2	0.001	0.3333	0	0.0127
0.0083	0.0354	0.1321	-0.1853	0.0084	-0.0928	-0.1853	0.9783	84	86	3	2	3	0.0075	0.3438	0	0.0108
0.0058	0.0289	0.1429	-0.1865	0.0323	0.6067	-0.6425	0.4682	85	87	3	2	4	0.01	0.05	0	0.01
0.0047	0.0146	0.1328	-0.1834	0.0337	-0.5847	-0.3325	0.74	86	88	3	2	5	0.0053	0.225	0	0.01
0.0036	0.0122	0.124	-0.1883	0.0434	-0.8095	0.5578	0.183	87	0	3	2	6	0.0012	0.1	0	0.01
0.0025	0.0471	0.1163	-0.119	-0.0691	0.5346	-0.7852	0.3125	12	90	4	2	1	0.0045	0.1	1	0.01
0.0025	0.0185	0.1203	-0.1475	-0.0255	0.6254	-0.4948	0.6034	89	0	4	2	2	0.0045	0.175	0	0.01
0.0104	0.0432	0.0865	-0.0963	-0.0522	-0.3198	-0.2856	0.9034	13	92	5	2	1	0.0032	0.625	0	0.0132
0.0104	0.0239	0.0781	-0.1241	-0.0072	-0.7386	-0.0021	0.6741	91	93	5	2	2	0.0081	0.5833	0	0.0124
0.0099	0.0292	0.061	-0.1233	0.0102	0.0313	-0.8529	0.5211	92	94	5	2	3	0.0045	0.7083	0	0.0099
0.0099	0.0306	0.0739	-0.1444	0.0273	0.026	-0.5051	0.8627	93	95	5	2	4	0.004	0.3438	0	0.0087
0.01	0.0272	0.081	-0.1522	0.0369	0.9247	-0.3248	0.1983	94	96	5	2	5	0.01	0.05	0	0.01
0.0102	0.0035	0.0928	-0.1746	0.051	0.7689	-0.4803	0.4219	95	97	5	2	6	0.0012	0.375	0	0.0134
0.0099	0.0085	0.0881	-0.1679	0.0572	0.487	0.7136	-0.5036	96	98	5	2	7	0.01	0.05	0	0.01
0.0099	0.0058	0.0956	-0.161	0.0543	-0.3685	0.8333	0.412	97	0	5	2	8	0.01	0.05	0	0.01
0.0072	0.0284	-0.0442	0.1188	-0.0554	-0.3135	-0.3937	0.8641	14	100	6	2	1	0.0021	0.4583	1	0.0072
0.0072	0.0546	-0.0531	0.1076	-0.0308	-0.7763	0.1031	0.6219	99	101	6	2	2	0.0021	0.4583	0	0.0072
0.0092	0.0399	-0.0948	0.1146	0.0048	-0.6866	-0.3918	0.6125	100	102	6	2	3	0.0009	0.2917	0	0.01
0.0095	0.0476	-0.1233	0.1153	0.0267	-0.9935	-0.0837	-0.0773	101	103	6	2	4	0.0013	0.3333	0	0.014
0.0083	0.0034	-0.1678	0.1003	0.0265	-0.9274	-0.1247	0.3526	102	104	6	2	5	0.01	0.05	0	0.01
0.008	0.031	-0.171	0.0999	0.0277	-0.1308	0.9911	0.0265	103	0	6	2	6	0.01	0.05	0	0.01
0.0101	0.1229	0.0568	-0.0287	-0.0618	-0.6878	0.6843	0.2423	13	106	91	2	1	0.003	0.5	0	0.0101
0.0104	0.0355	-0.0269	0.0447	-0.0307	-0.2746	0.0936	0.957	105	107	91	2	2	0.0011	0.2917	0	0.0132
0.0099	0.0312	-0.028	0.0476	0.0038	-0.0582	-0.9807	0.1869	106	108	91	2	3	0.001	0.5417	0	0.0099
0.0098	0.0438	-0.0252	0.0078	0.0026	-0.1917	-0.6535	0.7322	107	109	91	2	4	0.0013	0.4167	0	0.0098
0.0103	0.0339	-0.0238	-0.0281	0.017	0.454	-0.7055	0.5442	108	110	91	2	5	0.0012	0.3333	0	0.0105
0.0098	0.0495	-0.0204	-0.0567	0.0432	0.4238	-0.8993	0.1079	109	111	91	2	6	0.0066	0.3438	0	0.009
0.0103	0.0253	0.0148	-0.0996	0.0388	0.3515	-0.8612	0.367	110	112	91	2	7	0.0053	0.375	0	0.0168
0.0098	0.0305	0.0069	-0.1275	0.0554	0.4181	-0.8803	0.224	111	113	91	2	8	0.0075	0.375	0	0.0097
0.0102	0.0323	0.0072	-0.148	0.077	-0.1397	-0.9477	0.2869	112	114	91	2	9	0.0067	0.2708	0	0.0109
0.01	0.0296	-0.0014	-0.1619	0.0915	-0.5034	-0.3665	0.7825	113	115	91	2	10	0.01	0.05	0	0.01
0.0098	0.0581	0.0084	-0.1848	0.0896	0.186	-0.8011	0.5689	114	116	91	2	11	0.0013	0.3333	0	0.0096
0.0102	0.0263	0.0173	-0.2349	0.1174	0.5076	-0.7913	0.3408	115	117	91	2	12	0.0028	0.25	0	0.0162
0.0099	0.0008	0.0416	-0.2472	0.124	0.6165	-0.6814	0.3946	116	118	91	2	13	0.01	0.05	0	0.01
0.0099	0.0127	0.0431	-0.2583	0.1211	0.9497	-0.0076	0.313	117	119	91	2	14	0.01	0.05	0	0.01
0.0099	0.0246	0.0551	-0.2584	0.1251	0.5744	-0.7853	0.2311	118	0	91	2	15	0.01	0.05	0	0.01
0.0105	0.0321	-0.0391	0.1173	-0.0936	-0.412	0.5165	-0.7506	14	121	16	2	1	0.0028	0.3438	1	0.0152
0.0102	0.1006	-0.0557	0.133	-0.1174	-0.191	0.8372	0.5125	120	122	16	2	2	0.0062	0.3	0	0.0152
0.0094	0.0509	-0.087	0.2176	-0.0836	-0.1525	0.98	0.1275	121	123	16	2	3	0.0014	0.375	0	0.0109
0.0078	0.0449	-0.0842	0.2667	-0.0829	-0.1873	0.8689	-0.4582	122	124	16	2	4	0.0013	0.25	0	0.0119
0.0045	0.0095	-0.1003	0.3084	-0.1014	0.1513	0.8357	-0.528	123	0	16	2	5	0.01	0.05	0	0.01
0.008	0.0406	-0.0918	0.1968	-0.0204	-0.1406	0.3824	0.9132	18	126	24	2	1	0.0017	0.4583	0	0.008
0.008	0.0312	-0.0985	0.21	0.0116	-0.0033	-0.9054	0.4246	125	0	24	2	2	0.0016	0.375	0	0.0079
0.0073	0.0527	-0.1326	0.2884	-0.001	0.7809	-0.6193	-0.0819	21	128	25	2	1	0.0026	0.5	1	0.0143
0.0073	0.0535	-0.0955	0.2528	-0.004	-0.602	0.7888	-0.124	127	129	25	2	2	0.0053	0.275	0	0.0143
0.0073	0.0113	-0.126	0.2891	-0.0188	-0.169	0.7824	-0.5994	128	130	25	2	3	0.01	0.05	0	0.01
0.0073	0.0251	-0.1279	0.298	-0.0256	-0.5728	0.5732	-0.586	129	0	25	2	4	0.01	0.05	0	0.01
0.0099	0.0276	-0.1247	0.2454	-0.0098	-0.6276	-0.5852	0.5135	20	132	27	2	1	0.0023	0.4583	1	0.0099
0.0099	0.0435	-0.142	0.2293	0.0043	-0.0671	-0.5619	0.8245	131	133	27	2	2	0.0023	0.4583	0	0.0099
0.0099	0.0097	-0.1498	0.2004	0.0342	-0.6846	-0.1883	0.7042	132	0	27	2	3	0.01	0.05	0	0.01
0.0078	0.0498	-0.1215	0.2646	0.0025	-0.8389	-0.4218	0.344	20	135	28	2	1	0.0016	0.4167	0	0.0078
0.0078	0.0601	-0.1623	0.2432	0.0194	-0.2563	-0.8558	0.4494	134	136	28	2	2	0.0007	0.2917	0	0.0074
0.0095	0.0461	-0.175	0.1909	0.0336	-0.1897	-0.9815	0.0268	135	137	28	2	3	0.0012	0.2917	0	0.0115
0.0091	0.0297	-0.1905	0.1516	0.0372	-0.6618	-0.7497	0.0052	136	138	28	2	4	0.01	0.05	0	0.01
0.0094	0.0132	-0.2078	0.1271	0.0311	-0.413	-0.8968	0.1586	137	139	28	2	5	0.0035	0.225	0	0.0183
0.0084	0.0502	-0.2141	0.1151	0.0344	0.3177	-0.9384	0.1357	138	140	28	2	6	0.0012	0.25	0	0.0084
0.0086	0.0551	-0.205	0.0663	0.0417	0.2494	-0.962	0.1108	139	141	28	2	7	0.01	0.05	0	0.01
0.0084	0.0038	-0.2032	0.074	0.0416	-0.9568	-0.2085	-0.2024	140	0	28	2	8	0.01	0.05	0	0.01
0.013	0.0327	-0.178	0.3054	0.03	-0.2297	-0.9361	0.2663	25	143	30	2	1	0.0011	0.4167	1	0.013
0.013	0.0216	-0.1855	0.2748	0.0387	0.3002	-0.9304	-0.2104	142	144	30	2	2	0.0011	0.4167	0	0.013
0.013	0.0109	-0.1733	0.2564	0.0339	0.2711	-0.9298	-0.249	143	0	30	2	3	0.01	0.05	0	0.01
0.0091	0.044	-0.1725	0.3821	-0.0106	0.3766	-0.8433	-0.3833	27	146	31	2	1	0.0025	0.4167	0	0.0091
0.0091	0.0363	-0.1569	0.354	-0.0151	0.6514	-0.5887	0.4787	145	0	31	2	2	0.01	0.05	0	0.01
0.0097	0.0373	-0.1563	0.4353	-0.0633	0.7435	-0.6146	-0.2635	30	148	34	2	1	0.0032	0.4167	1	0.0135
0.0097	0.0488	-0.1285	0.4124	-0.0731	0.0221	-0.7776	-0.6283	147	149	34	2	2	0.0032	0.4167	0	0.0135
0.0097	0.0131	-0.1138	0.3866	-0.0936	0.6178	-0.7791	0.1062	148	150	34	2	3	0.01	0.05	0	0.01
0.0097	0.0343	-0.1058	0.3765	-0.0922	-0.9856	0.127	-0.1119	149	0	34	2	4	0.01	0.05	0	0.01
0.0096	0.0651	-0.2037	0.5028	-0.0912	0.5346	-0.8124	-0.2328	33	152	35	2	1	0.003	0.5	1	0.0103
0.0096	0.047	-0.1689	0.4499	-0.1063	0.6681	-0.7255	-0.1652	151	153	35	2	2	0.003	0.5	0	0.0103
0.0096	0.0201	-0.1402	0.4113	-0.1109	0.8444	-0.5336	-0.0476	152	154	35	2	3	0.01	0.05	0	0.01
0.0096	0.0075	-0.1307	0.4291	-0.1097	0.9421	0.2281	0.2459	153	0	35	2	4	0.0018	0.375	0	0.0107
0.0091	0.0733	-0.1839	0.4768	-0.0785	-0.3464	-0.0388	0.9373	31	156	36	2	1	0.0027	0.5417	0	0.0091
0.0096	0.0457	-0.2231	0.4743	0.0064	-0.3413	-0.9009	-0.2681	155	157	36	2	2	0.0082	0.25	0	0.0252
0.0096	0.0338	-0.2506	0.4476	0.0101	-0.4703	-0.7986	0.3755	156	158	36	2	3	0.0034	0.2	0	0.0204
0.0091	0.0315	-0.2582	0.4155	0.0157	0.0733	-0.7691	0.6349	157	159	36	2	4	0.0006	0.3333	0	0.0065
0.0095	0.0251	-0.2606	0.3914	0.0326	-0.1774	-0.9465	0.2694	158	160	36	2	5	0.01	0.05	0	0.01
0.0095	0.0297	-0.2505	0.3704	0.0344	0.3385	-0.764	0.5493	159	161	36	2	6	0.0009	0.375	0	0.0105
0.0094	0.0169	-0.2335	0.3502	0.0473	0.1839	-0.9288	-0.3218	160	162	36	2	7	0.01	0.05	0	0.01
0.0091	0.054	-0.239	0.3405	0.0522	0.1701	-0.7835	0.5977	161	163	36	2	8	0.0008	0.4167	0	0.0091
0.0092	0.0736	-0.2503	0.3022	0.062	-0.4267	-0.874	0.2324	162	164	36	2	9	0.0092	0.3	0	0.0092
0.0093	0.0319	-0.2812	0.2361	0.0697	-0.431	-0.891	0.1429	163	0	36	2	10	0.0004	0.075	0	0.0196
0.0107	0.0615	-0.2026	0.4838	-0.0776	-0.3349	0.713	0.616	33	166	37	2	1	0.003	0.5833	0	0.0107
0.0107	0.0559	-0.2307	0.5187	-0.0326	-0.8164	0.5562	-0.1553	165	167	37	2	2	0.001	0.3333	0	0.0137
0.0107	0.0319	-0.2669	0.5656	-0.0374	-0.8497	0.5228	-0.0684	166	168	37	2	3	0.0011	0.2083	0	0.0087
0.0107	0.0016	-0.289	0.5862	-0.0369	-0.5796	0.8079	-0.1067	167	169	37	2	4	0.01	0.05	0	0.01
0.0107	0.022	-0.2967	0.5898	-0.0352	-0.3613	-0.4101	-0.8374	168	170	37	2	5	0.0017	0.375	0	0.0113
0.0107	0.0105	-0.3123	0.5841	-0.0395	-0.7019	0.5079	-0.4993	169	171	37	2	6	0.01	0.05	0	0.01
0.0107	0.0157	-0.3197	0.5895	-0.0448	-0.1326	-0.0105	-0.9911	170	0	37	2	7	0.01	0.05	0	0.01
0.0155	0.1193	0.2785	-0.2473	-0.0805	-0.3329	-0.9422	0.0369	51	173	49	2	1	0.0028	0.4583	0	0.0155
0.0155	0.0172	0.2319	-0.3508	-0.0716	-0.4763	0.0693	-0.8765	172	174	49	2	2	0.01	0.05	0	0.01
0.0155	0.0232	0.2246	-0.3537	-0.1003	-0.9459	-0.3221	0.0386	173	0	49	2	3	0.0013	0.1	0	0.01
0.0102	0.0353	0.2493	-0.3379	-0.0116	-0.2184	-0.565	-0.7957	54	176	54	2	1	0.0023	0.4167	0	0.0102
0.0102	0.0572	0.2334	-0.354	-0.0379	-0.3769	-0.8994	0.2213	175	177	54	2	2	0.003	0.225	0	0.0051
0.0102	0.0213	0.2044	-0.4024	-0.0234	-0.4304	-0.7389	-0.5185	176	0	54	2	3	0.01	0.05	0	0.01
0.0107	0.0284	0.2498	-0.3216	0.024	0.1917	0.8862	-0.4219	55	179	67	2	1	0.0014	0.4167	0	0.0107
0.0107	0.0331	0.2613	-0.2996	0.0247	0.2571	0.9587	0.1218	178	180	67	2	2	0.0012	0.3333	0	0.0085
0.0107	0.0178	0.2699	-0.2672	0.0338	-0.7937	0.6051	-0.0629	179	0	67	2	3	0.01	0.05	0	0.01
0.0096	0.084	0.2353	-0.3554	0.0351	-0.5905	-0.2622	0.7633	56	182	70	2	1	0.003	0.4583	0	0.0096
0.0096	0.0373	0.1968	-0.3792	0.09	0.023	0.9863	-0.1637	181	183	70	2	2	0.0014	0.2917	0	0.0103
0.0096	0.0029	0.1877	-0.3431	0.0878	-0.1542	0.961	-0.2297	182	184	70	2	3	0.01	0.05	0	0.01
0.0096	0.0476	0.1873	-0.3403	0.0872	0.0161	0.8722	0.489	183	185	70	2	4	0.01	0.05	0	0.01
0.0096	0.0358	0.1881	-0.2988	0.1104	-0.8963	0.2484	-0.3673	184	0	70	2	5	0.01	0.05	0	0.01
0.0099	0.0802	0.1485	-0.4769	0.0669	0.2802	0.9254	0.255	60	187	76	2	1	0.0044	0.275	0	0.0229
0.0099	0.0544	0.1554	-0.4209	0.0974	-0.7377	0.671	0.0749	186	188	76	2	2	0.0042	0.25	0	0.017
0.0099	0.0205	0.1188	-0.3873	0.1078	-0.8897	-0.2308	0.394	187	189	76	2	3	0.01	0.05	0	0.01
0.0099	0.0224	0.1005	-0.392	0.1159	-0.6702	-0.2602	0.6951	188	0	76	2	4	0.01	0.05	0	0.01
0.0095	0.0214	0.1512	-0.4612	0.0467	0.4964	0.2032	-0.844	59	191	78	2	1	0.0012	0.4167	1	0.0095
0.0095	0.0622	0.1618	-0.4569	0.0286	0.2074	0.4739	-0.8558	190	192	78	2	2	0.0012	0.4167	0	0.0095
0.0095	0.0408	0.1776	-0.4417	-0.023	-0.2486	-0.1607	-0.9552	191	193	78	2	3	0.0035	0.375	0	0.009
0.0095	0.0398	0.1673	-0.4523	-0.0596	-0.1341	-0.5117	-0.8487	192	194	78	2	4	0.01	0.05	0	0.01
0.0095	0.0148	0.1798	-0.4423	-0.0749	0.4566	0.2512	-0.8534	193	0	78	2	5	0.01	0.05	0	0.01
0.0068	0.0404	0.1382	-0.5006	-0.0071	-0.1928	-0.1625	-0.9677	64	196	84	2	1	0.0024	0.5417	1	0.0094
0.0068	0.051	0.1304	-0.5071	-0.0462	-0.5947	-0.7507	-0.2876	195	197	84	2	2	0.0024	0.5417	0	0.0094
0.0068	0.0318	0.0979	-0.5391	-0.0604	-0.945	-0.3272	0.0054	196	198	84	2	3	0.0073	0.625	0	0.0068
0.0068	0.0201	0.0622	-0.547	-0.0719	-0.8105	-0.5179	0.2737	197	199	84	2	4	0.003	0.15	0	0.0121
0.0068	0.0291	0.0541	-0.5478	-0.0747	-0.7385	0.0411	-0.673	198	200	84	2	5	0.01	0.05	0	0.01
0.0068	0.0145	0.051	-0.5511	-0.0724	-0.363	-0.9244	0.117	199	201	84	2	6	0.01	0.05	0	0.01
0.0068	0.0166	0.0457	-0.5645	-0.0708	0.5229	-0.1743	0.8344	200	0	84	2	7	0.01	0.05	0	0.01
0.0111	0.0249	0.19	-0.1962	-0.0031	0.905	-0.1616	-0.3936	73	203	11	3	1	0.0013	0.5417	1	0.0111
0.0111	0.0392	0.2125	-0.2003	-0.0128	0.538	-0.633	-0.5567	202	204	11	3	2	0.0013	0.5417	0	0.0111
0.0111	0.0164	0.2436	-0.2289	-0.022	0.7691	-0.0827	-0.6337	203	205	11	3	3	0.001	0.3333	0	0.0146
0.0111	0.0356	0.2669	-0.2246	-0.0355	0.457	-0.8881	-0.0499	204	206	11	3	4	0.0071	0.375	0	0.0087
0.0111	0.0217	0.2719	-0.2593	-0.0091	0.8817	-0.3522	0.3141	205	207	11	3	5	0.0068	0.375	0	0.0119
0.0111	0.0218	0.2777	-0.2654	0.0019	0.22	-0.4449	0.8682	206	208	11	3	6	0.0048	0.375	0	0.009
0.0111	0.0302	0.285	-0.2761	0.0211	-0.2315	-0.3196	0.9189	207	209	11	3	7	0.01	0.05	0	0.01
0.0111	0.0255	0.2696	-0.2902	0.0386	-0.5861	-0.4474	0.6755	208	210	11	3	8	0.01	0.05	0	0.01
0.0111	0.0252	0.2676	-0.3082	0.0558	-0.3183	-0.6258	0.7121	209	0	11	3	9	0.01	0.05	0	0.01
0.0071	0.0417	0.184	-0.2271	0.0505	-0.7631	0.5011	0.4081	75	212	50	3	1	0.0008	0.2917	0	0.0071
0.0076	0.0218	0.1528	-0.2048	0.06	-0.8703	0.4919	0.0234	211	213	50	3	2	0.01	0.05	0	0.01
0.0069	0.0251	0.1482	-0.1927	0.0707	-0.4728	0.6639	0.5793	212	214	50	3	3	0.01	0.05	0	0.01
0.0058	0.0244	0.156	-0.1961	0.066	-0.5689	-0.7864	0.2409	213	215	50	3	4	0.01	0.05	0	0.01
0.0042	0.0094	0.1351	-0.2184	0.0757	0.3969	-0.9178	-0.0149	214	0	50	3	5	0.01	0.05	0	0.01
0.0081	0.0272	0.1892	-0.2455	0.0629	0.989	-0.1219	0.0836	75	217	57	3	1	0.0032	0.375	1	0.0147
0.008	0.0535	0.2165	-0.25	0.0597	-0.1951	-0.9597	0.2021	216	218	57	3	2	0.0053	0.3	0	0.0147
0.0075	0.053	0.2099	-0.2976	0.0774	-0.4012	-0.6899	0.6026	217	219	57	3	3	0.0012	0.3333	0	0.0104
0.0059	0.0363	0.1836	-0.3352	0.0972	-0.4248	-0.8688	0.2544	218	220	57	3	4	0.01	0.05	0	0.01
0.0049	0.0235	0.1789	-0.3348	0.1197	-0.312	-0.2726	0.9101	219	221	57	3	5	0.002	0.15	0	0.01
0.0037	0.001	0.1873	-0.3475	0.1341	0.1313	-0.5614	0.817	220	0	57	3	6	0.0038	0.15	0	0.01
0.0096	0.051	0.1695	-0.2637	0.0964	-0.7028	-0.5231	0.4821	78	223	64	3	1	0.002	0.375	0	0.0136
0.0096	0.0609	0.133	-0.2983	0.1049	-0.2131	-0.8726	0.4395	222	224	64	3	2	0.0011	0.4167	0	0.0096
0.0096	0.0195	0.1326	-0.3515	0.1292	0.1055	-0.816	0.5684	223	225	64	3	3	0.01	0.05	0	0.01
0.0096	0.0028	0.1183	-0.3546	0.1342	-0.6371	-0.5616	0.5279	224	226	64	3	4	0.01	0.05	0	0.01
0.0096	0.0235	0.1165	-0.3562	0.1357	-0.7421	-0.4908	0.4566	225	0	64	3	5	0.01	0.05	0	0.01
0.0181	0.0519	-0.0574	0.1136	-0.032	-0.7558	0.5123	0.4079	99	228	17	3	1	0.0012	0.3333	1	0.0175
0.0181	0.0358	-0.0966	0.1402	-0.0108	-0.7692	0.5002	0.3976	227	229	17	3	2	0.0012	0.3333	0	0.0175
0.0181	0.0244	-0.1176	0.1673	0.0058	-0.267	-0.054	0.9622	228	230	17	3	3	0.0011	0.3333	0	0.0132
0.0181	0.0236	-0.1212	0.1735	0.0323	-0.9398	0.3313	0.0833	229	231	17	3	4	0.0078	0.4167	0	0.0181
0.0181	0.0342	-0.1218	0.1849	0.0263	-0.2296	0.9551	-0.1872	230	232	17	3	5	0.0028	0.15	0	0.01
0.0181	0.0326	-0.1452	0.1634	0.021	-0.1436	0.0623	0.9877	231	0	17	3	6	0.0009	0.175	0	0.01
0.013	0.0457	-0.0535	0.1018	-0.0256	-0.2839	-0.6929	0.6628	100	234	92	3	1	0.0038	0.4583	0	0.013
0.013	0.0142	-0.0599	0.0758	0.009	-0.7371	0.4786	0.4771	233	235	92	3	2	0.01	0.05	0	0.01
0.013	0.0093	-0.0704	0.0827	0.0158	-0.4322	-0.8755	-0.2161	234	0	92	3	3	0.01	0.05	0	0.01
0.0092	0.0802	0.0032	0.0121	-0.0499	0.4087	-0.6071	-0.6815	105	237	7	3	1	0.0022	0.5	0	0.0092
0.0094	0.0247	0.0352	-0.041	-0.0969	0.4541	-0.7959	-0.4005	236	238	7	3	2	0.01	0.05	0	0.01
0.0095	0.0151	0.0346	-0.049	-0.1158	-0.3943	-0.777	-0.4907	237	239	7	3	3	0.0014	0.4167	0	0.0118
0.0092	0.0031	0.0349	-0.0538	-0.128	0.2626	-0.6956	-0.6688	238	240	7	3	4	0.01	0.05	0	0.01
0.0092	0.0169	0.0357	-0.056	-0.1301	-0.9087	0.4151	-0.0434	239	0	7	3	5	0.01	0.05	0	0.01
0.0114	0.0322	-0.0369	0.0354	0.0121	-0.7837	0.3336	0.5239	107	242	10	3	1	0.01	0.05	1	0.01
0.0114	0.0414	-0.0621	0.0461	0.029	-0.9571	0.2824	0.0654	241	243	10	3	2	0.01	0.05	0	0.01
0.0114	0.0084	-0.1123	0.0848	0.0278	-0.1086	0.0983	0.9892	242	244	10	3	3	0.01	0.05	0	0.01
0.0114	0.0508	-0.1099	0.0849	0.0374	-0.339	-0.8892	0.3074	243	245	10	3	4	0.0053	0.275	0	0.0407
0.0114	0.0212	-0.1308	0.0444	0.0568	-0.5588	-0.7337	0.3867	244	246	10	3	5	0.0009	0.4167	0	0.0114
0.0114	0.0004	-0.1457	0.037	0.0675	-0.2863	-0.379	0.88	245	247	10	3	6	0.01	0.05	0	0.01
0.0114	0.0233	-0.1449	0.0365	0.0669	-0.5684	-0.7417	-0.356	246	0	10	3	7	0.01	0.05	0	0.01
0.0089	0.0224	-0.0204	0.0128	0.0124	0.6957	-0.6644	0.273	107	249	93	3	1	0.0023	0.5	1	0.0089
0.0089	0.0492	-0.0048	-0.0022	0.0185	0.3802	-0.9007	-0.2101	248	250	93	3	2	0.0023	0.5	0	0.0089
0.0094	0.0381	0.0082	-0.059	0.003	0.4541	0.159	-0.8767	249	251	93	3	3	0.0014	0.375	0	0.0143
0.0092	0.0481	0.0344	-0.0471	-0.0258	0.0034	-0.6294	0.7771	250	252	93	3	4	0.0011	0.4583	0	0.0092
0.0092	0.0322	0.0386	-0.0766	0.0124	0.0034	-0.717	0.6971	251	253	93	3	5	0.01	0.05	0	0.01
0.0091	0.0287	0.0323	-0.0926	0.0388	-0.0482	-0.5257	0.8493	252	254	93	3	6	0.01	0.05	0	0.01
0.0089	0.0174	0.0265	-0.0864	0.028	-0.992	-0.1118	0.0592	253	0	93	3	7	0.01	0.05	0	0.01
0.0093	0.0537	0.0074	-0.2239	0.1147	-0.8179	0.347	0.4591	115	256	61	3	1	0.0032	0.5	0	0.0108
0.0093	0.0246	-0.0275	-0.1988	0.1351	-0.4203	0.8296	0.3675	255	257	61	3	2	0.01	0.05	0	0.01
0.0093	0.0131	-0.0323	-0.2051	0.1435	-0.5571	-0.1352	0.8193	256	258	61	3	3	0.01	0.05	0	0.01
0.0093	0.0159	-0.0369	-0.2057	0.142	-0.9623	-0.1487	-0.2277	257	0	61	3	4	0.01	0.05	0	0.01
0.0025	0.0491	-0.0699	0.1854	-0.0966	-0.1057	0.6978	-0.7084	121	260	21	3	1	0.0086	0.25	1	0.01
0.0025	0.0138	-0.0719	0.2286	-0.126	-0.5937	0.5654	-0.5725	259	261	21	3	2	0.0045	0.15	0	0.01
0.0025	0.0164	-0.0785	0.2357	-0.1349	-0.602	-0.3046	-0.7381	260	0	21	3	3	0.0042	0.175	0	0.01
0.0074	0.0534	-0.0972	0.2917	-0.0943	-0.232	0.0793	0.9695	123	263	23	3	1	0.0022	0.5833	0	0.0102
0.0074	0.0049	-0.1139	0.289	-0.0464	-0.4328	-0.219	0.8745	262	264	23	3	2	0.0041	0.625	0	0.0096
0.0074	0.0259	-0.1178	0.2876	-0.0412	0.4536	-0.237	0.8591	263	265	23	3	3	0.0011	0.3333	0	0.0097
0.0074	0.0147	-0.1027	0.278	-0.0189	0.1789	0.1897	0.9654	264	0	23	3	4	0.01	0.05	0	0.01
0.0074	0.0221	-0.1728	0.2172	0.0416	-0.2107	0.4899	0.846	135	267	59	3	1	0.0024	0.5833	1	0.0106
0.0074	0.0487	-0.1775	0.228	0.0603	-0.8028	0.3688	-0.4686	266	268	59	3	2	0.0024	0.5833	0	0.0106
0.0074	0.0497	-0.2092	0.26	0.0528	-0.8328	-0.1436	0.5346	267	269	59	3	3	0.0041	0.35	0	0.0128
0.0074	0.0192	-0.249	0.2538	0.0794	-0.2719	0.4105	0.8704	268	0	59	3	4	0.01	0.05	0	0.01
0.0043	0.1154	-0.2175	0.1169	0.0375	-0.4456	0.8655	0.229	139	271	75	3	1	0.0049	0.2333	0	0.0108
0.0025	0.0065	-0.2602	0.2114	0.0693	0.0118	0.7059	0.7082	270	272	75	3	2	0.0042	0.225	0	0.01
0.0025	0.0215	-0.262	0.2154	0.0765	-0.5462	0.8088	-0.2179	271	0	75	3	3	0.0016	0.075	0	0.01
0.0093	0.0565	-0.1219	0.3589	-0.0212	-0.3379	-0.0546	-0.9396	0	274	44	0	1	0.0031	0.4583	0	0.0143
0.0081	0.0217	-0.1384	0.3644	-0.0617	-0.5818	0.7237	-0.3712	273	275	44	0	2	0.0032	0.5	0	0.008
0.0082	0.0253	-0.1503	0.3785	-0.0677	-0.6974	0.4075	0.5895	274	0	44	0	3	0.01	0.05	0	0.01
0.0086	0.0135	-0.2317	0.4631	-0.0015	-0.254	0.8904	0.3778	157	277	45	3	1	0.0067	0.15	1	0.022
0.0086	0.0617	-0.2567	0.488	0.0281	-0.6595	-0.7241	-0.2019	276	278	45	3	2	0.003	0.25	0	0.022
0.006	0.0387	-0.3032	0.4491	0.0212	-0.7165	-0.6973	-0.0202	277	279	45	3	3	0.0034	0.5938	0	0.0056
0.0077	0.0142	-0.3161	0.4141	0.0203	-0.4739	-0.8804	-0.019	278	280	45	3	4	0.0059	0.4583	0	0.0078
0.0071	0.0295	-0.3313	0.402	0.0234	-0.081	-0.9942	-0.0711	279	281	45	3	5	0.01	0.05	0	0.01
0.0067	0.0323	-0.3138	0.3917	0.0276	0.6755	-0.733	0.0798	280	282	45	3	6	0.01	0.05	0	0.01
0.0063	0.003	-0.3188	0.3736	0.0307	-0.199	-0.9664	0.1625	281	0	45	3	7	0.01	0.05	0	0.01
0.0082	0.0903	-0.2068	0.4706	-0.0394	-0.8574	-0.1128	0.5021	155	284	46	3	1	0.002	0.4583	0	0.0082
0.0086	0.0292	-0.2713	0.4471	0.0144	-0.3752	-0.7296	-0.5717	283	285	46	3	2	0.0084	0.225	0	0.0226
0.0086	0.0835	-0.2847	0.4217	0.0078	0.9612	-0.2367	0.142	284	286	46	3	3	0.0016	0.3333	0	0.0101
0.0085	0.0536	-0.2088	0.3891	0.0117	0.8634	-0.4403	0.2463	285	287	46	3	4	0.01	0.05	0	0.01
0.0082	0.024	-0.184	0.3508	0.0198	0.5405	-0.8335	0.1142	286	288	46	3	5	0.0009	0.3333	0	0.0063
0.0085	0.0289	-0.1971	0.3466	0.0285	-0.1601	-0.5674	0.8077	287	289	46	3	6	0.0036	0.2	0	0.0342
0.0084	0.044	-0.1917	0.3251	0.0427	0.0877	-0.825	0.5583	288	290	46	3	7	0.01	0.05	0	0.01
0.0085	0.0225	-0.2089	0.3162	0.0589	-0.7542	-0.4297	0.4965	289	291	46	3	8	0.0039	0.3	0	0.0154
0.0083	0.0066	-0.2223	0.3061	0.0583	-0.6284	-0.7593	-0.1691	290	292	46	3	9	0.01	0.05	0	0.01
0.0082	0.023	-0.2255	0.301	0.0574	-0.257	-0.8044	0.5355	291	293	46	3	10	0.01	0.05	0	0.01
0.0082	0.0044	-0.232	0.2794	0.0665	0.8491	-0.4532	0.2713	292	294	46	3	11	0.01	0.05	0	0.01
0.0082	0.0144	-0.2282	0.2774	0.0677	0.572	-0.2558	-0.7793	293	0	46	3	12	0.01	0.05	0	0.01
0.0084	0.0422	-0.2522	0.3572	0.0496	-0.6307	0.6834	-0.3677	160	296	47	3	1	0.0018	0.375	0	0.0083
0.009	0.0131	-0.274	0.3821	0.0339	-0.6204	-0.775	-0.1204	295	297	47	3	2	0.01	0.05	0	0.01
0.009	0.0125	-0.2821	0.372	0.0323	-0.9202	-0.3589	-0.1564	296	298	47	3	3	0.01	0.05	0	0.01
0.009	0.0292	-0.2939	0.3676	0.0305	-0.4124	-0.9106	0.0259	297	0	47	3	4	0.01	0.05	0	0.01
0.0086	0.0523	-0.2698	0.5548	-0.0378	-0.2982	-0.6274	0.7193	167	300	48	3	1	0.0025	0.5	0	0.0086
0.0093	0.0269	-0.284	0.5165	-0.0085	-0.3603	-0.8032	0.4743	299	301	48	3	2	0.01	0.05	0	0.01
0.0092	0.0139	-0.2767	0.5059	-0.0082	0.559	-0.8286	0.0298	300	302	48	3	3	0.01	0.05	0	0.01
0.0091	0.0284	-0.2649	0.5011	-0.011	0.7861	-0.5727	-0.2325	301	303	48	3	4	0.01	0.05	0	0.01
0.0089	0.004	-0.2671	0.4864	0.0028	0.3028	-0.8537	0.4237	302	0	48	3	5	0.01	0.05	0	0.01
0.0091	0.0945	0.1608	-0.3011	0.0988	-0.0346	-0.9974	-0.0631	185	305	73	3	1	0.0026	0.375	1	0.0109
0.0084	0.0414	0.1576	-0.3953	0.0928	-0.2159	0.8448	0.4896	304	306	73	3	2	0.0026	0.375	0	0.0109
0.0073	0.0329	0.1428	-0.3538	0.1078	0.5837	0.7537	0.302	305	307	73	3	3	0.0065	0.275	0	0.0137
0.0051	0.0086	0.1526	-0.3296	0.1196	0.1161	0.5646	0.8171	306	308	73	3	4	0.01	0.05	0	0.01
0.0038	0.0171	0.1544	-0.3264	0.125	0.8249	0.5543	-0.1109	307	0	73	3	5	0.0047	0.175	0	0.01
0.0044	0.0474	0.2502	-0.197	-0.0448	-0.5985	0.1052	-0.7942	205	310	20	4	1	0.001	0.2917	0	0.0106
0.0045	0.0093	0.2273	-0.1944	-0.0788	0.6155	0.2565	-0.7452	309	0	20	4	2	0.0022	0.3333	0	0.0095
0.0051	0.0407	0.2668	-0.2674	-0.0035	-0.7308	0.3984	0.5543	206	312	51	4	1	0.0032	0.375	0	0.0096
0.0025	0.003	0.2457	-0.2458	0.0113	-0.4961	0.8668	0.0501	311	313	51	4	2	0.004	0.175	0	0.01
0.0025	0.0283	0.2445	-0.2428	0.0187	-0.3643	-0.9293	0.061	312	0	51	4	3	0.0019	0.125	0	0.01
0.0076	0.0273	0.2196	-0.2635	0.0568	0.485	-0.7392	-0.4673	217	315	62	4	1	0.0022	0.5833	1	0.0079
0.0076	0.0503	0.2329	-0.2837	0.044	0.4232	-0.8353	0.351	314	316	62	4	2	0.0022	0.5833	0	0.0079
0.0061	0.0147	0.2603	-0.324	0.0526	0.2736	-0.9617	0.0136	315	317	62	4	3	0.0056	0.5417	0	0.006
0.0076	0.0139	0.2654	-0.3347	0.0545	0.9167	-0.1234	-0.3801	316	0	62	4	4	0.01	0.05	0	0.01
0.0106	0.0224	-0.0723	0.0378	0.026	0.1566	-0.4288	0.8897	242	319	18	4	1	0.0018	0.4167	0	0.0108
0.0094	0.0398	-0.0853	0.0212	0.0392	0.2042	-0.8866	0.4149	318	320	18	4	2	0.0009	0.4167	0	0.0094
0.008	0.0344	-0.0691	-0.0158	0.0478	0.149	-0.9278	0.3421	319	321	18	4	3	0.0042	0.4063	0	0.008
0.0091	0.0189	-0.0682	-0.0269	0.0757	0.5817	-0.4237	0.6944	320	322	18	4	4	0.01	0.05	0	0.01
0.0085	0.013	-0.0697	-0.0357	0.0617	0.4348	-0.8833	-0.1751	321	0	18	4	5	0.01	0.05	0	0.01
0.0025	0.0718	-0.1861	0.2306	0.0644	-0.8379	-0.5386	-0.0888	266	324	63	4	1	0.01	0.05	0	0.01
0.0025	0.0039	-0.245	0.1926	0.058	-0.3579	0.7146	0.601	323	0	63	4	2	0.01	0.05	0	0.01
