radius (m)	length (m)	start_point	axis_direction	parent	extension	branch	branch_order	position_in_branch	mad	SurfCov	added	UnmodRadius (m)
0.0219	0.0879	-0.3285	-0.0922	-0.1313	0.5882	0.2314	0.7749	0	2	1	0	1	0.0039	0.75	0	0.0219
0.0248	0.0709	-0.2856	-0.0919	-0.0311	0.974	-0.1326	0.1838	1	3	1	0	2	0.0031	0.75	0	0.0248
0.0312	0.0559	-0.1932	-0.067	-0.0363	0.8558	-0.4838	0.1831	2	4	1	0	3	0.0051	0.7917	0	0.0312
0.0206	0.0672	-0.1369	-0.1189	-0.0065	0.9627	0.2515	-0.0999	3	5	1	0	4	0.0037	0.75	0	0.0206
0.0273	0.0977	-0.0854	-0.1081	-0.0195	0.4181	-0.9083	0.0114	4	6	1	0	5	0.0039	0.5938	0	0.0276
0.0271	0.0601	-0.0059	-0.1744	-0.0142	0.3863	-0.762	0.5198	5	7	1	0	6	0.0027	0.2917	0	0.0313
0.0206	0.0262	0.0178	-0.2281	0.0188	0.7656	0.1749	0.6191	6	0	1	0	7	0.0048	0.175	0	0.01
0.0171	0.0984	-0.1673	-0.1072	-0.0062	-0.6607	-0.4187	0.6231	3	9	2	1	1	0.0047	0.5417	1	0.0171
0.0171	0.0752	-0.2323	-0.1483	0.0551	-0.7655	-0.5974	-0.2388	8	10	2	1	2	0.0047	0.5417	0	0.0171
0.0171	0.0666	-0.3022	-0.1823	0.0374	-0.3087	-0.3702	0.8762	9	11	2	1	3	0.002	0.375	0	0.0172
0.0171	0.0148	-0.3175	-0.2139	0.0994	-0.8093	-0.5835	0.0672	10	0	2	1	4	0.0038	0.075	0	0.0113
0.017	0.1219	-0.0692	-0.2083	-0.0163	-0.98	-0.1857	0.0716	5	13	3	1	1	0.0025	0.375	1	0.017
0.017	0.0566	-0.1887	-0.231	-0.0076	0.8053	0.0487	-0.5908	12	14	3	1	2	0.0025	0.375	0	0.017
0.0181	0.0866	-0.1715	-0.2415	-0.0583	0.4828	-0.8664	-0.1272	13	15	3	1	3	0.0021	0.2917	0	0.0223
0.01	0.0118	-0.1482	-0.3174	-0.0533	0.4208	-0.788	0.4495	14	16	3	1	4	0.01	0.05	0	0.01
0.0066	0.0415	-0.1432	-0.3267	-0.048	0.6499	-0.1023	0.7531	15	0	3	1	5	0.01	0.05	0	0.01
0.0261	0.1029	-0.1767	-0.1113	-0.0227	-0.3812	-0.8934	0.2379	3	18	4	1	1	0.0067	0.4583	1	0.0261
0.0261	0.0651	-0.216	-0.2033	0.0018	-0.3575	-0.7514	0.5547	17	19	4	1	2	0.0067	0.4583	0	0.0261
0.0261	0.0282	-0.2431	-0.2332	0.0368	-0.7377	-0.1107	0.666	18	0	4	1	3	0.0024	0.1	0	0.0195
0.0114	0.1577	-0.2722	-0.0705	-0.0384	0.508	0.8146	-0.2799	2	21	5	1	1	0.0044	0.375	1	0.0114
0.0114	0.1059	-0.1921	0.058	-0.0826	0.8042	0.5327	0.2635	20	0	5	1	2	0.0044	0.375	0	0.0114
0.01	0.1353	-0.0219	-0.1275	-0.0133	-0.3228	0.9463	0.017	6	23	8	1	1	0.01	0.05	1	0.01
0.01	0.0473	-0.0656	0.0005	-0.011	-0.3243	0.8964	-0.3022	22	0	8	1	2	0.01	0.05	0	0.01
0.0151	0.1047	-0.0232	-0.1983	-0.0139	-0.7246	-0.6784	-0.1214	6	25	9	1	1	0.0017	0.4167	1	0.0151
0.0151	0.0606	-0.0991	-0.2693	-0.0267	-0.8285	-0.5063	0.2393	24	26	9	1	2	0.0017	0.4167	0	0.0151
0.018	0.0196	-0.1493	-0.2828	-0.0358	-0.865	0.4069	0.2938	25	27	9	1	3	0.0114	0.5	0	0.0186
0.0151	0.0007	-0.144	-0.2613	-0.0099	0.1706	0.72	-0.6727	26	28	9	1	4	0.0015	0.1	0	0.01
0.0151	0.0324	-0.1308	-0.264	-0.0193	-0.5665	-0.5011	-0.6542	27	0	9	1	5	0.0035	0.175	0	0.01
0.0259	0.2296	-0.0938	-0.1517	-0.0278	0.6269	0.7051	0.3313	5	30	34	1	1	0.0143	0.2846	0	0.0363
0.0256	0.1109	0.0479	0.0163	0.0495	0.7922	0.3879	-0.4711	29	31	34	1	2	0.015	0.5833	0	0.0501
0.0258	0.0455	0.2228	0.0006	0.0232	0.4409	0.8177	0.3701	30	32	34	1	3	0.0038	0.6667	0	0.029
0.0208	0.0376	0.243	0.0777	0.0109	0.9669	-0.1535	-0.2038	31	33	34	1	4	0.0031	0.5833	0	0.0208
0.0168	0.0315	0.2959	0.0516	0.012	0.8012	0.5628	-0.2032	32	34	34	1	5	0.0023	0.5417	0	0.0165
0.0213	0.0578	0.3352	0.0866	-0.0104	0.8562	-0.4251	0.2936	33	35	34	1	6	0.0033	0.625	0	0.0213
0.0245	0.0512	0.3789	0.0651	0.0073	0.2763	0.6672	-0.6918	34	36	34	1	7	0.0034	0.5417	0	0.0262
0.0165	0.0754	0.4082	0.106	-0.0126	0.3827	-0.9235	0.0276	35	0	34	1	8	0.0008	0.08	0	0.0091
0.0188	0.0243	-0.1514	-0.2475	-0.0709	0.368	0.9278	-0.0608	14	0	36	2	1	0.0049	0.5	0	0.0188
0.0175	0.0706	0.0605	0.0342	0.0128	-0.7454	0.0804	-0.6618	30	39	12	2	1	0.0041	0.325	1	0.0175
0.0175	0.1258	0.0078	0.0399	-0.0339	-0.7871	0.6012	0.1384	38	0	12	2	2	0.0041	0.325	0	0.0175
0.0136	0.1534	0.0141	-0.0641	0.0066	0.4089	-0.7201	-0.5605	29	0	16	2	1	0.003	0.4583	0	0.0136
0.0183	0.2771	0.1107	0.0296	-0.0066	-0.5578	0.792	0.2484	30	42	37	2	1	0.091	0.0957	0	0.1469
0.0188	0.1023	-0.053	0.2263	0.0168	-0.8821	-0.3253	0.3407	41	43	37	2	2	0.0017	0.4583	0	0.0195
0.0144	0.0217	-0.1475	0.21	0.0447	-0.8376	0.0142	0.5461	42	44	37	2	3	0.0017	0.5417	0	0.0144
0.0148	0.0238	-0.1673	0.2071	0.0613	-0.8665	0.4959	0.057	43	45	37	2	4	0.0017	0.5	0	0.0148
0.0144	0.0494	-0.1819	0.2282	0.0742	-0.9047	0.057	0.4221	44	46	37	2	5	0.0016	0.2917	0	0.0142
0.0177	0.0497	-0.2344	0.2355	0.0938	-0.4502	-0.8529	-0.2643	45	47	37	2	6	0.0017	0.5	0	0.0179
0.0167	0.0373	-0.2776	0.2088	0.0888	-0.6428	-0.6292	-0.4369	46	48	37	2	7	0.0134	0.4688	0	0.0167
0.0144	0.0091	-0.2716	0.1636	0.0715	-0.5888	-0.8067	-0.0511	47	49	37	2	8	0.0058	0.375	0	0.0141
0.0171	0.0665	-0.276	0.1618	0.0567	-0.9246	0.3715	0.084	48	50	37	2	9	0.0014	0.4167	0	0.0176
0.0144	0.0255	-0.3384	0.1711	0.0826	-0.6958	-0.5591	-0.4509	49	51	37	2	10	0.0049	0.375	0	0.0142
0.0161	0.0267	-0.3495	0.1535	0.0675	-0.3116	-0.9092	0.2761	50	0	37	2	11	0.0067	0.3333	0	0.0169
0.0137	0.0931	0.2961	0.0363	0.0025	-0.0811	-0.8741	-0.479	33	53	27	2	1	0.0023	0.5	1	0.0137
0.0137	0.0719	0.2886	-0.0451	-0.0421	0.0072	-0.9884	0.152	52	54	27	2	2	0.0023	0.5	0	0.0137
0.0137	0.0555	0.2981	-0.1128	-0.0537	0.8797	0.2727	0.3895	53	0	27	2	3	0.0042	0.2917	0	0.014
0.0091	0.1775	0.3608	0.0847	0.002	-0.6418	0.7162	-0.2742	35	56	30	2	1	0.0026	0.4063	0	0.009
0.0091	0.0499	0.2472	0.2106	-0.0493	-0.9052	-0.4145	0.0938	55	0	30	2	2	0.01	0.05	0	0.01
0.0189	0.0785	-0.0558	0.2125	0.004	-0.157	-0.7265	-0.669	42	58	22	3	1	0.0034	0.4583	1	0.0203
0.0189	0.0869	-0.0681	0.1555	-0.0485	-0.9823	0.0992	-0.1587	57	59	22	3	2	0.0034	0.4583	0	0.0203
0.0189	0.0384	-0.1537	0.1693	-0.0684	-0.9977	0.0283	0.0616	58	0	22	3	3	0.0028	0.4167	0	0.0189
0.0162	0.1217	-0.3176	0.1855	0.0765	0.8324	-0.3837	0.3998	49	61	32	3	1	0.0038	0.5417	0	0.0164
0.0162	0.0294	-0.1996	0.1243	0.1116	0.4252	-0.3055	0.852	60	62	32	3	2	0.0039	0.275	0	0.0108
0.0162	0.0399	-0.1904	0.1149	0.1397	-0.4688	-0.6456	-0.6029	61	63	32	3	3	0.0016	0.375	0	0.0114
0.0162	0.0072	-0.2107	0.0965	0.1249	-0.1722	0.7533	-0.6348	62	0	32	3	4	0.0034	0.125	0	0.01
0.0166	0.0605	-0.3028	0.1651	0.0746	0.8907	-0.3649	-0.2713	49	65	33	3	1	0.0043	0.5417	0	0.0166
0.0166	0.0615	-0.2323	0.1056	0.0447	-0.1568	-0.3952	0.9051	64	0	33	3	2	0.0007	0.125	0	0.01
