radius (m)	length (m)	start_point	axis_direction	parent	extension	branch	branch_order	position_in_branch	mad	SurfCov	added	UnmodRadius (m)
0.0148	0.0629	-0.3375	0.4985	-0.0659	0.4672	0.8837	0.0284	0	2	1	0	1	0.0027	0.225	0	0.0089
0.0278	0.0834	-0.3151	0.5564	-0.0282	0.7923	0.5988	0.1168	1	3	1	0	2	0.0025	0.26	0	0.0372
0.0134	0.096	-0.2549	0.6	-0.0338	0.5877	-0.8024	0.1033	2	4	1	0	3	0.0032	0.32	0	0.0082
0.0199	0.0551	-0.1984	0.5296	-0.0151	0.9958	-0.08	0.0444	3	5	1	0	4	0.0018	0.15	0	0.0264
0.0108	0.0524	-0.1584	0.544	-0.0337	0.7659	0.6424	0.0263	4	6	1	0	5	0.0087	0.25	0	0.007
0.0088	0.0164	-0.1389	0.5671	-0.0278	-0.4397	0.8941	0.0849	5	7	1	0	6	0.0077	0.375	0	0.007
0.0094	0.0005	-0.1459	0.5824	-0.0265	-0.9457	0.2139	0.2447	6	8	1	0	7	0.01	0.05	0	0.01
0.0083	0.0072	-0.1482	0.5811	-0.0261	-0.5992	0.7957	0.0886	7	0	1	0	8	0.01	0.05	0	0.01
0.0091	0.0898	-0.1587	0.5825	-0.0289	-0.5663	0.8206	0.0769	8	10	154	1	1	0.003	0.5	0	0.011
0.0091	0.0741	-0.2042	0.6538	-0.0242	0.4457	0.8804	0.1617	9	11	154	1	2	0.0011	0.4583	0	0.0091
0.0091	0.0565	-0.1732	0.7199	-0.0116	0.3776	0.9257	-0.021	10	12	154	1	3	0.001	0.375	0	0.0091
0.0091	0.0639	-0.1493	0.7713	-0.0103	0.2396	0.9652	0.1044	11	13	154	1	4	0.0046	0.2917	0	0.0045
0.0091	0.0325	-0.1213	0.8171	0.0014	0.7207	0.6524	0.2346	12	14	154	1	5	0.01	0.05	0	0.01
0.0091	0.0795	-0.1305	0.8463	-0.0028	0.2207	0.9742	0.0469	13	0	154	1	6	0.01	0.05	0	0.01
0.0062	0.119	-0.1467	0.5632	-0.0277	0.1473	-0.9874	-0.0584	6	16	3	1	1	0.0017	0.5417	0	0.0053
0.0083	0.0425	-0.1341	0.4423	-0.0255	0.5352	-0.8445	-0.0198	15	17	3	1	2	0.0006	0.3333	0	0.009
0.0083	0.0374	-0.1116	0.4072	-0.0268	0.8383	0.4749	0.2679	16	18	3	1	3	0.0013	0.225	0	0.015
0.0063	0.0514	-0.0822	0.4017	-0.0288	0.9831	-0.1402	0.1174	17	19	3	1	4	0.0046	0.2813	0	0.0063
0.0083	0.0263	-0.0256	0.4075	-0.0205	0.9057	-0.4239	0.0034	18	20	3	1	5	0.004	0.4688	0	0.0092
0.0078	0.0267	-0.0088	0.3847	-0.0249	0.8569	-0.5155	0.0076	19	21	3	1	6	0.0045	0.4063	0	0.0078
0.0083	0.026	0.0181	0.3889	-0.024	0.975	-0.2195	-0.0354	20	22	3	1	7	0.01	0.05	0	0.01
0.0068	0.1018	0.0122	0.3912	-0.0241	-0.2413	-0.9614	0.1325	21	23	3	1	8	0.0009	0.3438	0	0.0068
0.0075	0.0462	0.0058	0.3035	-0.0115	0.4867	-0.8562	0.1734	22	24	3	1	9	0.0012	0.2083	0	0.0075
0.0083	0.0278	0.0137	0.2529	-0.0041	0.5973	-0.7978	0.082	23	25	3	1	10	0.0057	0.4063	0	0.0111
0.007	0.0446	0.036	0.2303	0.0005	-0.1282	-0.9842	0.1218	24	26	3	1	11	0.004	0.325	0	0.007
0.008	0.0386	0.0123	0.1898	-0.001	-0.2068	-0.9767	0.0568	25	27	3	1	12	0.0056	0.3	0	0.008
0.0082	0.0279	0.0125	0.1479	0.0012	-0.4584	-0.8855	-0.0759	26	28	3	1	13	0.005	0.275	0	0.0082
0.0082	0.034	-0.0093	0.1259	0.0088	-0.2335	-0.9707	0.0573	27	29	3	1	14	0.01	0.05	0	0.01
0.0079	0.0002	-0.0048	0.0959	-0.0024	-0.0752	-0.9542	-0.2895	28	30	3	1	15	0.0012	0.2917	0	0.0079
0.0081	0.0013	-0.015	0.1014	0.0004	-0.5238	-0.7512	-0.4017	29	31	3	1	16	0.01	0.05	0	0.01
0.0082	0.0538	-0.0128	0.092	-0.0124	0.8098	-0.3729	0.453	30	32	3	1	17	0.0041	0.3	0	0.0155
0.0082	0.0294	0.037	0.0647	0.0173	0.7216	0.1125	-0.6831	31	33	3	1	18	0.0059	0.225	0	0.0188
0.0061	0.0388	0.0574	0.0664	0.0051	0.8188	0.541	0.192	32	34	3	1	19	0.0007	0.3333	0	0.0061
0.0079	0.0431	0.088	0.0892	0.0079	0.7508	0.6563	0.0742	33	35	3	1	20	0.001	0.25	0	0.0079
0.0082	0.0271	0.1075	0.12	0.0079	0.2203	0.9661	-0.1345	34	36	3	1	21	0.0039	0.275	0	0.0137
0.0074	0.0099	0.1098	0.145	0.0086	-0.4523	0.8813	-0.1365	35	37	3	1	22	0.0028	0.6667	0	0.0074
0.0082	0.0721	0.1079	0.1519	0.0106	0.5396	0.8411	0.0367	36	38	3	1	23	0.0012	0.4583	0	0.0103
0.0082	0.0337	0.142	0.2127	0.0031	0.2738	0.9552	-0.1123	37	39	3	1	24	0.0011	0.3333	0	0.0094
0.008	0.0223	0.1375	0.2412	0.0047	-0.3243	0.9294	-0.1761	38	40	3	1	25	0.01	0.05	0	0.01
0.0081	0.0808	0.1456	0.2393	0.0172	0.8754	0.4144	-0.2488	39	41	3	1	26	0.0046	0.16	0	0.0138
0.0075	0.0469	0.2262	0.2721	0.0077	0.0607	-0.9914	-0.1163	40	42	3	1	27	0.0007	0.4167	0	0.0075
0.0081	0.0758	0.228	0.2145	0.0094	0.9163	-0.2788	-0.2874	41	43	3	1	28	0.0008	0.375	0	0.0102
0.0079	0.0013	0.2906	0.1828	-0.0172	0.8628	-0.4539	-0.2226	42	44	3	1	29	0.01	0.05	0	0.01
0.008	0.0577	0.2874	0.1772	-0.0062	0.6813	-0.7293	-0.0627	43	45	3	1	30	0.0026	0.25	0	0.0156
0.0079	0.0306	0.331	0.142	-0.0022	0.8184	-0.5718	0.057	44	46	3	1	31	0.01	0.05	0	0.01
0.0081	0.0637	0.3604	0.1439	-0.0023	0.9574	-0.2315	-0.1727	45	47	3	1	32	0.0007	0.375	0	0.011
0.0078	0.0485	0.4208	0.1341	-0.0032	0.9935	0.1141	-0.0029	46	48	3	1	33	0.01	0.05	0	0.01
0.0071	0.025	0.4429	0.1545	0.0007	0.5069	0.8502	0.1417	47	49	3	1	34	0.0009	0.375	0	0.0071
0.008	0.026	0.458	0.1734	0.0035	0.6747	0.5737	0.4643	48	50	3	1	35	0.0007	0.375	0	0.0086
0.0067	0.0594	0.4746	0.1864	0.0134	0.8485	-0.524	0.0739	49	51	3	1	36	0.001	0.3333	0	0.0067
0.0077	0.0462	0.5225	0.1513	0.0163	0.8322	-0.5485	0.0812	50	52	3	1	37	0.01	0.05	0	0.01
0.0079	0.0162	0.5662	0.1467	0.0181	0.9693	-0.2458	-0.0004	51	53	3	1	38	0.0013	0.2917	0	0.0092
0.0076	0.026	0.5836	0.1496	0.0129	0.9025	-0.3733	-0.2147	52	54	3	1	39	0.01	0.05	0	0.01
0.0079	0.0369	0.6021	0.1301	0.0166	0.8856	-0.4641	-0.0156	53	55	3	1	40	0.0008	0.3333	0	0.009
0.0078	0.0278	0.6359	0.1188	0.012	0.8995	-0.3563	-0.2528	54	56	3	1	41	0.0011	0.25	0	0.0094
0.0078	0.0448	0.6538	0.1161	-0.0002	0.3932	0.7582	0.5202	55	57	3	1	42	0.0052	0.225	0	0.0156
0.0075	0.0034	0.6685	0.1515	0.0109	0.1277	0.9884	0.0821	56	58	3	1	43	0.01	0.05	0	0.01
0.0078	0.0226	0.69	0.1737	0.0114	0.6456	-0.7225	0.2474	57	59	3	1	44	0.0085	0.225	0	0.0321
0.0077	0.0367	0.711	0.1648	0.013	0.7825	-0.6065	0.1408	58	60	3	1	45	0.0011	0.2083	0	0.0094
0.0063	0.0339	0.7478	0.1533	0.0109	0.8162	-0.5761	0.0436	59	61	3	1	46	0.0036	0.5	0	0.0063
0.0066	0.0282	0.7746	0.1438	0.0089	0.997	0.075	-0.0177	60	62	3	1	47	0.0035	0.5	0	0.0066
0.0073	0.0317	0.7969	0.1546	0.0185	0.8812	0.4618	0.1012	61	63	3	1	48	0.01	0.05	0	0.01
0.0073	0.0254	0.8142	0.1452	0.0022	0.8978	-0.0441	-0.4382	62	0	3	1	49	0.01	0.05	0	0.01
0.01	0.0833	-0.2281	0.5464	-0.0366	0.0865	-0.9833	0.1601	3	65	5	1	1	0.0034	0.4167	0	0.0102
0.0081	0.0421	-0.2273	0.4647	-0.0312	-0.1327	-0.9878	0.082	64	66	5	1	2	0.0011	0.2917	0	0.0081
0.0108	0.0628	-0.2403	0.4261	-0.0381	-0.4458	-0.8928	0.0644	65	67	5	1	3	0.0014	0.25	0	0.0152
0.0106	0.0412	-0.2443	0.3639	-0.0297	-0.1669	-0.915	-0.3674	66	68	5	1	4	0.0034	0.175	0	0.0199
0.0082	0.043	-0.2552	0.3268	-0.0394	0.1281	-0.9666	0.2222	67	69	5	1	5	0.001	0.375	0	0.0082
0.0087	0.0295	-0.2469	0.2852	-0.0308	0.0138	-0.9949	0.1	68	70	5	1	6	0.0009	0.2917	0	0.0087
0.0112	0.0469	-0.2462	0.2564	-0.0308	0.6557	-0.7492	-0.0937	69	71	5	1	7	0.001	0.3333	0	0.013
0.0078	0.0434	-0.2216	0.2188	-0.0236	0.5983	-0.7878	0.1466	70	72	5	1	8	0.0011	0.3333	0	0.0078
0.0078	0.0363	-0.1967	0.1834	-0.0194	0.6382	-0.7633	0.1002	71	73	5	1	9	0.0006	0.4167	0	0.0078
0.0098	0.0243	-0.1735	0.1597	-0.0134	0.9895	-0.0764	0.1224	72	74	5	1	10	0.0008	0.3333	0	0.0099
0.0099	0.0532	-0.1568	0.1528	-0.0124	0.5903	-0.7856	-0.1856	73	75	5	1	11	0.0011	0.4167	0	0.0101
0.0108	0.0404	-0.1229	0.1104	-0.025	-0.1608	-0.986	0.0449	74	76	5	1	12	0.001	0.375	0	0.0116
0.0103	0.043	-0.1441	0.081	-0.0268	-0.5975	-0.7901	0.1369	75	77	5	1	13	0.0014	0.2083	0	0.0117
0.0112	0.0325	-0.1706	0.0479	-0.0199	-0.7553	-0.6493	-0.0893	76	78	5	1	14	0.002	0.2	0	0.0168
0.0074	0.0408	-0.1877	0.0227	-0.0313	-0.449	-0.893	0.0323	77	79	5	1	15	0.0009	0.2917	0	0.0074
0.0073	0.0272	-0.2027	-0.0148	-0.0313	-0.3011	-0.9535	0.0085	78	80	5	1	16	0.0007	0.2917	0	0.0069
0.0097	0.0287	-0.214	-0.0372	-0.0345	-0.5558	-0.7746	-0.3018	79	81	5	1	17	0.01	0.05	0	0.01
0.0073	0.0322	-0.2079	-0.047	-0.0354	0.4637	-0.8806	0.0978	80	82	5	1	18	0.0005	0.375	0	0.0069
0.0092	0.0607	-0.1904	-0.0757	-0.0321	-0.1377	-0.9851	-0.1034	81	83	5	1	19	0.0009	0.3333	0	0.0092
0.0078	0.0508	-0.1969	-0.1353	-0.0342	-0.2026	-0.9657	0.1623	82	84	5	1	20	0.0011	0.4167	0	0.0078
0.0084	0.0445	-0.2048	-0.1852	-0.0294	-0.0904	-0.9809	0.172	83	85	5	1	21	0.0009	0.25	0	0.0084
0.0073	0.0362	-0.2065	-0.2288	-0.0251	0.0513	-0.9987	0.0035	84	86	5	1	22	0.0007	0.375	0	0.0062
0.0072	0.0407	-0.2201	-0.2559	-0.0259	-0.501	-0.8638	-0.0536	85	87	5	1	23	0.0059	0.4375	0	0.0071
0.0097	0.0262	-0.2063	-0.2883	-0.0356	-0.0456	-0.8526	-0.5206	86	88	5	1	24	0.01	0.05	0	0.01
0.0102	0.0561	-0.2064	-0.291	-0.0259	-0.9756	-0.1455	0.1646	87	89	5	1	25	0.0014	0.3333	0	0.0107
0.0072	0.0705	-0.2606	-0.3098	-0.0217	-0.974	-0.139	0.1788	88	90	5	1	26	0.0039	0.3125	0	0.0057
0.0072	0.0216	-0.3003	-0.3405	-0.0067	-0.5823	-0.7796	0.2306	89	91	5	1	27	0.0044	0.375	0	0.007
0.0097	0.0345	-0.2902	-0.3466	-0.0009	0.3925	-0.8547	0.3398	90	92	5	1	28	0.0011	0.2083	0	0.0099
0.0093	0.0458	-0.2973	-0.3878	0.0027	0.4646	-0.881	0.0889	91	93	5	1	29	0.0009	0.25	0	0.0093
0.0083	0.0571	-0.3001	-0.4138	0.0078	-0.5102	-0.8595	0.0312	92	94	5	1	30	0.0051	0.625	0	0.0083
0.0074	0.0562	-0.3208	-0.4218	-0.0052	-0.9759	0.1421	-0.1658	93	95	5	1	31	0.0034	0.5833	0	0.0074
0.0107	0.0584	-0.3263	-0.4119	-0.0076	0.0188	-0.9915	0.1284	94	96	5	1	32	0.0042	0.225	0	0.0253
0.0094	0.0527	-0.3254	-0.47	-0.0006	0.1519	-0.9678	0.2006	95	97	5	1	33	0.0012	0.2083	0	0.0094
0.0099	0.0619	-0.3378	-0.5136	0.0107	-0.3154	-0.9045	0.2872	96	98	5	1	34	0.0059	0.25	0	0.0107
0.0095	0.0416	-0.3373	-0.5713	0.033	-0.1667	-0.8962	0.411	97	99	5	1	35	0.01	0.05	0	0.01
0.0106	0.004	-0.3635	-0.6026	0.0401	-0.3664	-0.9163	0.1617	98	100	5	1	36	0.0007	0.375	0	0.0116
0.0108	0.0391	-0.3671	-0.609	0.022	-0.2124	-0.9626	0.1684	99	101	5	1	37	0.003	0.275	0	0.0215
0.0098	0.0148	-0.3714	-0.6476	0.0286	-0.233	-0.9713	0.0485	100	102	5	1	38	0.0041	0.4375	0	0.01
0.0108	0.0549	-0.3799	-0.6628	0.0384	0.0654	-0.9961	-0.0594	101	103	5	1	39	0.0015	0.2	0	0.0173
0.007	0.0552	-0.3579	-0.7143	0.0325	0.1633	-0.9835	-0.0776	102	104	5	1	40	0.0042	0.2708	0	0.006
0.0076	0.0379	-0.3541	-0.7696	0.0244	0.2616	-0.9616	-0.0831	103	105	5	1	41	0.0039	0.225	0	0.0076
0.007	0.0329	-0.3584	-0.7968	0.0231	-0.5517	-0.8233	-0.1337	104	106	5	1	42	0.0055	0.4	0	0.0068
0.0093	0.0278	-0.3466	-0.8223	0.02	0.0652	-0.9596	-0.2737	105	107	5	1	43	0.01	0.05	0	0.01
0.0086	0.0689	-0.3378	-0.8296	0.0254	-0.9087	0.4034	-0.1074	106	108	5	1	44	0.0012	0.2917	0	0.0086
0.0093	0.0272	-0.3964	-0.7997	0.0251	-0.6612	0.7347	0.1514	107	109	5	1	45	0.01	0.05	0	0.01
0.0102	0.0783	-0.406	-0.7878	0.0329	-0.6729	-0.7355	-0.0789	108	110	5	1	46	0.0011	0.3333	0	0.0114
0.0092	0.0366	-0.4488	-0.8454	0.0178	-0.2283	-0.9404	-0.2521	109	111	5	1	47	0.01	0.05	0	0.01
0.0109	0.031	-0.4705	-0.8764	0.0234	-0.1923	-0.9798	0.054	110	112	5	1	48	0.0025	0.175	0	0.0197
0.0107	0.0178	-0.455	-0.8932	0.018	0.2515	-0.7301	-0.6354	111	113	5	1	49	0.0056	0.25	0	0.029
0.0096	0.0538	-0.4483	-0.906	0.0233	0.7348	-0.6716	-0.0952	112	114	5	1	50	0.0015	0.25	0	0.0105
0.0092	0.0383	-0.4082	-0.9403	0.0224	0.6836	-0.6958	0.2202	113	115	5	1	51	0.01	0.05	0	0.01
0.0092	0.0274	-0.3972	-0.973	0.0246	0.3424	-0.9368	0.0713	114	116	5	1	52	0.01	0.05	0	0.01
0.0092	0.0081	-0.4039	-0.9552	0.0275	-0.9352	-0.3436	-0.085	115	0	5	1	53	0.01	0.05	0	0.01
0.0025	0.0519	-0.1415	0.586	-0.0252	0.6365	0.7685	-0.0649	8	118	11	1	1	0.0041	0.25	1	0.01
0.0025	0.0211	-0.1111	0.6328	-0.0293	0.9317	0.3577	0.0634	117	119	11	1	2	0.0008	0.15	0	0.01
0.0039	0.0284	-0.0899	0.6412	-0.0325	-0.0124	0.9858	0.1676	118	0	11	1	3	0.0018	0.2917	0	0.0058
0.0063	0.095	-0.1769	0.7347	-0.0133	-0.4498	0.8848	0.1215	11	121	155	2	1	0.0015	0.4583	0	0.0063
0.0063	0.0486	-0.2225	0.8058	-0.0003	-0.867	0.137	-0.4791	120	122	155	2	2	0.0013	0.4167	0	0.0104
0.0063	0.0143	-0.2654	0.8171	-0.0218	-0.828	0.086	-0.5541	121	0	155	2	3	0.0032	0.6667	0	0.0066
0.0079	0.0981	-0.027	0.3992	-0.0221	-0.8813	-0.4724	0.014	19	124	14	2	1	0.0031	0.4167	0	0.009
0.007	0.023	-0.1144	0.3576	-0.0228	-0.9645	-0.2423	-0.1048	123	125	14	2	2	0.0028	0.5833	0	0.007
0.0076	0.0192	-0.1358	0.3553	-0.0307	-0.9889	-0.0218	-0.1472	124	126	14	2	3	0.01	0.05	0	0.01
0.0075	0.0007	-0.155	0.3597	-0.0279	-0.9993	-0.038	0.0026	125	127	14	2	4	0.01	0.05	0	0.01
0.0072	0.0521	-0.1557	0.3597	-0.0279	-0.9344	-0.3454	-0.0872	126	0	14	2	5	0.01	0.05	0	0.01
0.0079	0.0428	-0.0154	0.4099	-0.0257	0.8393	0.527	0.1339	19	129	15	2	1	0.0025	0.4583	0	0.0085
0.0079	0.0594	0.0217	0.4286	-0.0166	0.9102	0.3939	0.1276	128	130	15	2	2	0.0011	0.3333	0	0.0093
0.0079	0.039	0.0764	0.4518	-0.0116	0.9564	-0.1279	0.2624	129	131	15	2	3	0.0033	0.3	0	0.0171
0.0078	0.0394	0.1141	0.4474	-0.0027	0.9786	-0.112	0.1727	130	132	15	2	4	0.001	0.25	0	0.0081
0.0078	0.039	0.1525	0.4436	0.0034	0.9864	0.1643	-0.0097	131	133	15	2	5	0.0018	0.25	0	0.0178
0.0078	0.0357	0.1827	0.4573	0.0023	0.6579	0.7496	-0.0722	132	134	15	2	6	0.0008	0.3333	0	0.0079
0.0078	0.0336	0.2032	0.4857	-0.0052	0.2248	0.9557	0.1897	133	135	15	2	7	0.0013	0.25	0	0.0099
0.0077	0.0397	0.1922	0.5099	-0.0009	-0.3963	0.9181	0.0066	134	136	15	2	8	0.0094	0.3438	0	0.0078
0.0056	0.0427	0.1805	0.5511	-0.0037	-0.7712	0.6358	-0.032	135	137	15	2	9	0.0048	0.425	0	0.0043
0.0065	0.0378	0.1432	0.5728	-0.0073	-0.7462	0.6506	-0.1415	136	138	15	2	10	0.0025	0.475	0	0.0065
0.0071	0.0301	0.1101	0.5822	-0.0116	-0.9443	0.2956	-0.1446	137	139	15	2	11	0.0032	0.4	0	0.0072
0.0068	0.0333	0.0815	0.5918	-0.0111	-0.9898	0.1376	-0.036	138	140	15	2	12	0.01	0.05	0	0.01
0.0073	0.0214	0.0518	0.6013	-0.0174	-0.9136	0.262	-0.3108	139	141	15	2	13	0.0006	0.375	0	0.0082
0.0064	0.0083	0.0327	0.6113	-0.0196	-0.9739	0.199	-0.1091	140	142	15	2	14	0.01	0.05	0	0.01
0.007	0.0609	0.0211	0.6174	-0.0115	0.5034	0.8349	-0.2227	141	143	15	2	15	0.0051	0.225	0	0.0126
0.006	0.0089	0.0485	0.6545	-0.0187	0.974	-0.1426	0.176	142	144	15	2	16	0.01	0.05	0	0.01
0.0058	0.043	0.0561	0.653	-0.0198	-0.0905	0.9956	-0.0249	143	145	15	2	17	0.004	0.175	0	0.1874
0.0056	0.0486	0.0574	0.6961	-0.0175	-0.0516	0.9986	-0.0103	144	146	15	2	18	0.01	0.05	0	0.01
0.0054	0.0393	0.0311	0.7126	-0.0201	-0.7983	0.5971	-0.0784	145	0	15	2	19	0.01	0.05	0	0.01
0.0025	0.0443	0.0171	0.1994	-0.0007	-0.7518	0.6589	0.0264	26	148	32	2	1	0.0114	0.325	1	0.01
0.0025	0.0153	-0.0324	0.2141	-0.0003	-0.5778	0.6715	-0.4639	147	0	32	2	2	0.01	0.05	0	0.01
0.0076	0.0536	-0.0001	0.1688	0.0021	-0.9957	0.0817	0.0428	26	150	35	2	1	0.0017	0.5833	0	0.0079
0.0076	0.0373	-0.052	0.176	-0.0016	-0.8704	0.4924	0.0039	149	151	35	2	2	0.0008	0.375	0	0.0082
0.0076	0.0384	-0.1031	0.1907	-0.0091	-0.1692	0.9837	-0.0602	150	152	35	2	3	0.0059	0.275	0	0.0297
0.0076	0.0128	-0.1131	0.2277	-0.0164	-0.0803	0.9932	-0.084	151	0	35	2	4	0.0024	0.2917	0	0.009
0.0076	0.0638	0.0154	0.1695	0.0035	0.7983	-0.6022	0.0037	26	154	36	2	1	0.0022	0.375	0	0.0119
0.0076	0.0326	0.0588	0.1305	0.0008	-0.2494	0.8301	0.4988	153	155	36	2	2	0.0007	0.2917	0	0.0114
0.0076	0.0224	0.0567	0.1611	0.0092	-0.4401	0.8951	0.0713	154	156	36	2	3	0.01	0.05	0	0.01
0.0076	0.0027	0.0488	0.1599	0.0067	-0.9265	-0.0163	-0.3759	155	0	36	2	4	0.01	0.05	0	0.01
0.0078	0.0214	0.0518	0.0595	-0.0005	-0.249	-0.9413	-0.2279	32	158	40	2	1	0.0017	0.4167	1	0.0112
0.0078	0.0231	0.0465	0.0394	-0.0054	0.3072	-0.7565	0.5773	157	159	40	2	2	0.0017	0.4167	0	0.0112
0.0053	0.0477	0.0528	0.0233	0.0048	0.8217	0.568	0.046	158	160	40	2	3	0.0034	0.5	0	0.0051
0.0078	0.0308	0.089	0.0535	0.0097	0.7916	0.5821	0.1858	159	0	40	2	4	0.01	0.05	0	0.01
0.0071	0.0338	0.0976	0.087	0.0088	0.9709	-0.2187	0.0974	34	162	43	2	1	0.001	0.4167	1	0.0071
0.0071	0.056	0.1304	0.0796	0.0121	0.9992	-0.0029	0.041	161	163	43	2	2	0.001	0.4167	0	0.0071
0.0074	0.019	0.18	0.0809	0.0092	-0.2393	-0.9707	0.0218	162	164	43	2	3	0.001	0.2917	0	0.0087
0.006	0.074	0.1761	0.0617	0.0123	-0.5411	-0.8347	-0.1026	163	165	43	2	4	0.0008	0.375	0	0.006
0.0074	0.0469	0.1461	-0.0042	0.0028	-0.391	-0.9204	-0.0053	164	166	43	2	5	0.0046	0.25	0	0.0278
0.006	0.0394	0.1168	-0.0432	-0.0008	-0.3502	-0.9358	-0.0396	165	167	43	2	6	0.0065	0.525	0	0.006
0.0058	0.0148	0.1176	-0.0905	0.0025	-0.5477	-0.8278	-0.1218	166	168	43	2	7	0.0046	0.4375	0	0.0058
0.0073	0.0234	0.0935	-0.0995	0.0022	-0.1813	-0.9724	0.1467	167	169	43	2	8	0.0062	0.4167	0	0.0083
0.0068	0.0411	0.0932	-0.1262	0.0009	-0.694	-0.7195	0.0262	168	170	43	2	9	0.0039	0.5	0	0.0068
0.0056	0.0275	0.0692	-0.1583	0.004	-0.5074	-0.8564	0.0955	169	171	43	2	10	0.0041	0.4063	0	0.0056
0.0049	0.0356	0.0489	-0.1798	0.0075	-0.2656	-0.9504	0.1617	170	172	43	2	11	0.0033	0.425	0	0.0045
0.0074	0.0031	0.0495	-0.2126	0.0169	-0.0224	-0.936	0.3513	171	173	43	2	12	0.0037	0.625	0	0.0081
0.0068	0.0214	0.0431	-0.2236	0.0063	-0.6018	-0.463	0.6508	172	174	43	2	13	0.0034	0.175	0	0.0196
0.0066	0.0495	0.0395	-0.2403	0.0159	-0.591	-0.8067	-0.0059	173	175	43	2	14	0.0044	0.25	0	0.0127
0.0061	0.0307	0.0096	-0.2788	0.01	-0.4532	-0.8766	-0.162	174	176	43	2	15	0.01	0.05	0	0.01
0.0059	0.0359	0.0218	-0.3027	0.011	0.1226	-0.9916	-0.0424	175	177	43	2	16	0.01	0.05	0	0.01
0.0058	0.0306	0.0379	-0.301	0.0227	0.7667	-0.4143	0.4904	176	0	43	2	17	0.01	0.05	0	0.01
0.0109	0.0292	0.1026	0.1351	0.0055	-0.6958	0.7068	-0.128	35	179	53	2	1	0.0028	0.4583	1	0.0109
0.0109	0.0578	0.0822	0.1558	0.0018	0.0291	0.954	0.2985	178	180	53	2	2	0.0028	0.4583	0	0.0109
0.0109	0.0742	0.0791	0.2109	-0.002	0.4707	0.8757	-0.1076	179	181	53	2	3	0.0012	0.2917	0	0.0111
0.0109	0.0485	0.1127	0.2774	-0.0019	0.5659	0.8222	-0.0614	180	182	53	2	4	0.01	0.05	0	0.01
0.0109	0.0315	0.1536	0.2959	-0.0089	0.8267	0.5473	-0.1302	181	183	53	2	5	0.01	0.05	0	0.01
0.0109	0.0171	0.1234	0.3094	0.0031	-0.004	0.9771	0.2126	182	0	53	2	6	0.01	0.05	0	0.01
0.0072	0.0683	0.2323	0.2887	0.0122	0.5409	0.8265	-0.156	41	185	54	2	1	0.0011	0.5	0	0.009
0.0072	0.0273	0.2817	0.3508	0.0088	-0.3885	0.9201	-0.0497	184	186	54	2	2	0.0013	0.25	0	0.0162
0.007	0.0408	0.2806	0.3703	-0.0044	0.6347	0.7579	0.1506	185	187	54	2	3	0.0005	0.375	0	0.007
0.0071	0.0714	0.301	0.4014	0.0037	0.0881	0.9821	0.1666	186	188	54	2	4	0.0012	0.3333	0	0.0115
0.0071	0.028	0.3217	0.4664	0.0102	0.3357	0.9419	-0.0061	187	189	54	2	5	0.001	0.2917	0	0.01
0.0071	0.0318	0.3252	0.4968	0.0031	0.722	0.6545	-0.2243	188	190	54	2	6	0.0031	0.4063	0	0.0072
0.0071	0.0549	0.3487	0.5176	0.0026	0.1623	0.9867	0.0009	189	191	54	2	7	0.0009	0.3333	0	0.0075
0.007	0.0442	0.3566	0.5724	0.0055	0.2049	0.9667	-0.1533	190	192	54	2	8	0.0012	0.2917	0	0.0099
0.007	0.0322	0.3843	0.6057	0.0038	0.4656	0.8823	-0.0691	191	193	54	2	9	0.0009	0.375	0	0.0081
0.007	0.0105	0.3935	0.6433	-0.0007	0.8396	0.5422	0.0326	192	194	54	2	10	0.006	0.4583	0	0.0084
0.0069	0.0522	0.3996	0.6495	-0.0011	0.2297	0.9681	-0.0997	193	195	54	2	11	0.0009	0.3333	0	0.011
0.0069	0.0419	0.3934	0.7023	-0.0032	0.1067	0.9903	-0.0892	194	196	54	2	12	0.0072	0.35	0	0.008
0.0069	0.0149	0.4133	0.7469	-0.0017	-0.188	0.9818	-0.0269	195	197	54	2	13	0.0051	0.4375	0	0.0099
0.0067	0.0254	0.4171	0.7544	-0.0052	0.6468	0.718	-0.257	196	198	54	2	14	0.0008	0.2917	0	0.0104
0.0068	0.0316	0.4124	0.7841	-0.0066	0.4323	0.8844	-0.1761	197	199	54	2	15	0.0093	0.4688	0	0.0072
0.0064	0.0107	0.4471	0.8133	-0.0105	-0.0588	0.998	-0.0239	198	200	54	2	16	0.0055	0.25	0	0.0081
0.0066	0.0321	0.4439	0.8274	-0.0042	0.7649	0.6429	-0.0416	199	201	54	2	17	0.0032	0.4	0	0.0077
0.0049	0.0281	0.4627	0.8505	-0.0124	0.4174	0.9082	-0.0308	200	202	54	2	18	0.0045	0.4063	0	0.0049
0.0055	0.0344	0.4822	0.8664	-0.0135	0.7319	0.6035	-0.3164	201	203	54	2	19	0.01	0.05	0	0.01
0.0054	0.0242	0.4694	0.8766	-0.0141	-0.3166	0.924	-0.2142	202	204	54	2	20	0.01	0.05	0	0.01
0.0052	0.0168	0.4617	0.8989	-0.0193	-0.7532	0.6252	-0.2045	203	0	54	2	21	0.01	0.05	0	0.01
0.0073	0.1134	0.5274	0.1564	0.0197	0.8427	0.5353	0.0577	51	206	131	2	1	0.0022	0.4583	0	0.0076
0.0073	0.0296	0.6262	0.2108	0.0286	0.8347	0.503	0.2244	205	207	131	2	2	0.01	0.05	0	0.01
0.0073	0.0166	0.6341	0.2352	0.037	0.4923	0.8178	0.2981	206	208	131	2	3	0.01	0.05	0	0.01
0.0073	0.0224	0.6247	0.2279	0.0485	-0.0527	0.3366	0.9402	207	0	131	2	4	0.01	0.05	0	0.01
0.0071	0.0736	0.6778	0.1652	0.0114	0.5607	0.8275	0.0307	57	210	141	2	1	0.0008	0.2917	1	0.0082
0.0071	0.0539	0.7191	0.2261	0.0136	0.8539	0.4971	-0.1543	209	211	141	2	2	0.0008	0.2917	0	0.0082
0.007	0.046	0.7734	0.2571	0.0134	0.5617	-0.8137	-0.1496	210	212	141	2	3	0.0039	0.25	0	0.0221
0.0069	0.0283	0.8039	0.2335	0.0089	0.9404	-0.331	0.0786	211	213	141	2	4	0.01	0.05	0	0.01
0.0069	0.0064	0.8271	0.2083	0.0129	0.9655	-0.1844	0.1838	212	214	141	2	5	0.0051	0.175	0	0.0344
0.0067	0.0506	0.8278	0.2167	0.0068	0.8304	0.5481	0.1003	213	215	141	2	6	0.0034	0.25	0	0.0121
0.0057	0.0207	0.8687	0.2461	0.0087	0.7334	0.6725	0.099	214	216	141	2	7	0.0038	0.5	0	0.0057
0.0065	0.0276	0.8745	0.2635	0.003	0.0667	0.939	0.3373	215	217	141	2	8	0.0012	0.2917	0	0.0097
0.006	0.0172	0.8715	0.2854	0.017	-0.5465	0.8244	0.1472	216	218	141	2	9	0.01	0.05	0	0.01
0.0058	0.0056	0.8781	0.2898	0.0097	-0.1477	0.5703	-0.8081	217	219	141	2	10	0.01	0.05	0	0.01
0.0057	0.0155	0.868	0.2961	0.008	0.2487	0.9427	-0.2223	218	0	141	2	11	0.01	0.05	0	0.01
0.0074	0.0249	0.6726	0.1365	0.0195	0.2255	-0.9602	-0.1646	56	221	143	2	1	0.0023	0.3333	1	0.0082
0.0074	0.0302	0.6783	0.1126	0.0154	0.2934	-0.8654	-0.4062	220	222	143	2	2	0.0023	0.3333	0	0.0082
0.0074	0.0554	0.6855	0.0842	0.0043	0.8441	-0.4636	0.2694	221	223	143	2	3	0.0023	0.2	0	0.0241
0.0074	0.0163	0.7424	0.069	0.0213	0.7256	-0.6873	-0.0332	222	0	143	2	4	0.01	0.05	0	0.01
0.0096	0.2017	-0.2457	0.3853	-0.0115	-0.2401	-0.9659	-0.0966	67	225	8	2	1	0.0046	0.325	0	0.0085
0.0096	0.0099	-0.3045	0.2032	-0.0419	-0.7411	-0.6676	-0.0708	224	226	8	2	2	0.0062	0.4583	0	0.0096
0.01	0.0247	-0.3052	0.1938	-0.0494	-0.7402	-0.1641	-0.6521	225	227	8	2	3	0.01	0.05	0	0.01
0.01	0.0073	-0.3204	0.1849	-0.0627	-0.8051	-0.582	-0.1143	226	228	8	2	4	0.0011	0.3333	0	0.0241
0.0096	0.0674	-0.3222	0.1825	-0.0509	-0.2256	-0.9494	0.2183	227	229	8	2	5	0.0015	0.2917	0	0.0096
0.0098	0.0541	-0.3478	0.1256	-0.0367	-0.5606	-0.8162	0.1397	228	230	8	2	6	0.01	0.05	0	0.01
0.0097	0.015	-0.3365	0.1137	-0.0418	0.5398	-0.8001	-0.2618	229	231	8	2	7	0.01	0.05	0	0.01
0.0096	0.0392	-0.3284	0.1017	-0.0457	0.7693	-0.6285	0.1146	230	0	8	2	8	0.01	0.05	0	0.01
0.0085	0.0401	-0.2019	0.0107	-0.0294	-0.7991	0.5922	0.1035	78	233	24	2	1	0.0031	0.4167	0	0.0085
0.0085	0.0331	-0.2344	0.0339	-0.0285	-0.2792	0.9542	-0.1075	232	0	24	2	2	0.01	0.05	0	0.01
0.008	0.0547	-0.1835	0.0239	-0.0276	0.6789	-0.732	-0.0582	77	235	28	2	1	0.0025	0.5	0	0.008
0.008	0.0035	-0.1454	-0.0115	-0.0309	0.9788	-0.202	0.0328	234	236	28	2	2	0.01	0.05	0	0.01
0.008	0.0672	-0.1435	-0.0135	-0.0277	0.9157	-0.1863	0.356	235	0	28	2	3	0.003	0.25	0	0.0108
0.007	0.0488	-0.2131	-0.2362	-0.027	-0.9163	-0.1547	0.3695	85	238	46	2	1	0.0023	0.4583	0	0.0081
0.007	0.033	-0.2602	-0.2394	-0.0158	-0.9211	0.096	0.3774	237	239	46	2	2	0.0046	0.5417	0	0.0075
0.007	0.056	-0.273	-0.2387	-0.0082	0.0838	0.9776	-0.1932	238	240	46	2	3	0.0034	0.275	0	0.0137
0.007	0.0393	-0.2909	-0.1792	-0.0137	0.1709	0.9732	-0.154	239	241	46	2	4	0.0086	0.2292	0	0.0101
0.007	0.0626	-0.2735	-0.1401	-0.0199	-0.0734	0.9713	-0.2263	240	242	46	2	5	0.0009	0.2917	0	0.0099
0.007	0.0511	-0.288	-0.0835	-0.0275	-0.383	0.9236	0.0141	241	243	46	2	6	0.0039	0.12	0	0.0142
0.007	0.0504	-0.3061	-0.0351	-0.0322	-0.6698	0.7424	-0.0168	242	244	46	2	7	0.0047	0.3542	0	0.0083
0.007	0.0173	-0.3373	0.0036	-0.0326	-0.4324	0.8942	-0.1164	243	245	46	2	8	0.0032	0.5313	0	0.007
0.007	0.0442	-0.3421	0.0197	-0.0355	-0.265	0.9581	-0.1087	244	246	46	2	9	0.01	0.05	0	0.01
0.007	0.029	-0.3611	0.0585	-0.0414	-0.4111	0.9019	-0.1324	245	247	46	2	10	0.01	0.05	0	0.01
0.007	0.0354	-0.3884	0.0513	-0.0387	-0.9107	0.4101	-0.0496	246	0	46	2	11	0.01	0.05	0	0.01
0.0155	0.0139	-0.2001	-0.261	-0.0305	0.6335	0.2476	-0.733	85	249	47	2	1	0.0015	0.4167	1	0.0155
0.0155	0.039	-0.1913	-0.2575	-0.0406	0.4052	-0.4796	0.7784	248	250	47	2	2	0.0015	0.4167	0	0.0155
0.0155	0.0375	-0.1742	-0.2691	-0.0121	0.7483	-0.2864	-0.5984	249	251	47	2	3	0.0015	0.3333	0	0.0115
0.0155	0.0627	-0.1394	-0.2881	-0.0144	0.6996	0.7119	0.0608	250	252	47	2	4	0.0015	0.15	0	0.0087
0.0155	0.0537	-0.0832	-0.2331	-0.0305	0.2268	0.7988	0.5573	251	253	47	2	5	0.0043	0.2	0	0.0272
0.0155	0.0316	-0.0843	-0.1862	-0.0273	0.5205	0.8439	-0.1302	252	254	47	2	6	0.0025	0.15	0	0.0064
0.0155	0.0057	-0.073	-0.1553	-0.0199	0.7881	0.6014	0.131	253	255	47	2	7	0.0019	0.1	0	0.01
0.0155	0.0348	-0.0701	-0.1478	-0.0126	-0.0581	0.8436	-0.5339	254	256	47	2	8	0.0014	0.2917	0	0.0112
0.0155	0.0441	-0.0701	-0.1163	-0.0373	-0.8691	0.484	-0.1018	255	257	47	2	9	0.0031	0.15	0	0.0084
0.0155	0.0277	-0.1079	-0.0942	-0.0423	-0.8374	0.3932	-0.3796	256	258	47	2	10	0.0018	0.1	0	0.01
0.0155	0.0193	-0.1242	-0.0836	-0.0206	-0.4359	0.8942	0.1018	257	259	47	2	11	0.0008	0.375	0	0.0152
0.0155	0.0391	-0.1288	-0.0622	-0.0417	-0.1031	0.9816	0.1604	258	260	47	2	12	0.0014	0.375	0	0.0163
0.0155	0.0229	-0.1227	-0.0238	-0.0284	0.0051	0.9999	-0.0115	259	261	47	2	13	0.01	0.05	0	0.01
0.0155	0.0219	-0.1181	0.0018	-0.0146	0.2041	0.948	-0.2444	260	0	47	2	14	0.001	0.1	0	0.01
0.0096	0.0923	-0.2475	-0.3054	-0.0248	0.8878	-0.4559	0.0624	88	263	52	2	1	0.0024	0.4583	0	0.0104
0.0096	0.0227	-0.1871	-0.3561	-0.0168	0.3679	-0.9297	-0.0193	262	264	52	2	2	0.0011	0.2917	0	0.0111
0.0096	0.0042	-0.1842	-0.3722	-0.0131	-0.2191	-0.7555	0.6175	263	265	52	2	3	0.01	0.05	0	0.01
0.0096	0.0305	-0.1852	-0.3754	-0.0105	0.4348	-0.8821	-0.1814	264	0	52	2	4	0.01	0.05	0	0.01
0.0079	0.1477	-0.3017	-0.4311	0.0048	0.8736	-0.486	-0.0243	93	267	62	2	1	0.0025	0.5313	0	0.0084
0.0079	0.0377	-0.171	-0.4953	0.0063	0.9681	-0.2427	0.0632	266	268	62	2	2	0.0011	0.4583	0	0.0087
0.0078	0.0301	-0.1361	-0.5082	0.0024	0.9224	-0.3861	0.008	267	269	62	2	3	0.0009	0.2917	0	0.0095
0.0072	0.0439	-0.1097	-0.5212	0.0074	0.8049	-0.5909	0.0541	268	270	62	2	4	0.0009	0.375	0	0.0072
0.0077	0.0513	-0.0729	-0.5454	0.0075	0.7939	-0.6066	0.0421	269	271	62	2	5	0.0008	0.25	0	0.0093
0.0077	0.0172	-0.0288	-0.5688	0.0076	0.8734	-0.4284	-0.2315	270	272	62	2	6	0.01	0.05	0	0.01
0.0077	0.0391	-0.0188	-0.5842	0.0121	0.7769	-0.6175	-0.1232	271	273	62	2	7	0.0036	0.225	0	0.0138
0.0077	0.0234	0.0132	-0.6079	0.0086	0.543	-0.7131	-0.4434	272	274	62	2	8	0.0013	0.375	0	0.0101
0.0075	0.0469	0.0255	-0.6203	0.0016	0.9491	0.242	-0.2018	273	275	62	2	9	0.001	0.375	0	0.0075
0.0054	0.0353	0.0678	-0.6191	-0.0053	0.9783	-0.2002	0.0529	274	276	62	2	10	0.0046	0.4688	0	0.005
0.0074	0.0321	0.083	-0.6379	-0.0015	0.5214	-0.8351	0.1753	275	277	62	2	11	0.0039	0.325	0	0.0089
0.0073	0.0329	0.0959	-0.6629	0.0066	-0.5053	-0.8441	-0.1796	276	278	62	2	12	0.001	0.3333	0	0.0106
0.0072	0.0214	0.0773	-0.6912	0.0165	0.0987	-0.9949	-0.0223	277	279	62	2	13	0.0012	0.2917	0	0.0099
0.0072	0.0698	0.0853	-0.7098	0.0091	0.5014	-0.8602	0.0929	278	280	62	2	14	0.0014	0.3333	0	0.0097
0.007	0.0487	0.1312	-0.7601	0.023	0.6183	-0.7768	0.1193	279	281	62	2	15	0.0039	0.3333	0	0.0096
0.006	0.0377	0.1517	-0.8055	0.0327	0.6548	-0.7307	0.1932	280	282	62	2	16	0.01	0.05	0	0.01
0.0059	0.0269	0.1743	-0.799	0.0184	0.9367	-0.1468	-0.3178	281	0	62	2	17	0.01	0.05	0	0.01
0.0084	0.1237	-0.2876	-0.3755	0.0095	-0.9586	0.2738	-0.0776	91	284	71	2	1	0.0025	0.4167	0	0.0084
0.0067	0.0028	-0.4049	-0.3441	0.0062	-0.9764	0.0249	0.2147	283	285	71	2	2	0.0044	0.5417	0	0.005
0.0084	0.0365	-0.4148	-0.3421	0.0034	-0.4012	-0.8377	0.3704	284	286	71	2	3	0.001	0.5417	0	0.0084
0.0079	0.0446	-0.4256	-0.3757	0.0104	-0.2569	-0.9269	0.2738	285	287	71	2	4	0.001	0.4583	0	0.0079
0.009	0.058	-0.4329	-0.4169	0.0266	0.4242	-0.8025	-0.4195	286	288	71	2	5	0.0012	0.375	0	0.0113
0.0089	0.0703	-0.4088	-0.4648	0.0185	-0.3693	-0.9255	-0.0841	287	289	71	2	6	0.0011	0.25	0	0.0123
0.0089	0.0383	-0.437	-0.5294	0.0073	-0.417	-0.9002	0.1256	288	290	71	2	7	0.0011	0.375	0	0.0103
0.0088	0.0518	-0.4476	-0.5677	0.0171	-0.6011	-0.7984	0.0352	289	291	71	2	8	0.0035	0.325	0	0.0097
0.0087	0.0305	-0.4716	-0.61	0.0221	-0.1298	-0.9915	-0.0113	290	292	71	2	9	0.0011	0.2917	0	0.0093
0.0087	0.0507	-0.4744	-0.6405	0.0191	0.0446	-0.9922	0.116	291	293	71	2	10	0.0008	0.3333	0	0.0094
0.0087	0.0654	-0.4783	-0.6882	0.0201	-0.4418	-0.8936	0.0793	292	294	71	2	11	0.0014	0.375	0	0.0114
0.0078	0.0689	-0.5061	-0.7474	0.0251	-0.57	-0.8182	-0.0754	293	295	71	2	12	0.0043	0.4167	0	0.0079
0.0079	0.0283	-0.5698	-0.7839	0.022	-0.6337	-0.7648	-0.1166	294	296	71	2	13	0.0112	0.225	0	0.0115
0.0071	0.038	-0.5861	-0.8123	0.0225	-0.9795	-0.1716	0.1057	295	297	71	2	14	0.01	0.05	0	0.01
0.007	0.0229	-0.6166	-0.7966	0.0162	-0.9636	0.2523	-0.0879	296	298	71	2	15	0.01	0.05	0	0.01
0.0068	0.0404	-0.6322	-0.8155	0.0115	-0.9596	-0.234	-0.1561	297	0	71	2	16	0.01	0.05	0	0.01
0.0074	0.0538	-0.3459	-0.7443	0.0309	0.9929	0.0564	0.1045	103	300	138	2	1	0.01	0.05	1	0.01
0.0074	0.0335	-0.2925	-0.7412	0.0365	0.9965	0.0606	0.058	299	301	138	2	2	0.01	0.05	0	0.01
0.0074	0.0331	-0.2633	-0.727	0.0282	0.6224	0.6174	0.481	300	302	138	2	3	0.0042	0.275	0	0.018
0.0074	0.0573	-0.2579	-0.708	0.0434	-0.0751	0.9501	-0.3027	301	303	138	2	4	0.0014	0.4583	0	0.0113
0.0074	0.0179	-0.2592	-0.6543	0.028	0.337	0.924	-0.1805	302	304	138	2	5	0.0037	0.5833	0	0.0074
0.0074	0.0231	-0.2535	-0.639	0.0235	0.2437	0.6331	-0.7347	303	0	138	2	6	0.01	0.05	0	0.01
0.0091	0.0576	-0.4041	-0.9382	0.0256	0.8045	-0.5935	0.0237	113	306	149	2	1	0.0029	0.4167	0	0.0099
0.0091	0.0319	-0.3504	-0.9744	0.0312	-0.2496	-0.968	-0.0269	305	307	149	2	2	0.0038	0.25	0	0.0205
0.0091	0.0241	-0.3524	-0.9964	0.0418	0.752	-0.6507	0.1056	306	308	149	2	3	0.0009	0.4167	0	0.0098
0.0091	0.0555	-0.3296	-1.006	0.043	0.8	-0.5979	0.0494	307	309	149	2	4	0.0036	0.225	0	0.0192
0.0091	0.0534	-0.286	-1.0366	0.052	0.9807	0.19	0.0455	308	310	149	2	5	0.0015	0.1	0	0.0193
0.0073	0.0538	-0.2634	-1.0072	0.0484	0.5542	0.8249	-0.1114	309	311	149	2	6	0.0037	0.3542	0	0.0067
0.0073	0.0332	-0.2222	-0.9692	0.0552	0.5537	0.8292	-0.076	310	312	149	2	7	0.0046	0.275	0	0.0065
0.0073	0.018	-0.1996	-0.9566	0.0464	0.9672	0.2217	0.1239	311	313	149	2	8	0.0063	0.4583	0	0.0073
0.0073	0.01	-0.1876	-0.9564	0.0569	0.8493	-0.3571	0.3889	312	314	149	2	9	0.0037	0.5833	0	0.0073
0.0084	0.0402	-0.1798	-0.9606	0.0541	0.9329	0.3341	-0.1348	313	315	149	2	10	0.0009	0.375	0	0.0087
0.0079	0.0125	-0.1412	-0.9504	0.0531	0.9707	0.2278	-0.0771	314	316	149	2	11	0.01	0.05	0	0.01
0.0082	0.0474	-0.1291	-0.9469	0.0556	-0.15	0.9724	-0.1786	315	0	149	2	12	0.0021	0.2917	0	0.0089
0.0032	0.0163	-0.193	0.7547	-0.0136	-0.7064	-0.4561	-0.5412	120	318	157	3	1	0.002	0.375	1	0.0083
0.0032	0.0239	-0.2058	0.7485	-0.0217	-0.4437	-0.7433	0.5007	317	0	157	3	2	0.0039	0.15	0	0.0083
0.006	0.0944	-0.2738	0.8122	-0.024	0.0733	-0.9923	-0.0994	122	320	4	3	1	0.0028	0.5	0	0.0081
0.006	0.0186	-0.2751	0.7201	-0.0319	-0.2006	-0.9769	-0.0734	319	321	4	3	2	0.0044	0.4688	0	0.0091
0.006	0.0415	-0.2814	0.7106	-0.0285	-0.968	-0.2343	-0.0897	320	322	4	3	3	0.0067	0.1	0	0.011
0.006	0	-0.318	0.7129	-0.0317	-0.9558	0.2875	0.062	321	0	4	3	4	0.01	0.05	0	0.01
0.0072	0.0223	-0.1457	0.3488	-0.0364	0.1317	-0.8267	-0.547	125	324	16	3	1	0.0035	0.3333	1	0.0228
0.0072	0.0699	-0.1503	0.3298	-0.0485	0.0687	-0.7023	0.7085	323	325	16	3	2	0.0136	0.25	0	0.0228
0.0065	0.0189	-0.1348	0.2939	-0.0223	0.8987	-0.3955	0.1894	324	326	16	3	3	0.0069	0.3125	0	0.0064
0.0072	0.0012	-0.1276	0.2907	-0.0208	0.4016	0.9158	0.0087	325	0	16	3	4	0.01	0.05	0	0.01
0.0089	0.0655	-0.1765	0.3582	-0.0254	0.287	0.9575	-0.0287	127	328	23	3	1	0.0028	0.4167	0	0.0089
0.0089	0.0288	-0.16	0.4202	-0.0293	-0.1695	0.977	-0.1292	327	329	23	3	2	0.01	0.05	0	0.01
0.0089	0.0229	-0.1738	0.4282	-0.0189	-0.6669	0.6015	0.4399	328	0	23	3	3	0.01	0.05	0	0.01
0.0075	0.0811	0.0488	0.4459	-0.0185	-0.7989	0.6014	-0.0127	129	331	20	3	1	0.0026	0.4583	0	0.0079
0.0067	0.0418	-0.0101	0.4981	-0.0232	-0.5384	0.8395	-0.0725	330	332	20	3	2	0.0035	0.4688	0	0.0067
0.0073	0.0323	-0.0279	0.5359	-0.0278	-0.5044	0.8617	-0.0552	331	333	20	3	3	0.01	0.05	0	0.01
0.0073	0.0139	-0.0276	0.5614	-0.0203	0.0872	0.992	0.0907	332	334	20	3	4	0.0026	0.25	0	0.0174
0.0071	0.0357	-0.0269	0.5755	-0.0257	-0.0093	0.9986	0.0519	333	335	20	3	5	0.01	0.05	0	0.01
0.007	0.0263	-0.0146	0.6041	-0.0164	0.3433	0.9006	0.2666	334	336	20	3	6	0.01	0.05	0	0.01
0.0069	0.0317	-0.0136	0.6263	-0.0252	0.1521	0.9747	-0.1635	335	337	20	3	7	0.01	0.05	0	0.01
0.0068	0.004	-0.0259	0.6305	-0.0246	-0.8417	0.54	0.0032	336	0	20	3	8	0.01	0.05	0	0.01
0.0075	0.0191	0.1572	0.4394	-0.0027	0.1892	-0.612	-0.7679	132	339	31	3	1	0.0018	0.3333	1	0.0214
0.0075	0.0464	0.1645	0.4304	-0.0018	0.3251	-0.9411	0.0929	338	340	31	3	2	0.0032	0.2	0	0.0214
0.0075	0.068	0.1668	0.4004	0.0014	-0.7311	-0.6791	0.0654	339	341	31	3	3	0.001	0.4583	0	0.0079
0.0075	0.0217	0.1134	0.3598	-0.0049	-0.7834	-0.6194	-0.0518	340	342	31	3	4	0.0047	0.5833	0	0.0075
0.0075	0.0408	0.093	0.3456	-0.0002	-0.03	-0.9903	-0.1358	341	343	31	3	5	0.001	0.2917	0	0.0092
0.0075	0.037	0.0791	0.311	-0.0089	-0.4003	-0.9133	-0.0756	342	344	31	3	6	0.01	0.05	0	0.01
0.0075	0.0263	0.0732	0.3172	-0.0079	-0.975	0.2086	0.0766	343	345	31	3	7	0.01	0.05	0	0.01
0.0075	0.0053	0.0692	0.3027	-0.0093	-0.6794	-0.7324	-0.0451	344	0	31	3	8	0.01	0.05	0	0.01
0.0073	0.0356	0.1877	0.5258	0.0066	0.4514	-0.5093	0.7327	135	347	37	3	1	0.0012	0.2	1	0.0462
0.0073	0.0388	0.2196	0.5084	-0.0062	0.8192	-0.4721	0.3255	346	348	37	3	2	0.0053	0.275	0	0.0462
0.0073	0.0237	0.2462	0.4957	0.0005	-0.6211	-0.7642	-0.1738	347	349	37	3	3	0.01	0.05	0	0.01
0.0073	0.0255	0.2315	0.4775	-0.0036	0.8401	-0.2744	0.4679	348	0	37	3	4	0.01	0.05	0	0.01
0.0025	0.0354	0.1528	0.5728	0.0009	-0.3127	-0.9323	-0.1818	136	351	41	3	1	0.0058	0.275	0	0.013
0.0025	0.0321	0.1417	0.5398	-0.0062	-0.0467	-0.9986	-0.0248	350	0	41	3	2	0.0009	0.3333	0	0.0064
0.0082	0.0571	0.166	0.0375	0.0058	0.9922	-0.0515	0.1139	164	353	49	3	1	0.0028	0.4583	0	0.0083
0.0082	0.0277	0.219	0.0366	0.0084	0.5333	0.8437	-0.0618	352	354	49	3	2	0.0009	0.375	0	0.0092
0.0082	0.0305	0.2347	0.0474	0.0111	0.9271	-0.0583	-0.3702	353	355	49	3	3	0.0009	0.375	0	0.0089
0.0082	0.0306	0.2619	0.0442	0.0035	0.9289	-0.3345	0.1591	354	356	49	3	4	0.0009	0.2917	0	0.0081
0.0082	0.0426	0.2905	0.039	-0.0033	0.9941	-0.1045	-0.0285	355	357	49	3	5	0.001	0.2917	0	0.0106
0.0082	0.0429	0.3329	0.0423	-0.0019	0.9848	0.0604	-0.1631	356	358	49	3	6	0.0055	0.4	0	0.0082
0.0082	0.0622	0.3766	0.0424	-0.0059	0.8881	0.4575	-0.0439	357	359	49	3	7	0.0027	0.25	0	0.0064
0.0082	0.0393	0.4211	0.0855	-0.0063	0.8064	0.591	-0.0207	358	360	49	3	8	0.01	0.05	0	0.01
0.0082	0.0492	0.4595	0.0765	-0.0106	0.9749	0.2117	-0.0688	359	361	49	3	9	0.01	0.05	0	0.01
0.0082	0.0416	0.4932	0.1071	0.0013	0.8539	0.503	0.1337	360	0	49	3	10	0.01	0.05	0	0.01
0.0057	0.0523	0.1209	-0.0478	0.0013	0.8794	-0.3017	0.3682	166	363	66	3	1	0.0064	0.2917	1	0.0211
0.0055	0.03	0.1693	-0.0521	0.0249	0.543	0.1979	-0.8161	362	364	66	3	2	0.0123	0.175	0	0.0211
0.0051	0.0686	0.1932	-0.0425	0.0164	0.3091	-0.9484	0.0707	363	365	66	3	3	0.0016	0.2083	0	0.0094
0.0039	0.0052	0.2163	-0.108	0.0195	-0.163	-0.9837	0.0762	364	366	66	3	4	0.003	0.2	0	0.01
0.003	0.0263	0.216	-0.1141	0.0188	-0.9301	-0.3322	-0.1571	365	0	66	3	5	0.0007	0.125	0	0.01
0.0123	0.0546	0.122	-0.0937	0.0047	-0.0364	-0.9974	0.0623	167	368	86	3	1	0.0019	0.3333	0	0.0143
0.0123	0.0439	0.1305	-0.152	-0.0078	0.4261	-0.774	0.4684	367	369	86	3	2	0.0007	0.4167	0	0.0123
0.0123	0.0435	0.1516	-0.1801	0.0127	0.9166	-0.3765	0.1343	368	370	86	3	3	0.0058	0.3438	0	0.0117
0.0123	0.0028	0.1846	-0.1882	0.0158	0.7565	0.6504	0.068	369	371	86	3	4	0.01	0.05	0	0.01
0.0123	0.0184	0.1867	-0.1864	0.016	0.8461	0.3535	0.3989	370	0	86	3	5	0.01	0.05	0	0.01
0.0073	0.0135	0.0597	-0.1639	0.0067	-0.4664	0.8551	0.2264	170	373	100	3	1	0.0017	0.4583	1	0.0073
0.0073	0.0629	0.0534	-0.1523	0.0098	-0.4111	0.857	-0.3108	372	374	100	3	2	0.0017	0.4583	0	0.0073
0.0073	0.0465	0.0295	-0.0993	-0.0012	0.1401	0.9875	0.0728	373	375	100	3	3	0.0022	0.175	0	0.0202
0.0073	0.0288	0.0336	-0.0539	0.0055	0.1809	0.9449	0.2728	374	376	100	3	4	0.01	0.05	0	0.01
0.0073	0.0432	0.0326	-0.0633	-0.0024	-0.9694	0.2152	-0.118	375	377	100	3	5	0.0024	0.3	0	0.0141
0.0073	0.0292	-0.012	-0.0487	0.0004	-0.683	0.4713	-0.558	376	378	100	3	6	0.0052	0.2	0	0.0125
0.0073	0.0017	-0.0238	-0.0312	-0.001	-0.6995	0.6832	0.2096	377	379	100	3	7	0.01	0.05	0	0.01
0.0073	0.0184	-0.0413	-0.0349	0.0009	-0.1846	0.3117	-0.9321	378	380	100	3	8	0.0057	0.2	0	0.0139
0.0073	0.0415	-0.0514	-0.034	-0.0116	-0.6379	0.7573	-0.1403	379	0	100	3	9	0.01	0.05	0	0.01
0.0025	0.069	0.05	-0.2181	0.0111	-0.8095	-0.561	-0.1733	172	382	116	3	1	0.0073	0.25	1	0.01
0.0025	0.0236	-0.0147	-0.2563	-0.0013	-0.0476	-0.997	-0.0606	381	383	116	3	2	0.0026	0.175	0	0.01
0.0025	0.0246	-0.0145	-0.2825	-0.0019	-0.817	-0.5115	-0.2662	382	0	116	3	3	0.0035	0.225	0	0.01
0.0066	0.0753	0.289	0.3698	-0.0051	0.6467	-0.7547	0.1104	186	385	58	3	1	0.0023	0.4583	0	0.0091
0.0066	0.0549	0.34	0.316	0.0052	0.7503	-0.6517	0.1112	384	386	58	3	2	0.0039	0.225	0	0.0116
0.0066	0.0181	0.3851	0.2841	0.0059	0.7301	-0.6818	0.045	385	387	58	3	3	0.0054	0.375	0	0.0075
0.0065	0.0022	0.4002	0.273	0.0056	0.5083	-0.8554	-0.0993	386	388	58	3	4	0.01	0.05	0	0.01
0.006	0.0602	0.4013	0.2682	0.006	0.9988	0.0116	0.0477	387	389	58	3	5	0.0008	0.2917	0	0.0044
0.0065	0.0409	0.4604	0.2705	0.0061	0.6435	0.7456	0.1732	388	390	58	3	6	0.001	0.25	0	0.0075
0.0064	0.0514	0.495	0.2781	0.014	0.9242	0.3407	0.1723	389	391	58	3	7	0.0058	0.325	0	0.0109
0.0063	0.0281	0.5425	0.2953	0.023	0.9812	-0.1213	0.15	390	392	58	3	8	0.0008	0.25	0	0.0071
0.006	0.0212	0.5684	0.2952	0.0298	0.9258	0.2165	0.3099	391	393	58	3	9	0.0033	0.6667	0	0.006
0.0064	0.0058	0.5823	0.3038	0.0331	0.496	0.8514	0.1707	392	0	58	3	10	0.002	0.4167	0	0.0079
0.0036	0.0721	0.2768	0.378	0.0035	-0.3801	0.9243	0.0349	185	395	64	3	1	0.0054	0.325	0	0.0109
0.0025	0.0259	0.2508	0.4463	0.0034	-0.7811	0.6221	-0.0537	394	396	64	3	2	0.01	0.05	0	0.01
0.0025	0.0378	0.2519	0.4557	0.0061	-0.2893	-0.9558	-0.0518	395	0	64	3	3	0.004	0.2	0	0.01
0.0067	0.0151	0.3502	0.5753	0.0038	-0.726	0.6214	-0.2945	191	398	85	3	1	0.0014	0.375	0	0.0071
0.0067	0.0717	0.3373	0.586	0.0121	-0.983	-0.1214	-0.1375	397	399	85	3	2	0.001	0.4167	0	0.0082
0.0067	0.0557	0.2702	0.5842	-0.0028	-0.925	0.3501	-0.1475	398	400	85	3	3	0.0048	0.0833	0	0.0124
0.0062	0.0218	0.236	0.6159	-0.0075	-0.5675	0.8212	-0.0592	399	401	85	3	4	0.0032	0.4375	0	0.0062
0.0062	0.0379	0.2261	0.6349	-0.0082	-0.4044	0.9145	0.0115	400	402	85	3	5	0.0038	0.4688	0	0.0062
0.0065	0.046	0.2159	0.6687	-0.0068	0.1669	0.9846	-0.0522	401	403	85	3	6	0.0037	0.2	0	0.0169
0.0062	0.062	0.2286	0.7118	-0.0095	0.405	0.9135	-0.0386	402	404	85	3	7	0.0028	0.3542	0	0.0051
0.0063	0.0336	0.2546	0.7682	-0.0106	0.3728	0.9269	-0.0431	403	405	85	3	8	0.01	0.05	0	0.01
0.0062	0.029	0.2719	0.7969	-0.0111	0.4542	0.8905	-0.0273	404	406	85	3	9	0.01	0.05	0	0.01
0.0062	0.0271	0.2934	0.8154	-0.0167	0.6402	0.7642	-0.078	405	0	85	3	10	0.01	0.05	0	0.01
0.0072	0.0187	0.4131	0.6809	-0.0007	0.7893	-0.2888	0.5418	194	408	111	3	1	0.0025	0.375	1	0.0083
0.0072	0.036	0.4279	0.6755	0.0094	0.9145	-0.4047	-0.0005	407	409	111	3	2	0.0025	0.375	0	0.0083
0.0072	0.0444	0.4605	0.6607	0.0084	0.6521	-0.7558	0.0605	408	410	111	3	3	0.0009	0.25	0	0.0081
0.0072	0.0497	0.4968	0.6372	0.0073	0.8066	-0.5903	-0.0295	409	411	111	3	4	0.0036	0.225	0	0.0173
0.0072	0.0629	0.5374	0.6138	0.0034	0.9852	-0.1277	-0.1143	410	412	111	3	5	0.0039	0.3125	0	0.0052
0.0072	0.0414	0.59	0.6264	-0.0094	0.8827	0.3054	-0.3573	411	413	111	3	6	0.01	0.05	0	0.01
0.0072	0.0222	0.6177	0.6085	-0.0069	0.9698	-0.2197	0.1057	412	414	111	3	7	0.0017	0.3333	0	0.0117
0.0072	0.0259	0.6368	0.602	-0.009	0.6014	-0.7983	-0.0329	413	415	111	3	8	0.0007	0.4583	0	0.0072
0.0072	0.0234	0.6514	0.5831	-0.0155	0.4855	-0.8045	-0.3421	414	416	111	3	9	0.01	0.05	0	0.01
0.0072	0.0188	0.671	0.5738	-0.015	0.8355	-0.4647	-0.2933	415	417	111	3	10	0.01	0.05	0	0.01
0.0072	0.0257	0.6833	0.5643	-0.0054	0.8247	-0.5433	0.1569	416	0	111	3	11	0.01	0.05	0	0.01
0.0065	0.0256	0.4019	0.7739	-0.0058	-0.3837	0.9133	-0.1362	196	419	120	3	1	0.0008	0.375	1	0.0073
0.0065	0.0336	0.3921	0.7973	-0.0093	0.1178	0.9908	-0.0667	418	420	120	3	2	0.0008	0.375	0	0.0073
0.0061	0.0441	0.3774	0.8213	-0.0099	-0.4494	0.888	-0.0978	419	421	120	3	3	0.0064	0.3125	0	0.0077
0.005	0.0227	0.3721	0.8668	-0.0226	-0.5451	0.746	-0.3827	420	422	120	3	4	0.01	0.05	0	0.01
0.0043	0.0383	0.3477	0.8635	-0.0163	-0.8821	0.4634	-0.085	421	423	120	3	5	0.0015	0.15	0	0.01
0.0033	0.0272	0.3384	0.8945	-0.0124	-0.4821	0.8756	0.0309	422	0	120	3	6	0.003	0.15	0	0.01
0.0054	0.0826	0.6953	0.2033	0.0109	0	0.9519	0.3064	209	425	145	3	1	0.0016	0.4167	0	0.005
0.0068	0.029	0.6981	0.2811	0.0411	0.678	0.6824	-0.2733	424	426	145	3	2	0.0014	0.25	0	0.0092
0.0068	0.0178	0.7156	0.2997	0.0389	-0.0088	0.979	0.2036	425	427	145	3	3	0.01	0.05	0	0.01
0.0068	0.0291	0.7154	0.318	0.0393	0.529	0.8178	0.2265	426	0	145	3	4	0.01	0.05	0	0.01
0.01	0.0618	-0.0844	-0.1468	-0.0213	-0.7605	-0.6477	-0.0448	255	429	51	3	1	0.01	0.05	1	0.01
0.01	0.0407	-0.1314	-0.1868	-0.0241	-0.7361	-0.6717	-0.084	428	430	51	3	2	0.01	0.05	0	0.01
0.01	0.0203	-0.1613	-0.2141	-0.0275	-0.8593	-0.4817	-0.1719	429	0	51	3	3	0.01	0.05	0	0.01
0.0101	0.1179	-0.1962	-0.2754	-0.0353	0.6724	-0.6583	0.3383	248	432	161	3	1	0.0009	0.4583	0	0.0101
0.0127	0.0423	-0.1071	-0.3493	-0.0144	0.8913	-0.0474	0.451	431	433	161	3	2	0.0014	0.375	0	0.0137
0.0101	0.0095	-0.0757	-0.3673	0.0027	0.9094	-0.3228	-0.2625	432	434	161	3	3	0.01	0.05	0	0.01
0.0101	0.038	-0.0683	-0.3684	0.0043	0.1557	0.9101	-0.3841	433	435	161	3	4	0.01	0.05	0	0.01
0.0101	0.0113	-0.0624	-0.3337	-0.0103	0.5415	0.7397	0.3995	434	0	161	3	5	0.01	0.05	0	0.01
0.0093	0.0445	-0.186	-0.4903	0.0081	0.7541	0.6445	-0.1262	266	437	72	3	1	0.0012	0.375	0	0.0085
0.0093	0.0577	-0.1539	-0.4584	0.0066	0.9457	0.3106	0.096	436	438	72	3	2	0.0012	0.5	0	0.011
0.0093	0.0455	-0.0957	-0.4635	0.0045	0.9644	0.0694	0.2552	437	439	72	3	3	0.0051	0.4583	0	0.0093
0.0093	0.0082	-0.0506	-0.4577	0.02	0.8024	-0.5799	0.1413	438	440	72	3	4	0.0035	0.375	0	0.0055
0.0093	0.0174	-0.0431	-0.4596	0.0154	0.9889	-0.082	0.1237	439	441	72	3	5	0.01	0.05	0	0.01
0.0093	0.0387	-0.0258	-0.461	0.0176	0.4606	0.8439	0.2751	440	442	72	3	6	0.01	0.05	0	0.01
0.0093	0.0242	-0.008	-0.4283	0.0282	0.9837	0.1571	0.087	441	0	72	3	7	0.01	0.05	0	0.01
0.0031	0.0694	-0.2856	-0.4311	0.0031	0.9924	-0.008	-0.1229	266	444	162	3	1	0.0044	0.125	1	0.0083
0.0031	0.0319	-0.2184	-0.4367	-0.0072	0.9318	-0.3528	0.0858	443	0	162	3	2	0.005	0.325	0	0.0083
0.0073	0.0808	-0.0443	-0.5722	0.0158	-0.3653	-0.9305	-0.0264	270	446	82	3	1	0.0034	0.4167	0	0.01
0.0073	0.0344	-0.0804	-0.6454	0.0259	-0.5113	-0.8483	-0.1378	445	447	82	3	2	0.0049	0.4063	0	0.0073
0.0073	0.0269	-0.0954	-0.6763	0.0206	-0.5456	-0.835	-0.0714	446	0	82	3	3	0.0023	0.25	0	0.0074
0.0075	0.0784	-0.1184	-0.5145	0.0151	-0.7854	-0.6021	0.1435	267	449	89	3	1	0.0015	0.2083	0	0.0088
0.007	0.0445	-0.1799	-0.5593	0.0213	-0.974	0.2142	0.0733	448	450	89	3	2	0.0008	0.375	0	0.007
0.0064	0.0455	-0.2224	-0.5483	0.0232	-0.8948	0.4457	-0.0261	449	451	89	3	3	0.0007	0.25	0	0.0064
0.0061	0.0445	-0.2659	-0.5381	0.0221	-0.9604	0.2747	0.0477	450	452	89	3	4	0.0044	0.35	0	0.007
0.0045	0.0403	-0.3021	-0.5372	0.0284	-0.874	-0.4759	0.098	451	0	89	3	5	0.0015	0.2917	0	0.0058
0.0069	0.0785	0.084	-0.6871	0.0152	0.8433	0.5122	-0.1628	278	454	102	3	1	0.0077	0.3438	1	0.0069
0.0064	0.076	0.1502	-0.6469	0.0024	0.2476	0.9667	-0.0645	453	455	102	3	2	0.0077	0.3438	0	0.0069
0.0055	0.0447	0.1665	-0.5704	0.0007	0.8474	0.487	0.2114	454	456	102	3	3	0.0009	0.25	0	0.0073
0.0041	0.0319	0.2055	-0.5562	0.0111	0.9684	0.16	0.1911	455	457	102	3	4	0.0039	0.225	0	0.01
0.0032	0.0176	0.2057	-0.5581	0.0114	-0.2231	0.9748	-0.0071	456	0	102	3	5	0.0029	0.15	0	0.01
0.0096	0.059	0.0806	-0.6478	-0.0011	-0.4189	-0.908	-0.0038	276	459	103	3	1	0.0026	0.4167	1	0.0096
0.0096	0.0454	0.0558	-0.7014	-0.0014	-0.3954	-0.862	0.3171	458	460	103	3	2	0.0026	0.4167	0	0.0096
0.0096	0.0768	0.0351	-0.731	0.0073	-0.9676	-0.1763	0.1806	459	461	103	3	3	0.0011	0.375	0	0.0103
0.0096	0.007	-0.0379	-0.7463	0.0082	-0.8619	-0.5068	-0.0149	460	462	103	3	4	0.01	0.05	0	0.01
0.0096	0.0092	-0.0412	-0.7484	0.0102	-0.388	0.917	-0.0924	461	0	103	3	5	0.01	0.05	0	0.01
0.0055	0.0722	-0.3309	-0.3546	0.0043	-0.562	0.8088	-0.1732	283	464	78	3	1	0.0038	0.4375	1	0.0055
0.0055	0.0638	-0.3714	-0.2962	-0.0082	-0.7883	0.571	0.2292	463	0	78	3	2	0.0038	0.4375	0	0.0055
0.0065	0.0208	-0.4032	-0.3374	0.0063	0.2351	0.9719	0.0149	284	466	79	3	1	0.0025	0.4583	1	0.0083
0.0065	0.0799	-0.3984	-0.3172	0.0066	-0.8643	0.5029	0.009	465	467	79	3	2	0.0025	0.4583	0	0.0083
0.0065	0.0249	-0.4605	-0.3024	0.0064	-0.9579	-0.263	0.1153	466	468	79	3	3	0.0072	0.5	0	0.0065
0.0065	0.0341	-0.4989	-0.2964	0.0054	-0.6606	-0.7503	0.0274	467	469	79	3	4	0.005	0.35	0	0.0076
0.0065	0.0328	-0.5219	-0.3205	0.0061	-0.9338	-0.3544	-0.0495	468	470	79	3	5	0.01	0.05	0	0.01
0.0065	0.0087	-0.5203	-0.3189	0.0138	-0.3838	0.9232	0.0182	469	471	79	3	6	0.01	0.05	0	0.01
0.0065	0.0129	-0.5236	-0.3109	0.0139	-0.6984	0.7144	-0.0425	470	0	79	3	7	0.01	0.05	0	0.01
0.0083	0.0613	-0.4471	-0.5301	0.0087	-0.9884	-0.0668	0.1364	289	473	101	3	1	0.0058	0.375	1	0.0083
0.0083	0.0699	-0.5077	-0.5342	0.0171	-0.8809	-0.4732	-0.012	472	474	101	3	2	0.0058	0.375	0	0.0083
0.0082	0.0366	-0.5597	-0.5662	0.0195	0.1668	-0.9741	-0.1527	473	475	101	3	3	0.01	0.05	0	0.01
0.0082	0.0721	-0.5702	-0.5778	0.0154	-0.8236	-0.5657	-0.041	474	476	101	3	4	0.0009	0.375	0	0.0094
0.006	0.0268	-0.6221	-0.6281	0.0113	-0.7838	-0.6188	0.0517	475	477	101	3	5	0.0044	0.375	0	0.006
0.0071	0.0678	-0.6349	-0.609	0.0113	-0.9742	0.223	0.0358	476	478	101	3	6	0.0115	0.2813	0	0.008
0.0065	0.0367	-0.7001	-0.5934	0.0022	-0.826	0.5624	-0.0365	477	479	101	3	7	0.0043	0.375	0	0.0074
0.0045	0.047	-0.7189	-0.5638	0.0054	-0.6008	0.7975	-0.0548	478	480	101	3	8	0.0042	0.15	0	0.01
0.0038	0.0412	-0.7588	-0.5494	-0.008	-0.8318	0.5159	-0.2049	479	0	101	3	9	0.0076	0.15	0	0.01
0.0081	0.0802	-0.5848	-0.8107	0.0242	0.8397	-0.5128	-0.1788	295	482	109	3	1	0.0021	0.5	0	0.0081
0.0081	0.0029	-0.5194	-0.853	0.0117	0.5203	-0.854	0.0025	481	0	109	3	2	0.01	0.05	0	0.01
0.0117	0.0514	-0.2559	-0.6311	0.0244	-0.3863	0.9222	-0.0177	304	484	146	3	1	0.0027	0.4167	0	0.0117
0.0117	0.0085	-0.2707	-0.588	0.0296	-0.789	-0.5591	0.2548	483	485	146	3	2	0.01	0.05	0	0.01
0.0117	0.0307	-0.2774	-0.5928	0.0318	-0.3753	-0.9248	-0.0624	484	0	146	3	3	0.01	0.05	0	0.01
0.0104	0.0653	-0.3683	-0.9586	0.0343	0.848	0.4941	0.192	305	487	150	3	1	0.0032	0.5833	0	0.0104
0.0104	0.0006	-0.3156	-0.9221	0.05	0.8874	0.383	0.2568	486	488	150	3	2	0.01	0.05	0	0.01
0.0104	0.0262	-0.3133	-0.9231	0.0479	0.5648	0.8252	0.0061	487	0	150	3	3	0.0023	0.2917	0	0.0068
0.0081	0.1771	-0.2907	-1.029	0.0375	-0.5656	0.8222	-0.0645	308	490	163	3	1	0.0024	0.5417	0	0.0091
0.0081	0.0297	-0.3872	-0.8833	0.0193	-0.3211	0.9302	-0.1776	489	491	163	3	2	0.0033	0.4688	0	0.0081
0.0081	0.0262	-0.397	-0.8551	0.0161	0.1362	0.9613	-0.2396	490	0	163	3	3	0.01	0.05	0	0.01
0.0069	0.0631	-0.2189	-0.9752	0.0515	0.3515	-0.928	0.1239	311	493	151	3	1	0.003	0.5417	0	0.009
0.0069	0.0253	-0.2313	-1.0216	0.0502	-0.3436	-0.9377	0.0525	492	494	151	3	2	0.0077	0.3438	0	0.0103
0.0069	0.0534	-0.2359	-1.0537	0.0524	-0.8968	-0.4421	0.0174	493	495	151	3	3	0.01	0.05	0	0.01
0.0069	0.0168	-0.2414	-1.0348	0.0507	-0.7084	0.7017	-0.0761	494	0	151	3	4	0.01	0.05	0	0.01
0.0025	0.0633	-0.0072	0.5111	-0.0311	0.95	0.2748	0.1485	332	497	26	4	1	0.01	0.05	0	0.01
0.0025	0.0123	0.0529	0.5285	-0.0216	0.7547	0.4772	0.4503	496	0	26	4	2	0.01	0.05	0	0.01
0.0074	0.0471	0.2314	0.0556	0.0107	0.1358	0.9856	-0.1009	354	499	165	4	1	0.0005	0.4583	0	0.0074
0.0078	0.0245	0.2348	0.0967	0.0077	-0.8074	0.5359	0.2469	498	500	165	4	2	0.001	0.3333	0	0.0107
0.0078	0.0362	0.2089	0.1149	0.0007	-0.8809	0.113	0.4596	499	501	165	4	3	0.0008	0.2917	0	0.0107
0.0069	0.023	0.1738	0.1265	0.0091	-0.9611	-0.1638	0.2226	500	502	165	4	4	0.0028	0.5	0	0.0069
0.0075	0.0306	0.1799	0.1271	0.0065	-0.1514	0.9885	-0.0038	501	503	165	4	5	0.0073	0.4167	0	0.0075
0.0074	0.0536	0.1577	0.1592	0.0131	0.0668	0.993	-0.0975	502	504	165	4	6	0.0045	0.4063	0	0.0075
0.0072	0.0414	0.1503	0.2069	0.0023	-0.4113	0.9066	-0.0941	503	505	165	4	7	0.01	0.05	0	0.01
0.007	0.038	0.1571	0.2445	0.014	-0.0902	0.9873	0.1309	504	0	165	4	8	0.01	0.05	0	0.01
0.008	0.0757	0.301	0.0225	0.0066	-0.097	-0.9832	0.1548	355	507	68	4	1	0.002	0.4167	0	0.0176
0.008	0.0442	0.2855	-0.0665	0.0047	-0.894	0.4442	0.0582	506	508	68	4	2	0.0007	0.4167	0	0.008
0.008	0.0062	0.2482	-0.0499	0.0078	-0.5132	-0.223	0.8288	507	0	68	4	3	0.01	0.05	0	0.01
0.0025	0.101	0.0198	-0.0936	-0.018	-0.5057	-0.8326	0.2259	373	0	104	4	1	0.01	0.05	0	0.01
0.0067	0.051	0.389	0.2621	0.0043	-0.8907	-0.4381	-0.1215	388	511	73	4	1	0.0026	0.75	1	0.0067
0.0067	0.0434	0.3436	0.2398	-0.0019	-0.9734	0.2081	-0.0962	510	0	73	4	2	0.0026	0.75	0	0.0067
0.0059	0.0111	0.2394	0.6209	-0.0105	0.7854	0.4254	-0.4497	400	513	121	4	1	0.0029	0.5	1	0.0092
0.0059	0.0442	0.2481	0.6256	-0.0155	0.6906	0.2962	0.6598	512	514	121	4	2	0.0029	0.5	0	0.0092
0.0055	0.0582	0.2797	0.6389	-0.0032	0.0695	0.9975	0.0133	513	515	121	4	3	0.0034	0.5313	0	0.0055
0.0059	0.0331	0.2868	0.694	-0.0086	0.3352	0.9066	-0.2562	514	0	121	4	4	0.01	0.05	0	0.01
0.0059	0.0341	0.2446	0.7437	-0.0169	0.2472	-0.1002	-0.9638	403	517	127	4	1	0.0018	0.1667	1	0.0464
0.0056	0.0595	0.2557	0.7523	-0.0089	0.9715	-0.237	0.0052	516	518	127	4	2	0.0047	0.2	0	0.0464
0.0048	0.0094	0.3086	0.7332	-0.0038	0.7566	-0.6468	0.0958	517	519	127	4	3	0.0014	0.125	0	0.01
0.0041	0.0214	0.3166	0.7272	-0.0017	0.4006	-0.8835	-0.243	518	520	127	4	4	0.0019	0.2	0	0.01
0.0032	0.0321	0.3262	0.709	-0.0049	0.4841	-0.8735	0.0507	519	0	127	4	5	0.0031	0.175	0	0.01
0.0058	0.0691	0.3608	0.854	-0.0087	-0.516	-0.8442	-0.1451	420	522	137	4	1	0.0038	0.3	0	0.0127
0.0058	0.0005	0.3228	0.8096	-0.0127	-0.9882	-0.1331	-0.0758	521	523	137	4	2	0.01	0.05	0	0.01
0.0058	0.0274	0.3228	0.8093	-0.0132	-0.1113	-0.9219	0.3711	522	524	137	4	3	0.01	0.05	0	0.01
0.0058	0.0201	0.3198	0.784	-0.003	0.6951	-0.6951	-0.1832	523	0	137	4	4	0.01	0.05	0	0.01
0.0091	0.0434	0.5934	0.1935	0.0511	-0.2187	0.5636	-0.7966	0	0	168	0	1	0.0024	0.5417	0	0.0091
0.0139	0.0252	-0.0409	-0.467	0.0216	-0.4643	-0.8735	-0.1462	440	527	84	4	1	0.0024	0.5	0	0.0139
0.0139	0.0329	-0.0385	-0.4903	0.0138	0.0309	-0.9212	0.3879	526	528	84	4	2	0.01	0.05	0	0.01
0.0139	0.0323	-0.0372	-0.5208	0.0284	0.8862	0.4559	-0.0827	527	0	84	4	3	0.01	0.05	0	0.01
0.0025	0.0509	-0.1255	-0.455	0.0139	0.1807	0.9759	-0.1225	437	530	91	4	1	0.0105	0.175	1	0.01
0.0025	0.0379	-0.1478	-0.3979	-0.001	-0.1766	-0.9669	-0.1839	529	0	91	4	2	0.0036	0.2	0	0.01
0.0114	0.0355	-0.0799	-0.4532	0.0103	-0.085	0.9835	0.1599	438	532	92	4	1	0.0042	0.4583	1	0.0114
0.0114	0.0229	-0.0829	-0.4183	0.016	0.6238	0.2392	-0.744	531	533	92	4	2	0.0042	0.4583	0	0.0114
0.0114	0.044	-0.0646	-0.4082	0.0073	0.4935	-0.838	0.2327	532	0	92	4	3	0.01	0.05	0	0.01
0.0037	0.0748	-0.614	-0.6023	0.0158	-0.3064	0.9518	-0.0163	475	535	107	4	1	0.0105	0.225	0	0.0182
0.0038	0.0224	-0.6256	-0.5327	0.0182	0.1099	0.9919	0.0633	534	0	107	4	2	0.0063	0.3438	0	0.0148
0.0083	0.052	-0.3166	-0.9096	0.0488	-0.3695	0.8554	-0.3629	488	537	152	4	1	0.0023	0.4167	0	0.0083
0.0083	0.0094	-0.322	-0.8642	0.0326	0.0278	0.889	-0.4572	536	538	152	4	2	0.01	0.05	0	0.01
0.0083	0.0192	-0.3217	-0.8557	0.0279	0.8803	0.4462	0.1613	537	0	152	4	3	0.01	0.05	0	0.01
0.007	0.0483	0.1684	0.2094	0.0089	0.7711	-0.6325	-0.0733	503	540	60	5	1	0.0024	0.5	0	0.009
0.007	0.0049	0.2013	0.1773	0.0054	0.2814	-0.8409	0.4622	539	541	60	5	2	0.01	0.05	0	0.01
0.007	0.0186	0.202	0.1714	0.0046	0.9794	-0.1787	-0.0943	540	542	60	5	3	0.01	0.05	0	0.01
0.007	0.0198	0.2202	0.1681	0.0029	0.1329	0.9828	-0.1281	541	0	60	5	4	0.01	0.05	0	0.01
0.007	0.0589	-0.1702	-0.6119	0.0361	0.9221	0.126	-0.3657	0	544	172	0	1	0.0065	0.325	0	0.0131
0.0075	0.0046	-0.1156	-0.6053	0.0255	0.7075	0.7063	0.0249	543	545	172	0	2	0.01	0.05	0	0.01
0.0072	0.0296	-0.1123	-0.6021	0.0256	-0.2995	0.9362	-0.1838	544	0	172	0	3	0.01	0.05	0	0.01
