radius (m)	length (m)	start_point	axis_direction	parent	extension	branch	branch_order	position_in_branch	mad	SurfCov	added	UnmodRadius (m)
0.0156	0.1007	-0.1948	-0.1852	-0.0921	0.5932	0.711	0.3776	0	2	1	0	1	0.0037	0.6875	0	0.0156
0.0219	0.0771	-0.1362	-0.1401	-0.0373	0.4875	0.4518	0.7471	1	3	1	0	2	0.0025	0.4583	0	0.0241
0.0133	0.0285	-0.0893	-0.0765	0.0085	0.0638	0.3619	0.93	2	4	1	0	3	0.0014	0.5	0	0.0133
0.0156	0.0322	-0.0651	-0.0691	0.0275	0.3014	0.7264	0.6176	3	5	1	0	4	0.0019	0.4167	0	0.0156
0.0148	0.0495	-0.0696	-0.0391	0.0474	0.3446	0.7348	0.5842	4	6	1	0	5	0.0014	0.2083	0	0.0158
0.0109	0.0132	-0.0317	-0.0082	0.0641	0.5156	0.6164	0.5952	5	7	1	0	6	0.0012	0.2917	0	0.0109
0.0093	0.0256	-0.0272	-0.0038	0.0728	0.0203	-0.2542	-0.9669	6	8	1	0	7	0.0007	0.4167	0	0.008
0.0098	0.0449	-0.0282	-0.0117	0.0538	-0.9692	0.0446	-0.2424	7	9	1	0	8	0.001	0.375	0	0.0098
0.0094	0.0282	-0.0675	-0.0054	0.0359	-0.8882	0.3143	-0.3351	8	10	1	0	9	0.01	0.05	0	0.01
0.0082	0.028	-0.0928	0.0034	0.0377	-0.9445	0.328	-0.0171	9	0	1	0	10	0.01	0.05	0	0.01
0.009	0.0253	-0.1661	-0.1287	-0.0599	-0.7292	0.535	0.4266	1	12	2	1	1	0.0023	0.4583	1	0.009
0.009	0.0386	-0.1846	-0.1152	-0.0491	-0.18	0.8414	-0.5096	11	13	2	1	2	0.0023	0.4583	0	0.009
0.0092	0.0214	-0.1938	-0.0779	-0.062	0.9642	0.1579	0.2128	12	14	2	1	3	0.0011	0.25	0	0.0095
0.009	0.0133	-0.1721	-0.0737	-0.0605	0.6517	0.6416	0.4046	13	0	2	1	4	0.01	0.05	0	0.01
0.0106	0.0959	-0.1079	-0.1403	-0.0295	0.9643	-0.0059	0.2649	2	16	3	1	1	0.0068	0.5	1	0.0106
0.0106	0.0339	-0.0154	-0.1409	-0.0041	0.2298	-0.1272	0.9649	15	17	3	1	2	0.0068	0.5	0	0.0106
0.0086	0.0307	-0.0148	-0.1581	0.0223	0.8532	-0.5142	0.0878	16	18	3	1	3	0.0012	0.2917	0	0.0086
0.0084	0.0131	0.0179	-0.168	0.0242	0.6322	-0.7353	-0.2442	17	19	3	1	4	0.0035	0.4375	0	0.0084
0.0101	0.008	0.0213	-0.1729	0.0249	-0.576	-0.7797	0.2457	18	0	3	1	5	0.0025	0.2917	0	0.0115
0.009	0.1046	-0.0517	-0.0744	0.0201	0.4942	0.6368	0.5919	4	21	5	1	1	0.001	0.2917	0	0.0088
0.009	0.0378	-0.0023	-0.0089	0.0846	0.4604	0.588	0.6651	20	22	5	1	2	0.0009	0.2917	0	0.0091
0.0089	0.065	0.0201	0.0149	0.0982	0.7117	0.5903	0.3809	21	0	5	1	3	0.01	0.05	0	0.01
0.0079	0.0995	-0.0186	-0.0015	0.0661	0.5869	0.5065	-0.6317	7	24	7	1	1	0.0044	0.375	0	0.006
0.0079	0.0197	0.0396	0.0641	0.0129	0.4965	0.4698	-0.7299	23	25	7	1	2	0.0045	0.3333	0	0.0059
0.0079	0.023	0.0481	0.0728	-0.0045	0.4087	0.8481	-0.3372	24	26	7	1	3	0.0029	0.4583	0	0.0079
0.0088	0.0361	0.0437	0.0962	0.0002	-0.2604	0.7998	-0.5409	25	27	7	1	4	0.001	0.2917	0	0.0133
0.0088	0.033	0.0296	0.1232	-0.0182	-0.4086	0.8715	-0.2711	26	28	7	1	5	0.0013	0.25	0	0.0107
0.0088	0.0205	0.0293	0.1556	-0.019	-0.3171	0.9442	0.0892	27	29	7	1	6	0.0061	0.4167	0	0.0139
0.0088	0.0268	0.0269	0.1703	-0.0166	0.6518	0.6234	0.4319	28	30	7	1	7	0.01	0.05	0	0.01
0.0088	0.0799	0.0487	0.1648	-0.0162	0.9851	0.1481	0.0869	29	31	7	1	8	0.0014	0.2188	0	0.012
0.0087	0.0252	0.1306	0.1842	-0.0218	0.9654	0.0233	0.2598	30	32	7	1	9	0.0014	0.2083	0	0.0103
0.0088	0.019	0.136	0.198	-0.0199	0.5279	0.8244	0.2044	31	33	7	1	10	0.007	0.5	0	0.0141
0.0086	0.0209	0.1403	0.2146	-0.0155	0.098	0.8798	-0.4651	32	34	7	1	11	0.01	0.05	0	0.01
0.0087	0.0374	0.145	0.2212	-0.0194	0.8715	0.3602	0.3326	33	35	7	1	12	0.0011	0.4167	0	0.009
0.0086	0.0046	0.1715	0.2365	-0.0023	0.546	0.7109	0.4433	34	36	7	1	13	0.01	0.05	0	0.01
0.0086	0.0201	0.174	0.2398	-0.0003	0.7489	0.1127	-0.6531	35	0	7	1	14	0.01	0.05	0	0.01
0.0094	0.0251	-0.0227	-0.1436	0.0112	-0.996	-0.0514	-0.0733	16	38	9	2	1	0.0025	0.5	1	0.0094
0.0094	0.0376	-0.0476	-0.1449	0.0094	-0.8915	-0.4189	-0.1723	37	39	9	2	2	0.0025	0.5	0	0.0094
0.0094	0.02	-0.0754	-0.1562	-0.0023	0.2003	-0.8464	-0.4935	38	40	9	2	3	0.0009	0.3333	0	0.0094
0.01	0.0554	-0.0746	-0.1736	0.0106	0.268	-0.9632	0.019	39	41	9	2	4	0.0083	0.275	0	0.011
0.0098	0.0227	-0.0433	-0.1888	0.0177	0.5968	-0.3721	0.7109	40	42	9	2	5	0.01	0.05	0	0.01
0.0097	0.008	-0.0645	-0.1963	0.0077	-0.3246	-0.8568	0.4006	41	0	9	2	6	0.01	0.05	0	0.01
0.0075	0.0209	0.0079	0.0145	0.0488	0.8705	-0.1146	0.4787	23	44	14	2	1	0.0021	0.5417	1	0.0094
0.0075	0.0476	0.0261	0.0121	0.0588	0.6218	-0.2185	-0.7521	43	45	14	2	2	0.0021	0.5417	0	0.0094
0.0075	0.0489	0.0502	0.0164	0.0515	0.3992	0.8436	-0.3592	44	46	14	2	3	0.0061	0.3125	0	0.0117
0.0075	0.0449	0.0805	0.045	0.0363	0.6876	0.6445	0.3345	45	0	14	2	4	0.01	0.05	0	0.01
0.0076	0.0266	0.0179	0.1679	-0.0232	-0.7851	-0.1086	-0.6097	28	48	21	2	1	0.0017	0.4167	1	0.0076
0.0076	0.0401	-0.0029	0.165	-0.0394	-0.4867	0.8116	0.3232	47	49	21	2	2	0.0017	0.4167	0	0.0076
0.0082	0.0547	-0.0219	0.1972	-0.0246	0.7494	0.6556	-0.0924	48	50	21	2	3	0.0011	0.3333	0	0.0087
0.008	0.0252	0.0224	0.229	-0.0227	0.6161	0.7701	0.1654	49	51	21	2	4	0.01	0.05	0	0.01
0.0078	0.0263	0.0322	0.2517	-0.0211	0.4622	0.8818	0.094	50	0	21	2	5	0.01	0.05	0	0.01
0.0105	0.047	0.1484	0.2132	-0.02	0.3941	-0.9165	-0.0683	34	53	26	2	1	0.0013	0.375	1	0.0107
0.0105	0.0473	0.167	0.1701	-0.0232	-0.7936	-0.6044	0.0708	52	54	26	2	2	0.0013	0.375	0	0.0107
0.0105	0.0518	0.1274	0.1352	-0.0209	0.87	-0.346	0.3512	53	55	26	2	3	0.0009	0.4167	0	0.0107
0.0105	0.0266	0.1711	0.1019	-0.014	0.8763	-0.3288	0.3521	54	56	26	2	4	0.0041	0.5313	0	0.0105
0.0105	0.0318	0.175	0.0869	-0.0036	0.3078	-0.9515	-0.0003	55	57	26	2	5	0.0065	0.3333	0	0.0104
0.0105	0.0201	0.1753	0.0663	-0.0072	-0.6974	-0.712	-0.0815	56	58	26	2	6	0.01	0.05	0	0.01
0.0105	0.0458	0.1948	0.0693	-0.0154	0.4706	-0.715	0.517	57	59	26	2	7	0.0008	0.3333	0	0.0152
0.0105	0.0047	0.2143	0.0323	-0.0057	0.8707	-0.4916	0.017	58	60	26	2	8	0.01	0.05	0	0.01
0.0105	0.0257	0.2183	0.03	-0.0056	0.6328	0.331	0.7	59	61	26	2	9	0.01	0.05	0	0.01
0.0105	0.0318	0.2346	0.0385	0.0123	0.7794	0.6066	-0.1567	60	62	26	2	10	0.01	0.05	0	0.01
0.0105	0.0133	0.2594	0.0578	0.0074	0.971	0.1878	0.1479	61	0	26	2	11	0.01	0.05	0	0.01
0.009	0.0392	0.1857	0.082	-0.0095	0.8389	-0.0138	-0.544	56	64	29	3	1	0.0017	0.5	1	0.009
0.009	0.0494	0.2186	0.0815	-0.0309	-0.0821	0.9076	0.4118	63	65	29	3	2	0.0017	0.5	0	0.009
0.0094	0.0109	0.2204	0.1213	-0.0076	0.6861	0.7062	-0.175	64	66	29	3	3	0.01	0.05	0	0.01
0.0093	0.0261	0.2285	0.1307	-0.0113	0.9758	-0.1088	0.1895	65	67	29	3	4	0.01	0.05	0	0.01
0.0092	0.0024	0.2526	0.1281	-0.0068	0.3193	0.6448	-0.6944	66	0	29	3	5	0.01	0.05	0	0.01
