radius (m)	length (m)	start_point	axis_direction	parent	extension	branch	branch_order	position_in_branch	mad	SurfCov	added	UnmodRadius (m)
0.0099	0.1329	-0.2463	0.3392	-0.1049	0.5552	-0.823	0.12	0	2	1	0	1	0.0027	0.275	0	0.0099
0.01	0.0063	-0.173	0.2337	-0.0845	0.0162	-0.7494	0.6619	1	3	1	0	2	0.01	0.05	0	0.01
0.0119	0.0895	-0.1626	0.2326	-0.0864	0.4549	-0.8481	0.2717	2	4	1	0	3	0.0009	0.2917	0	0.013
0.01	0.0342	-0.1216	0.158	-0.0565	0.5911	-0.7892	0.1668	3	5	1	0	4	0.01	0.05	0	0.01
0.0085	0.0108	-0.0956	0.1336	-0.0567	0.5702	-0.796	0.2031	4	6	1	0	5	0.0009	0.375	0	0.0083
0.01	0.0026	-0.0953	0.1272	-0.0477	0.2246	-0.8556	0.4663	5	7	1	0	6	0.01	0.05	0	0.01
0.0085	0.0407	-0.1002	0.1187	-0.0482	0.6127	-0.6562	0.4404	6	8	1	0	7	0.0009	0.375	0	0.0065
0.01	0.0182	-0.0717	0.0966	-0.0306	0.793	-0.6046	0.0745	7	9	1	0	8	0.01	0.05	0	0.01
0.0111	0.0348	-0.0793	0.0856	-0.0318	-0.1016	-0.5172	0.8498	8	10	1	0	9	0.0007	0.375	0	0.012
0.0085	0.0322	-0.0792	0.0706	-0.0061	0.6922	-0.7149	0.0986	9	11	1	0	10	0.0008	0.4167	0	0.0085
0.0098	0.0205	-0.0556	0.0534	-0.0104	0.9902	-0.0772	0.1167	10	12	1	0	11	0.01	0.05	0	0.01
0.0104	0.0385	-0.0461	0.0473	-0.016	-0.4012	-0.445	0.8007	11	13	1	0	12	0.001	0.4583	0	0.0108
0.0095	0.006	-0.0497	0.0346	0.0021	-0.333	-0.7484	-0.5737	12	14	1	0	13	0.01	0.05	0	0.01
0.0093	0.0201	-0.0517	0.0301	-0.0014	-0.8622	-0.4984	-0.0912	13	0	1	0	14	0.01	0.05	0	0.01
0.0075	0.029	-0.2455	0.3518	-0.0999	-0.1609	0.9095	0.3834	1	16	2	1	1	0.0024	0.375	0	0.0075
0.0081	0.0586	-0.2511	0.3776	-0.085	-0.6801	0.7319	-0.0424	15	17	2	1	2	0.0008	0.3333	0	0.0081
0.0069	0.0384	-0.289	0.422	-0.0918	-0.6346	0.7728	-0.0091	16	18	2	1	3	0.0027	0.35	0	0.0071
0.005	0.0297	-0.302	0.4569	-0.0894	-0.3974	0.912	-0.1014	17	19	2	1	4	0.0019	0.125	0	0.01
0.0039	0.0052	-0.3107	0.4481	-0.0921	-0.9679	-0.0856	-0.2364	18	0	2	1	5	0.002	0.125	0	0.01
0.0095	0.0138	-0.1803	0.2381	-0.0793	0.2256	-0.0173	0.9741	2	21	3	1	1	0.0054	0.15	0	0.0176
0.0095	0.0036	-0.1844	0.2368	-0.0533	0.6052	-0.7441	0.2828	20	22	3	1	2	0.01	0.05	0	0.01
0.0095	0.0192	-0.1844	0.2313	-0.0542	0.7741	-0.6254	0.0987	21	23	3	1	3	0.01	0.05	0	0.01
0.0095	0.0129	-0.1695	0.2192	-0.0523	0.5871	0.6597	-0.4691	22	0	3	1	4	0.01	0.05	0	0.01
0.0088	0.0689	-0.0613	0.0207	0.0024	0.6916	-0.7064	0.1504	14	25	11	1	1	0.0016	0.225	0	0.0146
0.007	0.0449	-0.0214	-0.0323	0.0087	0.3043	-0.883	0.3572	24	26	11	1	2	0.0009	0.2917	0	0.007
0.0086	0.029	-0.0015	-0.066	0.0225	0.6806	-0.5363	0.4992	25	27	11	1	3	0.01	0.05	0	0.01
0.0064	0.0368	0.0066	-0.0905	0.0267	0.5603	-0.8247	0.0767	26	28	11	1	4	0.0025	0.4167	0	0.0057
0.0085	0.006	0.0245	-0.1145	0.0418	0.5083	-0.7168	0.4772	27	29	11	1	5	0.01	0.05	0	0.01
0.0086	0.0612	0.0367	-0.1203	0.0427	-0.1726	-0.9849	-0.0154	28	30	11	1	6	0.0043	0.2	0	0.0219
0.0085	0.0118	0.0239	-0.1763	0.0367	0.7572	-0.2852	-0.5876	29	31	11	1	7	0.01	0.05	0	0.01
0.0086	0.0888	0.0305	-0.1769	0.0376	0.9339	0.3193	0.1612	30	32	11	1	8	0.0009	0.3333	0	0.01
0.0062	0.0292	0.114	-0.1529	0.0453	0.9948	-0.0121	0.1013	31	33	11	1	9	0.0006	0.2917	0	0.0056
0.0083	0.0155	0.1373	-0.1582	0.0403	0.8441	-0.1556	-0.5132	32	34	11	1	10	0.01	0.05	0	0.01
0.0085	0.052	0.15	-0.1516	0.0533	0.9993	-0.023	0.0308	33	35	11	1	11	0.0009	0.3333	0	0.0101
0.0082	0.0497	0.2015	-0.1538	0.0573	0.9835	-0.0263	0.1788	34	36	11	1	12	0.0007	0.25	0	0.0084
0.008	0.0953	0.2497	-0.1605	0.068	0.9917	-0.1042	0.0754	35	37	11	1	13	0.0009	0.2188	0	0.0083
0.0078	0.0628	0.3421	-0.1786	0.0809	0.9796	-0.1811	0.0874	36	38	11	1	14	0.01	0.05	0	0.01
0.0075	0.0359	0.3944	-0.1759	0.0557	0.9528	-0.0354	-0.3015	37	39	11	1	15	0.001	0.3333	0	0.0075
0.0076	0.019	0.377	-0.1537	0.072	0.5007	0.8349	0.2286	38	40	11	1	16	0.01	0.05	0	0.01
0.0081	0.0513	0.3939	-0.1628	0.076	0.9569	0.283	-0.0656	39	41	11	1	17	0.0009	0.3333	0	0.0104
0.0077	0.1036	0.4426	-0.1464	0.0662	0.977	0.2131	0.0119	40	42	11	1	18	0.0011	0.2083	0	0.0097
0.0056	0.0312	0.5417	-0.1178	0.059	0.9765	0.1864	-0.1085	41	43	11	1	19	0.0032	0.4	0	0.0056
0.0069	0.0235	0.5703	-0.121	0.0519	0.9031	-0.009	-0.4293	42	44	11	1	20	0.01	0.05	0	0.01
0.0068	0.0197	0.5845	-0.1075	0.0558	0.8754	0.4822	-0.0349	43	45	11	1	21	0.01	0.05	0	0.01
0.0067	0.0058	0.603	-0.1081	0.0579	0.9876	0.1441	0.0628	44	0	11	1	22	0.01	0.05	0	0.01
0.0076	0.0375	-0.1286	0.1364	-0.0469	-0.1655	0.9758	0.1428	0	47	8	0	1	0.0023	0.4167	0	0.0075
0.0079	0.0185	-0.1348	0.1678	-0.0325	-0.3557	0.8078	0.47	46	48	8	0	2	0.01	0.05	0	0.01
0.0078	0.0266	-0.1287	0.1771	-0.0421	0.0905	0.9677	-0.2354	47	49	8	0	3	0.01	0.05	0	0.01
0.0075	0.0192	-0.14	0.193	-0.0531	-0.4008	0.7865	-0.47	48	0	8	0	4	0.0017	0.2917	0	0.0064
0.0079	0.0193	0.0374	-0.1612	0.0458	0.6803	0.4106	0.6071	29	51	12	2	1	0.0024	0.3333	0	0.0101
0.0058	0.0317	0.0456	-0.1625	0.0553	0.8813	-0.4725	-0.0047	50	52	12	2	2	0.0006	0.4167	0	0.0058
0.0072	0.0027	0.0728	-0.1731	0.0575	0.7898	-0.1911	0.5828	51	53	12	2	3	0.01	0.05	0	0.01
0.0069	0.0141	0.075	-0.1736	0.059	0.7589	-0.2376	0.6064	52	54	12	2	4	0.01	0.05	0	0.01
0.0064	0.014	0.0884	-0.1755	0.0624	0.1057	0.9393	0.3264	53	0	12	2	5	0.01	0.05	0	0.01
0.0081	0.0778	0.02	-0.1216	0.0396	-0.5201	-0.8185	-0.2441	28	56	13	2	1	0.01	0.05	1	0.01
0.0074	0.0226	-0.0205	-0.1853	0.0207	0.3637	-0.8897	-0.2761	55	57	13	2	2	0.01	0.05	0	0.01
0.0073	0.0441	-0.0174	-0.2118	0.0203	-0.1892	-0.5796	-0.7926	56	58	13	2	3	0.004	0.2	0	0.0135
0.0055	0.0179	-0.0247	-0.2364	-0.005	-0.4561	-0.8802	0.1314	57	59	13	2	4	0.01	0.05	0	0.01
0.0043	0.0163	-0.0315	-0.2531	-0.0032	-0.3331	-0.7847	0.5227	58	60	13	2	5	0.0012	0.15	0	0.01
0.0033	0.0199	-0.0385	-0.2618	0.0057	-0.6018	-0.1716	-0.78	59	0	13	2	6	0.0003	0.1	0	0.01
0.0082	0.0453	0.0192	-0.1714	0.0402	-0.6342	-0.7269	-0.2634	29	62	16	2	1	0.0022	0.3333	0	0.0124
0.0082	0.0264	-0.009	-0.208	0.0274	-0.9543	-0.072	-0.29	61	63	16	2	2	0.01	0.05	0	0.01
0.0082	0.0244	-0.0342	-0.2099	0.0198	-0.5261	-0.6694	-0.5245	62	64	16	2	3	0.01	0.05	0	0.01
0.0082	0.008	-0.0468	-0.2264	0.0082	-0.8611	0.4611	0.2144	63	0	16	2	4	0.01	0.05	0	0.01
0.0151	0.0354	0.2379	-0.161	0.0585	-0.6665	-0.7406	-0.0856	35	66	19	2	1	0.0032	0.4583	0	0.0151
0.0151	0.0354	0.2192	-0.1893	0.0623	0.1368	-0.9195	-0.3685	65	67	19	2	2	0.0008	0.3333	0	0.0114
0.0151	0.0066	0.2235	-0.219	0.0469	-0.7169	-0.5116	-0.4736	66	68	19	2	3	0.0038	0.175	0	0.01
0.0151	0.0025	0.2036	-0.229	0.041	0.0175	0.3501	-0.9365	67	69	19	2	4	0.0012	0.125	0	0.01
0.0151	0.0267	0.2241	-0.2313	0.0303	0.2467	0.9355	0.2531	68	0	19	2	5	0.0011	0.125	0	0.01
0.0059	0.0953	0.1506	-0.1586	0.0457	0.6129	-0.7712	0.1723	32	71	21	2	1	0.0008	0.2917	0	0.0098
0.0059	0.0004	0.2115	-0.223	0.0697	0.6476	-0.5853	0.488	70	72	21	2	2	0.01	0.05	0	0.01
0.0059	0.0164	0.2117	-0.2232	0.0699	-0.4853	-0.8699	-0.0885	71	73	21	2	3	0.01	0.05	0	0.01
0.0059	0.0216	0.2038	-0.2375	0.0685	0.7487	-0.6583	0.0788	72	0	21	2	4	0.01	0.05	0	0.01
