radius (m)	length (m)	start_point	axis_direction	parent	extension	branch	branch_order	position_in_branch	mad	SurfCov	added	UnmodRadius (m)
0.0213	0.0997	0.0693	0.0711	-0.1155	-0.1505	-0.827	0.5417	0	2	1	0	1	0.0048	0.625	0	0.0212
0.0221	0.1217	0.0527	-0.0165	-0.0526	-0.9871	0.0404	-0.1547	1	3	1	0	2	0.0029	0.7188	0	0.0221
0.0212	0.0114	-0.0689	-0.0039	-0.0786	-0.08	-0.6912	-0.7182	2	4	1	0	3	0.01	0.05	0	0.01
0.0212	0.027	-0.0646	0.0005	-0.0712	-0.899	0.4362	-0.0379	3	0	1	0	4	0.0033	0.2	0	0.01
0.017	0.0313	0.0509	0.063	-0.0925	-0.7132	0.4554	0.5329	1	6	2	1	1	0.0034	0.525	1	0.017
0.017	0.1267	0.0285	0.0773	-0.0758	-0.9423	0.2727	0.1943	5	7	2	1	2	0.0034	0.525	0	0.017
0.0202	0.0537	-0.0969	0.1192	-0.0562	-0.8226	-0.4559	0.3399	6	8	2	1	3	0.0025	0.625	0	0.0203
0.0198	0.1089	-0.1494	0.091	-0.0486	-0.2515	0.9588	-0.1321	7	9	2	1	4	0.0026	0.5313	0	0.0208
0.0151	0.04	-0.1724	0.1969	-0.0607	-0.319	0.9477	0.011	8	10	2	1	5	0.0018	0.5417	0	0.0151
0.0168	0.0822	-0.1824	0.2403	-0.0658	-0.5769	0.7077	0.4078	9	11	2	1	6	0.0025	0.5417	0	0.0168
0.0177	0.0426	-0.2289	0.2957	-0.0158	-0.2834	0.9425	0.1775	10	12	2	1	7	0.0018	0.3333	0	0.0226
0.0178	0.0681	-0.2504	0.3411	-0.013	0.3205	0.885	0.3377	11	13	2	1	8	0.005	0.325	0	0.0239
0.0115	0.0489	-0.2371	0.3966	-0.0045	-0.5656	0.8222	0.0639	12	14	2	1	9	0.0014	0.375	0	0.0115
0.0091	0.0023	-0.2599	0.441	-0.0011	-0.6544	0.7539	-0.0576	13	0	2	1	10	0.0052	0.4375	0	0.0091
0.0141	0.0544	-0.0568	0.008	-0.0914	-0.4125	0.4284	0.8039	3	16	3	1	1	0.0028	0.4583	0	0.0153
0.0126	0.0519	-0.0846	0.0503	-0.0656	-0.9171	-0.3775	-0.1283	15	17	3	1	2	0.0012	0.4167	0	0.0141
0.0079	0.0092	-0.1234	0.0287	-0.0654	-0.6332	-0.2282	0.7396	16	18	3	1	3	0.0049	0.4583	0	0.0074
0.0085	0.0636	-0.1331	0.027	-0.0584	-0.0543	-0.804	0.5922	17	0	3	1	4	0.0034	0.3333	0	0.0097
0.0118	0.0909	0.0498	-0.0273	-0.0335	-0.1323	-0.4896	0.8619	2	20	4	1	1	0.0014	0.4167	1	0.0118
0.0118	0.0475	0.0378	-0.0718	0.0448	-0.7053	0.2893	0.6472	19	21	4	1	2	0.0014	0.4167	0	0.0118
0.012	0.0472	0.0138	-0.0579	0.0709	0.432	-0.0399	0.901	20	22	4	1	3	0.0011	0.4583	0	0.0121
0.0096	0.0067	0.0345	-0.0596	0.1179	0.9134	0.4008	-0.072	21	23	4	1	4	0.0064	0.6667	0	0.0096
0.0123	0.0587	0.0419	-0.0506	0.1241	-0.2589	-0.678	0.688	22	0	4	1	5	0.0018	0.2917	0	0.0144
0.0184	0.2568	-0.0559	0.0188	-0.0648	0.8487	-0.5277	-0.0366	4	25	6	1	1	0.0036	0.4167	0	0.022
0.0116	0.0859	0.1668	-0.1093	-0.0959	0.9648	-0.2254	0.1356	24	26	6	1	2	0.0012	0.5417	0	0.0074
0.0112	0.054	0.2532	-0.1265	-0.0855	0.5678	-0.7599	0.3165	25	27	6	1	3	0.0012	0.5	0	0.0092
0.0174	0.0516	0.2744	-0.1602	-0.0605	0.291	-0.4966	0.8177	26	28	6	1	4	0.0031	0.25	0	0.0227
0.0171	0.0449	0.2942	-0.1834	-0.0176	-0.0632	-0.143	0.9877	27	29	6	1	5	0.0041	0.225	0	0.0222
0.0118	0.0295	0.2894	-0.1934	0.0227	0.1658	-0.7798	0.6037	28	30	6	1	6	0.0013	0.5417	0	0.0118
0.0125	0.064	0.302	-0.2117	0.0259	0.838	-0.4607	0.2926	29	31	6	1	7	0.001	0.5	0	0.0126
0.0098	0.0351	0.3445	-0.2557	0.0451	0.7668	-0.5952	-0.2402	30	32	6	1	8	0.0055	0.4	0	0.0098
0.0089	0.0316	0.3577	-0.2764	0.0442	0.0403	-0.9946	0.0951	31	0	6	1	9	0.01	0.05	0	0.01
0.0076	0.1082	0.0715	-0.0068	-0.0497	-0.0824	-0.92	0.3832	1	0	7	1	1	0.0084	0.3	0	0.0155
0.0157	0.0479	0.1311	-0.0315	-0.0213	0.9146	-0.1754	0.3642	2	35	8	1	1	0.0021	0.6667	1	0.0157
0.0157	0.0568	0.175	-0.0399	-0.0039	0.6333	0.3569	0.6867	34	0	8	1	2	0.0021	0.6667	0	0.0157
0.0175	0.0881	0.0563	-0.0209	-0.0301	-0.6797	-0.1357	0.7208	2	37	9	1	1	0.0036	0.6667	1	0.0175
0.0175	0.0499	-0.0035	-0.0329	0.0334	-0.7341	-0.5439	0.4064	36	38	9	1	2	0.0036	0.6667	0	0.0175
0.0146	0.0308	-0.0459	-0.057	0.0496	-0.5992	-0.0521	0.7989	37	39	9	1	3	0.0017	0.6667	0	0.0146
0.0191	0.036	-0.0827	-0.0748	0.069	-0.6584	0.5946	0.4615	38	40	9	1	4	0.0042	0.275	0	0.027
0.0146	0.0173	-0.0986	-0.0822	0.0935	-0.6411	-0.3582	-0.6788	39	0	9	1	5	0.0012	0.3333	0	0.0141
0.0155	0.1512	0.054	0.0054	-0.0554	-0.8015	-0.5978	-0.0182	2	42	67	1	1	0.0145	0.15	1	0.0258
0.0155	0.0558	-0.065	-0.072	-0.0494	-0.8634	0.3718	-0.3409	41	43	67	1	2	0.0036	0.225	0	0.0258
0.0155	0.0462	-0.1095	-0.064	-0.0579	-0.9754	-0.2027	0.0867	42	0	67	1	3	0.005	0.4583	0	0.0155
0.0139	0.0241	-0.1676	0.0835	-0.0442	-0.9413	0.3222	0.101	8	45	11	2	1	0.0042	0.5417	1	0.0139
0.0138	0.061	-0.1902	0.0913	-0.0417	0.2564	-0.9421	-0.216	44	46	11	2	2	0.0042	0.5417	0	0.0139
0.0127	0.0595	-0.1677	0.0357	-0.0619	0.4181	-0.891	0.1772	45	47	11	2	3	0.0016	0.4583	0	0.0127
0.0106	0.0782	-0.1431	-0.018	-0.0566	-0.4017	-0.903	0.1525	46	48	11	2	4	0.0014	0.4583	0	0.0106
0.0108	0.0201	-0.1757	-0.0877	-0.0525	-0.4533	-0.8901	-0.0476	47	49	11	2	5	0.0052	0.5313	0	0.0108
0.0106	0.0049	-0.1803	-0.1083	-0.0581	-0.6332	-0.7555	-0.1681	48	50	11	2	6	0.01	0.05	0	0.01
0.0106	0.0355	-0.1835	-0.112	-0.0589	-0.2527	0.3602	-0.898	49	0	11	2	7	0.01	0.05	0	0.01
0.0159	0.052	-0.1685	0.0864	-0.0456	0.7933	-0.6045	-0.0718	8	52	12	2	1	0.0027	0.5417	0	0.0159
0.0159	0.0039	-0.1057	0.0465	-0.0544	0.0509	0.6053	-0.7944	51	0	12	2	2	0.0043	0.15	0	0.01
0.0068	0.056	-0.2189	0.296	-0.0013	-0.9016	0.1392	-0.4095	11	54	13	2	1	0.015	0.2	0	0.0279
0.007	0.0455	-0.2788	0.3063	-0.013	0.073	0.9842	-0.1612	53	0	13	2	2	0.01	0.05	0	0.01
0.0161	0.1545	-0.1767	0.1372	-0.042	0.3266	-0.7569	0.5661	8	56	68	2	1	0.0149	0.3875	0	0.0273
0.0161	0.054	-0.1437	0.0087	0.05	0.5702	-0.8157	0.0972	55	57	68	2	2	0.0025	0.7083	0	0.0161
0.0161	0.0396	-0.1067	-0.0372	0.0542	-0.2167	-0.9187	0.3302	56	0	68	2	3	0.0069	0.35	0	0.0302
0.0108	0.0315	-0.1872	0.1608	-0.0524	-0.7344	-0.5834	0.3468	8	59	24	2	1	0.0061	0.5625	1	0.0108
0.0108	0.0706	-0.2103	0.1424	-0.0414	-0.7517	-0.6592	0.0199	58	0	24	2	2	0.0061	0.5625	0	0.0108
0.0112	0.1792	-0.1656	0.1703	-0.046	-0.1955	0.588	0.7849	9	61	26	2	1	0.0014	0.625	0	0.0112
0.0107	0.0646	-0.1986	0.2778	0.0881	0.0114	0.9504	0.3107	60	62	26	2	2	0.0018	0.5833	0	0.0107
0.0107	0.0097	-0.1981	0.3392	0.1092	0.1807	0.9822	0.0522	61	63	26	2	3	0.01	0.05	0	0.01
0.0107	0.0108	-0.1961	0.3499	0.1049	-0.702	0.6986	0.1384	62	0	26	2	4	0.01	0.05	0	0.01
0.0124	0.0264	-0.2496	0.3066	-0.0068	0.9779	-0.1277	0.1658	11	65	27	2	1	0.0023	0.5	0	0.0124
0.0124	0.0183	-0.2238	0.3047	0.0002	0.5708	0.7171	-0.4	64	66	27	2	2	0.01	0.05	0	0.01
0.0124	0.0324	-0.2133	0.3178	-0.0071	0.2484	0.8763	0.4128	65	0	27	2	3	0.01	0.05	0	0.01
0.0144	0.0567	-0.1923	0.2134	-0.0536	-0.8789	-0.1664	0.4471	9	68	28	2	1	0.0029	0.5	1	0.015
0.0143	0.0812	-0.242	0.204	-0.0283	-0.6939	-0.0994	0.7132	67	69	28	2	2	0.0029	0.5	0	0.015
0.0107	0.0292	-0.291	0.1965	0.0411	-0.777	-0.348	0.5246	68	70	28	2	3	0.0066	0.5417	0	0.0107
0.0107	0.0124	-0.2983	0.1987	0.0341	0.741	0.2217	0.6338	69	71	28	2	4	0.01	0.05	0	0.01
0.0107	0.029	-0.289	0.2015	0.042	-0.7598	-0.4818	0.4365	70	72	28	2	5	0.01	0.05	0	0.01
0.0107	0.0264	-0.311	0.1875	0.0546	-0.1782	-0.9775	-0.113	71	0	28	2	6	0.01	0.05	0	0.01
0.0199	0.0136	-0.2391	0.355	0.011	-0.5281	-0.7702	0.3577	12	74	38	2	1	0.0037	0.4583	0	0.0199
0.0199	0.0116	-0.2361	0.338	0.0075	-0.5059	-0.8608	0.0564	73	75	38	2	2	0.0025	0.175	0	0.01
0.0199	0.0622	-0.2632	0.331	0.0102	0.0691	-0.2028	0.9768	74	0	38	2	3	0.0015	0.2	0	0.01
0.0096	0.0438	-0.2626	0.4192	-0.0105	-0.4064	-0.8796	-0.2472	13	0	44	2	1	0.0029	0.5	0	0.0096
0.0055	0.1484	0.0392	-0.0463	0.1052	0.4079	-0.7245	-0.5556	23	78	15	2	1	0.0012	0.3333	0	0.0188
0.0025	0.0415	0.0983	-0.153	0.0164	0.5092	-0.8306	-0.2256	77	0	15	2	2	0.01	0.05	0	0.01
0.0112	0.0258	0.024	-0.0728	0.0683	0.3053	-0.6948	0.6512	20	80	16	2	1	0.0017	0.5	1	0.0121
0.0112	0.049	0.0319	-0.0907	0.0851	-0.7004	-0.3015	-0.647	79	81	16	2	2	0.0017	0.5	0	0.0121
0.0098	0.0855	0.0037	-0.1072	0.0566	-0.1735	-0.9699	-0.1712	80	82	16	2	3	0.001	0.4583	0	0.0098
0.01	0.0555	-0.0136	-0.1907	0.0501	-0.3238	-0.9306	-0.1707	81	83	16	2	4	0.01	0.05	0	0.01
0.0098	0.0309	-0.0093	-0.24	0.0346	0.0246	-0.9587	-0.2834	82	0	16	2	5	0.01	0.05	0	0.01
0.0127	0.0538	0.0416	-0.0779	0.1375	-0.8922	-0.4145	-0.1792	23	0	17	2	1	0.0037	0.4583	0	0.0127
0.0088	0.0672	0.0286	-0.0577	0.0475	-0.5395	0.8268	0.1595	20	86	69	2	1	0.0068	0.5	1	0.0088
0.0088	0.0727	-0.0077	-0.0021	0.0582	0.864	0.0471	0.5013	85	87	69	2	2	0.0068	0.5	0	0.0088
0.0088	0.0251	0.0557	0.0013	0.0951	0.6074	-0.0971	-0.7884	86	0	69	2	3	0.01	0.05	0	0.01
0.011	0.0448	0.141	-0.1008	-0.1079	-0.4648	-0.1176	0.8776	25	89	70	2	1	0.0091	0.125	1	0.0163
0.011	0.0992	0.1362	-0.1026	-0.0579	-0.4959	-0.2642	0.8272	88	90	70	2	2	0.004	0.3	0	0.0163
0.0103	0.0078	0.0945	-0.1313	0.0235	-0.2579	-0.8914	0.3727	89	91	70	2	3	0.01	0.05	0	0.01
0.01	0.0097	0.09	-0.1312	0.027	0.8336	0.2651	0.4845	90	0	70	2	4	0.01	0.05	0	0.01
0.0111	0.0768	0.1827	-0.1212	-0.0848	0.512	-0.6545	0.5563	25	93	35	2	1	0.0032	0.625	0	0.0111
0.0111	0.0407	0.2146	-0.1723	-0.0349	-0.0652	-0.9802	-0.1867	92	94	35	2	2	0.0011	0.3333	0	0.0099
0.0111	0.041	0.2091	-0.208	-0.0437	-0.6126	-0.193	0.7665	93	0	35	2	3	0.01	0.05	0	0.01
0.0112	0.0287	0.278	-0.1908	0.0255	-0.9488	0.2116	0.2344	29	96	49	2	1	0.0016	0.5	1	0.0143
0.0112	0.0564	0.2508	-0.1847	0.0322	-0.817	-0.4469	-0.3645	95	97	49	2	2	0.0016	0.5	0	0.0143
0.0111	0.0856	0.2094	-0.2098	0.0266	-0.8144	-0.519	0.2597	96	98	49	2	3	0.0016	0.5	0	0.0112
0.0109	0.0512	0.1495	-0.2651	0.0352	-0.4862	-0.8183	0.3066	97	99	49	2	4	0.0012	0.4167	0	0.0135
0.0107	0.0469	0.12	-0.3063	0.0422	-0.6242	-0.7344	0.2665	98	100	49	2	5	0.0016	0.375	0	0.0116
0.0085	0.0511	0.0855	-0.3331	0.0478	-0.8823	-0.4278	0.1963	99	101	49	2	6	0.0042	0.6667	0	0.0085
0.0102	0.0451	0.0712	-0.3604	0.08	-0.5564	-0.5253	0.6438	100	102	49	2	7	0.001	0.375	0	0.012
0.0086	0.0278	0.0603	-0.3746	0.0623	-0.7374	-0.5825	-0.342	101	0	49	2	8	0.01	0.05	0	0.01
0.0097	0.0051	0.363	-0.2888	0.0529	0.8411	-0.5406	0.0177	32	104	50	2	1	0.0038	0.4583	0	0.0097
0.0097	0.0733	0.3667	-0.2913	0.0519	0.385	0.9226	-0.0232	103	105	50	2	2	0.0009	0.5	0	0.0099
0.0097	0.0376	0.3882	-0.227	0.0446	0.0049	0.8609	-0.5088	104	106	50	2	3	0.0008	0.3333	0	0.0123
0.0097	0.0564	0.3924	-0.1917	0.0443	0.9731	0.0774	-0.217	105	107	50	2	4	0.0087	0.375	0	0.008
0.0097	0.0415	0.4254	-0.1659	0.0161	0.5119	0.785	0.3489	106	108	50	2	5	0.0076	0.3125	0	0.0131
0.0097	0.0169	0.4599	-0.1381	0.0296	0.3269	0.9414	-0.0834	107	109	50	2	6	0.0053	0.4063	0	0.0116
0.0097	0.0147	0.4707	-0.1315	0.0332	0.8807	0.4717	-0.0428	108	110	50	2	7	0.0056	0.5417	0	0.0098
0.0097	0.0311	0.4805	-0.1176	0.0274	0.9244	0.3768	-0.0592	109	111	50	2	8	0.0011	0.3333	0	0.0135
0.0097	0.009	0.5085	-0.1158	0.0231	0.5283	0.1665	-0.8326	110	112	50	2	9	0.01	0.05	0	0.01
0.0097	0.018	0.5133	-0.1127	0.0176	-0.5558	0.646	-0.5232	111	0	50	2	10	0.01	0.05	0	0.01
0.01	0.065	0.3037	-0.2068	0.0395	0.9706	0.0134	0.2403	29	114	52	2	1	0.0023	0.4583	0	0.01
0.01	0.0378	0.3671	-0.2099	0.0565	0.4271	0.3182	0.8464	113	0	52	2	2	0.01	0.05	0	0.01
0.0139	0.0562	-0.0432	-0.0669	0.0646	0.0053	-0.9847	0.174	38	116	22	2	1	0.0026	0.5	0	0.0147
0.0139	0.0336	-0.0395	-0.1183	0.077	-0.8131	0.4486	0.3711	115	117	22	2	2	0.0011	0.3333	0	0.0134
0.0139	0.0048	-0.0631	-0.1075	0.0957	-0.3405	0.6687	0.661	116	118	22	2	3	0.01	0.05	0	0.01
0.0139	0.0233	-0.0688	-0.1069	0.1036	-0.7876	0.1985	-0.5833	117	0	22	2	4	0.0029	0.175	0	0.0088
0.0244	0.0941	-0.1175	-0.0564	-0.0447	0.5882	0.578	0.5656	43	120	10	2	1	0.004	0.4583	1	0.0244
0.0244	0.0566	-0.0622	-0.002	0.0086	-0.7522	-0.6428	0.1446	119	0	10	2	2	0.004	0.4583	0	0.0244
0.0213	0.0471	-0.2727	0.3053	-0.0164	-0.1353	-0.9684	0.2097	54	122	72	3	1	0.003	0.4583	0	0.0213
0.0213	0.0475	-0.2737	0.256	-0.0177	-0.8707	-0.4014	-0.2841	121	0	72	3	2	0.0024	0.2917	0	0.0197
0.0025	0.0787	-0.1993	0.2328	0.0621	-0.7551	-0.5828	-0.3003	61	0	73	3	1	0.01	0.05	0	0.01
0.0081	0.046	-0.1876	0.3069	0.0981	0.9705	-0.1397	-0.1963	61	125	43	3	1	0.0025	0.5	0	0.0081
0.0081	0.0189	-0.1404	0.3025	0.0906	0.6943	-0.5116	-0.5062	124	0	43	3	2	0.01	0.05	0	0.01
0.0147	0.0428	-0.0054	-0.1119	0.061	0.0283	0.4982	0.8666	81	127	33	3	1	0.0012	0.4167	0	0.0147
0.0147	0.0398	-0.013	-0.0867	0.0909	-0.6237	-0.6713	0.4003	126	0	33	3	2	0.01	0.05	0	0.01
0.0051	0.0394	0.2547	-0.1804	0.0225	-0.1362	0.104	-0.9852	96	129	51	3	1	0.0036	0.3333	1	0.0112
0.0051	0.0724	0.2507	-0.179	-0.015	-0.0218	0.4259	0.9045	128	0	51	3	2	0.0056	0.275	0	0.0112
0.0127	0.0551	0.1738	-0.2199	0.0397	-0.6205	0.784	0.0199	97	131	56	3	1	0.0023	0.5417	0	0.0127
0.0127	0.0304	0.1426	-0.1721	0.037	-0.7654	0.6258	0.1504	130	0	56	3	2	0.0022	0.25	0	0.0127
0.0169	0.0599	0.1526	-0.2406	0.0334	-0.9284	-0.3714	-0.01	97	0	60	3	1	0.0038	0.5417	0	0.0169
0.0085	0.0293	0.1451	-0.2939	0.0436	0.2803	-0.9398	0.1954	98	134	63	3	1	0.0027	0.4583	1	0.0085
0.0085	0.0513	0.1533	-0.3214	0.0493	-0.2887	-0.9495	-0.1228	133	0	63	3	2	0.0027	0.4583	0	0.0085
0.0099	0.0681	0.0935	-0.323	0.0452	-0.2103	0.9774	-0.021	99	136	66	3	1	0.0035	0.5833	0	0.0119
0.0099	0.0079	0.0573	-0.2812	0.0574	0.3496	0.1954	0.9163	135	137	66	3	2	0.0067	0.25	0	0.0255
0.0099	0.0247	0.043	-0.2746	0.0582	-0.3501	-0.9141	0.2045	136	0	66	3	3	0.0021	0.4583	0	0.0099
0.0025	0.0338	0.38	-0.2469	0.0586	0.6586	-0.5811	0.4782	104	139	53	3	1	0.0127	0.3	1	0.01
0.0025	0.0425	0.4087	-0.2633	0.0565	0.1926	0.9511	0.2414	138	140	53	3	2	0.0048	0.15	0	0.01
0.0038	0.0523	0.4145	-0.2209	0.065	0.4916	-0.2	-0.8475	139	0	53	3	3	0.0015	0.375	0	0.007
0.0145	0.0239	-0.076	0.0107	-0.0069	0.5185	0.1833	0.8352	120	0	74	3	1	0.0024	0.5833	0	0.0145
0.0077	0.0146	-0.1639	0.3116	0.0947	0.0271	0.9877	0.1541	124	143	46	4	1	0.0026	0.5417	1	0.0119
0.0077	0.0426	-0.1635	0.326	0.0969	-0.9154	0.2425	-0.3212	142	144	46	4	2	0.0026	0.5417	0	0.0119
0.0077	0.0187	-0.1938	0.343	0.0683	0.2789	-0.9264	-0.253	143	145	46	4	3	0.0014	0.2917	0	0.0116
0.0077	0.0177	-0.1826	0.3226	0.0662	0.0668	-0.564	-0.8231	144	0	46	4	4	0.01	0.05	0	0.01
0.0195	0.0625	-0.2901	0.1515	-0.0011	0.5762	0.4144	-0.7045	0	0	78	0	1	0.0032	0.4167	0	0.0195
