radius (m)	length (m)	start_point	axis_direction	parent	extension	branch	branch_order	position_in_branch	mad	SurfCov	added	UnmodRadius (m)
0.0126	0.0571	0.0433	-0.0491	-0.1927	-0.4813	-0.1489	0.8638	0	2	1	0	1	0.003	0.5833	0	0.0129
0.011	0.0565	0.0139	-0.0603	-0.146	-0.5831	-0.3128	0.7498	1	3	1	0	2	0.001	0.3333	0	0.011
0.01	0.0455	-0.0113	-0.0804	-0.0997	-0.5114	-0.4786	0.7138	2	4	1	0	3	0.01	0.05	0	0.01
0.0087	0.0135	-0.0387	-0.0768	-0.091	-0.9505	0.1164	0.2882	3	5	1	0	4	0.0009	0.375	0	0.0087
0.0125	0.0528	-0.0465	-0.0674	-0.0819	-0.5469	-0.1953	0.8141	4	6	1	0	5	0.0015	0.3333	0	0.0141
0.008	0.0272	-0.088	-0.0845	-0.0495	-0.5304	-0.2694	0.8038	5	7	1	0	6	0.0037	0.4375	0	0.0065
0.0104	0.0275	-0.0805	-0.0834	-0.0329	0.2634	-0.0879	0.9607	6	8	1	0	7	0.0071	0.3333	0	0.0105
0.0075	0.0146	-0.0813	-0.1059	-0.002	0.5748	-0.0452	0.8171	7	9	1	0	8	0.011	0.3333	0	0.0048
0.0098	0.0239	-0.0772	-0.1087	0.0082	0.1711	-0.8089	0.5626	8	10	1	0	9	0.01	0.05	0	0.01
0.0086	0.019	-0.0705	-0.1112	0.0298	0.068	-0.4451	0.8929	9	11	1	0	10	0.0013	0.375	0	0.0086
0.01	0.0349	-0.0685	-0.1209	0.0462	0.1844	-0.3433	0.9209	10	12	1	0	11	0.0009	0.3333	0	0.011
0.008	0.0505	-0.0708	-0.1344	0.0774	0.0179	-0.5514	0.8341	11	13	1	0	12	0.0048	0.5	0	0.008
0.0079	0.0305	-0.0598	-0.1661	0.1104	0.3143	-0.7072	0.6334	12	14	1	0	13	0.01	0.05	0	0.01
0.0076	0.0224	-0.0695	-0.18	0.1371	0.0154	-0.6751	0.7375	13	15	1	0	14	0.01	0.05	0	0.01
0.0073	0.0087	-0.0596	-0.1536	0.1216	0.7321	0.3027	0.6102	14	0	1	0	15	0.01	0.05	0	0.01
0.0118	0.0251	0.0387	-0.0626	-0.1684	0.6033	-0.774	0.1926	1	17	2	1	1	0.0024	0.3333	1	0.019
0.0118	0.0819	0.0493	-0.0755	-0.1611	0.7975	0.3747	0.4729	16	18	2	1	2	0.0042	0.18	0	0.019
0.0083	0.086	0.1076	-0.0631	-0.1129	0.8254	-0.0232	0.5641	17	19	2	1	3	0.0025	0.2917	0	0.0034
0.01	0.0341	0.1833	-0.0613	-0.0908	0.9721	0.1343	0.1925	18	20	2	1	4	0.01	0.05	0	0.01
0.0109	0.0751	0.1713	-0.0702	-0.087	0.0757	-0.4339	0.8978	19	21	2	1	5	0.001	0.3333	0	0.0128
0.0076	0.0567	0.1856	-0.1042	-0.0218	0.0613	-0.7244	0.6867	20	22	2	1	6	0.0012	0.25	0	0.0076
0.0081	0.0463	0.1899	-0.1468	0.0151	0.0835	-0.7678	0.6352	21	23	2	1	7	0.01	0.05	0	0.01
0.0096	0.0186	0.2146	-0.1686	0.0304	0.5173	-0.8534	-0.064	22	24	2	1	8	0.0091	0.3	0	0.0209
0.006	0.0002	0.2091	-0.1834	0.0336	-0.1459	-0.9563	-0.2532	23	25	2	1	9	0.01	0.05	0	0.01
0.0052	0.0036	0.2092	-0.1854	0.0332	-0.9044	-0.0008	-0.4268	24	0	2	1	10	0.01	0.05	0	0.01
0.0095	0.021	-0.073	-0.0644	-0.0555	-0.7687	0.5882	0.2514	5	27	4	1	1	0.0037	0.4167	1	0.0095
0.0095	0.0581	-0.0891	-0.052	-0.0502	-0.4324	0.6872	0.5838	26	28	4	1	2	0.0037	0.4167	0	0.0095
0.01	0.0265	-0.1104	-0.0158	-0.0163	0.214	0.2194	0.9519	27	29	4	1	3	0.01	0.05	0	0.01
0.0093	0.0265	-0.1071	0.0041	-0.0036	0.1921	0.6736	0.7137	28	30	4	1	4	0.0012	0.375	0	0.0084
0.01	0.0253	-0.0959	0.0165	0.0142	0.635	0.635	0.4401	29	31	4	1	5	0.01	0.05	0	0.01
0.0108	0.0283	-0.0896	0.0422	0.0204	0.6111	0.7488	0.2565	30	32	4	1	6	0.0006	0.375	0	0.0108
0.0115	0.0423	-0.0729	0.0681	0.0289	0.7984	0.2488	-0.5482	31	33	4	1	7	0.0006	0.25	0	0.016
0.01	0.0014	-0.033	0.0665	0.0101	0.6777	0.0775	-0.7313	32	34	4	1	8	0.01	0.05	0	0.01
0.0115	0.0688	-0.0296	0.0848	0.0002	0.7932	0.178	0.5823	33	35	4	1	9	0.005	0.15	0	0.0224
0.0116	0.0465	0.0231	0.101	0.0266	0.9025	0.4306	-0.0063	34	36	4	1	10	0.0013	0.4583	0	0.0121
0.011	0.0342	0.0642	0.1225	0.0284	0.8974	0.4395	0.0385	35	37	4	1	11	0.0034	0.5938	0	0.011
0.0101	0.0293	0.0958	0.1354	0.0392	0.9787	0.2009	-0.0422	36	38	4	1	12	0.0042	0.375	0	0.0101
0.0116	0.0151	0.1189	0.1479	0.0402	0.7858	0.5978	0.1587	37	39	4	1	13	0.0076	0.4583	0	0.0124
0.0101	0.0397	0.1335	0.1507	0.0492	0.3653	0.7493	0.5524	38	40	4	1	14	0.0011	0.2917	0	0.0101
0.0093	0.0218	0.1516	0.1729	0.0542	0.9196	0.3924	0.0206	39	41	4	1	15	0.0057	0.5417	0	0.0093
0.0117	0.0066	0.1662	0.1932	0.0506	0.7895	0.1564	-0.5935	40	42	4	1	16	0.0052	0.5833	0	0.0131
0.0094	0.0473	0.1771	0.1844	0.0516	0.8723	0.3166	-0.3725	41	43	4	1	17	0.0009	0.25	0	0.0094
0.0112	0.0134	0.2185	0.1873	0.0371	0.9258	-0.0792	-0.3696	42	44	4	1	18	0.0027	0.325	0	0.0127
0.011	0.0621	0.2151	0.2153	0.0264	0.8677	0.4216	-0.2632	43	45	4	1	19	0.0066	0.25	0	0.0142
0.01	0.0347	0.2537	0.2483	0.0144	0.3349	0.9055	-0.2606	44	46	4	1	20	0.01	0.05	0	0.01
0.01	0.0365	0.2813	0.2644	-0.0004	0.5779	0.7347	-0.3554	45	47	4	1	21	0.01	0.05	0	0.01
0.01	0.0225	0.3063	0.2564	0.0255	0.8951	0.3733	0.2439	46	0	4	1	22	0.01	0.05	0	0.01
0.0072	0.0201	-0.0728	-0.0992	0.0068	0.6083	0.4833	0.6296	8	49	9	1	1	0.004	0.2917	1	0.0119
0.0069	0.0785	-0.0606	-0.0895	0.0195	0.7103	-0.6891	0.1436	48	50	9	1	2	0.004	0.2917	0	0.0119
0.0063	0.0411	-0.0066	-0.1284	0.0308	0.5543	0.0682	-0.8295	49	51	9	1	3	0.0012	0.3333	0	0.0077
0.0048	0.023	0.0079	-0.1167	-0.0033	0.411	0.3741	-0.8313	50	52	9	1	4	0.0008	0.125	0	0.01
0.0037	0.0034	0.0193	-0.1348	-0.0146	0.322	-0.245	-0.9145	51	53	9	1	5	0.0028	0.375	0	0.0037
0.0032	0.0104	0.0292	-0.1305	-0.0144	-0.2406	0.7827	-0.574	52	0	9	1	6	0.0023	0.125	0	0.01
0.0081	0.0233	-0.0691	-0.1074	0.0413	0.0741	0.9773	0.1986	10	55	12	1	1	0.0024	0.375	1	0.0103
0.0079	0.0436	-0.0673	-0.0846	0.0459	-0.7698	-0.5827	0.2605	54	56	12	1	2	0.0024	0.375	0	0.0103
0.0065	0.009	-0.1007	-0.1073	0.0621	0.4801	-0.77	0.4203	55	57	12	1	3	0.01	0.05	0	0.01
0.0054	0.0125	-0.1008	-0.1154	0.0694	0.5215	0.341	0.7822	56	58	12	1	4	0.01	0.05	0	0.01
0.0039	0.0081	-0.0959	-0.1082	0.0799	-0.457	-0.4434	0.7711	57	0	12	1	5	0	0.075	0	0.01
0.0047	0.0368	0.0599	-0.0701	-0.1416	-0.3995	-0.3515	0.8467	17	60	30	2	1	0.0069	0.25	0	0.0137
0.0047	0.0344	0.048	-0.0804	-0.1013	0.943	0.074	-0.3246	59	0	30	2	2	0.006	0.25	0	0.0197
0.0102	0.0466	0.1621	-0.0652	-0.0838	-0.085	0.379	-0.9215	20	62	5	2	1	0.002	0.4583	0	0.0102
0.0103	0.0382	0.1585	-0.0249	-0.117	-0.7039	0.2891	-0.6488	61	63	5	2	2	0.0017	0.2917	0	0.0138
0.0103	0.0292	0.1345	-0.0223	-0.1499	-0.9353	-0.352	0.0373	62	64	5	2	3	0.0053	0.2	0	0.0193
0.0102	0.0092	0.1187	-0.0386	-0.1503	-0.4578	-0.7573	-0.4658	63	65	5	2	4	0.01	0.05	0	0.01
0.0102	0.0384	0.117	-0.0439	-0.1548	-0.4752	0.6676	-0.5731	64	66	5	2	5	0.01	0.05	0	0.01
0.0102	0.0259	0.0987	-0.0183	-0.1767	0.6738	0.4824	-0.5596	65	0	5	2	6	0.01	0.05	0	0.01
0.0025	0.12	0.1603	-0.0456	-0.16	-0.6959	-0.2646	0.6676	20	0	6	2	1	0.01	0.05	0	0.01
0.0095	0.0855	-0.1071	0.0014	0.0378	-0.4295	0.4264	0.796	28	69	14	2	1	0.0091	0.3438	0	0.0109
0.0088	0.0367	-0.1421	0.0383	0.1063	-0.1609	-0.2841	0.9452	68	70	14	2	2	0.01	0.05	0	0.01
0.008	0.02	-0.1597	0.0269	0.1026	-0.7678	-0.5907	0.2481	69	71	14	2	3	0.0011	0.3333	0	0.0083
0.0066	0.0453	-0.1735	0.0124	0.105	-0.8697	-0.4935	0.0014	70	72	14	2	4	0.0008	0.25	0	0.0067
0.0053	0.0349	-0.204	-0.0161	0.109	-0.6072	-0.7801	0.1506	71	73	14	2	5	0.01	0.05	0	0.01
0.0039	0.0017	-0.229	-0.0155	0.1069	-0.9882	-0.1477	-0.0412	72	0	14	2	6	0.01	0.05	0	0.01
0.0086	0.0287	-0.0931	0.0276	0.0281	-0.7819	0.03	0.6227	30	75	15	2	1	0.0029	0.2917	1	0.0086
0.0086	0.0429	-0.1155	0.0284	0.0459	0.8089	-0.0159	0.5878	74	76	15	2	2	0.0029	0.2917	0	0.0086
0.008	0.0173	-0.0866	0.0362	0.0693	0.8227	0.5679	-0.0247	75	77	15	2	3	0.01	0.05	0	0.01
0.0066	0.0337	-0.0724	0.046	0.0688	0.2213	-0.9713	0.0867	76	78	15	2	4	0.01	0.05	0	0.01
0.0046	0.0381	-0.0658	0.0108	0.0731	0.9591	-0.2541	0.1249	77	0	15	2	5	0.0034	0.2	0	0.01
0.01	0.0381	-0.0191	0.0791	0.0169	-0.3667	-0.779	0.5086	34	80	17	2	1	0.01	0.05	1	0.01
0.01	0.0326	-0.0331	0.0493	0.0363	-0.0784	-0.9863	0.1453	79	81	17	2	2	0.01	0.05	0	0.01
0.01	0.0332	-0.0356	0.0172	0.0411	-0.7363	-0.4228	0.5283	80	82	17	2	3	0.01	0.05	0	0.01
0.01	0.032	-0.0601	0.0031	0.0586	-0.3801	-0.7511	-0.5397	81	0	17	2	4	0.01	0.05	0	0.01
0.0076	0.0356	-0.0656	0.059	0.0216	0.2455	-0.9629	0.1123	32	84	18	2	1	0.0013	0.4167	0	0.0073
0.0079	0.0038	-0.0616	0.0266	0.025	-0.3663	-0.9284	-0.0628	83	85	18	2	2	0.01	0.05	0	0.01
0.0077	0.02	-0.0614	0.0242	0.0282	0.7481	-0.6521	-0.1228	84	86	18	2	3	0.01	0.05	0	0.01
0.0075	0.0307	-0.0465	0.0112	0.0258	-0.0114	-0.8847	0.4661	85	0	18	2	4	0.01	0.05	0	0.01
0.013	0.0201	-0.0879	0.0257	0.0347	0.6024	-0.2184	0.7677	74	88	20	3	1	0.0027	0.4167	1	0.013
0.013	0.0328	-0.0758	0.0213	0.0501	-0.2049	-0.973	-0.1066	87	89	20	3	2	0.0027	0.4167	0	0.013
0.013	0.0333	-0.083	-0.0065	0.0493	-0.6917	-0.4538	0.5618	88	90	20	3	3	0.0014	0.2917	0	0.0121
0.013	0.0032	-0.0877	-0.0191	0.0688	0.0594	-0.6874	0.7238	89	91	20	3	4	0.01	0.05	0	0.01
0.013	0.0199	-0.0891	-0.0233	0.0687	-0.841	0.0232	0.5406	90	92	20	3	5	0.01	0.05	0	0.01
0.013	0.0242	-0.106	-0.0217	0.0798	-0.9129	0.0224	-0.4075	91	0	20	3	6	0.01	0.05	0	0.01
