radius (m)	length (m)	start_point	axis_direction	parent	extension	branch	branch_order	position_in_branch	mad	SurfCov	added	UnmodRadius (m)
0.0095	0.0431	-0.1217	0.3126	-0.1088	-0.0007	-0.8522	0.5232	0	2	1	0	1	0.0022	0.375	0	0.0098
0.0086	0.0313	-0.1216	0.2757	-0.0816	0.8677	-0.4959	-0.0347	1	3	1	0	2	0.0009	0.3333	0	0.0086
0.0083	0.0856	-0.0922	0.262	-0.0836	0.596	-0.3725	0.7114	2	4	1	0	3	0.0009	0.3333	0	0.0083
0.0068	0.0302	-0.0409	0.2249	-0.0259	0.4589	-0.4361	0.7741	3	5	1	0	4	0.0041	0.5	0	0.0066
0.009	0.0203	-0.0196	0.2146	-0.0082	0.5926	-0.6899	0.4158	4	6	1	0	5	0.01	0.05	0	0.01
0.0087	0.0591	-0.0222	0.2103	-0.0086	-0.5473	-0.8366	-0.0217	5	7	1	0	6	0.0009	0.375	0	0.0087
0.0094	0.0309	-0.0563	0.1656	-0.0028	-0.615	-0.721	0.3193	6	8	1	0	7	0.0008	0.3333	0	0.0101
0.0064	0.0291	-0.0777	0.1429	-0.0141	-0.824	-0.5569	0.1042	7	9	1	0	8	0.0053	0.4583	0	0.0043
0.0084	0.0246	-0.0779	0.1416	-0.0149	0.0326	-0.2957	-0.9547	8	10	1	0	9	0.01	0.05	0	0.01
0.0061	0.0262	-0.088	0.1397	-0.0076	-0.806	-0.5619	-0.1864	9	11	1	0	10	0.0005	0.4583	0	0.0053
0.0094	0.022	-0.114	0.1341	-0.0056	-0.7963	-0.5755	0.1864	10	12	1	0	11	0.0008	0.4167	0	0.0102
0.01	0.034	-0.1211	0.1207	-0.0057	-0.0577	-0.9981	0.0221	11	13	1	0	12	0.0009	0.3333	0	0.0131
0.0079	0.0276	-0.1264	0.088	-0.0171	0.0881	-0.9885	-0.1226	12	14	1	0	13	0.01	0.05	0	0.01
0.008	0.0466	-0.1218	0.0818	-0.0205	0.7092	-0.0768	0.7009	13	15	1	0	14	0.0008	0.3333	0	0.0085
0.009	0.028	-0.0871	0.076	0.0088	0.9191	0.1051	0.3798	14	16	1	0	15	0.0046	0.275	0	0.0451
0.0072	0.0306	-0.0814	0.0785	0.0164	-0.0739	-0.8018	0.593	15	17	1	0	16	0.0072	0.4167	0	0.0072
0.0071	0.0217	-0.0844	0.0497	0.0271	-0.6467	-0.6325	0.4263	16	18	1	0	17	0.01	0.05	0	0.01
0.007	0.0231	-0.0698	0.0564	0.0213	-0.5942	0.8035	-0.0355	17	0	1	0	18	0.01	0.05	0	0.01
0.0107	0.0223	-0.1181	0.317	-0.1012	0.4899	0.8714	-0.0271	1	20	40	1	1	0.0012	0.4167	0	0.0107
0.0107	0.0154	-0.1096	0.3361	-0.1081	-0.336	0.9387	0.0769	19	21	40	1	2	0.01	0.05	0	0.01
0.0107	0.0192	-0.1148	0.3506	-0.107	0.0537	0.9801	0.1913	20	0	40	1	3	0.01	0.05	0	0.01
0.0044	0.0357	-0.1023	0.2675	-0.0906	-0.3063	-0.6274	0.7159	2	23	2	1	1	0.0056	0.325	0	0.012
0.0025	0.0113	-0.1137	0.2434	-0.0712	-0.9021	0.4285	-0.0506	22	24	2	1	2	0.0017	0.175	0	0.01
0.0025	0.0127	-0.1244	0.2465	-0.0714	-0.9546	0.2891	0.0717	23	0	2	1	3	0.0034	0.175	0	0.01
0.007	0.0594	-0.058	0.2498	-0.0518	0.0135	0.9816	-0.1903	3	26	3	1	1	0.001	0.375	0	0.006
0.007	0.0505	-0.0492	0.3111	-0.0598	-0.3684	0.9279	0.0564	25	27	3	1	2	0.001	0.4167	0	0.007
0.007	0.0242	-0.0652	0.3581	-0.0578	-0.0721	0.9962	-0.0497	26	28	3	1	3	0.0008	0.2917	0	0.0065
0.0077	0.0428	-0.0649	0.375	-0.0737	-0.1613	0.8767	-0.4531	27	29	3	1	4	0.0054	0.4063	0	0.0088
0.0074	0.0329	-0.0774	0.417	-0.0876	-0.026	0.7545	-0.6558	28	30	3	1	5	0.01	0.05	0	0.01
0.0074	0.0231	-0.0728	0.4417	-0.1087	0.0886	0.744	-0.6622	29	31	3	1	6	0.01	0.05	0	0.01
0.0073	0.0125	-0.069	0.4112	-0.0918	-0.6694	0.398	0.6272	30	0	3	1	7	0.01	0.05	0	0.01
0.007	0.0188	-0.0357	0.2292	-0.0242	0.564	0.8208	-0.0904	4	33	4	1	1	0.0023	0.625	1	0.007
0.007	0.0575	-0.0251	0.2446	-0.0259	-0.0522	0.9603	0.2742	32	34	4	1	2	0.0023	0.625	0	0.007
0.007	0.0046	-0.0314	0.2998	-0.0113	-0.1517	0.9162	0.3709	33	35	4	1	3	0.01	0.05	0	0.01
0.007	0.0493	-0.0249	0.3	-0.0045	0.3959	0.9055	0.1529	34	36	4	1	4	0.0006	0.375	0	0.0098
0.007	0.02	-0.003	0.3449	0.0009	0.0776	0.9693	0.2331	35	37	4	1	5	0.01	0.05	0	0.01
0.007	0.022	-0.0106	0.3479	0.0045	-0.8168	0.4312	0.3832	36	38	4	1	6	0.001	0.4583	0	0.0105
0.007	0.004	-0.0293	0.3654	0.0072	-0.9687	0.0795	0.2352	37	39	4	1	7	0.01	0.05	0	0.01
0.007	0.0129	-0.0335	0.3649	0.0048	0.089	0.9709	-0.2225	38	0	4	1	8	0.01	0.05	0	0.01
0.0071	0.0091	-0.013	0.1972	-0.0073	0.3512	-0.8833	-0.3105	5	41	6	1	1	0.0011	0.4167	0	0.0071
0.0071	0.0484	-0.0096	0.1891	-0.01	0.0125	-0.9963	0.0854	40	42	6	1	2	0.001	0.25	0	0.0071
0.0076	0.0236	-0.0148	0.1447	-0.0007	-0.5314	-0.8464	0.0337	41	43	6	1	3	0.01	0.05	0	0.01
0.0075	0.0237	-0.018	0.1231	-0.0049	-0.2463	-0.9597	-0.1357	42	44	6	1	4	0.01	0.05	0	0.01
0.0074	0.0035	-0.0246	0.1305	-0.0028	-0.9923	-0.0446	0.1155	43	0	6	1	5	0.01	0.05	0	0.01
0.0111	0.0579	-0.103	0.1336	-0.0157	-0.436	0.8406	-0.3214	10	46	7	1	1	0.0022	0.375	0	0.009
0.0111	0.0319	-0.1256	0.1847	-0.0259	-0.5995	0.7999	-0.0291	45	47	7	1	2	0.01	0.05	0	0.01
0.0111	0.0009	-0.1139	0.2016	-0.0449	-0.2504	0.6389	-0.7274	46	48	7	1	3	0.001	0.4167	0	0.0134
0.0111	0.0105	-0.1091	0.1914	-0.0488	0.8933	0.329	0.3063	47	49	7	1	4	0.01	0.05	0	0.01
0.0111	0.0263	-0.1023	0.1979	-0.0381	-0.5751	0.667	-0.4737	48	50	7	1	5	0.0012	0.4583	0	0.0111
0.0111	0.0094	-0.1158	0.2152	-0.0422	-0.9707	-0.152	0.1861	49	51	7	1	6	0.01	0.05	0	0.01
0.0111	0.0216	-0.1249	0.2138	-0.0404	-0.234	0.6951	-0.6798	50	52	7	1	7	0.01	0.05	0	0.01
0.0111	0.0163	-0.13	0.2288	-0.0551	0.2976	0.9398	-0.1681	51	0	7	1	8	0.01	0.05	0	0.01
0.0064	0.0349	-0.0815	0.0434	0.0249	0.7905	0.2952	-0.5366	17	54	11	1	1	0.0009	0.375	1	0.0063
0.0064	0.0344	-0.0539	0.0537	0.0062	0.839	0.4314	-0.3316	53	55	11	1	2	0.0009	0.375	0	0.0063
0.0068	0.0301	-0.0231	0.0714	-0.0105	0.8375	0.2903	0.4629	54	56	11	1	3	0.0008	0.4583	0	0.01
0.0068	0.0255	0.0029	0.0728	-0.0074	0.9924	-0.0532	0.1108	55	57	11	1	4	0.0011	0.2083	0	0.0079
0.0067	0.0275	0.029	0.0689	-0.0004	0.9883	0.0511	-0.1439	56	58	11	1	5	0.01	0.05	0	0.01
0.0064	0.0181	0.0502	0.0608	-0.0111	0.8818	-0.4435	-0.1602	57	59	11	1	6	0.0009	0.3333	0	0.0062
0.0067	0.0289	0.0666	0.0544	-0.0119	0.8932	-0.4351	0.1135	58	60	11	1	7	0.01	0.05	0	0.01
0.0067	0.007	0.0912	0.0427	-0.0201	0.9542	-0.272	-0.1245	59	61	11	1	8	0.0009	0.4583	0	0.0083
0.0066	0.02	0.0955	0.034	-0.0232	0.902	-0.1804	-0.3922	60	62	11	1	9	0.01	0.05	0	0.01
0.0064	0.0253	0.1112	0.0442	-0.0204	0.9911	0.1051	0.0811	61	63	11	1	10	0.0009	0.4583	0	0.0064
0.0065	0.041	0.1345	0.0523	-0.0173	0.9441	0.2737	0.1839	62	64	11	1	11	0.01	0.05	0	0.01
0.0064	0.0183	0.1731	0.0523	-0.0202	0.9985	0.0314	-0.0456	63	0	11	1	12	0.01	0.05	0	0.01
0.0067	0.0497	-0.0768	0.0546	0.0307	0.922	-0.3158	-0.2241	16	66	12	1	1	0.0006	0.3333	1	0.0067
0.0067	0.036	-0.031	0.0389	0.0196	-0.104	-0.7232	-0.6828	65	67	12	1	2	0.0006	0.3333	0	0.0067
0.0068	0.053	-0.0363	0.0126	-0.0032	0.4526	-0.8566	0.2476	66	68	12	1	3	0.0012	0.25	0	0.0091
0.0068	0.0356	-0.0146	-0.032	0.0023	0.8633	-0.4017	-0.3055	67	69	12	1	4	0.0022	0.2	0	0.0219
0.0068	0.0163	0.006	-0.0513	-0.0063	0.3932	-0.8894	-0.2332	68	70	12	1	5	0.0008	0.3333	0	0.0079
0.0068	0.029	0.0223	-0.0643	-0.0135	0.1356	-0.9897	-0.0455	69	71	12	1	6	0.0011	0.375	0	0.0085
0.0051	0.0169	0.032	-0.0906	-0.0116	0.4554	-0.8795	-0.1386	70	72	12	1	7	0.0036	0.625	0	0.005
0.0068	0.0436	0.0281	-0.1077	-0.0125	0.2093	-0.9713	0.1127	71	73	12	1	8	0.0012	0.3333	0	0.0092
0.0068	0.028	0.0364	-0.1443	-0.0031	-0.6687	-0.5173	0.5341	72	74	12	1	9	0.001	0.375	0	0.0112
0.0068	0.02	0.027	-0.1664	0.0147	-0.6063	-0.5214	0.6005	73	75	12	1	10	0.0038	0.4375	0	0.0081
0.0067	0.0338	0.0011	-0.1722	0.0124	-0.7211	-0.422	0.5495	74	76	12	1	11	0.0078	0.2917	0	0.0087
0.0066	0.0341	-0.0197	-0.1833	0.0425	-0.9583	0.1074	0.2647	75	77	12	1	12	0.01	0.05	0	0.01
0.0067	0.0123	-0.0326	-0.1961	0.0373	-0.6135	-0.7872	0.0624	76	78	12	1	13	0.0008	0.25	0	0.0103
0.0052	0.0498	-0.0342	-0.208	0.0332	-0.4099	-0.906	-0.1056	77	79	12	1	14	0.0007	0.2083	0	0.0052
0.0052	0.0503	-0.0524	-0.2531	0.0312	-0.0791	-0.9962	0.036	78	80	12	1	15	0.0028	0.4375	0	0.0052
0.0064	0.0108	-0.0653	-0.3	0.0364	-0.2847	-0.9479	0.1429	79	81	12	1	16	0.0035	0.625	0	0.0064
0.0066	0.024	-0.0657	-0.3101	0.044	-0.4501	-0.865	0.2219	80	82	12	1	17	0.001	0.375	0	0.0089
0.0065	0.0364	-0.0684	-0.335	0.046	-0.2355	-0.8414	0.4865	81	83	12	1	18	0.0008	0.3333	0	0.0094
0.0063	0.0511	-0.0782	-0.3678	0.0589	0.1577	-0.923	0.3511	82	84	12	1	19	0.0031	0.375	0	0.0064
0.0062	0.0177	-0.062	-0.414	0.0758	0.1339	-0.9732	0.187	83	85	12	1	20	0.01	0.05	0	0.01
0.0064	0.0244	-0.0728	-0.4306	0.0759	-0.0991	-0.9649	0.2433	84	86	12	1	21	0.0005	0.4167	0	0.0066
0.006	0.0205	-0.0832	-0.4491	0.0775	-0.4476	-0.8723	-0.197	85	87	12	1	22	0.01	0.05	0	0.01
0.0061	0.0206	-0.0761	-0.4601	0.0811	0.1408	-0.8628	0.4855	86	88	12	1	23	0.0008	0.3333	0	0.0062
0.0059	0.0144	-0.0711	-0.4658	0.0934	-0.1448	-0.168	0.9751	87	89	12	1	24	0.01	0.05	0	0.01
0.0059	0.0192	-0.0714	-0.4731	0.0911	-0.1184	-0.956	0.2685	88	90	12	1	25	0.01	0.05	0	0.01
0.0058	0.0195	-0.0737	-0.4914	0.0963	0.1853	-0.9087	0.3742	89	0	12	1	26	0.01	0.05	0	0.01
0.0071	0.0232	0.0013	0.0694	-0.0017	-0.7122	-0.3609	0.6021	56	92	14	2	1	0.0023	0.5417	1	0.0071
0.0071	0.0545	-0.0153	0.061	0.0123	0.7947	-0.1894	-0.5767	91	93	14	2	2	0.0023	0.5417	0	0.0071
0.0071	0.021	0.0292	0.0468	-0.0073	0.9682	-0.1919	-0.1605	92	94	14	2	3	0.0033	0.5417	0	0.0072
0.0071	0.0176	0.0456	0.0366	-0.0215	0.8723	-0.4873	-0.0409	93	95	14	2	4	0.01	0.05	0	0.01
0.0071	0.0054	0.0458	0.0422	-0.015	0.5193	0.1274	0.8451	94	0	14	2	5	0.01	0.05	0	0.01
0.0064	0.0262	-0.0031	0.0836	0.0066	-0.9831	0.1766	0.0485	55	97	17	2	1	0.0042	0.2917	1	0.009
0.0064	0.0534	-0.0289	0.0883	0.0079	-0.9186	0.3105	-0.2445	96	98	17	2	2	0.0042	0.2917	0	0.009
0.0064	0.0195	-0.074	0.0986	-0.0129	-0.9163	-0.3568	-0.1818	97	99	17	2	3	0.01	0.05	0	0.01
0.0064	0.0217	-0.0886	0.0999	0.0008	-0.948	-0.1789	0.2632	98	0	17	2	4	0.01	0.05	0	0.01
0.0077	0.0189	-0.0112	0.0803	-0.0089	0.6769	0.7226	-0.1399	55	101	19	2	1	0.0023	0.5	1	0.0077
0.0077	0.0443	0.0016	0.0939	-0.0115	0.9427	0.3026	-0.1406	100	102	19	2	2	0.0023	0.5	0	0.0077
0.0077	0.066	0.0397	0.1081	-0.0183	0.049	0.7285	0.6833	101	103	19	2	3	0.0024	0.275	0	0.0137
0.0077	0.0387	0.0544	0.1588	0.0202	0.1502	0.7968	0.5852	102	104	19	2	4	0.01	0.05	0	0.01
0.0077	0.0472	0.0353	0.1642	0.0463	-0.3544	0.4546	0.8172	103	0	19	2	5	0.01	0.05	0	0.01
0.0078	0.0517	0.0061	-0.0496	-0.0128	-0.4197	0.8782	0.2292	69	106	16	2	1	0.002	0.3333	0	0.0116
0.0078	0.0404	-0.016	-0.0181	-0.0015	-0.9948	0.0277	-0.0976	105	107	16	2	2	0.0029	0.25	0	0.0148
0.0078	0.0312	-0.0548	-0.0181	-0.0062	-0.7065	-0.4604	-0.5376	106	108	16	2	3	0.0007	0.2917	0	0.0084
0.0078	0.0551	-0.0801	-0.028	-0.0361	-0.5722	-0.8095	-0.1317	107	109	16	2	4	0.0037	0.25	0	0.0163
0.0078	0.0303	-0.1035	-0.0736	-0.0476	-0.2814	-0.9028	-0.3251	108	110	16	2	5	0.0009	0.2917	0	0.009
0.0078	0.0242	-0.1247	-0.0963	-0.0546	-0.3706	-0.9132	-0.1696	109	111	16	2	6	0.0047	0.5	0	0.0084
0.0078	0.0012	-0.1329	-0.1074	-0.0525	-0.998	0.0475	0.0408	110	112	16	2	7	0.01	0.05	0	0.01
0.0078	0.0593	-0.1235	-0.1041	-0.0512	0.3093	-0.9182	-0.2475	111	113	16	2	8	0.0052	0.3438	0	0.0071
0.0078	0.0254	-0.1017	-0.1473	-0.0699	0.9394	-0.3295	-0.0942	112	114	16	2	9	0.01	0.05	0	0.01
0.0078	0.0597	-0.1056	-0.1451	-0.0652	-0.3682	-0.9273	-0.0675	113	115	16	2	10	0.0012	0.4583	0	0.0078
0.0078	0.032	-0.1309	-0.1994	-0.0657	-0.3076	-0.9513	0.0207	114	116	16	2	11	0.01	0.05	0	0.01
0.0078	0.0257	-0.1187	-0.2141	-0.0532	0.3428	-0.8233	0.4524	115	117	16	2	12	0.01	0.05	0	0.01
0.0078	0.0231	-0.1282	-0.2132	-0.0543	0.8029	0.5766	-0.151	116	118	16	2	13	0.01	0.05	0	0.01
0.0078	0.0002	-0.1111	-0.2007	-0.0577	-0.4474	0.7322	-0.5135	117	0	16	2	14	0.01	0.05	0	0.01
0.0064	0.0498	-0.0012	-0.0309	-0.0002	0.826	0.363	-0.4311	68	120	20	2	1	0.0023	0.5	0	0.0076
0.0064	0.0502	0.0341	-0.0263	-0.0179	0.9202	-0.3573	0.1599	119	121	20	2	2	0.0008	0.3333	0	0.0105
0.0064	0.0015	0.0772	-0.0458	-0.021	0.7055	-0.7021	-0.0971	120	122	20	2	3	0.01	0.05	0	0.01
0.0064	0.0593	0.0682	-0.0462	-0.0133	0.0402	-0.9897	0.1376	121	123	20	2	4	0.0011	0.4167	0	0.0106
0.0064	0.0246	0.0618	-0.096	-0.0011	-0.7215	-0.6913	-0.0396	122	124	20	2	5	0.01	0.05	0	0.01
0.0064	0.0508	0.0633	-0.1002	-0.0048	0.5443	-0.7345	0.4052	123	125	20	2	6	0.0008	0.375	0	0.0067
0.0064	0.0289	0.09	-0.1371	0.0177	0.5933	-0.674	0.4402	124	126	20	2	7	0.01	0.05	0	0.01
0.0064	0.0202	0.1085	-0.1418	0.0296	0.9843	-0.0766	0.1591	125	127	20	2	8	0.001	0.2917	0	0.0098
0.0063	0.0399	0.1296	-0.1445	0.03	0.9168	0.2794	0.2853	126	128	20	2	9	0.0042	0.4063	0	0.0063
0.0061	0.0278	0.1639	-0.1232	0.0373	0.969	0.2384	0.0652	127	129	20	2	10	0.0035	0.5313	0	0.0061
0.0064	0.0313	0.1868	-0.137	0.0488	0.9333	-0.0174	0.3587	128	130	20	2	11	0.0063	0.4583	0	0.0086
0.0063	0.0167	0.2112	-0.1423	0.0644	0.8024	-0.4717	0.3656	129	131	20	2	12	0.0053	0.375	0	0.009
0.0062	0.0169	0.2298	-0.142	0.0596	0.9204	-0.3507	0.1728	130	132	20	2	13	0.01	0.05	0	0.01
0.0064	0.0439	0.2287	-0.1494	0.0676	0.2434	-0.7852	0.5695	131	133	20	2	14	0.0007	0.5	0	0.0078
0.0061	0.0287	0.2476	-0.1749	0.0906	0.646	-0.4512	0.6157	132	134	20	2	15	0.01	0.05	0	0.01
0.0061	0.0098	0.2373	-0.1879	0.0913	-0.2071	-0.9112	0.3562	133	135	20	2	16	0.01	0.05	0	0.01
0.0061	0.0177	0.2352	-0.1968	0.0948	-0.4545	-0.8716	0.1837	134	0	20	2	17	0.01	0.05	0	0.01
0.0064	0.0464	0.0133	-0.1574	-0.0008	-0.628	0.7768	0.0478	75	137	25	2	1	0.01	0.05	0	0.01
0.0061	0.0254	-0.0064	-0.1155	0.0135	-0.2014	0.9335	-0.2967	136	138	25	2	2	0.0007	0.375	0	0.0143
0.0053	0.002	-0.0097	-0.0977	0.0203	0.8302	0.5446	0.1193	137	139	25	2	3	0.01	0.05	0	0.01
0.0044	0.0261	-0.0083	-0.0964	0.0217	-0.5154	0.8075	-0.2869	138	140	25	2	4	0.01	0.05	0	0.01
0.0031	0.0186	-0.0218	-0.0753	0.0142	0.1062	0.6038	-0.79	139	0	25	2	5	0.01	0.05	0	0.01
0.0049	0.0272	-0.0541	-0.241	0.0266	-0.9297	0.2427	-0.277	78	142	34	2	1	0.0012	0.375	0	0.0078
0.0049	0.0295	-0.0739	-0.2344	0.0248	-0.1878	-0.9643	0.1866	141	143	34	2	2	0.0009	0.2917	0	0.007
0.0049	0.0202	-0.0824	-0.2613	0.0275	-0.3934	-0.9173	-0.0615	142	144	34	2	3	0.0018	0.175	0	0.01
0.0049	0.0226	-0.0817	-0.2756	0.0216	0.1171	-0.8344	-0.5386	143	0	34	2	4	0.0008	0.2	0	0.01
0.007	0.0685	-0.0755	-0.0399	-0.0209	-0.0297	-0.9818	0.1875	107	146	28	3	1	0.0019	0.5833	0	0.007
0.0069	0.0229	-0.0737	-0.1061	-0.0164	0.1141	-0.9906	-0.0751	145	147	28	3	2	0.0037	0.5417	0	0.0069
0.0069	0.0261	-0.0765	-0.1301	-0.0133	0.096	-0.981	-0.1687	146	148	28	3	3	0.0007	0.3333	0	0.0058
0.0073	0.046	-0.0703	-0.1556	-0.0184	0.1237	-0.892	0.4348	147	149	28	3	4	0.0011	0.2917	0	0.0089
0.0073	0.007	-0.0693	-0.2001	-0.0132	0.1176	-0.9738	0.1945	148	150	28	3	5	0.0041	0.4583	0	0.0075
0.0071	0.0191	-0.0756	-0.193	-0.0091	-0.3597	-0.0027	-0.9331	149	151	28	3	6	0.01	0.05	0	0.01
0.0071	0.0142	-0.0729	-0.1967	-0.0068	0.3319	-0.8881	-0.3181	150	152	28	3	7	0.01	0.05	0	0.01
0.0071	0.0165	-0.0669	-0.2078	-0.0109	0.2392	-0.435	0.8681	151	0	28	3	8	0.01	0.05	0	0.01
0.0025	0.0403	0.0469	-0.0038	-0.0302	-0.8306	0.455	0.3211	119	154	23	3	1	0.01	0.05	0	0.01
0.0025	0.019	0.0121	0.0152	-0.0168	-0.5405	-0.6933	-0.4766	153	0	23	3	2	0.01	0.05	0	0.01
0.0072	0.0651	0.0758	-0.08	-0.0101	0.9397	-0.2109	0.2693	122	156	31	3	1	0.0017	0.5417	0	0.0072
0.0072	0.0248	0.136	-0.0934	0.0125	0.9651	-0.1747	0.195	155	157	31	3	2	0.01	0.05	0	0.01
0.0072	0.0541	0.1391	-0.0986	0.0024	0.0064	0.9977	-0.0677	156	158	31	3	3	0.0011	0.3333	0	0.009
0.0072	0.0096	0.1388	-0.0578	0.0012	-0.988	0.074	0.1356	157	159	31	3	4	0.01	0.05	0	0.01
0.0072	0.0248	0.1292	-0.0571	0.0025	0.784	0.5267	-0.3285	158	160	31	3	5	0.01	0.05	0	0.01
0.0072	0.0051	0.1488	-0.043	-0.0049	0.6403	-0.4795	0.6001	159	0	31	3	6	0.01	0.05	0	0.01
0.0058	0.052	0.182	-0.114	0.0346	-0.0302	0.9989	0.0345	128	162	36	3	1	0.0022	0.375	0	0.0066
0.0056	0.0013	0.1729	-0.0678	0.0351	-0.5991	0.7947	-0.0973	161	163	36	3	2	0.01	0.05	0	0.01
0.0052	0.0721	0.1723	-0.0668	0.035	0.2628	0.8893	-0.3743	162	164	36	3	3	0.0007	0.2917	0	0.0054
0.0047	0.034	0.1874	-0.0028	0.0076	-0.0321	0.995	0.0949	163	165	36	3	4	0.0008	0.2083	0	0.0093
0.0039	0.0094	0.1891	0.0298	0.0173	-0.3869	0.8578	0.3383	164	166	36	3	5	0.01	0.05	0	0.01
0.0032	0.0206	0.1861	0.0382	0.0193	0.4569	0.7451	0.4858	165	0	36	3	6	0.0031	0.2	0	0.01
0.0075	0.0696	0.1684	-0.139	0.0397	-0.6231	-0.6579	0.4228	127	168	37	3	1	0.0026	0.4167	0	0.0075
0.0075	0.0349	0.1268	-0.1761	0.0597	-0.9898	0.0736	-0.1221	167	169	37	3	2	0.0017	0.175	0	0.0203
0.0075	0.0224	0.0928	-0.1718	0.0617	-0.9957	0.0705	0.0594	168	170	37	3	3	0.01	0.05	0	0.01
0.0075	0.0221	0.0969	-0.1717	0.0528	-0.2978	0.4548	-0.8393	169	171	37	3	4	0.01	0.05	0	0.01
0.0075	0.017	0.0903	-0.1616	0.0343	-0.891	0.2962	-0.3441	170	0	37	3	5	0.01	0.05	0	0.01
0.006	0.0434	0.2211	-0.1408	0.067	0.2538	0.9531	-0.1652	130	173	39	3	1	0.0008	0.25	1	0.0102
0.0059	0.0294	0.2322	-0.0995	0.0599	0.1691	0.9848	0.0398	172	174	39	3	2	0.0008	0.25	0	0.0102
0.0055	0.0023	0.2298	-0.0734	0.0679	-0.3911	0.92	-0.0262	173	175	39	3	3	0.01	0.05	0	0.01
0.0055	0.057	0.2318	-0.0709	0.0721	0.1749	0.9623	-0.2085	174	176	39	3	4	0.0008	0.375	0	0.0075
0.0042	0.0238	0.2429	-0.0144	0.0692	-0.0419	0.984	-0.1731	175	177	39	3	5	0.0013	0.15	0	0.01
0.0042	0.018	0.2292	-0.0097	0.0608	-0.8297	0.5576	0.0253	176	0	39	3	6	0.0014	0.25	0	0.0071
0.0078	0.0556	-0.1262	-0.0501	-0.0304	-0.015	0.9753	-0.2204	0	179	29	0	1	0.0024	0.4167	0	0.0076
0.0081	0.0298	-0.122	-0.0006	-0.0345	0.3635	0.8841	0.2936	178	180	29	0	2	0.01	0.05	0	0.01
0.0079	0.0253	-0.1013	0.007	-0.0352	0.8807	0.4732	-0.0201	179	181	29	0	3	0.01	0.05	0	0.01
0.0077	0.0095	-0.1045	0.007	-0.0341	0.3913	-0.7581	0.5217	180	0	29	0	4	0.01	0.05	0	0.01
0.011	0.015	0.1133	-0.1798	0.0642	0.9265	-0.3588	0.1132	169	183	38	4	1	0.0019	0.4167	1	0.011
0.011	0.0428	0.1272	-0.1851	0.0659	0.9603	0.0996	0.2607	182	184	38	4	2	0.0019	0.4167	0	0.011
0.011	0.0347	0.1639	-0.1967	0.0746	0.9603	-0.2765	0.0381	183	185	38	4	3	0.0006	0.25	0	0.0062
0.011	0.0205	0.1855	-0.2151	0.077	0.6052	-0.794	0.0574	184	186	38	4	4	0.01	0.05	0	0.01
0.011	0.0402	0.184	-0.2258	0.068	0.2553	0.9505	0.177	185	187	38	4	5	0.001	0.375	0	0.0104
0.011	0.011	0.1911	-0.1896	0.08	-0.7102	0.6812	-0.178	186	188	38	4	6	0.01	0.05	0	0.01
0.011	0.0133	0.1833	-0.1821	0.078	0.6962	0.459	-0.552	187	0	38	4	7	0.01	0.05	0	0.01
