radius (m)	length (m)	start_point	axis_direction	parent	extension	branch	branch_order	position_in_branch	mad	SurfCov	added	UnmodRadius (m)
0.0089	0.0729	-0.2743	0.133	-0.3148	0.7566	-0.2258	0.6137	0	2	1	0	1	0.0017	0.6667	0	0.008
0.0089	0.0716	-0.2215	0.1242	-0.2639	0.6667	-0.3227	0.6718	1	3	1	0	2	0.0011	0.7083	0	0.0089
0.0089	0.051	-0.1713	0.1025	-0.2182	0.7388	-0.2896	0.6085	2	4	1	0	3	0.001	0.5417	0	0.0086
0.0089	0.0527	-0.1353	0.0893	-0.1849	0.5716	-0.384	0.7251	3	5	1	0	4	0.0011	0.5	0	0.0083
0.0089	0.042	-0.1043	0.0669	-0.1484	0.628	-0.3003	0.7179	4	6	1	0	5	0.0011	0.5417	0	0.0087
0.0089	0.0418	-0.0784	0.0554	-0.1174	0.5996	-0.2881	0.7466	5	7	1	0	6	0.0011	0.5	0	0.0088
0.0089	0.0289	-0.0523	0.0398	-0.0894	0.6159	-0.4124	0.6712	6	8	1	0	7	0.0011	0.3333	0	0.0083
0.0089	0.0672	-0.0387	0.0235	-0.0702	0.4926	-0.4969	0.7145	7	9	1	0	8	0.0011	0.5833	0	0.0082
0.0089	0.0252	-0.0021	-0.0009	-0.0197	0.6576	-0.4222	0.624	8	10	1	0	9	0.0008	0.3333	0	0.0078
0.0089	0.0316	0.0141	-0.0175	-0.0055	0.6571	-0.2184	0.7215	9	11	1	0	10	0.0007	0.4167	0	0.0076
0.0093	0.0396	0.0248	-0.0284	0.0215	0.4732	-0.3817	0.794	10	12	1	0	11	0.0011	0.375	0	0.0093
0.01	0.024	0.046	-0.0459	0.0509	0.5773	-0.0893	0.8116	11	13	1	0	12	0.001	0.375	0	0.0104
0.0089	0.0343	0.0591	-0.0451	0.0724	0.7075	-0.2659	0.6548	12	14	1	0	13	0.0011	0.4167	0	0.0081
0.0099	0.0407	0.0821	-0.0563	0.0941	0.224	-0.4606	0.8589	13	15	1	0	14	0.001	0.2917	0	0.0106
0.0098	0.0203	0.1005	-0.0615	0.1305	0.3054	-0.3057	0.9018	14	16	1	0	15	0.001	0.3333	0	0.0103
0.0089	0.0353	0.1082	-0.0683	0.1477	0.5779	0.0244	0.8157	15	17	1	0	16	0.0014	0.4167	0	0.0082
0.0089	0.0102	0.1349	-0.0707	0.1629	0.8533	-0.2584	0.4528	16	18	1	0	17	0.0042	0.5833	0	0.008
0.0095	0.0006	0.1374	-0.0714	0.1636	0.5249	-0.0314	-0.8506	17	0	1	0	18	0.01	0.05	0	0.01
