radius (m)	length (m)	start_point	axis_direction	parent	extension	branch	branch_order	position_in_branch	mad	SurfCov	added	UnmodRadius (m)
0.0097	0.0328	-0.209	-0.1438	-0.3458	0.9602	0.1265	0.2489	0	2	1	0	1	0.0013	0.2917	0	0.0088
0.0097	0.0808	-0.0952	-0.1583	-0.3053	0.162	0.975	0.1523	1	3	1	0	2	0.0015	0.5	0	0.0097
0.0127	0.1308	-0.0706	-0.0963	-0.2774	0.7801	0.6195	0.0881	2	4	1	0	3	0.0014	0.175	0	0.0147
0.012	0.0577	0.0318	-0.0178	-0.2653	0.0978	0.2395	0.9659	3	5	1	0	4	0.0016	0.5417	0	0.012
0.0115	0.0461	0.0349	-0.0028	-0.2106	-0.2862	0.2067	0.9356	4	6	1	0	5	0.0016	0.5833	0	0.0115
0.0101	0.0007	0.0257	-0.0012	-0.1655	-0.171	0.1612	0.972	5	7	1	0	6	0.0053	0.625	0	0.0101
0.0129	0.0351	0.0179	0.0093	-0.1544	-0.102	0.6697	-0.7356	6	8	1	0	7	0.0011	0.4583	0	0.0138
0.0113	0.0232	0.0193	0.0272	-0.1647	0.7024	0.711	0.0337	7	9	1	0	8	0.0077	0.4167	0	0.0113
0.01	0.0303	0.024	0.0498	-0.1556	0.6659	0.452	0.5935	8	10	1	0	9	0.01	0.05	0	0.01
0.01	0.0217	0.0471	0.0517	-0.159	0.9877	0.1479	0.0508	9	11	1	0	10	0.01	0.05	0	0.01
0.01	0.0065	0.0327	0.0548	-0.1626	-0.0169	0.9946	0.1026	10	0	1	0	11	0.01	0.05	0	0.01
0.0092	0.0671	-0.1891	-0.1343	-0.3332	0.5901	0.7462	0.3082	1	13	74	1	1	0.0034	0.5417	0	0.0121
0.0092	0.0168	-0.1459	-0.0869	-0.3069	0.8567	0.3442	-0.3843	12	14	74	1	2	0.01	0.05	0	0.01
0.0092	0.0344	-0.1314	-0.0812	-0.3134	0.4645	0.7246	0.5092	13	15	74	1	3	0.01	0.05	0	0.01
0.0092	0.0155	-0.1157	-0.0559	-0.295	-0.2937	0.8898	-0.3492	14	0	74	1	4	0.01	0.05	0	0.01
0.0104	0.0124	-0.0638	-0.0961	-0.2649	0.1758	0.4102	0.8949	3	17	2	1	1	0.0014	0.375	0	0.0101
0.0104	0.0599	-0.0548	-0.095	-0.2485	0.6757	0.622	-0.3957	16	18	2	1	2	0.0011	0.4583	0	0.0104
0.0104	0.038	-0.0138	-0.0604	-0.2729	0.1955	-0.2193	0.9559	17	19	2	1	3	0.0011	0.2917	0	0.0102
0.0104	0.0138	-0.0117	-0.076	-0.2396	0.267	-0.5134	0.8155	18	0	2	1	4	0.01	0.05	0	0.01
0.0086	0.0864	0.0192	-0.0181	-0.2957	-0.8407	-0.5034	0.1994	4	21	4	1	1	0.0009	0.4167	0	0.0086
0.0112	0.0318	-0.0527	-0.0592	-0.2865	-0.7264	-0.6385	-0.2545	20	22	4	1	2	0.0013	0.4167	0	0.0115
0.0111	0.0626	-0.0603	-0.0683	-0.3058	0.713	-0.4414	0.5448	21	23	4	1	3	0.0009	0.4583	0	0.0133
0.0099	0.0336	-0.0138	-0.0866	-0.2689	0.5106	-0.3463	0.787	22	24	4	1	4	0.01	0.05	0	0.01
0.0096	0.0242	-0.0221	-0.1075	-0.2589	-0.092	-0.7974	0.5965	23	25	4	1	5	0.01	0.05	0	0.01
0.0092	0.0238	-0.0375	-0.1073	-0.2447	-0.648	-0.4285	0.6297	24	0	4	1	6	0.01	0.05	0	0.01
0.0125	0.0122	0.0315	0.0133	-0.1879	0.2897	0.9561	0.0437	5	27	8	1	1	0.0028	0.4167	1	0.0125
0.0125	0.0308	0.035	0.0249	-0.1873	0.7947	0.1975	0.574	26	28	8	1	2	0.0028	0.4167	0	0.0125
0.0125	0.0341	0.0582	0.0315	-0.1678	-0.4416	0.7634	-0.4714	27	29	8	1	3	0.001	0.4167	0	0.0126
0.0125	0.0122	0.0387	0.0697	-0.1788	-0.7488	-0.0025	-0.6628	28	30	8	1	4	0.0043	0.175	0	0.0249
0.0125	0.0476	0.0494	0.067	-0.1956	0.1169	0.9926	-0.0336	29	31	8	1	5	0.0097	0.3125	0	0.016
0.0125	0.0265	0.0303	0.1161	-0.1981	0.0809	0.9031	-0.4217	30	32	8	1	6	0.01	0.05	0	0.01
0.0125	0.0618	0.0585	0.1165	-0.1987	0.7035	0.6403	-0.3085	31	0	8	1	7	0.01	0.05	0	0.01
0.0104	0.0207	0.0289	0.0212	-0.1668	0.7006	-0.6862	-0.1957	8	34	9	1	1	0.0045	0.4583	1	0.012
0.0104	0.0589	0.0435	0.007	-0.1709	-0.0486	0.0146	0.9987	33	35	9	1	2	0.0045	0.4583	0	0.012
0.0105	0.0468	0.0425	0.0224	-0.1098	-0.0535	-0.1413	0.9885	34	36	9	1	3	0.0013	0.5417	0	0.0116
0.0076	0.0258	0.0492	0.0124	-0.063	0.0471	0.284	0.9577	35	37	9	1	4	0.0063	0.7188	0	0.0076
0.0104	0.0257	0.0416	0.0103	-0.0335	-0.29	0.6351	0.7159	36	38	9	1	5	0.0013	0.5	0	0.0124
0.0092	0.0145	0.0496	0.0292	-0.0136	-0.1504	0.3446	0.9266	37	39	9	1	6	0.0012	0.2917	0	0.0092
0.0102	0.0294	0.0466	0.0288	-0.0037	0.0275	-0.5458	0.8375	38	40	9	1	7	0.0011	0.375	0	0.0114
0.0093	0.0262	0.049	0.0194	0.0224	-0.0015	-0.2048	0.9788	39	41	9	1	8	0.0008	0.25	0	0.0093
0.0097	0.0272	0.0579	0.0088	0.0468	0.0723	-0.1118	0.9911	40	42	9	1	9	0.01	0.05	0	0.01
0.0099	0.0194	0.0433	0.0052	0.057	-0.5328	-0.6422	0.551	41	43	9	1	10	0.001	0.375	0	0.0102
0.0079	0.0395	0.0375	-0.0031	0.0666	0.0563	0.2016	0.9778	42	44	9	1	11	0.0011	0.3333	0	0.0079
0.0076	0.038	0.0398	0.0153	0.0996	0.2513	0.4545	0.8546	43	45	9	1	12	0.0008	0.3333	0	0.0076
0.0076	0.0109	0.0537	0.0356	0.1136	0.4909	0.8343	0.2508	44	46	9	1	13	0.0056	0.5833	0	0.0066
0.0102	0.0392	0.0563	0.0331	0.1198	-0.9681	0.2456	0.0503	45	47	9	1	14	0.0008	0.375	0	0.0111
0.0096	0.0239	0.0391	0.0536	0.1319	-0.5011	0.168	0.8489	46	48	9	1	15	0.004	0.4583	0	0.0096
0.0076	0.0326	0.0341	0.0444	0.1493	0.3552	-0.013	0.9347	47	49	9	1	16	0.0042	0.4063	0	0.0064
0.0094	0.0177	0.0474	0.0508	0.1795	0.5546	-0.1012	0.8259	48	50	9	1	17	0.01	0.05	0	0.01
0.0084	0.0092	0.0539	0.0454	0.1939	0.2933	-0.3114	0.9039	49	51	9	1	18	0.001	0.5417	0	0.0084
0.0076	0.0436	0.0481	0.0373	0.2005	-0.3873	0.3326	0.8599	50	52	9	1	19	0.0043	0.3125	0	0.0048
0.0076	0.0121	0.055	0.047	0.2442	-0.2334	0.0982	0.9674	51	53	9	1	20	0.0105	0.2917	0	0.0048
0.0092	0.0217	0.0499	0.0604	0.2479	0.4588	0.5454	0.7015	52	54	9	1	21	0.01	0.05	0	0.01
0.0076	0.0103	0.0461	0.0488	0.2644	0.1306	-0.0213	0.9912	53	55	9	1	22	0.0009	0.4167	0	0.0075
0.0076	0.0283	0.0464	0.0493	0.2742	-0.3969	-0.0941	0.913	54	56	9	1	23	0.0027	0.6667	0	0.0069
0.0076	0.0295	0.0414	0.0514	0.3023	-0.2357	-0.1489	0.9603	55	57	9	1	24	0.0033	0.625	0	0.0071
0.0076	0.0229	0.0344	0.055	0.3283	-0.0642	0.2851	0.9563	56	58	9	1	25	0.0033	0.5313	0	0.0064
0.0083	0.0188	0.0421	0.0475	0.3462	0.2645	-0.0961	0.9596	57	59	9	1	26	0.0048	0.375	0	0.0083
0.009	0.0191	0.0294	0.0612	0.3738	0.3332	-0.1859	0.9243	58	60	9	1	27	0.0049	0.3438	0	0.0092
0.0088	0.0137	0.0412	0.0428	0.3757	-0.1779	-0.7467	0.6409	59	61	9	1	28	0.01	0.05	0	0.01
0.0096	0.0232	0.051	0.051	0.3771	-0.506	0.5878	0.6312	60	62	9	1	29	0.002	0.225	0	0.0156
0.0093	0.0309	0.0419	0.0507	0.3908	-0.6535	-0.1732	0.7368	61	63	9	1	30	0.002	0.275	0	0.0183
0.0094	0.0164	0.0371	0.0545	0.4211	-0.4727	0.0734	0.8781	62	64	9	1	31	0.0022	0.225	0	0.0158
0.0086	0.011	0.0265	0.0554	0.426	0.6913	0.684	-0.2329	63	65	9	1	32	0.01	0.05	0	0.01
0.0076	0.0379	0.0359	0.0649	0.4226	0.3281	0.1104	0.9382	64	66	9	1	33	0.0005	0.3333	0	0.0053
0.0084	0.0234	0.0478	0.073	0.4562	-0.139	0.4214	0.8962	65	0	9	1	34	0.01	0.05	0	0.01
0.0091	0.0844	0.0251	0.0437	-0.1473	-0.5953	-0.7848	0.1726	9	68	17	1	1	0.0015	0.4167	0	0.0091
0.0093	0.0814	-0.0038	-0.0362	-0.1158	-0.5769	-0.8139	0.0694	67	69	17	1	2	0.0187	0.14	0	0.0379
0.0066	0.0338	0.0002	-0.0941	-0.0991	0.0874	-0.9483	0.305	68	70	17	1	3	0.0055	0.5833	0	0.0059
0.0092	0.0132	-0.0134	-0.1111	-0.076	-0.7618	-0.5495	-0.3432	69	71	17	1	4	0.0077	0.5	0	0.0147
0.0088	0.0571	-0.0239	-0.1086	-0.0886	-0.9194	0.2198	0.3261	70	72	17	1	5	0.0044	0.4063	0	0.0099
0.0074	0.0321	-0.0767	-0.0955	-0.0746	-0.9235	0.3726	0.0916	71	73	17	1	6	0.01	0.05	0	0.01
0.007	0.0321	-0.0764	-0.0682	-0.0597	-0.5357	0.7666	0.354	72	0	17	1	7	0.01	0.05	0	0.01
0.0047	0.0645	-0.1799	-0.1255	-0.3287	0.6641	0.1921	0.7226	12	75	75	2	1	0.0115	0.275	0	0.0174
0.0025	0.0035	-0.1317	-0.1123	-0.2861	0.5785	0.1515	0.8015	74	0	75	2	2	0.0096	0.2	0	0.01
0.0132	0.0376	-0.0474	-0.0858	-0.2647	-0.379	-0.1138	-0.9184	17	77	6	2	1	0.0024	0.4583	1	0.0132
0.0132	0.0462	-0.0617	-0.09	-0.2992	0.5642	-0.6908	-0.4522	76	78	6	2	2	0.0024	0.4583	0	0.0132
0.0132	0.017	-0.0402	-0.1221	-0.3196	-0.1152	0.2361	-0.9649	77	79	6	2	3	0.01	0.05	0	0.01
0.0132	0.019	-0.0411	-0.1188	-0.335	0.3691	-0.4862	-0.7921	78	80	6	2	4	0.01	0.05	0	0.01
0.0132	0.0257	-0.0341	-0.1281	-0.3501	0.6461	-0.6985	0.3078	79	0	6	2	5	0.01	0.05	0	0.01
0.0025	0.0274	-0.0547	-0.0847	-0.2581	-0.4267	0.8955	-0.1264	16	82	11	2	1	0.0103	0.2	1	0.01
0.0025	0.0537	-0.0677	-0.0583	-0.2658	-0.8056	-0.5923	-0.0107	81	0	11	2	2	0.0069	0.225	0	0.01
0.0099	0.0228	0.035	0.0585	-0.1746	0.9331	0.0212	0.3591	29	84	16	2	1	0.0022	0.4167	0	0.0099
0.0099	0.0899	0.0484	0.0513	-0.1723	-0.7553	0.625	0.197	83	85	16	2	2	0.0059	0.325	0	0.0092
0.01	0.0403	0.0289	0.0767	-0.1015	-0.5776	0.357	0.7341	84	86	16	2	3	0.01	0.05	0	0.01
0.01	0.0071	0.0182	0.0782	-0.1615	-0.8736	0.4492	-0.1874	85	87	16	2	4	0.01	0.05	0	0.01
0.01	0.0349	0.012	0.0814	-0.1628	-0.7975	-0.5089	0.3241	86	0	16	2	5	0.01	0.05	0	0.01
0.01	0.03	0.0337	0.0158	-0.1059	-0.6948	-0.5425	0.4721	35	89	22	2	1	0.0019	0.375	1	0.0164
0.0099	0.0598	0.0071	0.0022	-0.0937	-0.503	-0.7202	0.4779	88	90	22	2	2	0.0039	0.225	0	0.0164
0.0093	0.0352	-0.0243	-0.0132	-0.0698	-0.4605	0.1279	0.8784	89	91	22	2	3	0.0062	0.375	0	0.0093
0.009	0.0182	-0.0423	-0.0074	-0.0415	-0.4274	0.6563	0.6218	90	92	22	2	4	0.0008	0.3333	0	0.009
0.0094	0.0169	-0.0548	-0.0068	-0.0354	-0.8348	0.1021	0.541	91	93	22	2	5	0.001	0.3333	0	0.0097
0.0094	0.0487	-0.0682	0.0016	-0.0227	-0.9849	0.1511	-0.0844	92	94	22	2	6	0.0014	0.4167	0	0.0117
0.0067	0.0036	-0.1141	0.0008	-0.0361	-0.9277	0.1501	-0.3419	93	95	22	2	7	0.0043	0.5833	0	0.0067
0.0076	0.0315	-0.1166	0.0038	-0.0373	-0.8705	0.3105	0.3818	94	96	22	2	8	0.0011	0.3333	0	0.0081
0.007	0.0176	-0.1474	0.0182	-0.0276	-0.7363	-0.2394	0.6329	95	0	22	2	9	0.01	0.05	0	0.01
0.0092	0.0252	0.0567	0.0165	0.0627	-0.7671	0.6381	-0.0666	41	98	30	2	1	0.002	0.4583	0	0.0105
0.0092	0.0148	0.0432	0.0352	0.0628	-0.4574	0.5245	0.7181	97	99	30	2	2	0.0013	0.4167	0	0.0124
0.0092	0.0384	0.0409	0.0372	0.0732	-0.5112	-0.4316	0.7433	98	100	30	2	3	0.001	0.2917	0	0.0136
0.0086	0.0431	0.0164	0.0375	0.1018	-0.9575	-0.2742	0.0897	99	101	30	2	4	0.0066	0.375	0	0.0086
0.0091	0.0121	-0.021	0.0005	0.1013	-0.9553	-0.188	0.2282	100	102	30	2	5	0.0055	0.4583	0	0.0122
0.0082	0.0129	-0.0332	0.002	0.1075	-0.8835	-0.3889	0.2611	101	103	30	2	6	0.0048	0.5417	0	0.0082
0.009	0.029	-0.0484	-0.0045	0.1082	-0.5441	-0.0692	0.8362	102	104	30	2	7	0.0011	0.4583	0	0.0104
0.0089	0.0049	-0.0646	-0.0124	0.1303	-0.8433	-0.1391	0.5192	103	105	30	2	8	0.004	0.5833	0	0.009
0.0088	0.0193	-0.0698	-0.0124	0.1292	-0.516	-0.8565	-0.0113	104	0	30	2	9	0.002	0.3333	0	0.0099
0.0025	0.0601	0.0179	0.0536	0.1511	-0.0472	-0.7935	-0.6068	47	107	36	2	1	0.01	0.05	0	0.01
0.0025	0.0363	0.015	0.0059	0.1146	-0.2948	-0.8589	0.4187	106	0	36	2	2	0.01	0.05	0	0.01
0.01	0.0249	0.0319	0.0508	0.1544	-0.481	0.8559	0.1902	48	109	42	2	1	0.002	0.4167	1	0.01
0.01	0.0298	0.0199	0.0721	0.1591	-0.9122	-0.2458	0.3279	108	110	42	2	2	0.002	0.4167	0	0.01
0.01	0.0235	-0.001	0.0472	0.1572	-0.8957	-0.4199	0.1465	109	111	42	2	3	0.0063	0.225	0	0.0243
0.01	0.0027	-0.0107	0.0336	0.1579	-0.3829	-0.6591	-0.6473	110	112	42	2	4	0.01	0.05	0	0.01
0.01	0.0294	-0.0117	0.0318	0.1561	-0.7852	-0.2076	-0.5834	111	0	42	2	5	0.01	0.05	0	0.01
0.0089	0.037	0.0369	0.0437	0.2076	-0.4299	0.0362	-0.9022	51	114	53	2	1	0.0028	0.4167	1	0.0089
0.0089	0.0335	0.021	0.045	0.1742	0.4771	0.1379	0.868	113	115	53	2	2	0.0028	0.4167	0	0.0089
0.0089	0.0231	0.0253	0.0378	0.2002	-0.0832	-0.1711	0.9817	114	116	53	2	3	0.01	0.05	0	0.01
0.0089	0.0089	0.0153	0.0454	0.2041	-0.5522	0.582	0.597	115	117	53	2	4	0.01	0.05	0	0.01
0.0089	0.0382	0.0104	0.0506	0.2094	-0.488	0.4937	0.7198	116	0	53	2	5	0.01	0.05	0	0.01
0.0025	0.0298	0.0376	0.0351	0.2173	-0.1346	-0.9833	0.1222	53	119	60	2	1	0.01	0.05	0	0.01
0.0025	0.0156	0.025	0.0012	0.2173	0.3218	-0.8833	0.3409	118	120	60	2	2	0.01	0.05	0	0.01
0.0025	0.0151	0.0306	-0.0137	0.2197	-0.9687	-0.2266	-0.1012	119	0	60	2	3	0.01	0.05	0	0.01
0.0112	0.0262	0.0431	0.0599	0.4287	0.9132	-0.2318	0.3353	65	122	70	2	1	0.0025	0.4167	0	0.0112
0.0112	0.0048	0.0687	0.0568	0.4273	0.9846	-0.1127	0.1334	121	123	70	2	2	0.01	0.05	0	0.01
0.0112	0.0252	0.0734	0.0563	0.428	0.0688	-0.9389	-0.3372	122	0	70	2	3	0.01	0.05	0	0.01
0.0122	0.0325	-0.0634	-0.0576	-0.2642	0.4589	-0.6315	0.625	82	125	15	3	1	0.0021	0.4583	1	0.0122
0.0122	0.0389	-0.0485	-0.0781	-0.2438	-0.3158	0.4717	0.8233	124	126	15	3	2	0.0021	0.4583	0	0.0122
0.0122	0.0164	-0.0581	-0.086	-0.2219	0.9948	0.0787	0.0642	125	127	15	3	3	0.0047	0.325	0	0.0204
0.0122	0.0168	-0.0491	-0.0899	-0.2334	0.3759	-0.9133	0.1567	126	128	15	3	4	0.01	0.05	0	0.01
0.0122	0.027	-0.0448	-0.103	-0.227	0.8782	-0.0243	0.4777	127	129	15	3	5	0.01	0.05	0	0.01
0.0122	0.0015	-0.0241	-0.103	-0.2191	-0.7792	0.3314	0.532	128	0	15	3	6	0.01	0.05	0	0.01
0.0092	0.0633	-0.0027	0.0191	-0.0382	-0.0576	-0.9453	0.321	0	131	78	0	1	0.002	0.4583	0	0.009
0.0099	0.0391	-0.005	-0.0394	-0.0292	-0.7834	-0.5996	-0.1636	130	132	78	0	2	0.0014	0.3333	0	0.0104
0.0092	0.0045	-0.036	-0.0615	-0.0363	-0.9617	-0.2664	-0.0639	131	133	78	0	3	0.01	0.05	0	0.01
0.009	0.0171	-0.0403	-0.0627	-0.0366	-0.5106	-0.7684	-0.3858	132	0	78	0	4	0.01	0.05	0	0.01
0.009	0.0329	-0.02	-0.0256	-0.0815	-0.8493	0.5201	0.091	89	135	24	3	1	0.0023	0.375	0	0.0089
0.0094	0.0258	-0.0427	-0.0082	-0.0734	-0.4005	-0.7999	0.4469	134	136	24	3	2	0.01	0.05	0	0.01
0.0094	0.0252	-0.0544	-0.0308	-0.0618	-0.0338	0.0354	0.9988	135	137	24	3	3	0.01	0.05	0	0.01
0.0094	0.0221	-0.0552	-0.0299	-0.0367	-0.1781	-0.0937	0.9795	136	0	24	3	4	0.01	0.05	0	0.01
0.0093	0.0663	0.0412	0.0364	0.0536	-0.2144	0.9392	0.2684	97	139	31	3	1	0.0022	0.4167	0	0.0093
0.0093	0.0119	0.0329	0.0964	0.071	0.3526	0.9106	0.2158	138	0	31	3	2	0.01	0.05	0	0.01
0.0087	0.0809	0.0623	0.0081	0.0546	-0.7742	0.301	-0.5568	97	141	32	3	1	0.01	0.05	0	0.01
0.0087	0.0539	-0.0192	0.0489	0.0105	-0.6533	-0.7442	-0.1393	140	142	32	3	2	0.0014	0.2917	0	0.0216
0.0087	0.0194	-0.0335	0.0064	0.0019	0.028	0.6242	-0.7808	141	143	32	3	3	0.01	0.05	0	0.01
0.0087	0.0185	-0.033	0.0185	-0.0132	-0.901	0.3907	-0.1886	142	0	32	3	4	0.01	0.05	0	0.01
0.0082	0.0088	0.0177	0.0311	0.0962	-0.9053	0.1669	-0.3907	100	145	33	3	1	0.0016	0.4167	0	0.0098
0.0082	0.0266	0.0065	0.0435	0.0912	-0.3549	-0.2339	-0.9052	144	146	33	3	2	0.0052	0.225	0	0.0148
0.0082	0.0157	-0.0041	0.0419	0.0797	-0.7702	-0.6182	0.1569	145	147	33	3	3	0.01	0.05	0	0.01
0.0082	0.0227	-0.0147	0.0345	0.0844	-0.8652	0.5002	0.0348	146	0	33	3	4	0.01	0.05	0	0.01
0.0025	0.0485	0.0369	0.0373	0.0762	-0.7605	-0.2423	-0.6025	99	149	34	3	1	0.0084	0.3	1	0.01
0.0025	0.0111	0.0058	0.0159	0.053	-0.4471	-0.6501	-0.6144	148	150	34	3	2	0.004	0.2	0	0.01
0.0025	0.0385	0.0025	0.0087	0.0425	-0.2094	0.9736	-0.0911	149	0	34	3	3	0.0044	0.175	0	0.01
0.0025	0.0248	0.0425	0.0398	0.0795	0.789	0.5272	0.3156	98	152	35	3	1	0.009	0.325	1	0.01
0.0025	0.0138	0.0528	0.0546	0.085	-0.2127	0.1996	0.9565	151	153	35	3	2	0.007	0.2	0	0.01
0.0043	0.0274	0.0495	0.056	0.0952	-0.3521	0.8703	-0.3445	152	0	35	3	3	0.0017	0.375	0	0.008
0.0035	0.0099	-0.0772	-0.0203	0.1328	-0.3729	-0.6168	-0.6932	104	155	46	3	1	0.0033	0.175	1	0.0135
0.0035	0.0513	-0.0881	-0.0332	0.1164	-0.034	0.826	-0.5627	154	156	46	3	2	0.0048	0.275	0	0.0135
0.0025	0.0438	-0.0891	0.01	0.0909	0.6345	0.7053	-0.3161	155	0	46	3	3	0.003	0.2	0	0.01
0.0073	0.0459	0.0451	0.0557	0.1407	0.4247	0.718	0.5515	0	158	80	0	1	0.002	0.375	0	0.0079
0.0025	0.0207	0.0643	0.0885	0.1659	-0.6399	0.7605	0.11	157	159	80	0	2	0.0039	0.15	0	0.01
0.0025	0.0288	0.0511	0.1044	0.1689	0.9701	0.2303	-0.0762	158	0	80	0	3	0.0039	0.175	0	0.01
0.0107	0.0347	-0.0084	-0.033	-0.0359	0.8786	0.3954	0.2677	131	161	81	1	1	0.0011	0.4583	0	0.0107
0.0107	0.0606	0.0264	-0.0235	-0.0205	0.1577	0.8638	0.4785	160	162	81	1	2	0.0007	0.3333	0	0.0096
0.0107	0.0126	0.0276	0.0193	0.0061	0.3538	-0.5043	0.7877	161	163	81	1	3	0.01	0.05	0	0.01
0.0107	0.0137	0.0298	0.022	0.0191	-0.9519	-0.2798	0.1249	162	164	81	1	4	0.01	0.05	0	0.01
0.0107	0.0054	0.0145	0.0144	0.0227	-0.5054	0.6051	0.6151	163	0	81	1	5	0.01	0.05	0	0.01
0.0095	0.029	-0.0887	0.0125	-0.0483	-0.3271	0.769	0.5493	0	166	82	0	1	0.0018	0.4583	0	0.0095
0.0095	0.0427	-0.1009	0.0304	-0.0358	0.3937	0.4	-0.8276	165	0	82	0	2	0.01	0.05	0	0.01
0.0034	0.014	-0.0766	-0.0243	0.1332	0.3726	-0.7829	0.4982	154	168	50	4	1	0.0023	0.5	1	0.0085
0.0034	0.0507	-0.0735	-0.0339	0.1374	0.7943	0.0063	-0.6075	167	169	50	4	2	0.0038	0.275	0	0.0085
0.0034	0.0073	-0.035	-0.035	0.1123	0.9541	-0.1595	0.2534	168	170	50	4	3	0.0054	0.2	0	0.01
0.0034	0.02	-0.026	-0.0358	0.1132	0.4337	-0.1321	0.8913	169	0	50	4	4	0.0042	0.225	0	0.01
