radius (m)	length (m)	start_point	axis_direction	parent	extension	branch	branch_order	position_in_branch	mad	SurfCov	added	UnmodRadius (m)
0.0151	0.049	0.2683	0.1863	-0.1685	0.0017	-0.7964	0.6047	0	2	1	0	1	0.0041	0.4583	0	0.0151
0.0154	0.0916	0.2613	0.1416	-0.1317	-0.5613	0.8216	0.0998	1	3	1	0	2	0.0018	0.5833	0	0.0154
0.0137	0.0443	0.1999	0.2216	-0.1297	0.1235	0.8965	0.4254	2	4	1	0	3	0.0016	0.7083	0	0.0137
0.0118	0.0621	0.2084	0.2606	-0.1099	0.1385	0.9526	0.2709	3	5	1	0	4	0.002	0.75	0	0.0118
0.0173	0.0713	0.2282	0.3188	-0.0734	-0.4293	0.8554	0.2898	4	6	1	0	5	0.0028	0.5	0	0.0186
0.0118	0.0385	0.1866	0.3767	-0.0574	-0.4515	0.5729	0.6841	5	7	1	0	6	0.0048	0.6875	0	0.0077
0.0118	0.0307	0.1748	0.4031	-0.0326	-0.5045	0.7703	0.3901	6	0	1	0	7	0.01	0.05	0	0.01
0.0137	0.0345	0.1896	0.3595	-0.0634	-0.6584	-0.5837	0.4751	5	9	2	1	1	0.0045	0.4167	0	0.0137
0.0137	0.0179	0.1643	0.3448	-0.0385	-0.8269	0.324	-0.4596	8	0	2	1	2	0.01	0.05	0	0.01
0.0136	0.0721	0.2455	0.1608	-0.1446	-0.1279	-0.9469	0.2951	2	11	43	1	1	0.0047	0.5	0	0.0136
0.0146	0.081	0.2311	0.0979	-0.1219	-0.721	-0.6919	-0.0392	10	12	43	1	2	0.002	0.5417	0	0.0148
0.0146	0.0367	0.1525	0.0512	-0.1105	-0.4144	-0.91	0.015	11	13	43	1	3	0.0019	0.625	0	0.0156
0.0146	0.0419	0.1412	0.0069	-0.1068	-0.6511	-0.0217	0.7587	12	14	43	1	4	0.0019	0.5833	0	0.0154
0.0146	0.067	0.0962	-0.0064	-0.0846	-0.3068	-0.262	0.915	13	15	43	1	5	0.0022	0.5833	0	0.0172
0.0145	0.0535	0.0759	-0.0222	-0.0213	-0.2953	-0.6971	0.6533	14	16	43	1	6	0.0019	0.5417	0	0.0156
0.0144	0.0324	0.0509	-0.0481	0.0218	-0.2788	-0.7012	0.6562	15	17	43	1	7	0.0025	0.4167	0	0.0159
0.0142	0.0336	0.048	-0.0607	0.0438	-0.8312	0.5219	-0.1918	16	18	43	1	8	0.0051	0.25	0	0.0193
0.0141	0.0281	0.0095	-0.0654	0.0486	-0.8926	0.4486	0.0453	17	19	43	1	9	0.0014	0.25	0	0.0186
0.014	0.0692	-0.0131	-0.0524	0.0494	0.2498	-0.9026	0.3505	18	20	43	1	10	0.0024	0.175	0	0.0257
0.0139	0.0305	-0.0157	-0.1268	0.0713	0.4338	-0.8014	0.4118	19	21	43	1	11	0.0064	0.175	0	0.0273
0.01	0.0087	0.0016	-0.1513	0.0854	-0.2023	-0.8466	0.4924	20	22	43	1	12	0.0136	0.4167	0	0.0088
0.0097	0.0241	0.0032	-0.1535	0.0916	0.7521	-0.5844	0.3047	21	23	43	1	13	0.0061	0.45	0	0.0087
0.0129	0.0496	0.0073	-0.1698	0.0959	0.1117	-0.9712	0.2104	22	24	43	1	14	0.0016	0.2917	0	0.0134
0.0104	0.018	0.002	-0.2139	0.1066	-0.3412	-0.9223	0.1817	23	25	43	1	15	0.0048	0.4688	0	0.0104
0.0124	0.0176	-0.0129	-0.2227	0.1039	0.3881	-0.2426	-0.8891	24	26	43	1	16	0.0013	0.375	0	0.0128
0.0103	0.0556	-0.0065	-0.2309	0.0939	0.3696	-0.7754	-0.512	25	27	43	1	17	0.0013	0.2917	0	0.0103
0.01	0.0532	0.0126	-0.2689	0.0577	0.5372	-0.6549	-0.5315	26	28	43	1	18	0.01	0.05	0	0.01
0.0124	0.0457	0.025	-0.3084	0.0726	0.2181	-0.9757	-0.0231	27	29	43	1	19	0.0017	0.375	0	0.0137
0.0116	0.0114	0.0466	-0.3078	0.0712	0.9674	-0.2495	-0.0442	28	30	43	1	20	0.0019	0.3333	0	0.0127
0.0106	0.0427	0.0485	-0.308	0.0719	-0.1675	-0.814	0.5561	29	31	43	1	21	0.0012	0.3333	0	0.0109
0.01	0.0012	0.032	-0.3372	0.0922	-0.5616	-0.7773	0.2836	30	32	43	1	22	0.01	0.05	0	0.01
0.0097	0.0487	0.0313	-0.3382	0.0926	0.1779	-0.9613	0.2105	31	33	43	1	23	0.01	0.05	0	0.01
0.0094	0.0159	0.04	-0.385	0.1028	0.6633	-0.7448	-0.073	32	0	43	1	24	0.01	0.05	0	0.01
0.0105	0.1477	0.2086	0.3186	-0.0848	0.1787	0.9394	0.2927	4	35	7	1	1	0.0021	0.375	0	0.0079
0.0112	0.0448	0.2229	0.4609	-0.0327	0.315	0.9478	0.0503	34	36	7	1	2	0.0051	0.35	0	0.0113
0.0111	0.0146	0.2293	0.5037	-0.0263	0.0294	0.9986	-0.0439	35	37	7	1	3	0.0051	0.4375	0	0.0112
0.0105	0.0249	0.2253	0.516	-0.037	-0.4663	0.8846	0.0018	36	38	7	1	4	0.0048	0.625	0	0.0105
0.0105	0.0313	0.2203	0.5392	-0.0366	-0.1595	0.9831	-0.0895	37	39	7	1	5	0.01	0.05	0	0.01
0.0105	0.0218	0.226	0.5386	-0.0286	-0.6723	-0.4346	-0.5992	38	0	7	1	6	0.01	0.05	0	0.01
0.0111	0.1056	0.1294	0.0197	-0.0839	-0.4229	0.8657	-0.2677	13	41	3	2	1	0.0036	0.4583	0	0.0113
0.0102	0.0115	0.0941	0.1223	-0.1117	-0.7647	0.6386	-0.0861	40	42	3	2	2	0.0054	0.5417	0	0.01
0.011	0.0447	0.074	0.1313	-0.1118	0.162	0.9677	0.1933	41	43	3	2	3	0.005	0.35	0	0.0116
0.01	0.0076	0.0824	0.158	-0.1051	-0.9427	-0.0275	-0.3326	42	0	3	2	4	0.01	0.05	0	0.01
0.0122	0.115	0.0324	-0.0643	0.0288	-0.8408	0.5411	0.0154	16	45	4	2	1	0.0043	0.5833	0	0.0122
0.0129	0.0446	-0.0723	-0.0098	0.0319	-0.6802	0.7299	0.067	44	46	4	2	2	0.0017	0.4167	0	0.0129
0.0137	0.0203	-0.1143	0.0189	0.0439	-0.316	0.9487	0.0042	45	47	4	2	3	0.0012	0.5833	0	0.0143
0.0137	0.0411	-0.1151	0.0186	0.0354	-0.4102	-0.4618	0.7864	46	48	4	2	4	0.0011	0.4167	0	0.017
0.0136	0.0249	-0.1568	0.0445	0.05	-0.8377	-0.5239	-0.1543	47	49	4	2	5	0.0104	0.3704	0	0.0183
0.0136	0.0081	-0.156	0.0404	0.0378	-0.4926	0.6697	-0.5557	48	50	4	2	6	0.0062	0.4583	0	0.0177
0.0135	0.0534	-0.1658	0.04	0.0433	-0.3093	-0.7319	-0.6072	49	51	4	2	7	0.002	0.2917	0	0.0136
0.0122	0.0676	-0.1978	0.032	0.0154	-0.837	-0.3561	-0.4154	50	52	4	2	8	0.01	0.05	0	0.01
0.0122	0.028	-0.2317	0.0363	-0.0276	-0.7959	0.3937	-0.4599	51	53	4	2	9	0.01	0.05	0	0.01
0.0134	0.0118	-0.2315	0.0473	0.0051	-0.4466	0.8667	0.2224	52	54	4	2	10	0.0075	0.225	0	0.0311
0.0122	0.0983	-0.2409	0.0369	0.0029	-0.9804	0.1812	0.0775	53	55	4	2	11	0.0007	0.3333	0	0.0109
0.0122	0.0508	-0.3316	0.0401	0.004	-0.9342	-0.3565	-0.0134	54	56	4	2	12	0.01	0.05	0	0.01
0.0132	0.0277	-0.3654	0.0488	0.0015	-0.884	0.44	-0.1577	55	57	4	2	13	0.0027	0.275	0	0.019
0.0122	0.0211	-0.3848	0.0688	-0.0066	-0.8592	0.4927	-0.1381	56	58	4	2	14	0.01	0.05	0	0.01
0.0122	0.0087	-0.3924	0.0763	0.0037	-0.5802	0.5676	0.5842	57	59	4	2	15	0.01	0.05	0	0.01
0.0122	0.0275	-0.3975	0.0812	0.0088	-0.7913	-0.536	0.2943	58	60	4	2	16	0.01	0.05	0	0.01
0.0122	0.0225	-0.4193	0.0664	0.0169	-0.9981	0.0596	0.0135	59	0	4	2	17	0.01	0.05	0	0.01
0.0056	0.0856	-0.0104	-0.2316	0.114	-0.0789	-0.9966	-0.0239	25	62	8	2	1	0.0015	0.3333	0	0.0123
0.0025	0.0182	-0.0206	-0.3239	0.1117	-0.8936	0.4306	0.1267	61	63	8	2	2	0.01	0.05	0	0.01
0.0025	0.028	-0.0369	-0.3161	0.114	-0.6456	0.2423	0.7242	62	0	8	2	3	0.01	0.05	0	0.01
0.008	0.0315	-0.0294	-0.1305	0.068	-0.9439	0.0495	-0.3265	20	65	16	2	1	0.0007	0.2917	1	0.0088
0.0074	0.0297	-0.0591	-0.1289	0.0577	-0.4468	0.3718	-0.8137	64	66	16	2	2	0.0007	0.2917	0	0.0088
0.0054	0.0203	-0.0721	-0.1166	0.0341	-0.4392	0.4257	-0.7911	65	0	16	2	3	0.0022	0.375	0	0.01
0.0328	0.0722	0.0184	-0.1664	0.1082	0.8548	-0.4859	0.1821	22	68	17	2	1	0.0024	0.4167	0	0.0328
0.0328	0.0141	0.0249	-0.2039	0.1564	0.5201	0.201	0.8301	67	69	17	2	2	0.0007	0.0909	0	0.01
0.0328	0.0721	0.0243	-0.2494	0.1723	0.9246	-0.1822	-0.3346	68	70	17	2	3	0.0047	0.1136	0	0.0114
0.0328	0.0384	0.095	-0.2303	0.1784	-0.0218	-0.6817	0.7313	69	71	17	2	4	0.0034	0.1818	0	0.0118
0.0328	0.0384	0.0446	-0.271	0.1967	0.0371	-0.6427	0.7652	70	72	17	2	5	0.002	0.0909	0	0.01
0.0328	0.006	0.0966	-0.2796	0.2205	0.3176	-0.8677	0.3823	71	73	17	2	6	0.0019	0.0909	0	0.01
0.0328	0.0442	0.1218	-0.2913	0.19	-0.3302	-0.9427	-0.0477	72	0	17	2	7	0.0015	0.1136	0	0.01
0.0098	0.0481	0.0015	-0.2371	0.0777	0.4816	-0.0505	-0.8749	26	75	19	2	1	0.0035	0.4583	0	0.0117
0.0098	0.0328	0.0265	-0.23	0.0374	0.8098	-0.0473	-0.5847	74	76	19	2	2	0.005	0.5	0	0.011
0.0073	0.0277	0.0416	-0.2259	0.0119	0.5905	0.6181	-0.5189	75	77	19	2	3	0.0035	0.5313	0	0.007
0.0097	0.0743	0.0426	-0.2055	0.017	-0.3088	0.8673	-0.3904	76	78	19	2	4	0.0019	0.2917	0	0.0145
0.0093	0.0225	0.0283	-0.1374	-0.013	-0.3954	0.9133	-0.0973	77	79	19	2	5	0.0042	0.3958	0	0.0093
0.0095	0.083	0.0227	-0.126	-0.0178	-0.3188	0.154	-0.9352	78	80	19	2	6	0.0018	0.375	0	0.0114
0.0093	0.0383	0.0036	-0.1151	-0.1006	-0.338	0.6234	-0.7051	79	81	19	2	7	0.0014	0.2917	0	0.0122
0.0093	0.0441	-0.0201	-0.0899	-0.1181	-0.6398	0.1841	-0.7462	80	82	19	2	8	0.0013	0.375	0	0.0127
0.0092	0.0141	-0.0472	-0.077	-0.1475	-0.8536	0.4225	-0.3047	81	83	19	2	9	0.0044	0.4063	0	0.013
0.0084	0.022	-0.0591	-0.0695	-0.1487	-0.2941	0.8656	-0.4052	82	0	19	2	10	0.01	0.05	0	0.01
0.0089	0.0186	0.0328	-0.39	0.0994	-0.8667	-0.3707	-0.3338	33	85	36	2	1	0.0028	0.5	1	0.0113
0.0089	0.0477	0.0167	-0.3969	0.0932	0.5315	-0.1467	0.8343	84	86	36	2	2	0.0028	0.5	0	0.0113
0.0089	0.0363	0.0499	-0.4107	0.118	0.4231	-0.7252	0.5431	85	87	36	2	3	0.003	0.275	0	0.014
0.0089	0.0132	0.0717	-0.4407	0.1307	0.1738	-0.7898	0.5882	86	0	36	2	4	0.01	0.05	0	0.01
0.0128	0.1188	-0.1572	0.0566	0.0744	-0.4383	-0.695	0.5699	50	89	6	3	1	0.0024	0.5833	0	0.0173
0.0128	0.0417	-0.2083	-0.0267	0.1445	-0.929	-0.2061	0.3075	88	90	6	3	2	0.0014	0.3333	0	0.0151
0.0108	0.0194	-0.2492	-0.0346	0.1533	-0.8409	-0.3928	0.3724	89	91	6	3	3	0.0041	0.625	0	0.0108
0.0108	0.0054	-0.2605	-0.0357	0.1506	-0.842	0.5334	-0.081	90	0	6	3	4	0.0029	0.2917	0	0.0094
0.0111	0.0177	-0.1048	0.0175	0.0229	-0.3108	-0.2485	-0.9174	45	93	9	3	1	0.0026	0.4583	1	0.0111
0.0111	0.0794	-0.1102	0.0132	0.0067	0.6149	0.4721	-0.6317	92	94	9	3	2	0.0026	0.4583	0	0.0111
0.0121	0.0551	-0.0616	0.049	-0.0447	0.4955	0.5252	-0.6919	93	95	9	3	3	0.0012	0.3333	0	0.0121
0.0121	0.0357	-0.0558	0.0903	-0.0651	0.3124	0.9154	-0.2538	94	96	9	3	4	0.0106	0.2813	0	0.0168
0.0111	0.0206	-0.0499	0.1218	-0.0753	-0.252	0.9344	0.2517	95	97	9	3	5	0.0036	0.375	0	0.0094
0.0111	0.0406	-0.0565	0.1403	-0.0698	-0.4497	0.8834	0.1319	96	98	9	3	6	0.0008	0.25	0	0.0071
0.0111	0.0349	-0.0742	0.1764	-0.064	-0.4872	0.8615	0.1429	97	99	9	3	7	0.01	0.05	0	0.01
0.0119	0.0093	-0.0851	0.207	-0.0512	-0.6381	0.6286	0.4445	98	100	9	3	8	0.0031	0.25	0	0.0193
0.0111	0.0169	-0.0919	0.2134	-0.0552	0.4972	0.8676	0.005	99	101	9	3	9	0.01	0.05	0	0.01
0.0111	0.027	-0.0835	0.228	-0.0551	0.7297	0.6765	0.0994	100	102	9	3	10	0.01	0.05	0	0.01
0.0111	0.025	-0.0638	0.2463	-0.0524	0.1776	0.9781	0.1088	101	103	9	3	11	0.01	0.05	0	0.01
0.0111	0.0226	-0.0594	0.2707	-0.0497	-0.2317	0.9081	-0.3489	102	0	9	3	12	0.01	0.05	0	0.01
0.0128	0.0223	-0.1593	0.0247	0.0266	0.8818	-0.171	-0.4395	50	105	10	3	1	0.0036	0.3333	1	0.0139
0.0125	0.0732	-0.1397	0.0209	0.0168	0.2842	0.3439	-0.895	104	106	10	3	2	0.0036	0.3333	0	0.0139
0.0089	0.0671	-0.1055	0.0358	-0.0456	0.5459	0.5	-0.6723	105	107	10	3	3	0.0013	0.375	0	0.0089
0.0079	0.0026	-0.0701	0.0691	-0.0921	0.7489	-0.01	-0.6627	106	108	10	3	4	0.01	0.05	0	0.01
0.006	0.0274	-0.0647	0.0638	-0.0907	0.6082	0.6553	0.4479	107	109	10	3	5	0.01	0.05	0	0.01
0.0041	0.0219	-0.0503	0.086	-0.0756	0.0901	0.5818	-0.8084	108	0	10	3	6	0.0023	0.2	0	0.01
0.0113	0.0523	-0.2272	0.0311	0.0094	0.0517	0.644	-0.7633	51	111	13	3	1	0.0025	0.5833	0	0.0095
0.0116	0.0321	-0.2251	0.0616	-0.0246	-0.9369	0.3383	0.0879	110	112	13	3	2	0.0008	0.3333	0	0.014
0.0113	0.0142	-0.2548	0.0689	-0.024	-0.9861	-0.1492	0.0733	111	113	13	3	3	0.0053	0.7083	0	0.0113
0.0113	0.0072	-0.2686	0.0685	-0.0218	-0.9171	0.2991	-0.2637	112	0	13	3	4	0.0032	0.2917	0	0.0097
0.0121	0.0378	0.0525	-0.2528	0.0296	0.3886	-0.804	-0.4501	77	115	34	3	1	0.0014	0.4167	0	0.0121
0.0121	0.0808	0.0628	-0.286	0.0119	0.0793	0.1164	-0.99	114	116	34	3	2	0.0017	0.3333	0	0.0131
0.0121	0.0055	0.0643	-0.3078	-0.0636	-0.0823	-0.1314	-0.9879	115	117	34	3	3	0.0057	0.375	0	0.0112
0.0121	0.008	0.0657	-0.3079	-0.071	0.3225	-0.9463	-0.0219	116	118	34	3	4	0.01	0.05	0	0.01
0.0121	0.0266	0.0667	-0.3145	-0.0717	0.0063	-0.4934	-0.8698	117	119	34	3	5	0.01	0.05	0	0.01
0.0121	0.0065	0.0681	-0.3323	-0.1005	-0.5923	0.558	-0.5812	118	0	34	3	6	0.01	0.05	0	0.01
0.0089	0.0669	0.0417	-0.1575	-0.0189	0.5408	-0.8069	-0.2375	78	121	35	3	1	0.0029	0.5833	1	0.0156
0.0089	0.0299	0.0782	-0.2103	-0.0308	-0.0034	-0.9567	0.2909	120	122	35	3	2	0.0055	0.4	0	0.0156
0.0089	0.0407	0.084	-0.2249	-0.0305	-0.025	-0.5108	-0.8594	121	123	35	3	3	0.0012	0.3333	0	0.0128
0.0089	0.0467	0.0637	-0.2403	-0.0625	0.2514	0.9616	-0.1103	122	124	35	3	4	0.0015	0.2917	0	0.0124
0.0089	0.0273	0.0786	-0.1906	-0.0896	-0.5378	0.8365	0.1055	123	125	35	3	5	0.0066	0.5833	0	0.0089
0.0089	0.0497	0.0824	-0.1743	-0.0928	-0.0473	0.6013	-0.7976	124	126	35	3	6	0.0047	0.625	0	0.0091
0.0089	0.0342	0.0907	-0.1614	-0.0843	-0.9788	-0.0594	0.196	125	0	35	3	7	0.0019	0.125	0	0.0208
0.0122	0.0213	-0.1933	0.0229	0.1044	-0.9849	0.1694	0.0363	88	128	14	4	1	0.0043	0.5	0	0.015
0.0122	0.0624	-0.2263	0.0266	0.0982	0.2009	0.9211	-0.3334	127	129	14	4	2	0.0047	0.225	0	0.0189
0.0122	0.0048	-0.2286	0.0861	0.0791	0.05	0.8432	-0.5352	128	130	14	4	3	0.01	0.05	0	0.01
0.0122	0.0206	-0.2283	0.0901	0.0765	-0.0938	0.1489	-0.9844	129	0	14	4	4	0.01	0.05	0	0.01
0.0122	0.0431	-0.1546	0.0384	0.0783	-0.0421	-0.9402	0.3381	88	132	44	4	1	0.0039	0.3333	1	0.0368
0.0122	0.0861	-0.1711	0.0051	0.1052	0.2781	0.9356	-0.2174	131	133	44	4	2	0.0117	0.24	0	0.0368
0.0086	0.0201	-0.1706	0.1031	0.0762	0.6081	0.7924	-0.0478	132	134	44	4	3	0.0047	0.4583	0	0.0084
0.0084	0.0282	-0.161	0.1156	0.077	-0.7232	0.1875	-0.6647	133	0	44	4	4	0.0017	0.25	0	0.007
0.0086	0.0755	-0.0726	0.1747	-0.0537	0.8711	-0.4034	-0.28	97	136	20	4	1	0.0024	0.5	0	0.0085
0.0088	0.0343	-0.0114	0.1399	-0.0777	0.7542	-0.5928	-0.2823	135	137	20	4	2	0.01	0.05	0	0.01
0.0087	0.036	0.0123	0.1267	-0.0965	0.7314	-0.4382	-0.5226	136	138	20	4	3	0.01	0.05	0	0.01
0.0086	0.0121	0.0113	0.1115	-0.0864	0.2652	-0.9265	0.267	137	0	20	4	4	0.01	0.05	0	0.01
0.0111	0.0238	-0.0559	0.1271	-0.0732	-0.3122	-0.95	-0.0084	95	140	45	4	1	0.0037	0.4583	0	0.0119
0.0097	0.0533	-0.0598	0.1033	-0.0643	-0.876	-0.3822	0.2943	139	141	45	4	2	0.0013	0.5	0	0.0097
0.0069	0.0398	-0.1003	0.0794	-0.0524	-0.5376	-0.8396	-0.0781	140	142	45	4	3	0.0043	0.4375	0	0.0059
0.0082	0.0219	-0.1331	0.0612	-0.0617	-0.7112	-0.6462	-0.2769	141	143	45	4	4	0.01	0.05	0	0.01
0.0075	0.0003	-0.1216	0.0464	-0.0555	-0.045	-0.9979	0.0475	142	144	45	4	5	0.01	0.05	0	0.01
0.0066	0.0223	-0.1216	0.0462	-0.0555	-0.7348	-0.6239	0.2662	143	0	45	4	6	0.01	0.05	0	0.01
0.007	0.0695	-0.0834	0.1688	-0.0656	-0.5087	-0.8282	0.2353	97	146	25	4	1	0.0023	0.375	0	0.0073
0.0025	0.0141	-0.1189	0.1148	-0.0447	-0.3083	-0.756	0.5774	145	0	25	4	2	0.0059	0.2	0	0.01
0.0025	0.0737	-0.0639	0.2609	-0.0373	-1	0.0023	0.0058	103	148	38	4	1	0.01	0.05	0	0.01
0.0025	0.0115	-0.145	0.2572	-0.0327	-0.3438	0.9086	0.237	147	149	38	4	2	0.01	0.05	0	0.01
0.0025	0.0345	-0.149	0.2677	-0.0299	-0.6551	-0.7327	-0.1841	148	0	38	4	3	0.01	0.05	0	0.01
0.0025	0.054	0.073	-0.2974	-0.0671	0.4028	0.9147	0.0332	117	151	40	4	1	0.0137	0.15	1	0.01
0.0025	0.0557	0.0979	-0.2496	-0.0704	0.0972	-0.938	0.3329	150	0	40	4	2	0.0081	0.175	0	0.01
0.0043	0.0633	-0.1803	0.1176	0.0704	-0.6249	-0.6199	0.4746	134	0	15	5	1	0.0032	0.375	0	0.0089
