//X Y Z R G B PointSourceId ScanDirectionFlag NumberOfReturns ReturnNumber GpsTime Intensity Classification Nx Ny Nz
-3.52999997 -21.10000038 0.31000000 229 127 77 97.000000 1.000000 4.000000 1.000000 0.000000 114.000000 70.000000 0.098211 0.965527 -0.241063
-3.25999999 -21.44000053 0.50000000 229 127 77 97.000000 1.000000 4.000000 1.000000 0.000000 114.000000 106.000000 -0.262429 0.685497 0.679135
-3.28999996 -21.47999954 0.51999998 229 127 77 97.000000 1.000000 4.000000 1.000000 0.000000 114.000000 106.000000 0.254972 0.352244 0.900507
-3.27999997 -21.46999931 0.50000000 229 127 77 97.000000 1.000000 4.000000 1.000000 0.000000 114.000000 106.000000 0.208225 0.468881 0.858367
-3.25000000 -21.45999908 0.51999998 229 127 77 97.000000 1.000000 4.000000 1.000000 0.000000 114.000000 106.000000 0.047994 0.343744 0.937836
-3.42000008 -21.52000046 0.50000000 229 127 77 97.000000 1.000000 4.000000 1.000000 0.000000 114.000000 106.000000 0.081184 0.137659 0.987147
-3.23000002 -21.44000053 0.49000001 229 127 77 97.000000 1.000000 4.000000 1.000000 0.000000 114.000000 106.000000 0.181433 0.514311 0.838192
-3.22000003 -21.44000053 0.47999999 229 127 77 97.000000 1.000000 4.000000 1.000000 0.000000 114.000000 106.000000 0.178153 0.781131 0.598411
-3.24000001 -21.45000076 0.49000001 229 127 77 97.000000 1.000000 4.000000 1.000000 0.000000 114.000000 106.000000 0.402225 0.499932 0.766996
-3.23000002 -21.42000008 0.34000000 229 127 77 97.000000 1.000000 4.000000 1.000000 0.000000 114.000000 106.000000 0.337306 0.791310 0.509955
-3.31999993 -21.34000015 0.33000001 229 127 77 97.000000 1.000000 4.000000 1.000000 0.000000 114.000000 106.000000 0.238028 0.970423 -0.040282
-3.32999992 -21.35000038 0.36000001 229 127 77 97.000000 1.000000 4.000000 1.000000 0.000000 114.000000 106.000000 0.189843 0.938128 0.289614
-3.32999992 -21.36000061 0.38000000 229 127 77 97.000000 1.000000 4.000000 1.000000 0.000000 114.000000 106.000000 0.118998 0.980201 0.158255
-3.27999997 -21.45000076 0.49000001 229 127 77 97.000000 1.000000 4.000000 1.000000 0.000000 114.000000 106.000000 -0.156080 0.741002 0.653112
-3.25999999 -21.43000031 0.47999999 229 127 77 97.000000 1.000000 4.000000 1.000000 0.000000 114.000000 106.000000 0.031355 0.868403 0.494867
-3.28999996 -21.45000076 0.49000001 229 127 77 97.000000 1.000000 4.000000 1.000000 0.000000 114.000000 106.000000 0.017771 0.545431 0.837967
-3.25999999 -21.43000031 0.34999999 229 127 77 97.000000 1.000000 4.000000 1.000000 0.000000 114.000000 106.000000 0.376603 0.865418 0.330488
-3.25999999 -21.43000031 0.33000001 229 127 77 97.000000 1.000000 4.000000 1.000000 0.000000 114.000000 106.000000 -0.112936 0.976710 0.182435
-3.24000001 -21.34000015 0.30000001 229 127 77 97.000000 1.000000 4.000000 1.000000 0.000000 114.000000 106.000000 -0.023201 0.999669 0.011096
-3.28999996 -21.35000038 0.31000000 229 127 77 97.000000 1.000000 4.000000 1.000000 0.000000 114.000000 106.000000 0.045232 0.986995 0.154254
-3.27999997 -21.35000038 0.31999999 229 127 77 97.000000 1.000000 4.000000 1.000000 0.000000 114.000000 106.000000 0.279038 0.902076 0.329236
-3.28999996 -21.34000015 0.31000000 229 127 77 97.000000 1.000000 4.000000 1.000000 0.000000 114.000000 106.000000 0.050048 0.972881 0.225826
-3.32999992 -21.35000038 0.31999999 229 127 77 97.000000 1.000000 4.000000 1.000000 0.000000 114.000000 106.000000 0.162807 0.970434 -0.178191
-3.26999998 -21.37999916 0.31000000 229 127 77 97.000000 1.000000 4.000000 1.000000 0.000000 114.000000 106.000000 0.321324 0.942816 -0.088596
-3.50999999 -21.18000031 0.33000001 229 127 77 97.000000 1.000000 4.000000 1.000000 0.000000 114.000000 70.000000 0.225639 0.969364 0.097062
-3.48000002 -21.26000023 0.34000000 229 127 77 97.000000 1.000000 4.000000 1.000000 0.000000 114.000000 70.000000 0.204683 0.977931 0.041894
-3.50000000 -21.21999931 0.34000000 229 127 77 97.000000 1.000000 4.000000 1.000000 0.000000 114.000000 70.000000 0.159319 0.943659 0.290042
-3.50999999 -21.26000023 0.33000001 229 127 77 97.000000 1.000000 4.000000 1.000000 0.000000 114.000000 70.000000 -0.108354 0.975189 0.193045
-3.50999999 -21.25000000 0.34999999 229 127 77 97.000000 1.000000 4.000000 1.000000 0.000000 114.000000 70.000000 0.030800 0.893198 0.448608
-3.50000000 -21.13999939 0.31000000 229 127 77 97.000000 1.000000 4.000000 1.000000 0.000000 114.000000 70.000000 0.250642 0.930350 0.267635
-3.49000001 -21.13999939 0.31000000 229 127 77 97.000000 1.000000 4.000000 1.000000 0.000000 114.000000 70.000000 0.272486 0.947601 0.166745
-3.50999999 -21.13999939 0.31000000 229 127 77 97.000000 1.000000 4.000000 1.000000 0.000000 114.000000 70.000000 -0.042719 0.970324 0.238004
-3.47000003 -21.17000008 0.31000000 229 127 77 97.000000 1.000000 4.000000 1.000000 0.000000 114.000000 70.000000 0.217291 0.976049 -0.010571
-3.49000001 -21.18000031 0.30000001 229 127 77 97.000000 1.000000 4.000000 1.000000 0.000000 114.000000 70.000000 0.194504 0.979681 -0.048924
-3.50000000 -21.18000031 0.31000000 229 127 77 97.000000 1.000000 4.000000 1.000000 0.000000 114.000000 70.000000 0.001287 0.917539 0.397643
-3.49000001 -21.18000031 0.30000001 229 127 77 97.000000 1.000000 4.000000 1.000000 0.000000 114.000000 70.000000 0.194504 0.979681 -0.048924
-3.48000002 -21.18000031 0.31000000 229 127 77 97.000000 1.000000 4.000000 1.000000 0.000000 114.000000 70.000000 -0.357998 0.914250 -0.189696
-3.47000003 -21.17000008 0.31000000 229 127 77 97.000000 1.000000 4.000000 1.000000 0.000000 114.000000 70.000000 0.217291 0.976049 -0.010571
-3.46000004 -21.22999954 0.31000000 229 127 77 97.000000 1.000000 4.000000 1.000000 0.000000 114.000000 70.000000 0.312246 0.936739 -0.158186
-3.44000006 -21.22999954 0.30000001 229 127 77 97.000000 1.000000 4.000000 1.000000 0.000000 114.000000 70.000000 0.184520 0.936472 0.298284
-3.49000001 -21.22999954 0.30000001 229 127 77 97.000000 1.000000 4.000000 1.000000 0.000000 114.000000 70.000000 -0.164626 0.984203 -0.065140
-3.50999999 -21.21999931 0.31999999 229 127 77 97.000000 1.000000 4.000000 1.000000 0.000000 114.000000 70.000000 0.207812 0.978010 -0.017611
-3.35999990 -21.36000061 0.40000001 229 127 77 97.000000 1.000000 4.000000 1.000000 0.000000 114.000000 106.000000 0.394793 0.838346 0.375919
-3.35999990 -21.32999992 0.37000000 229 127 77 97.000000 1.000000 4.000000 1.000000 0.000000 114.000000 106.000000 0.407673 0.877023 0.254231
-3.38000011 -21.32999992 0.34000000 229 127 77 97.000000 1.000000 4.000000 1.000000 0.000000 114.000000 106.000000 -0.178177 0.982922 -0.046019
-3.40000010 -21.30999947 0.38999999 229 127 77 97.000000 1.000000 4.000000 1.000000 0.000000 114.000000 106.000000 -0.255785 0.966697 -0.008406
-3.42000008 -21.31999969 0.34999999 229 127 77 97.000000 1.000000 4.000000 1.000000 0.000000 114.000000 106.000000 0.024745 0.979178 -0.201491
-3.41000009 -21.30999947 0.34999999 229 127 77 97.000000 1.000000 4.000000 1.000000 0.000000 114.000000 106.000000 -0.284354 0.947399 0.146894
-3.41000009 -21.30999947 0.36000001 229 127 77 97.000000 1.000000 4.000000 1.000000 0.000000 114.000000 106.000000 -0.296931 0.954860 0.008625
-3.36999989 -21.43000031 0.37000000 229 127 77 97.000000 1.000000 4.000000 1.000000 0.000000 114.000000 106.000000 -0.398172 0.844749 0.357574
-3.38000011 -21.43000031 0.36000001 229 127 77 97.000000 1.000000 4.000000 1.000000 0.000000 114.000000 106.000000 0.070205 0.792316 0.606058
-3.40000010 -21.40999985 0.37000000 229 127 77 97.000000 1.000000 4.000000 1.000000 0.000000 114.000000 106.000000 -0.360739 0.844848 0.395095
-3.40000010 -21.37999916 0.37000000 229 127 77 97.000000 1.000000 4.000000 1.000000 0.000000 114.000000 106.000000 -0.312929 0.906464 0.283546
-3.40000010 -21.37999916 0.37000000 229 127 77 97.000000 1.000000 4.000000 1.000000 0.000000 114.000000 106.000000 -0.312929 0.906464 0.283546
-3.41000009 -21.37999916 0.37000000 229 127 77 97.000000 1.000000 4.000000 1.000000 0.000000 114.000000 106.000000 0.027220 0.926786 0.374603
-3.42000008 -21.37999916 0.37000000 229 127 77 97.000000 1.000000 4.000000 1.000000 0.000000 114.000000 106.000000 0.036889 0.867568 0.495948
-3.41000009 -21.37999916 0.37000000 229 127 77 97.000000 1.000000 4.000000 1.000000 0.000000 114.000000 106.000000 0.027220 0.926786 0.374603
-3.40000010 -21.37000084 0.34999999 229 127 77 97.000000 1.000000 4.000000 1.000000 0.000000 114.000000 106.000000 -0.186269 0.810194 0.555778
-3.42000008 -21.37999916 0.36000001 229 127 77 97.000000 1.000000 4.000000 1.000000 0.000000 114.000000 106.000000 -0.386577 0.918290 0.085454
-3.39000010 -21.43000031 0.36000001 229 127 77 97.000000 1.000000 4.000000 1.000000 0.000000 114.000000 106.000000 0.006834 0.815925 0.578118
-3.40000010 -21.43000031 0.36000001 229 127 77 97.000000 1.000000 4.000000 1.000000 0.000000 114.000000 106.000000 0.034604 0.840180 0.541203
-3.46000004 -21.34000015 0.33000001 229 127 77 97.000000 1.000000 4.000000 1.000000 0.000000 114.000000 106.000000 -0.092485 0.992219 0.083351
-3.46000004 -21.35000038 0.34999999 229 127 77 97.000000 1.000000 4.000000 1.000000 0.000000 114.000000 106.000000 -0.242649 0.969377 -0.037800
-3.45000005 -21.39999962 0.34999999 229 127 77 97.000000 1.000000 4.000000 1.000000 0.000000 114.000000 106.000000 0.023111 0.993778 0.108952
-3.43000007 -21.39999962 0.36000001 229 127 77 97.000000 1.000000 4.000000 1.000000 0.000000 114.000000 106.000000 0.068061 0.954144 0.291508
-3.44000006 -21.43000031 0.37000000 229 127 77 97.000000 1.000000 4.000000 1.000000 0.000000 114.000000 106.000000 0.256058 0.949719 0.180189
-3.46000004 -21.44000053 0.34000000 229 127 77 97.000000 1.000000 4.000000 1.000000 0.000000 114.000000 106.000000 0.122609 0.787357 0.604182
-3.50000000 -21.37999916 0.34000000 229 127 77 97.000000 1.000000 4.000000 1.000000 0.000000 114.000000 106.000000 0.106381 0.993265 -0.045912
-3.49000001 -21.42000008 0.38000000 229 127 77 97.000000 1.000000 4.000000 1.000000 0.000000 114.000000 106.000000 -0.281451 0.828805 0.483599
-3.40000010 -21.31999969 0.30000001 229 127 77 97.000000 1.000000 4.000000 1.000000 0.000000 114.000000 106.000000 -0.062755 0.922634 0.380537
-3.35999990 -21.31999969 0.31999999 229 127 77 97.000000 1.000000 4.000000 1.000000 0.000000 114.000000 106.000000 -0.166563 0.955403 -0.243848
-3.46000004 -21.38999939 0.31000000 229 127 77 97.000000 1.000000 4.000000 1.000000 0.000000 114.000000 106.000000 -0.046626 0.912543 0.406315
-3.20000005 -21.53000069 0.44000000 229 127 77 97.000000 1.000000 4.000000 1.000000 0.000000 114.000000 106.000000 0.241447 -0.042897 0.969465
-3.19000006 -21.53000069 0.44000000 229 127 77 97.000000 1.000000 4.000000 1.000000 0.000000 114.000000 106.000000 -0.183606 0.210025 0.960301
-3.24000001 -21.48999977 0.47000000 229 127 77 97.000000 1.000000 4.000000 1.000000 0.000000 114.000000 106.000000 0.118691 0.561217 0.819114
-3.25000000 -21.53000069 0.46000001 229 127 77 97.000000 1.000000 4.000000 1.000000 0.000000 114.000000 106.000000 -0.136974 0.352813 0.925614
-3.24000001 -21.53000069 0.46000001 229 127 77 97.000000 1.000000 4.000000 1.000000 0.000000 114.000000 106.000000 -0.285839 0.282937 0.915556
-3.19000006 -21.54999924 0.43000001 229 127 77 97.000000 1.000000 4.000000 1.000000 0.000000 114.000000 106.000000 0.321426 -0.023949 0.946632
-3.19000006 -21.54999924 0.43000001 229 127 77 97.000000 1.000000 4.000000 1.000000 0.000000 114.000000 106.000000 0.321426 -0.023949 0.946632
-3.23000002 -21.54000092 0.47999999 229 127 77 97.000000 1.000000 4.000000 1.000000 0.000000 114.000000 106.000000 0.085186 0.465032 0.881186
-3.22000003 -21.54999924 0.49000001 229 127 77 97.000000 1.000000 4.000000 1.000000 0.000000 114.000000 106.000000 0.266461 -0.040899 0.962978
-3.22000003 -21.54999924 0.43000001 229 127 77 97.000000 1.000000 4.000000 1.000000 0.000000 114.000000 106.000000 -0.075464 0.548180 0.832949
-3.24000001 -21.55999947 0.40000001 229 127 77 97.000000 1.000000 4.000000 1.000000 0.000000 114.000000 106.000000 -0.115086 0.389628 0.913753
-3.25000000 -21.55999947 0.40000001 229 127 77 97.000000 1.000000 4.000000 1.000000 0.000000 114.000000 106.000000 0.408390 0.447131 0.795796
-3.24000001 -21.55999947 0.40000001 229 127 77 97.000000 1.000000 4.000000 1.000000 0.000000 114.000000 106.000000 -0.115086 0.389628 0.913753
-3.26999998 -21.46999931 0.46000001 229 127 77 97.000000 1.000000 4.000000 1.000000 0.000000 114.000000 106.000000 -0.269671 0.572459 0.774318
-3.27999997 -21.47999954 0.46000001 229 127 77 97.000000 1.000000 4.000000 1.000000 0.000000 114.000000 106.000000 0.332484 0.419897 0.844477
-3.26999998 -21.48999977 0.46000001 229 127 77 97.000000 1.000000 4.000000 1.000000 0.000000 114.000000 106.000000 -0.171226 0.589441 0.789456
-3.25999999 -21.46999931 0.46000001 229 127 77 97.000000 1.000000 4.000000 1.000000 0.000000 114.000000 106.000000 -0.241160 0.496145 0.834076
-3.26999998 -21.53000069 0.41000000 229 127 77 97.000000 1.000000 4.000000 1.000000 0.000000 114.000000 106.000000 0.444692 0.451208 0.773732
-3.30999994 -21.48999977 0.47000000 229 127 77 97.000000 1.000000 4.000000 1.000000 0.000000 114.000000 106.000000 0.203294 0.709201 0.675060
-3.26999998 -21.53000069 0.40000001 229 127 77 97.000000 1.000000 4.000000 1.000000 0.000000 114.000000 106.000000 0.010633 0.223293 0.974693
-3.25999999 -21.52000046 0.38000000 229 127 77 97.000000 1.000000 4.000000 1.000000 0.000000 114.000000 106.000000 -0.038688 0.278304 0.959713
-3.30999994 -21.46999931 0.37000000 229 127 77 97.000000 1.000000 4.000000 1.000000 0.000000 114.000000 106.000000 -0.023700 0.954234 0.298120
-3.29999995 -21.50000000 0.40000001 229 127 77 97.000000 1.000000 4.000000 1.000000 0.000000 114.000000 106.000000 0.136382 0.392274 0.909682
-3.26999998 -21.55999947 0.41000000 229 127 77 97.000000 1.000000 4.000000 1.000000 0.000000 114.000000 106.000000 0.353968 0.282279 0.891642
-3.28999996 -21.55999947 0.41000000 229 127 77 97.000000 1.000000 4.000000 1.000000 0.000000 114.000000 106.000000 0.247621 0.543519 0.802042
-3.25999999 -21.54000092 0.44000000 229 127 77 97.000000 1.000000 4.000000 1.000000 0.000000 114.000000 106.000000 0.196541 0.015119 0.980379
-3.28999996 -21.62000084 0.44999999 229 127 77 97.000000 1.000000 4.000000 1.000000 0.000000 114.000000 106.000000 -0.090871 -0.036130 0.995207
-3.30999994 -21.54000092 0.49000001 229 127 77 97.000000 1.000000 4.000000 1.000000 0.000000 114.000000 106.000000 -0.077959 0.269662 0.959794
-3.31999993 -21.56999969 0.44999999 229 127 77 97.000000 1.000000 4.000000 1.000000 0.000000 114.000000 106.000000 0.150452 -0.256967 0.954637
-3.29999995 -21.54999924 0.41000000 229 127 77 97.000000 1.000000 4.000000 1.000000 0.000000 114.000000 106.000000 0.004041 0.526721 0.850028
-3.30999994 -21.56999969 0.44000000 229 127 77 97.000000 1.000000 4.000000 1.000000 0.000000 114.000000 106.000000 0.450209 0.303774 0.839663
-3.29999995 -21.54999924 0.41000000 229 127 77 97.000000 1.000000 4.000000 1.000000 0.000000 114.000000 106.000000 0.004041 0.526721 0.850028
-3.32999992 -21.59000015 0.46000001 229 127 77 97.000000 1.000000 4.000000 1.000000 0.000000 114.000000 106.000000 -0.052330 -0.150013 0.987298
-3.30999994 -21.60000038 0.46000001 229 127 77 97.000000 1.000000 4.000000 1.000000 0.000000 114.000000 106.000000 -0.029970 -0.221781 0.974636
-3.32999992 -21.59000015 0.46000001 229 127 77 97.000000 1.000000 4.000000 1.000000 0.000000 114.000000 106.000000 -0.052330 -0.150013 0.987298
-3.30999994 -21.61000061 0.46000001 229 127 77 97.000000 1.000000 4.000000 1.000000 0.000000 114.000000 106.000000 -0.200142 -0.243710 0.948972
-3.29999995 -21.59000015 0.47000000 229 127 77 97.000000 1.000000 4.000000 1.000000 0.000000 114.000000 106.000000 0.064123 -0.095623 0.993350
-3.30999994 -21.60000038 0.41999999 229 127 77 97.000000 1.000000 4.000000 1.000000 0.000000 114.000000 106.000000 -0.301984 -0.016156 0.953176
-3.30999994 -21.62000084 0.41000000 229 127 77 97.000000 1.000000 4.000000 1.000000 0.000000 114.000000 106.000000 0.095648 -0.199992 0.975118
-3.29999995 -21.59000015 0.44000000 229 127 77 97.000000 1.000000 4.000000 1.000000 0.000000 114.000000 106.000000 -0.142797 -0.239742 0.960277
-3.25999999 -21.55999947 0.40000001 229 127 77 97.000000 1.000000 4.000000 1.000000 0.000000 114.000000 106.000000 0.256986 0.442503 0.859156
-3.25999999 -21.54000092 0.40000001 229 127 77 97.000000 1.000000 4.000000 1.000000 0.000000 114.000000 106.000000 0.198324 0.022297 0.979883
-3.25999999 -21.54999924 0.40000001 229 127 77 97.000000 1.000000 4.000000 1.000000 0.000000 114.000000 106.000000 0.304116 0.232727 0.923770
-3.31999993 -21.54000092 0.40000001 229 127 77 97.000000 1.000000 4.000000 1.000000 0.000000 114.000000 106.000000 0.174669 0.325583 0.929240
-3.31999993 -21.60000038 0.37000000 229 127 77 97.000000 1.000000 4.000000 1.000000 0.000000 114.000000 106.000000 -0.168316 -0.366336 0.915133
-3.25000000 -21.63999939 0.44999999 229 127 77 97.000000 1.000000 4.000000 1.000000 0.000000 114.000000 106.000000 0.134176 -0.203181 0.969904
-3.28999996 -21.67000008 0.46000001 229 127 77 97.000000 1.000000 4.000000 1.000000 0.000000 114.000000 106.000000 0.505129 -0.248702 0.826433
-3.30999994 -21.62999916 0.44999999 229 127 77 97.000000 1.000000 4.000000 1.000000 0.000000 114.000000 106.000000 -0.134411 -0.364434 0.921478
-3.31999993 -21.62999916 0.44999999 229 127 77 97.000000 1.000000 4.000000 1.000000 0.000000 114.000000 106.000000 0.043488 0.043488 0.998107
-3.32999992 -21.63999939 0.44999999 229 127 77 97.000000 1.000000 4.000000 1.000000 0.000000 114.000000 106.000000 0.017492 0.038072 0.999122
-3.30999994 -21.62999916 0.43000001 229 127 77 97.000000 1.000000 4.000000 1.000000 0.000000 114.000000 106.000000 0.140811 -0.321268 0.936461
-3.32999992 -21.63999939 0.41999999 229 127 77 97.000000 1.000000 4.000000 1.000000 0.000000 114.000000 106.000000 -0.043430 -0.261819 0.964139
-3.32999992 -21.67000008 0.47000000 229 127 77 97.000000 1.000000 4.000000 1.000000 0.000000 114.000000 106.000000 -0.225171 -0.322697 0.919328
-3.32999992 -21.67000008 0.38999999 229 127 77 97.000000 1.000000 4.000000 1.000000 0.000000 114.000000 106.000000 0.012537 0.739693 -0.672828
-3.32999992 -21.67000008 0.38999999 229 127 77 97.000000 1.000000 4.000000 1.000000 0.000000 114.000000 106.000000 0.012537 0.739693 -0.672828
-3.32999992 -21.68000031 0.37000000 229 127 77 97.000000 1.000000 4.000000 1.000000 0.000000 114.000000 106.000000 -0.196406 -0.666545 0.719126
-3.32999992 -21.68000031 0.37000000 229 127 77 97.000000 1.000000 4.000000 1.000000 0.000000 114.000000 106.000000 -0.196406 -0.666545 0.719126
-3.32999992 -21.68000031 0.37000000 229 127 77 97.000000 1.000000 4.000000 1.000000 0.000000 114.000000 106.000000 -0.196406 -0.666545 0.719126
-3.32999992 -21.70000076 0.34999999 229 127 77 97.000000 1.000000 4.000000 1.000000 0.000000 114.000000 106.000000 0.244318 0.905587 -0.346727
-3.32999992 -21.70000076 0.34999999 229 127 77 97.000000 1.000000 4.000000 1.000000 0.000000 114.000000 106.000000 0.244318 0.905587 -0.346727
-3.31999993 -21.72999954 0.46000001 229 127 77 97.000000 1.000000 4.000000 1.000000 0.000000 114.000000 106.000000 -0.246514 0.840599 -0.482311
-3.41000009 -21.47999954 0.37000000 229 127 77 97.000000 1.000000 4.000000 1.000000 0.000000 114.000000 106.000000 -0.088276 0.878559 0.469405
-3.33999991 -21.61000061 0.44999999 229 127 77 97.000000 1.000000 4.000000 1.000000 0.000000 114.000000 106.000000 0.326332 0.074702 0.942299
-3.34999990 -21.60000038 0.46000001 229 127 77 97.000000 1.000000 4.000000 1.000000 0.000000 114.000000 106.000000 -0.139093 -0.166661 0.976155
-3.34999990 -21.60000038 0.46000001 229 127 77 97.000000 1.000000 4.000000 1.000000 0.000000 114.000000 106.000000 -0.139093 -0.166661 0.976155
-3.35999990 -21.61000061 0.44999999 229 127 77 97.000000 1.000000 4.000000 1.000000 0.000000 114.000000 106.000000 -0.057019 -0.007257 0.998347
-3.33999991 -21.61000061 0.43000001 229 127 77 97.000000 1.000000 4.000000 1.000000 0.000000 114.000000 106.000000 0.397197 0.054832 0.916094
-3.42000008 -21.62000084 0.47000000 229 127 77 97.000000 1.000000 4.000000 1.000000 0.000000 114.000000 106.000000 -0.064530 -0.149007 0.986728
-3.40000010 -21.61000061 0.44000000 229 127 77 97.000000 1.000000 4.000000 1.000000 0.000000 114.000000 106.000000 -0.213904 0.146492 0.965808
-3.41000009 -21.59000015 0.44000000 229 127 77 97.000000 1.000000 4.000000 1.000000 0.000000 114.000000 106.000000 0.140268 -0.356919 0.923544
-3.33999991 -21.60000038 0.37000000 229 127 77 97.000000 1.000000 4.000000 1.000000 0.000000 114.000000 106.000000 0.096126 -0.361486 0.927409
-3.34999990 -21.61000061 0.38999999 229 127 77 97.000000 1.000000 4.000000 1.000000 0.000000 114.000000 106.000000 -0.218728 -0.327377 0.919229
-3.38000011 -21.60000038 0.38000000 229 127 77 97.000000 1.000000 4.000000 1.000000 0.000000 114.000000 106.000000 0.322859 -0.209076 0.923065
-3.35999990 -21.61000061 0.36000001 229 127 77 97.000000 1.000000 4.000000 1.000000 0.000000 114.000000 106.000000 0.480743 -0.209477 0.851473
-3.41000009 -21.62000084 0.38999999 229 127 77 97.000000 1.000000 4.000000 1.000000 0.000000 114.000000 106.000000 -0.204272 -0.338548 0.918509
-3.40000010 -21.61000061 0.37000000 229 127 77 97.000000 1.000000 4.000000 1.000000 0.000000 114.000000 106.000000 0.221761 -0.105178 0.969412
-3.42000008 -21.59000015 0.40000001 229 127 77 97.000000 1.000000 4.000000 1.000000 0.000000 114.000000 106.000000 -0.068757 0.015867 0.997507
-3.42000008 -21.60000038 0.38000000 229 127 77 97.000000 1.000000 4.000000 1.000000 0.000000 114.000000 106.000000 0.139260 -0.304209 0.942371
-3.41000009 -21.62000084 0.38999999 229 127 77 97.000000 1.000000 4.000000 1.000000 0.000000 114.000000 106.000000 -0.204272 -0.338548 0.918509
-3.45000005 -21.46999931 0.38000000 229 127 77 97.000000 1.000000 4.000000 1.000000 0.000000 114.000000 106.000000 0.351975 0.757475 0.549859
-3.45000005 -21.54999924 0.47000000 229 127 77 97.000000 1.000000 4.000000 1.000000 0.000000 114.000000 106.000000 0.129934 -0.106093 0.985830
-3.45000005 -21.54999924 0.47000000 229 127 77 97.000000 1.000000 4.000000 1.000000 0.000000 114.000000 106.000000 0.129934 -0.106093 0.985830
-3.45000005 -21.55999947 0.47000000 229 127 77 97.000000 1.000000 4.000000 1.000000 0.000000 114.000000 106.000000 0.214813 0.152322 0.964704
-3.45000005 -21.54999924 0.47000000 229 127 77 97.000000 1.000000 4.000000 1.000000 0.000000 114.000000 106.000000 0.129934 -0.106093 0.985830
-3.45000005 -21.56999969 0.47000000 229 127 77 97.000000 1.000000 4.000000 1.000000 0.000000 114.000000 106.000000 -0.054139 0.200916 0.978111
-3.43000007 -21.57999992 0.44000000 229 127 77 97.000000 1.000000 4.000000 1.000000 0.000000 114.000000 106.000000 0.053622 -0.260628 0.963949
-3.43000007 -21.59000015 0.47999999 229 127 77 97.000000 1.000000 4.000000 1.000000 0.000000 114.000000 106.000000 0.404239 -0.019623 0.914443
-3.43000007 -21.59000015 0.47999999 229 127 77 97.000000 1.000000 4.000000 1.000000 0.000000 114.000000 106.000000 0.404239 -0.019623 0.914443
-3.43000007 -21.59000015 0.44000000 229 127 77 97.000000 1.000000 4.000000 1.000000 0.000000 114.000000 106.000000 -0.257958 -0.159052 0.952974
-3.44000006 -21.59000015 0.44000000 229 127 77 97.000000 1.000000 4.000000 1.000000 0.000000 114.000000 106.000000 0.050433 -0.329757 0.942718
-3.46000004 -21.61000061 0.44000000 229 127 77 97.000000 1.000000 4.000000 1.000000 0.000000 114.000000 106.000000 0.307896 -0.422391 0.852517
-3.48000002 -21.55999947 0.47999999 229 127 77 97.000000 1.000000 4.000000 1.000000 0.000000 114.000000 106.000000 0.016980 0.006992 0.999831
-3.49000001 -21.61000061 0.47000000 229 127 77 97.000000 1.000000 4.000000 1.000000 0.000000 114.000000 106.000000 -0.029549 -0.097401 0.994806
-3.49000001 -21.61000061 0.41999999 229 127 77 97.000000 1.000000 4.000000 1.000000 0.000000 114.000000 106.000000 -0.085330 -0.383309 0.919670
-3.50999999 -21.60000038 0.41999999 229 127 77 97.000000 1.000000 4.000000 1.000000 0.000000 114.000000 106.000000 0.198633 -0.314150 0.928362
-3.50999999 -21.61000061 0.41999999 229 127 77 97.000000 1.000000 4.000000 1.000000 0.000000 114.000000 106.000000 0.482854 -0.157038 0.861505
-3.49000001 -21.62000084 0.41999999 229 127 77 97.000000 1.000000 4.000000 1.000000 0.000000 114.000000 106.000000 0.039722 0.061193 0.997335
-3.50999999 -21.60000038 0.41999999 229 127 77 97.000000 1.000000 4.000000 1.000000 0.000000 114.000000 106.000000 0.198633 -0.314150 0.928362
-3.48000002 -21.61000061 0.41999999 229 127 77 97.000000 1.000000 4.000000 1.000000 0.000000 114.000000 106.000000 0.114894 -0.141501 0.983248
-3.48000002 -21.62000084 0.41999999 229 127 77 97.000000 1.000000 4.000000 1.000000 0.000000 114.000000 106.000000 -0.121485 -0.348074 0.929562
-3.47000003 -21.62000084 0.41000000 229 127 77 97.000000 1.000000 4.000000 1.000000 0.000000 114.000000 106.000000 0.494655 -0.196960 0.846477
-3.44000006 -21.60000038 0.40000001 229 127 77 97.000000 1.000000 4.000000 1.000000 0.000000 114.000000 106.000000 -0.305956 -0.118909 0.944591
-3.43000007 -21.61000061 0.38000000 229 127 77 97.000000 1.000000 4.000000 1.000000 0.000000 114.000000 106.000000 -0.106419 -0.001075 0.994321
-3.43000007 -21.61000061 0.38000000 229 127 77 97.000000 1.000000 4.000000 1.000000 0.000000 114.000000 106.000000 -0.106419 -0.001075 0.994321
-3.50999999 -21.55999947 0.31000000 229 127 77 97.000000 1.000000 4.000000 1.000000 0.000000 114.000000 106.000000 0.058324 0.981985 -0.179733
-3.49000001 -21.48999977 0.31999999 229 127 77 97.000000 1.000000 4.000000 1.000000 0.000000 114.000000 106.000000 0.307409 0.943704 0.122158
-3.49000001 -21.48999977 0.31999999 229 127 77 97.000000 1.000000 4.000000 1.000000 0.000000 114.000000 106.000000 0.307409 0.943704 0.122158
-3.50000000 -21.47999954 0.31999999 229 127 77 97.000000 1.000000 4.000000 1.000000 0.000000 114.000000 106.000000 -0.016209 0.995233 0.096173
-3.35999990 -21.65999985 0.47000000 229 127 77 97.000000 1.000000 4.000000 1.000000 0.000000 114.000000 106.000000 0.092918 -0.425757 0.900054
-3.35999990 -21.62999916 0.44999999 229 127 77 97.000000 1.000000 4.000000 1.000000 0.000000 114.000000 106.000000 0.051009 -0.116755 0.991850
-3.34999990 -21.67000008 0.47000000 229 127 77 97.000000 1.000000 4.000000 1.000000 0.000000 114.000000 106.000000 0.045225 -0.339837 0.939396
-3.41000009 -21.64999962 0.47000000 229 127 77 97.000000 1.000000 4.000000 1.000000 0.000000 114.000000 106.000000 0.228260 -0.585402 0.777947
-3.41000009 -21.62999916 0.47000000 229 127 77 97.000000 1.000000 4.000000 1.000000 0.000000 114.000000 106.000000 0.427610 -0.052608 0.902431
-3.40000010 -21.63999939 0.41000000 229 127 77 97.000000 1.000000 4.000000 1.000000 0.000000 114.000000 106.000000 -0.157883 -0.500210 0.851389
-3.34999990 -21.65999985 0.38999999 229 127 77 97.000000 1.000000 4.000000 1.000000 0.000000 114.000000 106.000000 -0.133025 -0.635230 0.760781
-3.33999991 -21.65999985 0.40000001 229 127 77 97.000000 1.000000 4.000000 1.000000 0.000000 114.000000 106.000000 0.199926 -0.683470 0.702067
-3.34999990 -21.62999916 0.36000001 229 127 77 97.000000 1.000000 4.000000 1.000000 0.000000 114.000000 106.000000 -0.292820 -0.355888 0.887468
-3.34999990 -21.62999916 0.36000001 229 127 77 97.000000 1.000000 4.000000 1.000000 0.000000 114.000000 106.000000 -0.292820 -0.355888 0.887468
-3.36999989 -21.62999916 0.36000001 229 127 77 97.000000 1.000000 4.000000 1.000000 0.000000 114.000000 106.000000 0.309752 -0.289200 0.905769
-3.36999989 -21.67000008 0.37000000 229 127 77 97.000000 1.000000 4.000000 1.000000 0.000000 114.000000 106.000000 -0.220497 -0.699022 0.680257
-3.33999991 -21.69000053 0.36000001 229 127 77 97.000000 1.000000 4.000000 1.000000 0.000000 114.000000 106.000000 0.210019 -0.559540 0.801752
-3.33999991 -21.69000053 0.36000001 229 127 77 97.000000 1.000000 4.000000 1.000000 0.000000 114.000000 106.000000 0.210019 -0.559540 0.801752
-3.33999991 -21.69000053 0.36000001 229 127 77 97.000000 1.000000 4.000000 1.000000 0.000000 114.000000 106.000000 0.210019 -0.559540 0.801752
-3.33999991 -21.69000053 0.36000001 229 127 77 97.000000 1.000000 4.000000 1.000000 0.000000 114.000000 106.000000 0.210019 -0.559540 0.801752
-3.33999991 -21.70000076 0.36000001 229 127 77 97.000000 1.000000 4.000000 1.000000 0.000000 114.000000 106.000000 0.018163 -0.711169 0.702786
-3.41000009 -21.65999985 0.40000001 229 127 77 97.000000 1.000000 4.000000 1.000000 0.000000 114.000000 106.000000 0.073401 -0.623185 0.778622
-3.39000010 -21.63999939 0.40000001 229 127 77 97.000000 1.000000 4.000000 1.000000 0.000000 114.000000 106.000000 -0.019167 0.015132 0.999702
-3.40000010 -21.64999962 0.36000001 229 127 77 97.000000 1.000000 4.000000 1.000000 0.000000 114.000000 106.000000 0.366197 -0.353836 0.860639
-3.41000009 -21.67000008 0.38999999 229 127 77 97.000000 1.000000 4.000000 1.000000 0.000000 114.000000 106.000000 0.453689 -0.543430 0.706293
-3.41000009 -21.67000008 0.38999999 229 127 77 97.000000 1.000000 4.000000 1.000000 0.000000 114.000000 106.000000 0.453689 -0.543430 0.706293
-3.38000011 -21.73999977 0.44999999 229 127 77 97.000000 1.000000 4.000000 1.000000 0.000000 114.000000 106.000000 0.155184 -0.356503 0.921316
-3.43000007 -21.63999939 0.47999999 229 127 77 97.000000 1.000000 4.000000 1.000000 0.000000 114.000000 106.000000 -0.018458 -0.284249 0.958573
-3.45000005 -21.65999985 0.41999999 229 127 77 97.000000 1.000000 4.000000 1.000000 0.000000 114.000000 106.000000 -0.180003 -0.440494 0.879525
-3.44000006 -21.70000076 0.41000000 229 127 77 97.000000 1.000000 4.000000 1.000000 0.000000 114.000000 106.000000 0.199420 -0.487303 0.850157
-3.47000003 -21.62999916 0.41000000 229 127 77 97.000000 1.000000 4.000000 1.000000 0.000000 114.000000 106.000000 0.454869 -0.332101 0.826319
-3.48000002 -21.63999939 0.41000000 229 127 77 97.000000 1.000000 4.000000 1.000000 0.000000 114.000000 106.000000 0.297038 -0.165629 0.940391
-3.50000000 -21.69000053 0.41000000 229 127 77 97.000000 1.000000 4.000000 1.000000 0.000000 114.000000 106.000000 0.499672 -0.600616 0.624170
-3.50999999 -21.67000008 0.43000001 229 127 77 97.000000 1.000000 4.000000 1.000000 0.000000 114.000000 106.000000 0.197884 -0.584447 0.786933
-3.44000006 -21.64999962 0.38999999 229 127 77 97.000000 1.000000 4.000000 1.000000 0.000000 114.000000 106.000000 -0.164755 -0.222749 0.960853
-3.44000006 -21.64999962 0.38999999 229 127 77 97.000000 1.000000 4.000000 1.000000 0.000000 114.000000 106.000000 -0.164755 -0.222749 0.960853
-3.44000006 -21.68000031 0.38000000 229 127 77 97.000000 1.000000 4.000000 1.000000 0.000000 114.000000 106.000000 -0.098369 -0.753185 0.650412
-3.43000007 -21.70000076 0.37000000 229 127 77 97.000000 1.000000 4.000000 1.000000 0.000000 114.000000 106.000000 -0.274995 0.849565 -0.450131
-3.46000004 -21.69000053 0.34999999 229 127 77 97.000000 1.000000 4.000000 1.000000 0.000000 114.000000 106.000000 0.253019 0.811835 -0.526218
-3.50999999 -21.70999908 0.40000001 229 127 77 97.000000 1.000000 4.000000 1.000000 0.000000 114.000000 106.000000 -0.006870 0.795508 -0.605905
-3.50000000 -21.69000053 0.37000000 229 127 77 97.000000 1.000000 4.000000 1.000000 0.000000 114.000000 106.000000 -0.445921 0.676396 -0.586210
-3.50000000 -21.68000031 0.38000000 229 127 77 97.000000 1.000000 4.000000 1.000000 0.000000 114.000000 106.000000 0.136036 0.883520 -0.448204
-3.49000001 -21.69000053 0.37000000 229 127 77 97.000000 1.000000 4.000000 1.000000 0.000000 114.000000 106.000000 -0.210134 0.708229 -0.673985
-3.47000003 -21.69000053 0.36000001 229 127 77 97.000000 1.000000 4.000000 1.000000 0.000000 114.000000 106.000000 0.020066 0.886907 -0.461513
-3.25000000 -21.86000061 0.55000001 229 127 77 97.000000 1.000000 4.000000 1.000000 0.000000 114.000000 106.000000 0.008934 -0.366309 0.930450
-3.25999999 -21.79999924 0.55000001 229 127 77 97.000000 1.000000 4.000000 1.000000 0.000000 114.000000 106.000000 -0.120386 -0.676243 0.726775
-3.27999997 -21.80999947 0.55000001 229 127 77 97.000000 1.000000 4.000000 1.000000 0.000000 114.000000 106.000000 -0.252114 -0.562167 0.787659
-3.27999997 -21.81999969 0.51999998 229 127 77 97.000000 1.000000 4.000000 1.000000 0.000000 114.000000 106.000000 0.132887 0.884485 -0.447244
-3.25999999 -21.86000061 0.55000001 229 127 77 97.000000 1.000000 4.000000 1.000000 0.000000 114.000000 106.000000 0.134448 -0.417496 0.898677
-3.26999998 -21.87000084 0.56000000 229 127 77 97.000000 1.000000 4.000000 1.000000 0.000000 114.000000 106.000000 0.018134 -0.665379 0.746285
-3.30999994 -21.82999992 0.54000002 229 127 77 97.000000 1.000000 4.000000 1.000000 0.000000 114.000000 106.000000 -0.131164 0.814983 -0.564446
-3.30999994 -21.81999969 0.54000002 229 127 77 97.000000 1.000000 4.000000 1.000000 0.000000 114.000000 106.000000 0.224743 -0.386323 0.894564
-3.32999992 -21.82999992 0.50999999 229 127 77 97.000000 1.000000 4.000000 1.000000 0.000000 114.000000 106.000000 0.166075 0.862710 -0.477650
-3.30999994 -21.84000015 0.50000000 229 127 77 97.000000 1.000000 4.000000 1.000000 0.000000 114.000000 106.000000 0.025108 0.905221 -0.424199
-3.30999994 -21.85000038 0.52999997 229 127 77 97.000000 1.000000 4.000000 1.000000 0.000000 114.000000 106.000000 0.161115 0.796539 -0.582724
-3.29999995 -21.88999939 0.52999997 229 127 77 97.000000 1.000000 4.000000 1.000000 0.000000 114.000000 106.000000 0.335590 -0.534696 0.775551
-3.35999990 -21.82999992 0.52999997 229 127 77 97.000000 1.000000 4.000000 1.000000 0.000000 114.000000 106.000000 -0.294563 0.804930 -0.515092
-3.33999991 -21.81999969 0.51999998 229 127 77 97.000000 1.000000 4.000000 1.000000 0.000000 114.000000 106.000000 -0.118599 -0.472968 0.873061
-3.35999990 -21.86000061 0.51999998 229 127 77 97.000000 1.000000 4.000000 1.000000 0.000000 114.000000 106.000000 -0.129574 -0.621062 0.772976
-3.40000010 -21.86000061 0.50000000 229 127 77 97.000000 1.000000 4.000000 1.000000 0.000000 114.000000 106.000000 0.428192 -0.547226 0.719164
-3.39000010 -21.90999985 0.50999999 229 127 77 97.000000 1.000000 4.000000 1.000000 0.000000 114.000000 106.000000 0.407622 -0.572652 0.711276
-3.39000010 -21.86000061 0.49000001 229 127 77 97.000000 1.000000 4.000000 1.000000 0.000000 114.000000 106.000000 -0.185495 0.933053 -0.308228
-3.33999991 -22.12000084 0.34999999 229 127 77 97.000000 1.000000 4.000000 1.000000 0.000000 114.000000 211.000000 -0.108885 0.991428 0.072208
-3.34999990 -22.13999939 0.34999999 229 127 77 97.000000 1.000000 4.000000 1.000000 0.000000 114.000000 211.000000 -0.221172 0.862120 -0.455886
-3.38000011 -22.12999916 0.33000001 229 127 77 97.000000 1.000000 4.000000 1.000000 0.000000 114.000000 211.000000 0.053978 0.998070 -0.030694
-3.39000010 -22.04999924 0.25999999 229 127 77 97.000000 1.000000 4.000000 1.000000 0.000000 114.000000 211.000000 -0.041421 0.992976 0.110828
-3.35999990 -22.09000015 0.30000001 229 127 77 97.000000 1.000000 4.000000 1.000000 0.000000 114.000000 211.000000 -0.177800 0.980921 -0.078619
-3.35999990 -22.09000015 0.31000000 229 127 77 97.000000 1.000000 4.000000 1.000000 0.000000 114.000000 211.000000 0.183420 0.928303 -0.323436
-3.33999991 -22.12000084 0.31999999 229 127 77 97.000000 1.000000 4.000000 1.000000 0.000000 114.000000 211.000000 -0.007061 0.999657 0.025218
-3.33999991 -22.12000084 0.31999999 229 127 77 97.000000 1.000000 4.000000 1.000000 0.000000 114.000000 211.000000 -0.007061 0.999657 0.025218
-3.40000010 -22.06999969 0.27000001 229 127 77 97.000000 1.000000 4.000000 1.000000 0.000000 114.000000 211.000000 0.138541 0.986367 -0.088809
-3.39000010 -22.10000038 0.28000000 229 127 77 97.000000 1.000000 4.000000 1.000000 0.000000 114.000000 211.000000 -0.155248 0.986351 -0.054862
-3.43000007 -22.01000023 0.20000000 229 127 77 97.000000 1.000000 4.000000 1.000000 0.000000 114.000000 211.000000 0.286521 0.957940 0.015986
-3.46000004 -21.98999977 0.15000001 229 127 77 97.000000 1.000000 4.000000 1.000000 0.000000 114.000000 211.000000 -0.001143 0.982047 0.188635
-3.43000007 -22.00000000 0.17000000 229 127 77 97.000000 1.000000 4.000000 1.000000 0.000000 114.000000 211.000000 0.041559 0.955847 0.290910
-3.46000004 -21.93000031 0.10000000 229 127 77 97.000000 1.000000 4.000000 1.000000 0.000000 114.000000 211.000000 0.335416 0.885921 0.320375
-3.50000000 -21.92000008 0.07000000 229 127 77 97.000000 1.000000 4.000000 1.000000 0.000000 114.000000 211.000000 0.376355 0.847971 0.373232
-3.49000001 -21.94000053 0.09000000 229 127 77 97.000000 1.000000 4.000000 1.000000 0.000000 114.000000 211.000000 0.093258 0.925822 0.366274
-3.49000001 -21.94000053 0.09000000 229 127 77 97.000000 1.000000 4.000000 1.000000 0.000000 114.000000 211.000000 0.093258 0.925822 0.366274
-3.48000002 -21.94000053 0.09000000 229 127 77 97.000000 1.000000 4.000000 1.000000 0.000000 114.000000 211.000000 -0.034745 0.991901 0.122166
-3.44000006 -21.98999977 0.14000000 229 127 77 97.000000 1.000000 4.000000 1.000000 0.000000 114.000000 211.000000 -0.185775 0.969873 0.157588
-3.47000003 -21.96999931 0.14000000 229 127 77 97.000000 1.000000 4.000000 1.000000 0.000000 114.000000 211.000000 0.269158 0.948140 0.169069
-3.47000003 -21.96999931 0.14000000 229 127 77 97.000000 1.000000 4.000000 1.000000 0.000000 114.000000 211.000000 0.269158 0.948140 0.169069
-3.38000011 -22.14999962 0.30000001 229 127 77 97.000000 1.000000 4.000000 1.000000 0.000000 114.000000 211.000000 -0.024559 0.929351 -0.368380
-3.35999990 -22.15999985 0.31999999 229 127 77 97.000000 1.000000 4.000000 1.000000 0.000000 114.000000 211.000000 -0.328078 0.928392 -0.174510
-3.42000008 -22.27000046 0.30000001 229 127 77 97.000000 1.000000 4.000000 1.000000 0.000000 114.000000 211.000000 -0.164339 0.961055 0.222186
-3.41000009 -22.23999977 0.30000001 229 127 77 97.000000 1.000000 4.000000 1.000000 0.000000 114.000000 211.000000 0.036084 0.959333 -0.279961
-3.41000009 -22.23999977 0.30000001 229 127 77 97.000000 1.000000 4.000000 1.000000 0.000000 114.000000 211.000000 0.036084 0.959333 -0.279961
-3.40000010 -22.26000023 0.28999999 229 127 77 97.000000 1.000000 4.000000 1.000000 0.000000 114.000000 211.000000 -0.146404 0.971362 -0.187143
-3.42000008 -22.28000069 0.27000001 229 127 77 97.000000 1.000000 4.000000 1.000000 0.000000 114.000000 211.000000 -0.107448 0.993617 0.034339
-3.42000008 -22.28000069 0.27000001 229 127 77 97.000000 1.000000 4.000000 1.000000 0.000000 114.000000 211.000000 -0.107448 0.993617 0.034339
-3.43000007 -22.28000069 0.28000000 229 127 77 97.000000 1.000000 4.000000 1.000000 0.000000 114.000000 211.000000 0.049508 0.989010 0.139313
-3.44000006 -22.32999992 0.28000000 229 127 77 97.000000 1.000000 4.000000 1.000000 0.000000 114.000000 211.000000 -0.095973 0.995313 -0.011862
-3.54999995 -21.25000000 0.34999999 229 127 77 97.000000 1.000000 4.000000 1.000000 0.000000 114.000000 70.000000 0.064607 0.976415 0.206010
-3.51999998 -21.23999977 0.31999999 229 127 77 97.000000 1.000000 4.000000 1.000000 0.000000 114.000000 70.000000 -0.383656 0.912061 0.144749
-3.51999998 -21.23999977 0.31999999 229 127 77 97.000000 1.000000 4.000000 1.000000 0.000000 114.000000 70.000000 -0.383656 0.912061 0.144749
-3.51999998 -21.23999977 0.31000000 229 127 77 97.000000 1.000000 4.000000 1.000000 0.000000 114.000000 70.000000 -0.148066 0.988252 0.037877
-3.52999997 -21.35000038 0.33000001 229 127 77 97.000000 1.000000 4.000000 1.000000 0.000000 114.000000 106.000000 -0.019968 0.978442 -0.205555
-3.68000007 -21.35000038 0.36000001 229 127 77 97.000000 1.000000 4.000000 1.000000 0.000000 114.000000 106.000000 0.045719 0.993557 -0.103705
-3.66000009 -21.36000061 0.34000000 229 127 77 97.000000 1.000000 4.000000 1.000000 0.000000 114.000000 106.000000 0.006965 0.999916 0.010944
-3.59999990 -21.36000061 0.33000001 229 127 77 97.000000 1.000000 4.000000 1.000000 0.000000 114.000000 106.000000 -0.241260 0.938544 0.246838
-3.68000007 -21.35000038 0.36000001 229 127 77 97.000000 1.000000 4.000000 1.000000 0.000000 114.000000 106.000000 0.045719 0.993557 -0.103705
-3.67000008 -21.38999939 0.41000000 229 127 77 97.000000 1.000000 4.000000 1.000000 0.000000 114.000000 106.000000 0.240652 0.838449 0.488968
-3.67000008 -21.40999985 0.34999999 229 127 77 97.000000 1.000000 4.000000 1.000000 0.000000 114.000000 106.000000 -0.394106 0.871902 0.290634
-3.67000008 -21.40999985 0.34000000 229 127 77 97.000000 1.000000 4.000000 1.000000 0.000000 114.000000 106.000000 -0.095417 0.975239 0.199509
-3.51999998 -21.36000061 0.31999999 229 127 77 97.000000 1.000000 4.000000 1.000000 0.000000 114.000000 106.000000 0.128386 0.963546 -0.234726
-3.71000004 -21.30999947 0.36000001 229 127 77 97.000000 1.000000 4.000000 1.000000 0.000000 114.000000 106.000000 0.254713 0.964897 -0.063992
-3.74000001 -21.31999969 0.38999999 229 127 77 97.000000 1.000000 4.000000 1.000000 0.000000 114.000000 106.000000 -0.133973 0.990955 0.007750
-3.71000004 -21.40999985 0.37000000 229 127 77 97.000000 1.000000 4.000000 1.000000 0.000000 114.000000 106.000000 -0.072063 0.997400 0.001044
-3.72000003 -21.43000031 0.37000000 229 127 77 97.000000 1.000000 4.000000 1.000000 0.000000 114.000000 106.000000 0.035239 0.970883 0.236949
-3.70000005 -21.43000031 0.37000000 229 127 77 97.000000 1.000000 4.000000 1.000000 0.000000 114.000000 106.000000 0.186428 0.982463 -0.003431
-3.75999999 -21.37000084 0.38999999 229 127 77 97.000000 1.000000 4.000000 1.000000 0.000000 114.000000 106.000000 0.325310 0.931634 0.161963
-3.74000001 -21.42000008 0.36000001 229 127 77 97.000000 1.000000 4.000000 1.000000 0.000000 114.000000 106.000000 -0.323339 0.918283 0.228493
-3.84999990 -21.36000061 0.44000000 229 127 77 97.000000 1.000000 4.000000 1.000000 0.000000 114.000000 112.000000 0.001199 0.964929 0.262509
-3.83999991 -21.36000061 0.41999999 229 127 77 97.000000 1.000000 4.000000 1.000000 0.000000 114.000000 112.000000 -0.082242 0.996516 0.013885
-3.81999993 -21.34000015 0.38000000 229 127 77 97.000000 1.000000 4.000000 1.000000 0.000000 114.000000 112.000000 0.173226 0.922463 0.345043
-3.76999998 -21.36000061 0.38000000 229 127 77 97.000000 1.000000 4.000000 1.000000 0.000000 114.000000 106.000000 0.165577 0.833854 0.526566
-3.76999998 -21.40999985 0.34000000 229 127 77 97.000000 1.000000 4.000000 1.000000 0.000000 114.000000 106.000000 -0.062942 0.997469 -0.033071
-3.82999992 -21.40999985 0.37000000 229 127 77 97.000000 1.000000 4.000000 1.000000 0.000000 114.000000 112.000000 0.124371 0.984102 0.126786
-3.84999990 -21.40999985 0.38000000 229 127 77 97.000000 1.000000 4.000000 1.000000 0.000000 114.000000 112.000000 0.273205 0.961730 -0.020827
-3.84999990 -21.40999985 0.37000000 229 127 77 97.000000 1.000000 4.000000 1.000000 0.000000 114.000000 112.000000 0.343115 0.926551 0.154194
-3.82999992 -21.42000008 0.38000000 229 127 77 97.000000 1.000000 4.000000 1.000000 0.000000 114.000000 112.000000 0.348726 0.927639 0.133701
-3.58999991 -21.47999954 0.33000001 229 127 77 97.000000 1.000000 4.000000 1.000000 0.000000 114.000000 106.000000 -0.294563 0.933947 0.202425
-3.51999998 -21.62000084 0.44000000 229 127 77 97.000000 1.000000 4.000000 1.000000 0.000000 114.000000 106.000000 0.206068 -0.034543 0.977928
-3.52999997 -21.62000084 0.44000000 229 127 77 97.000000 1.000000 4.000000 1.000000 0.000000 114.000000 106.000000 0.314160 -0.317137 0.894834
-3.58999991 -21.57999992 0.41000000 229 127 77 97.000000 1.000000 4.000000 1.000000 0.000000 114.000000 106.000000 0.176279 -0.150915 0.972703
-3.58999991 -21.57999992 0.41000000 229 127 77 97.000000 1.000000 4.000000 1.000000 0.000000 114.000000 106.000000 0.176279 -0.150915 0.972703
-3.58999991 -21.61000061 0.44000000 229 127 77 97.000000 1.000000 4.000000 1.000000 0.000000 114.000000 106.000000 0.277999 -0.064739 0.958397
-3.66000009 -21.46999931 0.38000000 229 127 77 97.000000 1.000000 4.000000 1.000000 0.000000 114.000000 106.000000 -0.149912 0.946742 0.284968
-3.66000009 -21.53000069 0.34999999 229 127 77 97.000000 1.000000 4.000000 1.000000 0.000000 114.000000 106.000000 0.078922 0.929674 0.359831
-3.66000009 -21.53000069 0.34000000 229 127 77 97.000000 1.000000 4.000000 1.000000 0.000000 114.000000 106.000000 0.268265 0.956594 0.113849
-3.66000009 -21.53000069 0.33000001 229 127 77 97.000000 1.000000 4.000000 1.000000 0.000000 114.000000 106.000000 -0.317195 0.946406 0.060850
-3.59999990 -21.56999969 0.41000000 229 127 77 97.000000 1.000000 4.000000 1.000000 0.000000 114.000000 106.000000 -0.023621 0.029783 0.999277
-3.60999990 -21.59000015 0.41000000 229 127 77 97.000000 1.000000 4.000000 1.000000 0.000000 114.000000 106.000000 -0.105645 -0.154217 0.982373
-3.54999995 -21.46999931 0.31000000 229 127 77 97.000000 1.000000 4.000000 1.000000 0.000000 114.000000 106.000000 -0.100562 0.937241 -0.333867
-3.53999996 -21.51000023 0.31000000 229 127 77 97.000000 1.000000 4.000000 1.000000 0.000000 114.000000 106.000000 0.026698 0.942066 -0.334363
-3.56999993 -21.47999954 0.31000000 229 127 77 97.000000 1.000000 4.000000 1.000000 0.000000 114.000000 106.000000 -0.352774 0.911454 0.211665
-3.56999993 -21.47999954 0.31999999 229 127 77 97.000000 1.000000 4.000000 1.000000 0.000000 114.000000 106.000000 -0.226745 0.973948 -0.003525
-3.52999997 -21.55999947 0.31999999 229 127 77 97.000000 1.000000 4.000000 1.000000 0.000000 114.000000 106.000000 -0.254756 0.909843 0.327544
-3.52999997 -21.55999947 0.31999999 229 127 77 97.000000 1.000000 4.000000 1.000000 0.000000 114.000000 106.000000 -0.254756 0.909843 0.327544
-3.56999993 -21.60000038 0.31000000 229 127 77 97.000000 1.000000 4.000000 1.000000 0.000000 114.000000 106.000000 -0.222025 0.892513 0.392588
-3.61999989 -21.45999908 0.31999999 229 127 77 97.000000 1.000000 4.000000 1.000000 0.000000 114.000000 106.000000 -0.115894 0.975752 -0.185679
-3.61999989 -21.45999908 0.31999999 229 127 77 97.000000 1.000000 4.000000 1.000000 0.000000 114.000000 106.000000 -0.115894 0.975752 -0.185679
-3.51999998 -21.63999939 0.47000000 229 127 77 97.000000 1.000000 4.000000 1.000000 0.000000 114.000000 106.000000 -0.133181 0.109184 0.985059
-3.51999998 -21.65999985 0.46000001 229 127 77 97.000000 1.000000 4.000000 1.000000 0.000000 114.000000 106.000000 0.333079 -0.638537 0.693779
-3.53999996 -21.64999962 0.47000000 229 127 77 97.000000 1.000000 4.000000 1.000000 0.000000 114.000000 106.000000 -0.082902 -0.122602 0.988987
-3.53999996 -21.67000008 0.46000001 229 127 77 97.000000 1.000000 4.000000 1.000000 0.000000 114.000000 106.000000 0.423191 -0.455620 0.783147
-3.55999994 -21.63999939 0.44000000 229 127 77 97.000000 1.000000 4.000000 1.000000 0.000000 114.000000 106.000000 0.429568 -0.104943 0.896916
-3.58999991 -21.63999939 0.41999999 229 127 77 97.000000 1.000000 4.000000 1.000000 0.000000 114.000000 106.000000 -0.019436 0.027620 0.999430
-3.58999991 -21.70000076 0.44000000 229 127 77 97.000000 1.000000 4.000000 1.000000 0.000000 114.000000 106.000000 0.308118 -0.669471 0.675923
-3.54999995 -21.65999985 0.40000001 229 127 77 97.000000 1.000000 4.000000 1.000000 0.000000 114.000000 106.000000 -0.139537 0.736694 -0.661674
-3.54999995 -21.62999916 0.40000001 229 127 77 97.000000 1.000000 4.000000 1.000000 0.000000 114.000000 106.000000 0.230575 -0.549357 0.803145
-3.54999995 -21.68000031 0.38000000 229 127 77 97.000000 1.000000 4.000000 1.000000 0.000000 114.000000 106.000000 -0.165895 0.823498 -0.542522
-3.54999995 -21.68000031 0.38000000 229 127 77 97.000000 1.000000 4.000000 1.000000 0.000000 114.000000 106.000000 -0.165895 0.823498 -0.542522
-3.55999994 -21.64999962 0.40000001 229 127 77 97.000000 1.000000 4.000000 1.000000 0.000000 114.000000 106.000000 -0.075124 -0.213056 0.974147
-3.56999993 -21.68000031 0.38999999 229 127 77 97.000000 1.000000 4.000000 1.000000 0.000000 114.000000 106.000000 -0.469675 0.718620 -0.512826
-3.56999993 -21.69000053 0.38000000 229 127 77 97.000000 1.000000 4.000000 1.000000 0.000000 114.000000 106.000000 0.373783 -0.546800 0.749197
-3.55999994 -21.67000008 0.38999999 229 127 77 97.000000 1.000000 4.000000 1.000000 0.000000 114.000000 106.000000 0.176445 0.809835 -0.559495
-3.59999990 -21.62999916 0.41999999 229 127 77 97.000000 1.000000 4.000000 1.000000 0.000000 114.000000 106.000000 -0.271196 -0.321037 0.907407
-3.71000004 -21.59000015 0.33000001 229 127 77 97.000000 1.000000 4.000000 1.000000 0.000000 114.000000 106.000000 0.079586 0.990787 0.109575
-3.86999989 -21.39999962 0.37000000 229 127 77 97.000000 1.000000 4.000000 1.000000 0.000000 114.000000 112.000000 -0.271976 0.960139 0.064515
-3.85999990 -21.38999939 0.38999999 229 127 77 97.000000 1.000000 4.000000 1.000000 0.000000 114.000000 112.000000 -0.193816 0.961167 0.196453
-3.90000010 -21.40999985 0.38000000 229 127 77 97.000000 1.000000 4.000000 1.000000 0.000000 114.000000 112.000000 0.029844 0.999274 0.023670
-3.56999993 -21.81999969 0.03000000 229 127 77 97.000000 1.000000 4.000000 1.000000 0.000000 114.000000 211.000000 -0.020296 0.864630 0.501999
-3.51999998 -21.93000031 0.09000000 229 127 77 97.000000 1.000000 4.000000 1.000000 0.000000 114.000000 211.000000 0.105973 0.953755 0.281286
-3.51999998 -21.93000031 0.09000000 229 127 77 97.000000 1.000000 4.000000 1.000000 0.000000 114.000000 211.000000 0.105973 0.953755 0.281286
-3.53999996 -21.92000008 0.07000000 229 127 77 97.000000 1.000000 4.000000 1.000000 0.000000 114.000000 211.000000 -0.036595 0.952734 0.301594
-3.25000000 -21.44000053 0.49000001 229 127 77 97.000000 1.000000 4.000000 1.000000 0.000000 114.000000 106.000000 0.264102 0.748025 0.608858
-3.24000001 -21.42000008 0.44999999 229 127 77 97.000000 1.000000 4.000000 1.000000 0.000000 114.000000 106.000000 0.102295 0.837093 0.537411
-3.32999992 -21.35000038 0.36000001 229 127 77 97.000000 1.000000 4.000000 1.000000 0.000000 114.000000 106.000000 0.189843 0.938128 0.289614
-3.25000000 -21.34000015 0.28999999 229 127 77 97.000000 1.000000 4.000000 1.000000 0.000000 114.000000 106.000000 0.102164 0.994753 -0.005377
-3.28999996 -21.34000015 0.30000001 229 127 77 97.000000 1.000000 4.000000 1.000000 0.000000 114.000000 106.000000 0.099901 0.882225 0.460108
-3.47000003 -21.26000023 0.33000001 229 127 77 97.000000 1.000000 4.000000 1.000000 0.000000 114.000000 70.000000 -0.188397 0.970179 -0.152512
-3.47000003 -21.26000023 0.33000001 229 127 77 97.000000 1.000000 4.000000 1.000000 0.000000 114.000000 70.000000 -0.188397 0.970179 -0.152512
-3.49000001 -21.13999939 0.30000001 229 127 77 97.000000 1.000000 4.000000 1.000000 0.000000 114.000000 70.000000 0.005316 0.996270 0.086124
-3.48000002 -21.13999939 0.30000001 229 127 77 97.000000 1.000000 4.000000 1.000000 0.000000 114.000000 70.000000 0.246758 0.925698 0.286695
-3.48000002 -21.17000008 0.30000001 229 127 77 97.000000 1.000000 4.000000 1.000000 0.000000 114.000000 70.000000 -0.416179 0.905156 0.086532
-3.50000000 -21.18000031 0.31000000 229 127 77 97.000000 1.000000 4.000000 1.000000 0.000000 114.000000 70.000000 0.001287 0.917539 0.397643
-3.46000004 -21.27000046 0.31000000 229 127 77 97.000000 1.000000 4.000000 1.000000 0.000000 114.000000 70.000000 0.148969 0.938915 -0.310238
-3.35999990 -21.29999924 0.38999999 229 127 77 97.000000 1.000000 4.000000 1.000000 0.000000 114.000000 106.000000 0.183060 0.940073 0.287665
-3.35999990 -21.36000061 0.38000000 229 127 77 97.000000 1.000000 4.000000 1.000000 0.000000 114.000000 106.000000 -0.311104 0.849732 0.425640
-3.41000009 -21.31999969 0.36000001 229 127 77 97.000000 1.000000 4.000000 1.000000 0.000000 114.000000 106.000000 -0.174367 0.950233 0.258172
-3.42000008 -21.37999916 0.36000001 229 127 77 97.000000 1.000000 4.000000 1.000000 0.000000 114.000000 106.000000 -0.386577 0.918290 0.085454
-3.39000010 -21.44000053 0.37000000 229 127 77 97.000000 1.000000 4.000000 1.000000 0.000000 114.000000 106.000000 -0.099653 0.958999 0.265310
-3.40000010 -21.43000031 0.36000001 229 127 77 97.000000 1.000000 4.000000 1.000000 0.000000 114.000000 106.000000 0.034604 0.840180 0.541203
-3.46000004 -21.35000038 0.34999999 229 127 77 97.000000 1.000000 4.000000 1.000000 0.000000 114.000000 106.000000 -0.242649 0.969377 -0.037800
-3.45000005 -21.35000038 0.34000000 229 127 77 97.000000 1.000000 4.000000 1.000000 0.000000 114.000000 106.000000 -0.022826 0.971904 -0.234266
-3.43000007 -21.35000038 0.36000001 229 127 77 97.000000 1.000000 4.000000 1.000000 0.000000 114.000000 106.000000 0.406139 0.879718 0.247280
-3.45000005 -21.35000038 0.34000000 229 127 77 97.000000 1.000000 4.000000 1.000000 0.000000 114.000000 106.000000 -0.022826 0.971904 -0.234266
-3.47000003 -21.36000061 0.36000001 229 127 77 97.000000 1.000000 4.000000 1.000000 0.000000 114.000000 106.000000 0.085526 0.778432 0.621876
-3.47000003 -21.35000038 0.34999999 229 127 77 97.000000 1.000000 4.000000 1.000000 0.000000 114.000000 106.000000 -0.381950 0.901867 0.201867
-3.50000000 -21.37999916 0.34000000 229 127 77 97.000000 1.000000 4.000000 1.000000 0.000000 114.000000 106.000000 0.106381 0.993265 -0.045912
-3.19000006 -21.53000069 0.44000000 229 127 77 97.000000 1.000000 4.000000 1.000000 0.000000 114.000000 106.000000 -0.183606 0.210025 0.960301
-3.23000002 -21.45999908 0.49000001 229 127 77 97.000000 1.000000 4.000000 1.000000 0.000000 114.000000 106.000000 -0.014594 0.147062 0.989020
-3.24000001 -21.48999977 0.47000000 229 127 77 97.000000 1.000000 4.000000 1.000000 0.000000 114.000000 106.000000 0.118691 0.561217 0.819114
-3.23000002 -21.47999954 0.44999999 229 127 77 97.000000 1.000000 4.000000 1.000000 0.000000 114.000000 106.000000 0.361906 0.238829 0.901102
-3.24000001 -21.48999977 0.47000000 229 127 77 97.000000 1.000000 4.000000 1.000000 0.000000 114.000000 106.000000 0.118691 0.561217 0.819114
-3.18000007 -21.54999924 0.41000000 229 127 77 97.000000 1.000000 4.000000 1.000000 0.000000 114.000000 106.000000 0.466903 0.255649 0.846549
-3.21000004 -21.54999924 0.41000000 229 127 77 97.000000 1.000000 4.000000 1.000000 0.000000 114.000000 106.000000 -0.281378 0.275606 0.919167
-3.22000003 -21.54999924 0.43000001 229 127 77 97.000000 1.000000 4.000000 1.000000 0.000000 114.000000 106.000000 -0.075464 0.548180 0.832949
-3.22000003 -21.57999992 0.41999999 229 127 77 97.000000 1.000000 4.000000 1.000000 0.000000 114.000000 106.000000 -0.171970 0.295789 0.939646
-3.25000000 -21.62000084 0.47000000 229 127 77 97.000000 1.000000 4.000000 1.000000 0.000000 114.000000 106.000000 0.105833 -0.555260 0.824916
-3.25000000 -21.55999947 0.40000001 229 127 77 97.000000 1.000000 4.000000 1.000000 0.000000 114.000000 106.000000 0.408390 0.447131 0.795796
-3.25000000 -21.55999947 0.40000001 229 127 77 97.000000 1.000000 4.000000 1.000000 0.000000 114.000000 106.000000 0.408390 0.447131 0.795796
-3.26999998 -21.46999931 0.46000001 229 127 77 97.000000 1.000000 4.000000 1.000000 0.000000 114.000000 106.000000 -0.269671 0.572459 0.774318
-3.27999997 -21.47999954 0.43000001 229 127 77 97.000000 1.000000 4.000000 1.000000 0.000000 114.000000 106.000000 0.360723 0.370012 0.856137
-3.28999996 -21.51000023 0.44999999 229 127 77 97.000000 1.000000 4.000000 1.000000 0.000000 114.000000 106.000000 0.065295 0.293188 0.953822
-3.25999999 -21.52000046 0.43000001 229 127 77 97.000000 1.000000 4.000000 1.000000 0.000000 114.000000 106.000000 0.276375 0.650200 0.707712
-3.25999999 -21.52000046 0.43000001 229 127 77 97.000000 1.000000 4.000000 1.000000 0.000000 114.000000 106.000000 0.276375 0.650200 0.707712
-3.28999996 -21.55999947 0.41000000 229 127 77 97.000000 1.000000 4.000000 1.000000 0.000000 114.000000 106.000000 0.247621 0.543519 0.802042
-3.26999998 -21.55999947 0.41000000 229 127 77 97.000000 1.000000 4.000000 1.000000 0.000000 114.000000 106.000000 0.353968 0.282279 0.891642
-3.29999995 -21.54999924 0.41000000 229 127 77 97.000000 1.000000 4.000000 1.000000 0.000000 114.000000 106.000000 0.004041 0.526721 0.850028
-3.29999995 -21.59000015 0.47000000 229 127 77 97.000000 1.000000 4.000000 1.000000 0.000000 114.000000 106.000000 0.064123 -0.095623 0.993350
-3.31999993 -21.61000061 0.46000001 229 127 77 97.000000 1.000000 4.000000 1.000000 0.000000 114.000000 106.000000 -0.122948 -0.276302 0.953174
-3.32999992 -21.61000061 0.46000001 229 127 77 97.000000 1.000000 4.000000 1.000000 0.000000 114.000000 106.000000 0.012229 -0.136740 0.990532
-3.30999994 -21.62000084 0.41000000 229 127 77 97.000000 1.000000 4.000000 1.000000 0.000000 114.000000 106.000000 0.095648 -0.199992 0.975118
-3.31999993 -21.60000038 0.41000000 229 127 77 97.000000 1.000000 4.000000 1.000000 0.000000 114.000000 106.000000 0.308554 -0.375432 0.873982
-3.32999992 -21.60000038 0.37000000 229 127 77 97.000000 1.000000 4.000000 1.000000 0.000000 114.000000 106.000000 0.092040 -0.402502 0.910780
-3.31999993 -21.62000084 0.38000000 229 127 77 97.000000 1.000000 4.000000 1.000000 0.000000 114.000000 106.000000 -0.129101 -0.503348 0.854385
-3.26999998 -21.67000008 0.44999999 229 127 77 97.000000 1.000000 4.000000 1.000000 0.000000 114.000000 106.000000 -0.029607 -0.099786 0.994568
-3.31999993 -21.65999985 0.46000001 229 127 77 97.000000 1.000000 4.000000 1.000000 0.000000 114.000000 106.000000 -0.198152 -0.284065 0.938106
-3.30999994 -21.62999916 0.43000001 229 127 77 97.000000 1.000000 4.000000 1.000000 0.000000 114.000000 106.000000 0.140811 -0.321268 0.936461
-3.30999994 -21.62999916 0.43000001 229 127 77 97.000000 1.000000 4.000000 1.000000 0.000000 114.000000 106.000000 0.140811 -0.321268 0.936461
-3.30999994 -21.64999962 0.38000000 229 127 77 97.000000 1.000000 4.000000 1.000000 0.000000 114.000000 106.000000 -0.040258 -0.545571 0.837097
-3.29999995 -21.70000076 0.38999999 229 127 77 97.000000 1.000000 4.000000 1.000000 0.000000 114.000000 106.000000 -0.016852 0.921675 -0.387596
-3.31999993 -21.70000076 0.36000001 229 127 77 97.000000 1.000000 4.000000 1.000000 0.000000 114.000000 106.000000 0.206930 0.804727 -0.556412
-3.31999993 -21.78000069 0.47999999 229 127 77 97.000000 1.000000 4.000000 1.000000 0.000000 114.000000 106.000000 -0.259419 0.880224 -0.397375
-3.34999990 -21.62000084 0.44999999 229 127 77 97.000000 1.000000 4.000000 1.000000 0.000000 114.000000 106.000000 -0.187668 -0.411705 0.891785
-3.36999989 -21.62000084 0.44999999 229 127 77 97.000000 1.000000 4.000000 1.000000 0.000000 114.000000 106.000000 -0.068187 0.009441 0.997628
-3.36999989 -21.62000084 0.44999999 229 127 77 97.000000 1.000000 4.000000 1.000000 0.000000 114.000000 106.000000 -0.068187 0.009441 0.997628
-3.38000011 -21.62000084 0.41999999 229 127 77 97.000000 1.000000 4.000000 1.000000 0.000000 114.000000 106.000000 0.003506 -0.218537 0.975822
-3.40000010 -21.54000092 0.47000000 229 127 77 97.000000 1.000000 4.000000 1.000000 0.000000 114.000000 106.000000 -0.133911 -0.068702 0.988609
-3.39000010 -21.60000038 0.47999999 229 127 77 97.000000 1.000000 4.000000 1.000000 0.000000 114.000000 106.000000 0.164702 0.169809 0.971616
-3.40000010 -21.61000061 0.44000000 229 127 77 97.000000 1.000000 4.000000 1.000000 0.000000 114.000000 106.000000 -0.213904 0.146492 0.965808
-3.39000010 -21.61000061 0.38000000 229 127 77 97.000000 1.000000 4.000000 1.000000 0.000000 114.000000 106.000000 0.281264 -0.408974 0.868119
-3.38000011 -21.61000061 0.37000000 229 127 77 97.000000 1.000000 4.000000 1.000000 0.000000 114.000000 106.000000 0.298254 -0.437335 0.848400
-3.50000000 -21.50000000 0.41000000 229 127 77 97.000000 1.000000 4.000000 1.000000 0.000000 114.000000 106.000000 0.066935 0.900203 0.430295
-3.43000007 -21.45999908 0.34000000 229 127 77 97.000000 1.000000 4.000000 1.000000 0.000000 114.000000 106.000000 0.018007 0.793678 0.608071
-3.50999999 -21.47999954 0.33000001 229 127 77 97.000000 1.000000 4.000000 1.000000 0.000000 114.000000 106.000000 -0.126706 0.989233 0.073233
-3.45000005 -21.55999947 0.47000000 229 127 77 97.000000 1.000000 4.000000 1.000000 0.000000 114.000000 106.000000 0.214813 0.152322 0.964704
-3.45000005 -21.55999947 0.47000000 229 127 77 97.000000 1.000000 4.000000 1.000000 0.000000 114.000000 106.000000 0.214813 0.152322 0.964704
-3.48000002 -21.56999969 0.47000000 229 127 77 97.000000 1.000000 4.000000 1.000000 0.000000 114.000000 106.000000 0.257439 0.001197 0.966294
-3.49000001 -21.55999947 0.44000000 229 127 77 97.000000 1.000000 4.000000 1.000000 0.000000 114.000000 106.000000 0.281853 -0.078507 0.956240
-3.50000000 -21.61000061 0.41999999 229 127 77 97.000000 1.000000 4.000000 1.000000 0.000000 114.000000 106.000000 -0.061319 -0.041955 0.997236
-3.47000003 -21.61000061 0.36000001 229 127 77 97.000000 1.000000 4.000000 1.000000 0.000000 114.000000 106.000000 0.195875 -0.209200 0.958055
-3.50999999 -21.56999969 0.31999999 229 127 77 97.000000 1.000000 4.000000 1.000000 0.000000 114.000000 106.000000 0.112451 0.819284 0.562254
-3.36999989 -21.62999916 0.44999999 229 127 77 97.000000 1.000000 4.000000 1.000000 0.000000 114.000000 106.000000 0.003014 -0.027126 0.999627
-3.39000010 -21.62999916 0.47000000 229 127 77 97.000000 1.000000 4.000000 1.000000 0.000000 114.000000 106.000000 0.074337 -0.106360 0.991545
-3.36999989 -21.65999985 0.38000000 229 127 77 97.000000 1.000000 4.000000 1.000000 0.000000 114.000000 106.000000 -0.298540 -0.566746 0.767901
-3.36999989 -21.63999939 0.34999999 229 127 77 97.000000 1.000000 4.000000 1.000000 0.000000 114.000000 106.000000 0.184472 -0.453063 0.872183
-3.36999989 -21.67000008 0.38000000 229 127 77 97.000000 1.000000 4.000000 1.000000 0.000000 114.000000 106.000000 0.158364 0.845101 -0.510613
-3.33999991 -21.68000031 0.38000000 229 127 77 97.000000 1.000000 4.000000 1.000000 0.000000 114.000000 106.000000 -0.366234 0.785710 -0.498530
-3.35999990 -21.67000008 0.37000000 229 127 77 97.000000 1.000000 4.000000 1.000000 0.000000 114.000000 106.000000 -0.070033 0.810381 -0.581702
-3.40000010 -21.65999985 0.40000001 229 127 77 97.000000 1.000000 4.000000 1.000000 0.000000 114.000000 106.000000 -0.180707 -0.500304 0.846783
-3.40000010 -21.64999962 0.40000001 229 127 77 97.000000 1.000000 4.000000 1.000000 0.000000 114.000000 106.000000 -0.103936 -0.601658 0.791963
-3.39000010 -21.62999916 0.37000000 229 127 77 97.000000 1.000000 4.000000 1.000000 0.000000 114.000000 106.000000 0.194238 -0.407462 0.892327
-3.42000008 -21.63999939 0.38000000 229 127 77 97.000000 1.000000 4.000000 1.000000 0.000000 114.000000 106.000000 0.221724 -0.073082 0.972367
-3.39000010 -21.62999916 0.37000000 229 127 77 97.000000 1.000000 4.000000 1.000000 0.000000 114.000000 106.000000 0.194238 -0.407462 0.892327
-3.41000009 -21.62999916 0.38999999 229 127 77 97.000000 1.000000 4.000000 1.000000 0.000000 114.000000 106.000000 0.206598 -0.362631 0.908744
-3.41000009 -21.70000076 0.34999999 229 127 77 97.000000 1.000000 4.000000 1.000000 0.000000 114.000000 106.000000 -0.408505 0.743183 -0.529908
-3.48000002 -21.63999939 0.41000000 229 127 77 97.000000 1.000000 4.000000 1.000000 0.000000 114.000000 106.000000 0.297038 -0.165629 0.940391
-3.44000006 -21.63999939 0.38999999 229 127 77 97.000000 1.000000 4.000000 1.000000 0.000000 114.000000 106.000000 -0.003282 -0.123630 0.992323
-3.43000007 -21.62999916 0.38999999 229 127 77 97.000000 1.000000 4.000000 1.000000 0.000000 114.000000 106.000000 0.248202 0.063610 0.966617
-3.45000005 -21.67000008 0.38999999 229 127 77 97.000000 1.000000 4.000000 1.000000 0.000000 114.000000 106.000000 0.372465 -0.311654 0.874152
-3.50999999 -21.65999985 0.40000001 229 127 77 97.000000 1.000000 4.000000 1.000000 0.000000 114.000000 106.000000 0.289971 -0.310578 0.905239
-3.48000002 -21.64999962 0.37000000 229 127 77 97.000000 1.000000 4.000000 1.000000 0.000000 114.000000 106.000000 0.086717 -0.521726 0.848694
-3.50000000 -21.65999985 0.38999999 229 127 77 97.000000 1.000000 4.000000 1.000000 0.000000 114.000000 106.000000 -0.474536 0.601974 -0.642217
-3.48000002 -21.69000053 0.37000000 229 127 77 97.000000 1.000000 4.000000 1.000000 0.000000 114.000000 106.000000 -0.090447 0.834120 -0.544116
-3.49000001 -21.70000076 0.36000001 229 127 77 97.000000 1.000000 4.000000 1.000000 0.000000 114.000000 106.000000 0.199875 -0.673996 0.711182
-3.25000000 -21.85000038 0.52999997 229 127 77 97.000000 1.000000 4.000000 1.000000 0.000000 114.000000 106.000000 -0.042472 -0.486368 0.872721
-3.25000000 -21.88999939 0.50000000 229 127 77 97.000000 1.000000 4.000000 1.000000 0.000000 114.000000 106.000000 0.237714 -0.563989 0.790828
-3.28999996 -21.81999969 0.54000002 229 127 77 97.000000 1.000000 4.000000 1.000000 0.000000 114.000000 106.000000 0.153808 0.807867 -0.568941
-3.26999998 -21.85000038 0.52999997 229 127 77 97.000000 1.000000 4.000000 1.000000 0.000000 114.000000 106.000000 -0.206302 -0.702669 0.680953
-3.29999995 -21.87000084 0.54000002 229 127 77 97.000000 1.000000 4.000000 1.000000 0.000000 114.000000 106.000000 -0.479387 0.699872 -0.529497
-3.35999990 -21.82999992 0.52999997 229 127 77 97.000000 1.000000 4.000000 1.000000 0.000000 114.000000 106.000000 -0.294563 0.804930 -0.515092
-3.33999991 -21.81999969 0.51999998 229 127 77 97.000000 1.000000 4.000000 1.000000 0.000000 114.000000 106.000000 -0.118599 -0.472968 0.873061
-3.35999990 -21.87999916 0.50000000 229 127 77 97.000000 1.000000 4.000000 1.000000 0.000000 114.000000 106.000000 0.322190 -0.540190 0.777424
-3.40000010 -21.84000015 0.50999999 229 127 77 97.000000 1.000000 4.000000 1.000000 0.000000 114.000000 106.000000 -0.352036 0.640214 -0.682786
-3.41000009 -21.85000038 0.50999999 229 127 77 97.000000 1.000000 4.000000 1.000000 0.000000 114.000000 106.000000 0.421249 -0.506482 0.752347
-3.30999994 -22.13999939 0.30000001 229 127 77 97.000000 1.000000 4.000000 1.000000 0.000000 114.000000 211.000000 0.049543 0.998237 -0.032677
-3.34999990 -21.84000015 0.47999999 229 127 77 97.000000 1.000000 4.000000 1.000000 0.000000 114.000000 106.000000 -0.213156 -0.683033 0.698592
-3.33999991 -22.12999916 0.34999999 229 127 77 97.000000 1.000000 4.000000 1.000000 0.000000 114.000000 211.000000 -0.268329 0.882937 -0.385255
-3.36999989 -22.12999916 0.33000001 229 127 77 97.000000 1.000000 4.000000 1.000000 0.000000 114.000000 211.000000 0.130206 0.990695 0.039628
-3.38000011 -22.12000084 0.33000001 229 127 77 97.000000 1.000000 4.000000 1.000000 0.000000 114.000000 211.000000 -0.085046 0.948593 -0.304858
-3.35999990 -22.13999939 0.31999999 229 127 77 97.000000 1.000000 4.000000 1.000000 0.000000 114.000000 211.000000 0.320705 0.925382 -0.202030
-3.40000010 -22.05999947 0.23000000 229 127 77 97.000000 1.000000 4.000000 1.000000 0.000000 114.000000 211.000000 0.204753 0.970349 0.128447
-3.43000007 -22.01000023 0.20000000 229 127 77 97.000000 1.000000 4.000000 1.000000 0.000000 114.000000 211.000000 0.286521 0.957940 0.015986
-3.43000007 -21.95999908 0.12000000 229 127 77 97.000000 1.000000 4.000000 1.000000 0.000000 114.000000 211.000000 0.156689 0.941495 0.298390
-3.46000004 -21.93000031 0.10000000 229 127 77 97.000000 1.000000 4.000000 1.000000 0.000000 114.000000 211.000000 0.335416 0.885921 0.320375
-3.40000010 -22.23999977 0.28999999 229 127 77 97.000000 1.000000 4.000000 1.000000 0.000000 114.000000 211.000000 0.105178 0.969412 -0.221761
-3.40000010 -22.26000023 0.28999999 229 127 77 97.000000 1.000000 4.000000 1.000000 0.000000 114.000000 211.000000 -0.146404 0.971362 -0.187143
-3.43000007 -22.28000069 0.28000000 229 127 77 97.000000 1.000000 4.000000 1.000000 0.000000 114.000000 211.000000 0.049508 0.989010 0.139313
-3.44000006 -22.32999992 0.28000000 229 127 77 97.000000 1.000000 4.000000 1.000000 0.000000 114.000000 211.000000 -0.095973 0.995313 -0.011862
-3.67000008 -21.36000061 0.34999999 229 127 77 97.000000 1.000000 4.000000 1.000000 0.000000 114.000000 106.000000 -0.166642 0.967559 -0.189895
-3.65000010 -21.36000061 0.34000000 229 127 77 97.000000 1.000000 4.000000 1.000000 0.000000 114.000000 106.000000 0.178757 0.983741 -0.017299
-3.67000008 -21.36000061 0.34000000 229 127 77 97.000000 1.000000 4.000000 1.000000 0.000000 114.000000 106.000000 0.170852 0.983869 0.053023
-3.66000009 -21.38999939 0.37000000 229 127 77 97.000000 1.000000 4.000000 1.000000 0.000000 114.000000 106.000000 0.264066 0.959654 0.096609
-3.67000008 -21.42000008 0.36000001 229 127 77 97.000000 1.000000 4.000000 1.000000 0.000000 114.000000 106.000000 0.275305 0.868505 0.412197
-3.55999994 -21.32999992 0.31000000 229 127 77 97.000000 1.000000 4.000000 1.000000 0.000000 114.000000 106.000000 -0.089407 0.968367 -0.232962
-3.70000005 -21.40999985 0.37000000 229 127 77 97.000000 1.000000 4.000000 1.000000 0.000000 114.000000 106.000000 -0.399821 0.899235 0.177538
-3.69000006 -21.45000076 0.38999999 229 127 77 97.000000 1.000000 4.000000 1.000000 0.000000 114.000000 106.000000 0.038864 0.901906 0.430181
-3.80999994 -21.40999985 0.34999999 229 127 77 97.000000 1.000000 4.000000 1.000000 0.000000 114.000000 112.000000 -0.261145 0.964888 -0.028199
-3.84999990 -21.40999985 0.37000000 229 127 77 97.000000 1.000000 4.000000 1.000000 0.000000 114.000000 112.000000 0.343115 0.926551 0.154194
-3.83999991 -21.40999985 0.37000000 229 127 77 97.000000 1.000000 4.000000 1.000000 0.000000 114.000000 112.000000 0.273509 0.945717 0.175536
-3.84999990 -21.40999985 0.36000001 229 127 77 97.000000 1.000000 4.000000 1.000000 0.000000 114.000000 112.000000 0.264182 0.962826 -0.056342
-3.54999995 -21.47999954 0.34000000 229 127 77 97.000000 1.000000 4.000000 1.000000 0.000000 114.000000 106.000000 0.101311 0.985696 -0.134684
-3.52999997 -21.48999977 0.33000001 229 127 77 97.000000 1.000000 4.000000 1.000000 0.000000 114.000000 106.000000 0.022485 0.996853 -0.076022
-3.56999993 -21.47999954 0.33000001 229 127 77 97.000000 1.000000 4.000000 1.000000 0.000000 114.000000 106.000000 0.044418 0.998893 0.015495
-3.53999996 -21.54000092 0.46000001 229 127 77 97.000000 1.000000 4.000000 1.000000 0.000000 114.000000 106.000000 -0.031837 -0.021567 0.999260
-3.52999997 -21.54999924 0.47000000 229 127 77 97.000000 1.000000 4.000000 1.000000 0.000000 114.000000 106.000000 0.048149 -0.003073 0.998835
-3.54999995 -21.61000061 0.46000001 229 127 77 97.000000 1.000000 4.000000 1.000000 0.000000 114.000000 106.000000 -0.075707 -0.174246 0.981788
-3.56999993 -21.60000038 0.44999999 229 127 77 97.000000 1.000000 4.000000 1.000000 0.000000 114.000000 106.000000 -0.281895 -0.043850 0.958443
-3.52999997 -21.56999969 0.34000000 229 127 77 97.000000 1.000000 4.000000 1.000000 0.000000 114.000000 106.000000 0.370947 0.775911 0.510255
-3.51999998 -21.56999969 0.34000000 229 127 77 97.000000 1.000000 4.000000 1.000000 0.000000 114.000000 106.000000 0.252129 0.848070 0.466056
-3.52999997 -21.55999947 0.33000001 229 127 77 97.000000 1.000000 4.000000 1.000000 0.000000 114.000000 106.000000 -0.085396 0.880560 0.466179
-3.61999989 -21.47999954 0.37000000 229 127 77 97.000000 1.000000 4.000000 1.000000 0.000000 114.000000 106.000000 -0.240908 0.836272 0.492557
-3.65000010 -21.47999954 0.37000000 229 127 77 97.000000 1.000000 4.000000 1.000000 0.000000 114.000000 106.000000 0.318826 0.807376 0.496481
-3.66000009 -21.46999931 0.38000000 229 127 77 97.000000 1.000000 4.000000 1.000000 0.000000 114.000000 106.000000 -0.149912 0.946742 0.284968
-3.66000009 -21.53000069 0.34000000 229 127 77 97.000000 1.000000 4.000000 1.000000 0.000000 114.000000 106.000000 0.268265 0.956594 0.113849
-3.67000008 -21.56999969 0.33000001 229 127 77 97.000000 1.000000 4.000000 1.000000 0.000000 114.000000 106.000000 -0.360404 0.907523 0.215663
-3.52999997 -21.55999947 0.31999999 229 127 77 97.000000 1.000000 4.000000 1.000000 0.000000 114.000000 106.000000 -0.254756 0.909843 0.327544
-3.53999996 -21.67000008 0.46000001 229 127 77 97.000000 1.000000 4.000000 1.000000 0.000000 114.000000 106.000000 0.423191 -0.455620 0.783147
-3.52999997 -21.70000076 0.44000000 229 127 77 97.000000 1.000000 4.000000 1.000000 0.000000 114.000000 106.000000 -0.387730 0.641817 -0.661616
-3.51999998 -21.68000031 0.43000001 229 127 77 97.000000 1.000000 4.000000 1.000000 0.000000 114.000000 106.000000 0.221314 -0.243308 0.944363
-3.55999994 -21.65999985 0.41999999 229 127 77 97.000000 1.000000 4.000000 1.000000 0.000000 114.000000 106.000000 -0.249662 -0.431235 0.867009
-3.55999994 -21.65999985 0.41999999 229 127 77 97.000000 1.000000 4.000000 1.000000 0.000000 114.000000 106.000000 -0.249662 -0.431235 0.867009
-3.55999994 -21.65999985 0.41999999 229 127 77 97.000000 1.000000 4.000000 1.000000 0.000000 114.000000 106.000000 -0.249662 -0.431235 0.867009
-3.56999993 -21.68000031 0.44000000 229 127 77 97.000000 1.000000 4.000000 1.000000 0.000000 114.000000 106.000000 0.060954 -0.182863 0.981247
-3.56999993 -21.70000076 0.43000001 229 127 77 97.000000 1.000000 4.000000 1.000000 0.000000 114.000000 106.000000 -0.034434 -0.325208 0.945015
-3.52999997 -21.65999985 0.40000001 229 127 77 97.000000 1.000000 4.000000 1.000000 0.000000 114.000000 106.000000 0.056792 -0.497276 0.865732
-3.51999998 -21.68000031 0.37000000 229 127 77 97.000000 1.000000 4.000000 1.000000 0.000000 114.000000 106.000000 0.177074 0.797589 -0.576625
-3.51999998 -21.67000008 0.40000001 229 127 77 97.000000 1.000000 4.000000 1.000000 0.000000 114.000000 106.000000 0.384709 -0.545141 0.744862
-3.57999992 -21.67000008 0.40000001 229 127 77 97.000000 1.000000 4.000000 1.000000 0.000000 114.000000 106.000000 -0.424772 0.664643 -0.614670
-3.55999994 -21.67000008 0.38999999 229 127 77 97.000000 1.000000 4.000000 1.000000 0.000000 114.000000 106.000000 0.176445 0.809835 -0.559495
-3.89000010 -21.42000008 0.40000001 229 127 77 97.000000 1.000000 4.000000 1.000000 0.000000 114.000000 112.000000 -0.427408 0.877154 0.218916
-3.89000010 -21.42000008 0.40000001 229 127 77 97.000000 1.000000 4.000000 1.000000 0.000000 114.000000 112.000000 -0.427408 0.877154 0.218916
-3.88000011 -21.43000031 0.36000001 229 127 77 97.000000 1.000000 4.000000 1.000000 0.000000 114.000000 112.000000 -0.240583 0.970628 -0.001185
-3.52999997 -21.89999962 0.07000000 229 127 77 97.000000 1.000000 4.000000 1.000000 0.000000 114.000000 211.000000 0.237633 0.892969 0.382279
-3.23000002 -21.56999969 0.50999999 229 127 77 97.000000 1.000000 4.000000 1.000000 0.000000 114.000000 106.000000 0.371934 0.350327 0.859614
-3.24000001 -21.42000008 0.33000001 229 127 77 97.000000 1.000000 4.000000 1.000000 0.000000 114.000000 106.000000 0.043861 0.913096 0.405378
-3.24000001 -21.42000008 0.31999999 229 127 77 97.000000 1.000000 4.000000 1.000000 0.000000 114.000000 106.000000 0.163387 0.949263 0.268710
-3.25000000 -21.42000008 0.31999999 229 127 77 97.000000 1.000000 4.000000 1.000000 0.000000 114.000000 106.000000 -0.329285 0.895477 0.299486
-3.22000003 -21.43000031 0.31999999 229 127 77 97.000000 1.000000 4.000000 1.000000 0.000000 114.000000 106.000000 0.158855 0.932410 0.324617
-3.25999999 -21.34000015 0.28999999 229 127 77 97.000000 1.000000 4.000000 1.000000 0.000000 114.000000 106.000000 -0.069386 0.986699 0.147005
-3.41000009 -21.26000023 0.37000000 229 127 77 97.000000 1.000000 4.000000 1.000000 0.000000 114.000000 106.000000 0.193901 0.950522 0.242715
-3.49000001 -21.18000031 0.33000001 229 127 77 97.000000 1.000000 4.000000 1.000000 0.000000 114.000000 70.000000 -0.022842 0.995250 -0.094630
-3.38000011 -21.27000046 0.31000000 229 127 77 97.000000 1.000000 4.000000 1.000000 0.000000 114.000000 106.000000 0.244762 0.950650 0.190671
-3.49000001 -21.13999939 0.31000000 229 127 77 97.000000 1.000000 4.000000 1.000000 0.000000 114.000000 70.000000 0.272486 0.947601 0.166745
-3.46000004 -21.27000046 0.31000000 229 127 77 97.000000 1.000000 4.000000 1.000000 0.000000 114.000000 70.000000 0.148969 0.938915 -0.310238
-3.42000008 -21.35000038 0.34999999 229 127 77 97.000000 1.000000 4.000000 1.000000 0.000000 114.000000 106.000000 0.007558 0.994471 0.104738
-3.35999990 -21.32999992 0.37000000 229 127 77 97.000000 1.000000 4.000000 1.000000 0.000000 114.000000 106.000000 0.407673 0.877023 0.254231
-3.41000009 -21.37999916 0.37000000 229 127 77 97.000000 1.000000 4.000000 1.000000 0.000000 114.000000 106.000000 0.027220 0.926786 0.374603
-3.42000008 -21.37999916 0.37000000 229 127 77 97.000000 1.000000 4.000000 1.000000 0.000000 114.000000 106.000000 0.036889 0.867568 0.495948
-3.47000003 -21.35000038 0.34999999 229 127 77 97.000000 1.000000 4.000000 1.000000 0.000000 114.000000 106.000000 -0.381950 0.901867 0.201867
-3.45000005 -21.39999962 0.34999999 229 127 77 97.000000 1.000000 4.000000 1.000000 0.000000 114.000000 106.000000 0.023111 0.993778 0.108952
-3.21000004 -21.47999954 0.41999999 229 127 77 97.000000 1.000000 4.000000 1.000000 0.000000 114.000000 106.000000 -0.120753 0.525205 0.842365
-3.23000002 -21.47999954 0.44999999 229 127 77 97.000000 1.000000 4.000000 1.000000 0.000000 114.000000 106.000000 0.361906 0.238829 0.901102
-3.21000004 -21.54000092 0.41999999 229 127 77 97.000000 1.000000 4.000000 1.000000 0.000000 114.000000 106.000000 -0.133002 0.515930 0.846243
-3.26999998 -21.45999908 0.44999999 229 127 77 97.000000 1.000000 4.000000 1.000000 0.000000 114.000000 106.000000 0.075339 0.541589 0.837260
-3.26999998 -21.61000061 0.41999999 229 127 77 97.000000 1.000000 4.000000 1.000000 0.000000 114.000000 106.000000 0.489141 -0.106955 0.865622
-3.31999993 -21.61000061 0.34999999 229 127 77 97.000000 1.000000 4.000000 1.000000 0.000000 114.000000 106.000000 0.245462 -0.461957 0.852258
-3.30999994 -21.67000008 0.46000001 229 127 77 97.000000 1.000000 4.000000 1.000000 0.000000 114.000000 106.000000 0.127871 -0.264971 0.955740
-3.33999991 -21.62000084 0.41999999 229 127 77 97.000000 1.000000 4.000000 1.000000 0.000000 114.000000 106.000000 0.246242 -0.478719 0.842729
-3.41000009 -21.57999992 0.49000001 229 127 77 97.000000 1.000000 4.000000 1.000000 0.000000 114.000000 106.000000 0.049288 -0.286883 0.956697
-3.39000010 -21.60000038 0.47999999 229 127 77 97.000000 1.000000 4.000000 1.000000 0.000000 114.000000 106.000000 0.164702 0.169809 0.971616
-3.35999990 -21.62000084 0.36000001 229 127 77 97.000000 1.000000 4.000000 1.000000 0.000000 114.000000 106.000000 -0.193402 -0.242091 0.950782
-3.35999990 -21.61000061 0.36000001 229 127 77 97.000000 1.000000 4.000000 1.000000 0.000000 114.000000 106.000000 0.480743 -0.209477 0.851473
-3.34999990 -21.61000061 0.38999999 229 127 77 97.000000 1.000000 4.000000 1.000000 0.000000 114.000000 106.000000 -0.218728 -0.327377 0.919229
-3.46000004 -21.45999908 0.38999999 229 127 77 97.000000 1.000000 4.000000 1.000000 0.000000 114.000000 106.000000 0.229054 0.903086 0.363277
-3.50999999 -21.48999977 0.33000001 229 127 77 97.000000 1.000000 4.000000 1.000000 0.000000 114.000000 106.000000 -0.050908 0.992146 -0.114261
-3.44000006 -21.55999947 0.47000000 229 127 77 97.000000 1.000000 4.000000 1.000000 0.000000 114.000000 106.000000 0.099949 -0.083866 0.991452
-3.45000005 -21.57999992 0.44999999 229 127 77 97.000000 1.000000 4.000000 1.000000 0.000000 114.000000 106.000000 -0.034822 -0.122439 0.991865
-3.46000004 -21.57999992 0.49000001 229 127 77 97.000000 1.000000 4.000000 1.000000 0.000000 114.000000 106.000000 -0.186143 0.231674 0.954818
-3.48000002 -21.56999969 0.47000000 229 127 77 97.000000 1.000000 4.000000 1.000000 0.000000 114.000000 106.000000 0.257439 0.001197 0.966294
-3.36999989 -21.62999916 0.44999999 229 127 77 97.000000 1.000000 4.000000 1.000000 0.000000 114.000000 106.000000 0.003014 -0.027126 0.999627
-3.39000010 -21.69000053 0.34999999 229 127 77 97.000000 1.000000 4.000000 1.000000 0.000000 114.000000 106.000000 -0.234385 0.857397 -0.458186
-3.50999999 -21.67000008 0.43000001 229 127 77 97.000000 1.000000 4.000000 1.000000 0.000000 114.000000 106.000000 0.197884 -0.584447 0.786933
-3.44000006 -21.68000031 0.38000000 229 127 77 97.000000 1.000000 4.000000 1.000000 0.000000 114.000000 106.000000 -0.098369 -0.753185 0.650412
-3.25999999 -21.82999992 0.56000000 229 127 77 97.000000 1.000000 4.000000 1.000000 0.000000 114.000000 106.000000 -0.261148 -0.732798 0.628338
-3.32999992 -21.82999992 0.50999999 229 127 77 97.000000 1.000000 4.000000 1.000000 0.000000 114.000000 106.000000 0.166075 0.862710 -0.477650
-3.33999991 -21.84000015 0.54000002 229 127 77 97.000000 1.000000 4.000000 1.000000 0.000000 114.000000 106.000000 0.087056 -0.354922 0.930834
-3.34999990 -21.85000038 0.52999997 229 127 77 97.000000 1.000000 4.000000 1.000000 0.000000 114.000000 106.000000 -0.037646 0.933352 -0.356984
-3.34999990 -21.86000061 0.51999998 229 127 77 97.000000 1.000000 4.000000 1.000000 0.000000 114.000000 106.000000 -0.120418 -0.682369 0.721022
-3.34999990 -21.85000038 0.52999997 229 127 77 97.000000 1.000000 4.000000 1.000000 0.000000 114.000000 106.000000 -0.037646 0.933352 -0.356984
-3.40000010 -21.84000015 0.50999999 229 127 77 97.000000 1.000000 4.000000 1.000000 0.000000 114.000000 106.000000 -0.352036 0.640214 -0.682786
-3.39000010 -21.86000061 0.49000001 229 127 77 97.000000 1.000000 4.000000 1.000000 0.000000 114.000000 106.000000 -0.185495 0.933053 -0.308228
-3.38000011 -21.87999916 0.47000000 229 127 77 97.000000 1.000000 4.000000 1.000000 0.000000 114.000000 106.000000 -0.171416 0.916579 -0.361248
-3.35999990 -21.82999992 0.49000001 229 127 77 97.000000 1.000000 4.000000 1.000000 0.000000 114.000000 106.000000 0.370241 -0.636814 0.676306
-3.36999989 -22.10000038 0.33000001 229 127 77 97.000000 1.000000 4.000000 1.000000 0.000000 114.000000 211.000000 -0.083659 0.996489 0.003177
-3.38000011 -22.07999992 0.30000001 229 127 77 97.000000 1.000000 4.000000 1.000000 0.000000 114.000000 211.000000 -0.212513 0.919940 -0.329467
-3.33999991 -22.06999969 0.31999999 229 127 77 97.000000 1.000000 4.000000 1.000000 0.000000 114.000000 211.000000 0.158756 0.953870 -0.254810
-3.36999989 -22.06999969 0.25999999 229 127 77 97.000000 1.000000 4.000000 1.000000 0.000000 114.000000 211.000000 0.279586 0.959117 -0.043881
-3.40000010 -22.06999969 0.27000001 229 127 77 97.000000 1.000000 4.000000 1.000000 0.000000 114.000000 211.000000 0.138541 0.986367 -0.088809
-3.45000005 -21.98999977 0.15000001 229 127 77 97.000000 1.000000 4.000000 1.000000 0.000000 114.000000 211.000000 0.354458 0.925452 0.133784
-3.43000007 -21.98999977 0.15000001 229 127 77 97.000000 1.000000 4.000000 1.000000 0.000000 114.000000 211.000000 0.044824 0.995975 0.077623
-3.44000006 -21.96999931 0.15000001 229 127 77 97.000000 1.000000 4.000000 1.000000 0.000000 114.000000 211.000000 0.180737 0.954558 0.236966
-3.48000002 -21.93000031 0.11000000 229 127 77 97.000000 1.000000 4.000000 1.000000 0.000000 114.000000 211.000000 0.296840 0.916584 0.267880
-3.44000006 -21.98999977 0.14000000 229 127 77 97.000000 1.000000 4.000000 1.000000 0.000000 114.000000 211.000000 -0.185775 0.969873 0.157588
-3.40000010 -22.26000023 0.28999999 229 127 77 97.000000 1.000000 4.000000 1.000000 0.000000 114.000000 211.000000 -0.146404 0.971362 -0.187143
-3.41000009 -22.23999977 0.30000001 229 127 77 97.000000 1.000000 4.000000 1.000000 0.000000 114.000000 211.000000 0.036084 0.959333 -0.279961
-3.67000008 -21.42000008 0.36000001 229 127 77 97.000000 1.000000 4.000000 1.000000 0.000000 114.000000 106.000000 0.275305 0.868505 0.412197
-3.70000005 -21.35000038 0.34999999 229 127 77 97.000000 1.000000 4.000000 1.000000 0.000000 114.000000 106.000000 0.134973 0.896507 0.421969
-3.70000005 -21.40999985 0.36000001 229 127 77 97.000000 1.000000 4.000000 1.000000 0.000000 114.000000 106.000000 -0.351690 0.933889 -0.064542
-3.72000003 -21.42000008 0.34999999 229 127 77 97.000000 1.000000 4.000000 1.000000 0.000000 114.000000 106.000000 0.138247 0.986634 -0.086257
-3.75000000 -21.38999939 0.38000000 229 127 77 97.000000 1.000000 4.000000 1.000000 0.000000 114.000000 106.000000 0.164113 0.802497 0.573642
-3.83999991 -21.40999985 0.37000000 229 127 77 97.000000 1.000000 4.000000 1.000000 0.000000 114.000000 112.000000 0.273509 0.945717 0.175536
-3.81999993 -21.42000008 0.34999999 229 127 77 97.000000 1.000000 4.000000 1.000000 0.000000 114.000000 112.000000 -0.085757 0.943325 -0.320599
-3.54999995 -21.47999954 0.34000000 229 127 77 97.000000 1.000000 4.000000 1.000000 0.000000 114.000000 106.000000 0.101311 0.985696 -0.134684
-3.56999993 -21.53000069 0.34000000 229 127 77 97.000000 1.000000 4.000000 1.000000 0.000000 114.000000 106.000000 0.281911 0.923009 0.261877
-3.54999995 -21.46999931 0.34999999 229 127 77 97.000000 1.000000 4.000000 1.000000 0.000000 114.000000 106.000000 0.126387 0.936353 0.327520
-3.51999998 -21.54999924 0.44000000 229 127 77 97.000000 1.000000 4.000000 1.000000 0.000000 114.000000 106.000000 0.328175 0.006239 0.944596
-3.51999998 -21.61000061 0.47999999 229 127 77 97.000000 1.000000 4.000000 1.000000 0.000000 114.000000 106.000000 0.156997 0.085090 0.983927
-3.51999998 -21.62000084 0.44000000 229 127 77 97.000000 1.000000 4.000000 1.000000 0.000000 114.000000 106.000000 0.206068 -0.034543 0.977928
-3.58999991 -21.62000084 0.43000001 229 127 77 97.000000 1.000000 4.000000 1.000000 0.000000 114.000000 106.000000 0.476356 -0.246602 0.843962
-3.52999997 -21.56999969 0.33000001 229 127 77 97.000000 1.000000 4.000000 1.000000 0.000000 114.000000 106.000000 0.287852 0.803782 0.520649
-3.52999997 -21.56999969 0.33000001 229 127 77 97.000000 1.000000 4.000000 1.000000 0.000000 114.000000 106.000000 0.287852 0.803782 0.520649
-3.52999997 -21.56999969 0.34000000 229 127 77 97.000000 1.000000 4.000000 1.000000 0.000000 114.000000 106.000000 0.370947 0.775911 0.510255
-3.59999990 -21.59000015 0.40000001 229 127 77 97.000000 1.000000 4.000000 1.000000 0.000000 114.000000 106.000000 -0.184090 -0.105018 0.977283
-3.65000010 -21.59000015 0.31999999 229 127 77 97.000000 1.000000 4.000000 1.000000 0.000000 114.000000 106.000000 -0.283603 0.958847 -0.013505
-3.56999993 -21.69000053 0.38000000 229 127 77 97.000000 1.000000 4.000000 1.000000 0.000000 114.000000 106.000000 0.373783 -0.546800 0.749197
-3.54999995 -21.72999954 0.41000000 229 127 77 97.000000 1.000000 4.000000 1.000000 0.000000 114.000000 106.000000 -0.364124 0.775179 -0.516247
-3.88000011 -21.43000031 0.36000001 229 127 77 97.000000 1.000000 4.000000 1.000000 0.000000 114.000000 112.000000 -0.240583 0.970628 -0.001185
-3.25000000 -21.44000053 0.49000001 229 127 77 97.000000 1.000000 4.000000 1.000000 0.000000 114.000000 106.000000 0.264102 0.748025 0.608858
-3.41000009 -21.27000046 0.34999999 229 127 77 97.000000 1.000000 4.000000 1.000000 0.000000 114.000000 106.000000 0.220964 0.959274 -0.175977
-3.39000010 -21.27000046 0.31999999 229 127 77 97.000000 1.000000 4.000000 1.000000 0.000000 114.000000 106.000000 0.145527 0.973132 0.178429
-3.49000001 -21.13999939 0.30000001 229 127 77 97.000000 1.000000 4.000000 1.000000 0.000000 114.000000 70.000000 0.005316 0.996270 0.086124
-3.41000009 -21.35000038 0.34999999 229 127 77 97.000000 1.000000 4.000000 1.000000 0.000000 114.000000 106.000000 -0.197560 0.964248 0.176626
-3.38000011 -21.38999939 0.36000001 229 127 77 97.000000 1.000000 4.000000 1.000000 0.000000 114.000000 106.000000 0.291208 0.804363 0.517878
-3.45000005 -21.34000015 0.36000001 229 127 77 97.000000 1.000000 4.000000 1.000000 0.000000 114.000000 106.000000 -0.322947 0.946397 -0.006234
-3.39000010 -21.39999962 0.31999999 229 127 77 97.000000 1.000000 4.000000 1.000000 0.000000 114.000000 106.000000 -0.388057 0.921145 0.030052
-3.22000003 -21.47999954 0.41000000 229 127 77 97.000000 1.000000 4.000000 1.000000 0.000000 114.000000 106.000000 0.134606 0.415155 0.899738
-3.19000006 -21.54999924 0.43000001 229 127 77 97.000000 1.000000 4.000000 1.000000 0.000000 114.000000 106.000000 0.321426 -0.023949 0.946632
-3.18000007 -21.54000092 0.41000000 229 127 77 97.000000 1.000000 4.000000 1.000000 0.000000 114.000000 106.000000 0.340228 -0.003766 0.940335
-3.25000000 -21.54000092 0.44000000 229 127 77 97.000000 1.000000 4.000000 1.000000 0.000000 114.000000 106.000000 0.039628 0.130206 0.990695
-3.25999999 -21.45999908 0.44999999 229 127 77 97.000000 1.000000 4.000000 1.000000 0.000000 114.000000 106.000000 0.136380 0.529390 0.837345
-3.31999993 -21.52000046 0.37000000 229 127 77 97.000000 1.000000 4.000000 1.000000 0.000000 114.000000 106.000000 0.321648 0.395520 0.860294
-3.29999995 -21.50000000 0.38999999 229 127 77 97.000000 1.000000 4.000000 1.000000 0.000000 114.000000 106.000000 0.364644 0.418315 0.831894
-3.27999997 -21.54999924 0.47000000 229 127 77 97.000000 1.000000 4.000000 1.000000 0.000000 114.000000 106.000000 -0.162721 0.231513 0.959126
-3.30999994 -21.60000038 0.46000001 229 127 77 97.000000 1.000000 4.000000 1.000000 0.000000 114.000000 106.000000 -0.029970 -0.221781 0.974636
-3.30999994 -21.63999939 0.38000000 229 127 77 97.000000 1.000000 4.000000 1.000000 0.000000 114.000000 106.000000 -0.130226 -0.261767 0.956305
-3.33999991 -21.53000069 0.41999999 229 127 77 97.000000 1.000000 4.000000 1.000000 0.000000 114.000000 106.000000 0.182796 0.390060 0.902463
-3.34999990 -21.62000084 0.44999999 229 127 77 97.000000 1.000000 4.000000 1.000000 0.000000 114.000000 106.000000 -0.187668 -0.411705 0.891785
-3.33999991 -21.62000084 0.41999999 229 127 77 97.000000 1.000000 4.000000 1.000000 0.000000 114.000000 106.000000 0.246242 -0.478719 0.842729
-3.33999991 -21.60000038 0.37000000 229 127 77 97.000000 1.000000 4.000000 1.000000 0.000000 114.000000 106.000000 0.096126 -0.361486 0.927409
-3.35999990 -21.61000061 0.36000001 229 127 77 97.000000 1.000000 4.000000 1.000000 0.000000 114.000000 106.000000 0.480743 -0.209477 0.851473
-3.45000005 -21.69000053 0.34999999 229 127 77 97.000000 1.000000 4.000000 1.000000 0.000000 114.000000 106.000000 0.172452 0.946449 -0.272936
-3.43000007 -21.62999916 0.38999999 229 127 77 97.000000 1.000000 4.000000 1.000000 0.000000 114.000000 106.000000 0.248202 0.063610 0.966617
-3.25999999 -21.80999947 0.52999997 229 127 77 97.000000 1.000000 4.000000 1.000000 0.000000 114.000000 106.000000 -0.083370 0.908875 -0.408652
-3.33999991 -21.81999969 0.51999998 229 127 77 97.000000 1.000000 4.000000 1.000000 0.000000 114.000000 106.000000 -0.118599 -0.472968 0.873061
-3.34999990 -21.87000084 0.44000000 229 127 77 97.000000 1.000000 4.000000 1.000000 0.000000 114.000000 106.000000 -0.308204 0.903966 -0.296406
-3.43000007 -21.96999931 0.15000001 229 127 77 97.000000 1.000000 4.000000 1.000000 0.000000 114.000000 211.000000 0.094131 0.979207 0.179705
-3.40000010 -22.04999924 0.25999999 229 127 77 97.000000 1.000000 4.000000 1.000000 0.000000 114.000000 211.000000 0.234698 0.969838 -0.065815
-3.47000003 -21.96999931 0.15000001 229 127 77 97.000000 1.000000 4.000000 1.000000 0.000000 114.000000 211.000000 0.156876 0.986578 0.045320
-3.45000005 -21.95999908 0.14000000 229 127 77 97.000000 1.000000 4.000000 1.000000 0.000000 114.000000 211.000000 0.094991 0.935192 0.341164
-3.43000007 -21.96999931 0.14000000 229 127 77 97.000000 1.000000 4.000000 1.000000 0.000000 114.000000 211.000000 0.091927 0.956815 0.275780
-3.68000007 -21.37000084 0.37000000 229 127 77 97.000000 1.000000 4.000000 1.000000 0.000000 114.000000 106.000000 0.025360 0.993456 0.111364
-3.67000008 -21.40999985 0.34999999 229 127 77 97.000000 1.000000 4.000000 1.000000 0.000000 114.000000 106.000000 -0.394106 0.871902 0.290634
-3.72000003 -21.30999947 0.37000000 229 127 77 97.000000 1.000000 4.000000 1.000000 0.000000 114.000000 106.000000 0.061441 0.988852 -0.135634
-3.84999990 -21.40999985 0.38000000 229 127 77 97.000000 1.000000 4.000000 1.000000 0.000000 114.000000 112.000000 0.273205 0.961730 -0.020827
-3.61999989 -21.59000015 0.40000001 229 127 77 97.000000 1.000000 4.000000 1.000000 0.000000 114.000000 106.000000 -0.188156 0.198682 0.961833
-3.67000008 -21.56999969 0.33000001 229 127 77 97.000000 1.000000 4.000000 1.000000 0.000000 114.000000 106.000000 -0.360404 0.907523 0.215663
-3.53999996 -21.48999977 0.31999999 229 127 77 97.000000 1.000000 4.000000 1.000000 0.000000 114.000000 106.000000 -0.330509 0.875773 0.351832
-3.57999992 -21.64999962 0.44000000 229 127 77 97.000000 1.000000 4.000000 1.000000 0.000000 114.000000 106.000000 0.171032 -0.451699 0.875623
-3.58999991 -21.68000031 0.38999999 229 127 77 97.000000 1.000000 4.000000 1.000000 0.000000 114.000000 106.000000 0.175562 -0.648817 0.740415
-3.54999995 -21.67000008 0.38999999 229 127 77 97.000000 1.000000 4.000000 1.000000 0.000000 114.000000 106.000000 0.175960 0.739031 -0.650286
-3.56999993 -21.62999916 0.40000001 229 127 77 97.000000 1.000000 4.000000 1.000000 0.000000 114.000000 106.000000 -0.064571 -0.627059 0.776291
-3.59999990 -21.62999916 0.41999999 229 127 77 97.000000 1.000000 4.000000 1.000000 0.000000 114.000000 106.000000 -0.271196 -0.321037 0.907407
-3.54999995 -21.85000038 0.04000000 229 127 77 97.000000 1.000000 4.000000 1.000000 0.000000 114.000000 211.000000 -0.023055 0.863893 0.503147
-3.23000002 -21.45000076 0.44999999 229 127 77 97.000000 1.000000 4.000000 1.000000 0.000000 114.000000 106.000000 0.161248 0.510371 0.844701
-3.25999999 -21.34000015 0.28999999 229 127 77 97.000000 1.000000 4.000000 1.000000 0.000000 114.000000 106.000000 -0.069386 0.986699 0.147005
-3.26999998 -21.37999916 0.31000000 229 127 77 97.000000 1.000000 4.000000 1.000000 0.000000 114.000000 106.000000 0.321324 0.942816 -0.088596
-3.36999989 -21.34000015 0.34999999 229 127 77 97.000000 1.000000 4.000000 1.000000 0.000000 114.000000 106.000000 0.176952 0.942371 0.283946
-3.36999989 -21.44000053 0.40000001 229 127 77 97.000000 1.000000 4.000000 1.000000 0.000000 114.000000 106.000000 0.037271 0.939478 0.340577
-3.41000009 -21.39999962 0.36000001 229 127 77 97.000000 1.000000 4.000000 1.000000 0.000000 114.000000 106.000000 0.155256 0.983288 0.095079
-3.43000007 -21.35000038 0.36000001 229 127 77 97.000000 1.000000 4.000000 1.000000 0.000000 114.000000 106.000000 0.406139 0.879718 0.247280
-3.30999994 -21.51000023 0.47000000 229 127 77 97.000000 1.000000 4.000000 1.000000 0.000000 114.000000 106.000000 -0.173213 0.276867 0.945168
-3.27999997 -21.50000000 0.38999999 229 127 77 97.000000 1.000000 4.000000 1.000000 0.000000 114.000000 106.000000 0.293039 0.741406 0.603693
-3.31999993 -21.47999954 0.37000000 229 127 77 97.000000 1.000000 4.000000 1.000000 0.000000 114.000000 106.000000 0.359626 0.750171 0.554899
-3.33999991 -21.59000015 0.46000001 229 127 77 97.000000 1.000000 4.000000 1.000000 0.000000 114.000000 106.000000 0.072246 -0.072246 0.994767
-3.40000010 -21.59000015 0.47999999 229 127 77 97.000000 1.000000 4.000000 1.000000 0.000000 114.000000 106.000000 0.171291 -0.153527 0.973185
-3.38000011 -21.59000015 0.37000000 229 127 77 97.000000 1.000000 4.000000 1.000000 0.000000 114.000000 106.000000 0.342950 -0.045295 0.938261
-3.50000000 -21.61000061 0.41999999 229 127 77 97.000000 1.000000 4.000000 1.000000 0.000000 114.000000 106.000000 -0.061319 -0.041955 0.997236
-3.44000006 -21.54999924 0.44999999 229 127 77 97.000000 1.000000 4.000000 1.000000 0.000000 114.000000 106.000000 0.060109 -0.107742 0.992360
-3.50999999 -21.64999962 0.41999999 229 127 77 97.000000 1.000000 4.000000 1.000000 0.000000 114.000000 106.000000 -0.299946 -0.485253 0.821317
-3.38000011 -21.67000008 0.38000000 229 127 77 97.000000 1.000000 4.000000 1.000000 0.000000 114.000000 106.000000 0.163871 0.851834 -0.497518
-3.33999991 -21.63999939 0.36000001 229 127 77 97.000000 1.000000 4.000000 1.000000 0.000000 114.000000 106.000000 -0.207139 -0.276649 0.938381
-3.45000005 -21.63999939 0.38999999 229 127 77 97.000000 1.000000 4.000000 1.000000 0.000000 114.000000 106.000000 -0.069735 -0.427984 0.901092
-3.35999990 -21.87999916 0.41999999 229 127 77 97.000000 1.000000 4.000000 1.000000 0.000000 114.000000 106.000000 -0.272143 0.822648 -0.499187
-3.53999996 -21.60000038 0.44000000 229 127 77 97.000000 1.000000 4.000000 1.000000 0.000000 114.000000 106.000000 -0.278627 0.137314 0.950532
-3.51999998 -21.65999985 0.44000000 229 127 77 97.000000 1.000000 4.000000 1.000000 0.000000 114.000000 106.000000 -0.143340 -0.104795 0.984110
-3.51999998 -21.65999985 0.34999999 229 127 77 97.000000 1.000000 4.000000 1.000000 0.000000 114.000000 106.000000 0.009657 -0.619436 0.784987
-3.23000002 -21.42000008 0.44999999 229 127 77 97.000000 1.000000 4.000000 1.000000 0.000000 114.000000 106.000000 0.376623 0.600294 0.705551
-3.22000003 -21.43000031 0.47999999 229 127 77 97.000000 1.000000 4.000000 1.000000 0.000000 114.000000 106.000000 0.184795 0.836836 0.515322
-3.25999999 -21.34000015 0.30000001 229 127 77 97.000000 1.000000 4.000000 1.000000 0.000000 114.000000 106.000000 -0.135932 0.964467 0.226553
-3.39000010 -21.30999947 0.36000001 229 127 77 97.000000 1.000000 4.000000 1.000000 0.000000 114.000000 106.000000 -0.055309 0.984979 0.163575
-3.25999999 -21.45999908 0.44999999 229 127 77 97.000000 1.000000 4.000000 1.000000 0.000000 114.000000 106.000000 0.136380 0.529390 0.837345
-3.41000009 -21.60000038 0.41000000 229 127 77 97.000000 1.000000 4.000000 1.000000 0.000000 114.000000 106.000000 -0.317510 0.039529 0.947430
-3.48000002 -21.50000000 0.34000000 229 127 77 97.000000 1.000000 4.000000 1.000000 0.000000 114.000000 106.000000 0.134203 0.922819 0.361103
-3.44000006 -21.64999962 0.38999999 229 127 77 97.000000 1.000000 4.000000 1.000000 0.000000 114.000000 106.000000 -0.164755 -0.222749 0.960853
-3.44000006 -21.68000031 0.34999999 229 127 77 97.000000 1.000000 4.000000 1.000000 0.000000 114.000000 106.000000 0.082988 -0.703210 0.706122
-3.59999990 -21.37000084 0.34000000 229 127 77 97.000000 1.000000 4.000000 1.000000 0.000000 114.000000 106.000000 -0.061341 0.940997 0.332808
-3.70000005 -21.40999985 0.37000000 229 127 77 97.000000 1.000000 4.000000 1.000000 0.000000 114.000000 106.000000 -0.399821 0.899235 0.177538
-3.54999995 -21.47999954 0.34000000 229 127 77 97.000000 1.000000 4.000000 1.000000 0.000000 114.000000 106.000000 0.101311 0.985696 -0.134684
-3.42000008 -21.31999969 0.34999999 229 127 77 97.000000 1.000000 4.000000 1.000000 0.000000 114.000000 106.000000 0.024745 0.979178 -0.201491
-3.45000005 -21.44000053 0.34000000 229 127 77 97.000000 1.000000 4.000000 1.000000 0.000000 114.000000 106.000000 0.344679 0.897942 0.273673
-3.36999989 -21.69000053 0.40000001 229 127 77 97.000000 1.000000 4.000000 1.000000 0.000000 114.000000 106.000000 0.205497 -0.625761 0.752459
-3.34999990 -21.87000084 0.44000000 229 127 77 97.000000 1.000000 4.000000 1.000000 0.000000 114.000000 106.000000 -0.308204 0.903966 -0.296406
-3.39000010 -21.87999916 0.47000000 229 127 77 97.000000 1.000000 4.000000 1.000000 0.000000 114.000000 106.000000 0.094064 0.808950 -0.580303
-3.25999999 -21.45999908 0.44999999 229 127 77 97.000000 1.000000 4.000000 1.000000 0.000000 114.000000 106.000000 0.136380 0.529390 0.837345
-3.28999996 -21.45999908 0.49000001 229 127 77 97.000000 1.000000 4.000000 1.000000 0.000000 114.000000 106.000000 0.177538 0.399821 0.899235
-3.24000001 -21.56999969 0.49000001 229 127 77 97.000000 1.000000 4.000000 1.000000 0.000000 114.000000 106.000000 -0.151853 0.393116 0.906863
-3.38000011 -22.12999916 0.34000000 229 127 77 97.000000 1.000000 4.000000 1.000000 0.000000 114.000000 211.000000 -0.014820 0.986131 0.165305
-3.26999998 -21.80999947 0.55000001 229 127 77 97.000000 1.000000 4.000000 1.000000 0.000000 114.000000 106.000000 0.296000 -0.480805 0.825355
-3.33999991 -21.61000061 0.36000001 229 127 77 97.000000 1.000000 4.000000 1.000000 0.000000 114.000000 106.000000 0.106573 -0.338605 0.934874
-3.34999990 -21.69000053 0.36000001 229 127 77 97.000000 1.000000 4.000000 1.000000 0.000000 114.000000 106.000000 -0.051648 -0.537423 0.841730
